ticket,timestamp,symbol,setupType,direction,session,entryPrice,SL,TP,RR,thesis,vpPOC,vpVAH,vpVAL,vpInsideVA,vpDistToHVN,vpDistToLVN,vpPriceVsPOC,vpDailyPOC,vpCompPOC,vpCompVAH,vpCompVAL,vpCompInsideVA,vpDistCompPOC,vpThinnessRatio,vpProfileShape,vpBestHVN,vpBestHVNScore,vpVAOverlapRatio,vpVAOverlapBias,vpRangePOC,vpBreakoutPOC,vpPullbackPOC,vpNearestNakedPOC,vpDistNakedPOC_ATR,vpUpthrust,vpSpring,vpCompPosition,vpMigrationConf,vpDevPOCDir,vpDevPOCSlope,vpMigrationScore,auctAcceptance,auctState,auctBalance,auctProfileShape,auctShapeConf,auctMajorHVN,auctMajorLVN,auctDistHVN,auctDistLVN,auctVAExpRate,auctVAState,auctFailure,auctRegime,auctRegimeConf,auctExpReward,auctExpMoveATR,auctTargetProb,auctTradeQuality,auctTradeGrade,auctTargetPrice,auctTargetType,auctTargetConf,auctProfitZone,auctExhaustion,auctContinuation,auctReversalRisk,auctHVNStrength,auctLVNStrength,vpLTPOC60d,vpLTPOC30d,vpLTPOC10d,vpLTPOCVelocity,vpLTPOCAcceleration,vpLTPOCMigration,vpLTMajorHVNPrice,vpLTMajorHVNStrength,vpLTMajorLVNPrice,vpLTMajorLVNStrength,vpLTNearestZonePrice,vpLTNearestZoneStrength,vpLTNearestZoneDir,vpLTAcceptanceAtPrice,vpLTValid,profilerArchetype,profilerSamples,profilerMigMean,profilerBalMean,profilerTQMean,spreadPoints,avgSpread,spreadToATR,atrProxy,dataQuality,bosConfirmed,bosBullish,bosScore,bosLevel,chochConfirmed,chochBullish,chochScore,chochLevel,trendDirection,structDistATR,ltTransitionScore,ltBalanceStability,ltTrendDuration,ltTrendExhaustion,structureBias,msSpreadScore,msTickVelocity,msTickImbalance,msLiqVacuum,msCompression,ofDeltaProxy,ofCvdProxy,ofAbsorption,ofExhaustion,ofParticipation,ofDivergence,ofBullDiv,ofBearDiv,ofFlowIntensity,liqDensity,liqSweep,liqStopCluster,liqEqualHL,liqSessionLiq,liqPremDisc,smOrderBlock,smFVG,smMitigation,smBreakerBlock,smRejectionBlock,smZoneQuality
36980,2026.08.02 22:10:00,XPTUSDm,BREAKOUT,BUY,1,1666.37,1658.39,1698.31,4.0,0.402,1652.76025,1656.367,1650.184,0,0.524,0.04,0.7663,1635.0305,1596.53675,1641.0725,1585.933,0,0.052,0.3,0,1652.76025,0.693,0.473,0,0.0,0.0,0.0,1653.27975,0.726,0,0,1,0.7,0.86,0.1995,0.86,0.009,0,0.73,2,0.146,1654.306,1660.489,0.645,0.161,-0.3802,1,0.15,1,1.0,0.229,0.766,0.299,0.367,1,1652.76025,8,0.739,0.0,0.657,0.258,0.053,0.759,0.996,1632.38,1629.724,1595.96687,-162.188,-25.2066,-2,1621.96,0.705,0.0,0.0,1621.96,0.941,-1,0.515,1,0,30193,0.757,0.57,0.407,382.0,458.2,0.299,1277.5,0.0,1,1,0.927,1006.2,1,1,0.65,1167.4,0,39.058,0.022,0.978,0.2,0.0,0.5,0.99,0.0,0.5,0.0,0.567,0.458,0.5,0.378,0.0,0.272,0.0,0,0,0.247,0.212,0.0,0.323,0.0,0.238,0.857,0.0,0.46,0.36,0.0,1.0,0.703
36981,2026.08.02 22:10:20,XPTUSDm,PULLBACK,BUY,1,1666.62,1658.39,1704.95,4.66,0.367,1652.76025,1656.367,1650.184,0,0.524,0.04,0.7859,1635.0305,1596.53675,1641.0725,1585.933,0,0.052,0.3,0,1652.76025,0.693,0.473,0,0.0,0.0,0.0,1653.27975,0.726,0,0,1,0.7,0.86,0.1995,0.86,0.009,0,0.746,2,0.146,1654.306,1660.489,0.665,0.181,0.0,2,0.15,0,0.746,0.353,0.786,0.449,0.318,0,1652.76025,8,0.739,0.0,0.357,0.258,0.053,0.759,0.996,1632.38,1629.724,1595.96687,-162.188,-25.2066,-2,1621.96,0.705,0.0,0.0,1621.96,0.941,-1,0.515,1,0,30193,0.757,0.57,0.407,382.0,457.5,0.299,1277.5,0.0,1,1,0.927,1006.2,1,1,0.65,1167.4,0,39.078,0.022,0.978,0.2,0.0,0.5,0.99,0.0,0.5,0.0,0.708,0.466,0.5,0.472,0.0,0.334,0.0,0,0,0.296,0.379,0.0,0.475,0.0,0.289,0.867,0.0,0.512,0.36,0.0,1.0,0.83
36982,2026.08.02 22:10:20,XPTUSDm,TREND_CONTINUATION,BUY,1,1666.62,1651.29,1698.56,2.08,0.431,1652.76025,1656.367,1650.184,0,0.524,0.04,0.7859,1635.0305,1596.53675,1641.0725,1585.933,0,0.052,0.3,0,1652.76025,0.693,0.473,0,0.0,0.0,0.0,1653.27975,0.726,0,0,1,0.7,0.86,0.1995,0.86,0.009,0,0.746,2,0.146,1654.306,1660.489,0.665,0.181,0.0,2,0.15,0,0.746,0.353,0.786,0.449,0.318,0,1652.76025,8,0.739,0.0,0.357,0.258,0.053,0.759,0.996,1632.38,1629.724,1595.96687,-162.188,-25.2066,-2,1621.96,0.705,0.0,0.0,1621.96,0.941,-1,0.515,1,0,30193,0.757,0.57,0.407,382.0,456.7,0.299,1277.5,0.0,1,1,0.927,1006.2,1,1,0.65,1167.4,0,39.078,0.022,0.978,0.2,0.0,0.5,0.98,0.0,0.5,0.0,0.708,0.466,0.5,0.472,0.0,0.334,0.0,0,0,0.296,0.379,0.0,0.475,0.0,0.289,0.867,0.0,0.512,0.36,0.0,1.0,0.83
0,2026.08.03 00:00:00,XPTUSDm,BREAKOUT_RETEST,BUY,1,1664.4,1660.84,1670.35,1.67,0.805,1660.07375,1661.4125,1651.595,1,0.025,0.125,0.025,1635.685,1596.944,1642.43,1586.114,0,0.053,0.55,0,1655.61125,0.713,0.067,0,0.0,0.0,0.0,1653.27975,0.597,0,0,1,1.0,0.93,0.2306,0.93,1.0,1,0.263,3,0.406,1660.07375,1662.75125,0.025,0.201,0.1503,0,0.45,2,1.0,0.269,0.597,0.45,0.371,1,1655.61125,8,0.743,0.95,0.18,0.979,0.157,0.852,0.897,1627.88045,1629.724,1595.96687,-170.8357,-8.6476,-2,1617.93409,0.713,0.0,0.0,1617.93409,0.95,-1,0.574,1,0,30195,0.757,0.57,0.407,403.0,453.9,0.3394,1187.4,0.0,1,1,0.927,1006.2,1,1,0.65,1167.4,0,41.858,0.02,0.98,0.2,0.0,0.5,0.84,0.0,0.5,0.0,0.481,0.465,0.5,0.488,0.0,0.348,0.0,0,0,0.307,0.563,0.0,0.682,0.0,0.351,0.65,0.0,0.469,0.36,0.0,1.0,0.922
36986,2026.08.03 00:10:00,XPTUSDm,BREAKOUT,BUY,1,1662.21,1644.4,1691.89,1.67,0.372,1660.07375,1661.4125,1651.595,1,0.025,0.125,-0.2606,1635.685,1596.944,1642.43,1586.114,0,0.051,0.55,0,1655.61125,0.713,0.067,0,0.0,0.0,0.0,1653.27975,0.597,0,0,1,1.0,0.93,0.2306,0.93,0.137,2,0.563,3,0.406,1655.61125,1657.39625,0.115,0.035,0.0,2,0.15,0,0.563,0.134,0.312,0.429,0.29,0,1653.27975,6,0.65,0.769,0.319,0.279,0.053,0.839,0.877,1627.88045,1629.724,1595.96687,-170.8357,-8.6476,-2,1617.93409,0.713,0.0,0.0,1617.93409,0.95,-1,0.574,1,0,30195,0.757,0.57,0.407,523.0,434.5,0.4405,1187.4,0.0,1,1,0.927,1006.2,1,1,0.65,1167.4,0,41.673,0.02,0.98,0.2,0.0,0.5,0.06,0.0,0.5,0.0,0.604,0.385,0.5,0.718,0.0,0.325,0.0,0,0,0.414,0.479,0.0,0.618,0.0,0.263,0.65,0.0,0.501,0.36,0.0,1.0,0.814
36987,2026.08.03 00:10:20,XPTUSDm,PULLBACK,BUY,1,1662.4,1644.59,1698.02,2.0,0.606,1660.07375,1661.4125,1651.595,1,0.025,0.125,-0.2446,1635.685,1596.944,1642.43,1586.114,0,0.051,0.55,0,1655.61125,0.713,0.067,0,0.0,0.0,0.0,1653.27975,0.597,0,0,1,1.0,0.93,0.2306,0.93,0.137,2,0.563,3,0.406,1655.61125,1657.39625,0.131,0.019,0.0,2,0.15,0,0.563,0.141,0.328,0.429,0.29,0,1653.27975,6,0.65,0.737,0.319,0.279,0.053,0.839,0.877,1627.88045,1629.724,1595.96687,-170.8357,-8.6476,-2,1617.93409,0.713,0.0,0.0,1617.93409,0.95,-1,0.574,1,0,30195,0.757,0.57,0.407,523.0,434.6,0.4405,1187.4,0.0,1,1,0.927,1006.2,1,1,0.65,1167.4,0,41.689,0.02,0.98,0.2,0.0,0.5,0.07,0.0,0.5,0.0,0.604,0.398,0.5,0.718,0.0,0.325,0.0,0,0,0.407,0.479,0.0,0.618,0.0,0.263,0.65,0.0,0.501,0.36,0.0,1.0,0.814
36988,2026.08.03 00:10:20,XPTUSDm,TREND_CONTINUATION,BUY,1,1662.4,1648.15,1692.08,2.08,0.535,1660.07375,1661.4125,1651.595,1,0.025,0.125,-0.2446,1635.685,1596.944,1642.43,1586.114,0,0.051,0.55,0,1655.61125,0.713,0.067,0,0.0,0.0,0.0,1653.27975,0.597,0,0,1,1.0,0.93,0.2306,0.93,0.137,2,0.563,3,0.406,1655.61125,1657.39625,0.131,0.019,0.0,2,0.15,0,0.563,0.141,0.328,0.429,0.29,0,1653.27975,6,0.65,0.737,0.319,0.279,0.053,0.839,0.877,1627.88045,1629.724,1595.96687,-170.8357,-8.6476,-2,1617.93409,0.713,0.0,0.0,1617.93409,0.95,-1,0.574,1,0,30195,0.757,0.57,0.407,523.0,434.7,0.4405,1187.4,0.0,1,1,0.927,1006.2,1,1,0.65,1167.4,0,41.689,0.02,0.98,0.2,0.0,0.5,0.07,0.0,0.5,0.0,0.604,0.398,0.5,0.718,0.0,0.325,0.0,0,0,0.407,0.479,0.0,0.618,0.0,0.263,0.65,0.0,0.501,0.36,0.0,1.0,0.814
36992,2026.08.03 00:26:20,XPTUSDm,MEAN_REVERSION,BUY,1,1656.26,1646.76,1663.97,0.81,0.533,1660.07375,1661.4125,1651.595,1,0.025,0.125,-0.6497,1635.685,1596.944,1642.43,1586.114,0,0.047,0.55,0,1655.61125,0.713,0.067,0,0.0,0.0,0.0,1653.27975,0.597,0,0,1,1.0,0.93,0.2306,0.93,0.224,2,0.563,3,0.406,1655.61125,1657.39625,0.274,0.424,0.0,2,0.15,0,0.563,0.27,0.65,0.416,0.305,0,1660.07375,1,0.7,0.452,0.293,0.279,0.053,0.839,0.877,1627.88045,1629.724,1595.96687,-170.8357,-8.6476,-2,1617.93409,0.713,0.0,0.0,1617.93409,0.95,-1,0.574,1,0,30195,0.757,0.57,0.407,390.0,425.9,0.3285,1187.4,0.0,1,1,0.927,1006.2,1,1,0.65,1167.4,0,41.172,0.02,0.98,0.2,0.0,0.5,0.67,0.0,0.5,0.0,0.504,0.259,0.5,0.592,0.0,0.366,0.0,0,0,0.468,0.593,0.0,0.95,0.0,0.381,0.65,0.0,0.511,0.36,0.0,1.0,0.814
36993,2026.08.03 01:00:00,XPTUSDm,SWEEP_REVERSAL,BUY,1,1654.8,1642.8,1664.9,0.84,0.247,1660.07375,1661.4125,1651.595,0,0.051,0.274,-0.8419,1635.685,1596.944,1642.43,1586.114,0,0.044,0.55,0,1660.07375,0.69,0.389,0,0.0,0.0,1653.91025,0.0,0.0,0,0,1,1.0,0.79,0.2489,0.79,0.469,2,0.592,3,0.572,1649.36375,1647.1325,0.051,0.236,0.0,2,0.4,0,0.592,1.139,3.0,0.38,0.367,1,1660.07375,8,0.738,0.899,0.319,0.237,0.14,0.595,0.923,1627.88045,1629.724,1595.96687,-170.8357,-8.6476,-2,1617.93409,0.713,0.0,0.0,1617.93409,0.95,-1,0.574,1,0,30196,0.757,0.57,0.407,483.0,407.7,0.4025,1200.1,0.0,1,1,0.927,1006.2,1,1,0.65,1167.4,1,40.614,0.02,0.98,0.2,0.0,1.0,0.0,0.0,0.5,0.0,0.449,0.324,0.5,0.552,0.0,0.642,0.0,0,0,0.528,0.623,0.0,0.839,0.0,0.323,0.435,0.0,0.511,0.36,0.0,1.0,0.895
0,2026.08.03 02:00:00,XPTUSDm,BREAKOUT_RETEST,BUY,1,1657.64,1654.04,1664.41,1.88,0.511,1660.6005,1661.099,1652.126,1,0.017,0.599,-0.5642,1635.685,1596.944,1642.43,1586.114,0,0.047,0.45,2,1653.6215,0.77,0.355,0,0.0,0.0,0.0,0.0,0.0,0,0,1,0.8,0.825,0.1221,0.825,0.746,2,0.55,0,0.574,1654.12,1646.144,0.024,0.64,0.0,2,0.25,0,0.55,1.014,3.0,0.338,0.389,1,1660.6005,1,0.7,0.952,0.176,0.247,0.202,0.787,0.971,1627.88045,1629.724,1595.96687,-170.8357,-8.6476,-2,1617.93409,0.713,0.0,0.0,1617.93409,0.95,-1,0.574,1,0,30197,0.757,0.57,0.407,381.0,391.8,0.3175,1200.1,0.0,1,1,0.927,1006.2,1,1,0.65,1167.4,1,40.851,0.02,0.98,0.2,0.0,1.0,0.8,0.0,0.5,0.0,0.652,0.447,0.5,0.5,0.0,0.502,0.0,0,0,0.383,0.695,0.0,0.788,0.0,0.361,0.65,0.0,0.532,0.36,0.0,1.0,0.943
36996,2026.08.03 02:26:20,XPTUSDm,MEAN_REVERSION,BUY,1,1656.28,1646.68,1664.63,0.87,0.566,1660.6005,1661.099,1652.126,1,0.017,0.599,-0.6958,1635.685,1596.944,1642.43,1586.114,0,0.046,0.45,2,1653.6215,0.77,0.355,0,0.0,0.0,0.0,0.0,0.0,0,0,1,0.8,0.825,0.1221,0.825,0.506,2,0.55,0,0.574,1654.12,1646.144,0.156,0.509,0.0,2,0.25,0,0.55,1.122,3.0,0.374,0.401,1,1660.6005,1,0.7,0.688,0.248,0.247,0.202,0.787,0.971,1627.88045,1629.724,1595.96687,-170.8357,-8.6476,-2,1617.93409,0.713,0.0,0.0,1617.93409,0.95,-1,0.574,1,0,30197,0.757,0.57,0.407,403.0,391.8,0.3358,1200.1,0.0,1,1,0.927,1006.2,1,1,0.65,1167.4,1,40.738,0.02,0.98,0.2,0.0,1.0,0.08,0.0,0.5,0.0,0.919,0.447,0.5,0.511,0.0,0.311,0.0,0,0,0.309,0.784,0.0,1.0,0.0,0.434,0.65,0.0,0.523,0.36,0.0,1.0,0.895
0,2026.08.03 04:07:40,XPTUSDm,BREAKOUT_RETEST,BUY,1,1651.96,1648.65,1657.12,1.56,0.6,1653.35325,1655.5445,1647.656,1,0.295,0.181,-0.4677,1640.625,1653.26,1659.758,1599.11,1,0.005,0.45,0,1653.35325,0.713,0.49,0,0.0,0.0,0.0,0.0,0.0,0,0,0,1.0,0.7063,0.0352,0.706,0.546,0,0.688,0,0.661,1650.2855,1645.0265,0.19,0.287,0.0,2,0.4,0,0.768,1.104,3.0,0.368,0.454,1,1653.35325,8,0.743,0.62,0.296,0.212,0.272,0.882,0.89,1594.347,1629.724,1595.96687,-180.3472,-9.5115,-2,1613.103,0.696,0.0,0.0,1613.103,0.928,-1,0.706,1,0,30199,0.757,0.57,0.407,377.0,387.9,0.3415,1103.9,0.0,1,1,0.927,1006.2,1,1,0.65,1167.4,1,43.897,0.001,0.999,0.0,0.0,1.0,0.85,0.0,0.5,0.0,1.0,0.511,0.5,0.497,0.0,0.348,0.0,0,0,0.295,0.678,0.0,0.835,0.0,0.253,0.47,0.0,0.523,0.36,0.0,1.0,0.793
36998,2026.08.03 04:30:40,XPTUSDm,TREND_CONTINUATION,BUY,1,1654.7,1641.45,1682.3,2.08,0.555,1653.35325,1655.5445,1647.656,1,0.295,0.181,-0.2114,1640.625,1653.26,1659.758,1599.11,1,0.002,0.45,0,1653.35325,0.713,0.49,0,0.0,0.0,0.0,0.0,0.0,0,0,0,1.0,0.7063,0.0352,0.706,0.902,0,0.688,0,0.661,1650.2855,1645.0265,0.067,0.543,0.0,2,0.4,0,0.768,0.944,3.0,0.315,0.435,1,1647.656,5,0.6,0.867,0.189,0.212,0.272,0.882,0.89,1594.347,1629.724,1595.96687,-180.3472,-9.5115,-2,1613.103,0.696,0.0,0.0,1613.103,0.928,-1,0.706,1,0,30199,0.757,0.57,0.407,368.0,368.1,0.3334,1103.9,0.0,1,1,0.927,1006.2,1,1,0.65,1167.4,1,44.145,0.001,0.999,0.0,0.0,1.0,0.52,0.0,0.5,0.0,0.891,0.731,0.5,0.548,0.0,0.278,0.0,0,0,0.415,0.76,0.0,0.751,0.0,0.268,0.521,0.0,0.545,0.36,0.0,1.0,0.841
37000,2026.08.03 04:45:40,XPTUSDm,PULLBACK,BUY,1,1656.94,1652.48,1663.5,1.47,0.623,1653.35325,1655.5445,1647.656,1,0.295,0.181,-0.0139,1640.625,1653.26,1659.758,1599.11,1,0.0,0.45,0,1653.35325,0.713,0.49,0,0.0,0.0,0.0,0.0,0.0,0,0,0,1.0,0.7063,0.0352,0.706,1.0,0,0.688,0,0.661,1653.7915,1659.0505,0.054,0.53,0.0,2,0.4,0,0.768,0.9,3.0,0.3,0.438,1,1647.656,5,0.6,0.893,0.16,0.212,0.272,0.944,0.915,1594.347,1629.724,1595.96687,-180.3472,-9.5115,-2,1613.103,0.696,0.0,0.0,1613.103,0.928,-1,0.706,1,0,30199,0.757,0.57,0.407,374.0,374.6,0.3388,1103.9,0.0,1,1,0.927,1006.2,1,1,0.65,1167.4,1,44.348,0.001,0.999,0.0,0.0,1.0,0.54,0.0,0.5,0.0,0.724,0.714,0.5,0.545,0.0,0.273,0.0,0,0,0.402,0.76,0.0,0.877,0.0,0.264,0.543,0.0,0.543,0.36,0.0,1.0,0.762
0,2026.08.03 07:00:40,XPTUSDm,MEAN_REVERSION,BUY,1,1651.21,1648.51,1656.86,2.09,0.689,1648.386,1652.58,1645.124,1,0.044,0.46,-0.1624,1648.035,1653.26,1659.758,1603.442,1,0.007,0.4,0,1648.386,0.8,0.459,0,0.0,0.0,1651.64675,0.0,0.0,0,0,0,0.55,-0.58,-0.1017,0.58,0.81,0,0.783,1,0.226,1647.92,1644.192,0.11,0.305,0.0,2,0.25,0,0.863,0.986,3.0,0.329,0.427,1,1652.58,4,0.6,0.779,0.157,0.174,0.088,0.839,0.968,1594.347,1629.724,1595.96687,-180.3472,-9.5115,-2,1613.103,0.696,0.0,0.0,1613.103,0.928,-1,0.706,1,0,30202,0.759,0.569,0.409,428.0,412.9,0.4775,896.4,0.0,1,1,0.927,1006.2,1,1,0.65,1167.4,1,53.971,0.001,0.999,0.0,0.0,1.0,0.12,0.0,0.5,0.0,0.552,0.402,0.5,0.483,0.0,0.505,0.0,0,0,0.406,0.8,0.0,0.652,0.0,0.428,0.507,0.0,0.59,0.36,0.0,1.0,0.85
0,2026.08.03 09:00:20,XPTUSDm,ANCHORED_PULLBACK,BUY,2,1661.38,1660.48,1665.19,4.26,0.403,1653.349,1657.876,1647.816,1,0.032,0.406,0.4152,1652.975,1653.26,1659.758,1603.442,1,0.004,0.5,0,1653.349,0.789,0.751,0,0.0,0.0,1653.51125,0.0,0.0,0,0,0,0.975,-0.825,-0.086,0.825,0.519,0,0.719,0,0.584,1654.858,1660.391,0.251,0.352,0.0,2,0.0,0,0.799,1.116,3.0,0.372,0.508,2,1653.349,8,0.758,0.498,0.144,0.247,0.117,0.843,0.914,1595.23043,1629.724,1595.96687,-178.4001,1.947,-1,1623.77217,0.698,0.0,0.0,1623.77217,0.93,-1,0.691,1,0,30204,0.759,0.569,0.409,422.0,413.9,0.4598,917.9,0.0,1,1,0.927,1006.2,1,1,0.65,1167.4,0,53.819,0.006,0.994,0.0,1.0,0.5,0.44,0.0,0.5,0.0,1.0,0.713,0.5,0.497,0.0,0.392,0.0,0,0,0.434,0.814,0.0,0.913,0.209,0.317,0.637,0.0,0.559,0.36,0.0,1.0,0.869
37002,2026.08.03 10:32:40,XPTUSDm,SWEEP_REVERSAL,BUY,2,1649.41,1639.83,1657.44,0.84,0.206,1653.349,1658.882,1650.834,0,0.033,0.558,-0.8377,1652.975,1653.26,1664.09,1612.106,1,0.008,0.4,0,1653.349,0.754,0.676,0,0.0,0.0,0.0,0.0,0.0,0,0,0,0.567,-0.5519,-0.0334,0.552,0.227,0,0.726,2,0.163,1654.858,1647.816,0.995,0.26,0.0,2,0.25,0,0.806,1.248,3.0,0.416,0.438,1,1653.349,8,0.751,0.0,0.332,0.166,0.088,0.868,0.89,1595.23043,1629.724,1595.96687,-178.4001,1.947,-1,1623.77217,0.698,0.0,0.0,1623.77217,0.93,-1,0.691,1,0,30205,0.759,0.569,0.409,409.0,376.1,0.4267,958.5,0.0,1,1,0.927,1006.2,1,1,0.65,1167.4,-1,50.288,0.006,0.994,0.0,1.0,0.0,0.0,0.0,0.5,0.0,0.735,0.427,0.5,0.538,0.0,0.288,0.0,0,0,0.32,0.729,0.0,1.0,0.182,0.373,0.417,0.0,0.559,0.36,0.0,1.0,0.881
37004,2026.08.03 11:01:59,XPTUSDm,MEAN_REVERSION,BUY,2,1645.75,1637.66,1657.31,1.43,0.749,1653.41875,1658.927,1649.9135,0,0.993,0.097,-1.1431,1652.975,1653.26,1664.09,1612.106,1,0.011,0.45,0,1653.41875,0.736,0.51,0,0.0,0.0,1647.34375,0.0,0.0,0,0,0,0.25,0.2266,0.0146,0.227,0.07,0,0.825,0,0.393,1653.9195,1641.9015,1.193,0.004,0.0,2,0.4,0,0.905,1.319,3.0,0.44,0.464,1,1653.41875,8,0.747,0.0,0.439,0.068,0.33,0.759,0.869,1595.23043,1629.724,1595.96687,-178.4001,1.947,-1,1623.77217,0.698,0.0,0.0,1623.77217,0.93,-1,0.691,1,0,30206,0.759,0.569,0.409,389.0,393.0,0.3847,1011.2,0.0,1,1,0.927,1006.2,1,1,0.65,1167.4,0,47.305,0.006,0.994,0.0,1.0,0.5,0.59,0.0,0.5,0.0,0.861,0.25,0.5,0.439,0.0,0.357,0.0,0,0,0.425,0.423,0.0,0.861,0.272,0.346,0.371,0.0,0.559,0.36,0.0,1.0,0.759
0,2026.08.03 11:52:40,XPTUSDm,BREAKOUT_RETEST,BUY,2,1654.16,1651.13,1657.53,1.11,0.254,1653.41875,1658.927,1649.9135,1,0.993,0.097,-0.2837,1652.975,1653.26,1664.09,1612.106,1,0.003,0.45,0,1653.41875,0.736,0.51,0,0.0,0.0,1647.34375,0.0,0.0,0,0,0,0.25,0.2266,0.0146,0.227,0.442,0,0.825,0,0.393,1653.9195,1648.41125,0.333,0.212,0.0,2,0.4,0,0.905,1.151,3.0,0.384,0.444,1,1653.9195,2,0.55,0.334,0.327,0.068,0.219,0.759,0.877,1595.23043,1629.724,1595.96687,-178.4001,1.947,-1,1623.77217,0.698,0.0,0.0,1623.77217,0.93,-1,0.691,1,0,30206,0.759,0.569,0.409,361.0,366.6,0.357,1011.2,0.0,1,1,0.927,1006.2,1,1,0.65,1167.4,0,48.136,0.006,0.994,0.0,1.0,0.5,0.75,0.0,0.5,0.0,0.702,0.715,0.5,0.493,0.0,0.384,0.0,0,0,0.431,0.776,0.39,1.0,0.322,0.325,0.542,0.0,0.568,0.36,0.0,1.0,0.683
37006,2026.08.03 12:07:40,XPTUSDm,TREND_CONTINUATION,BUY,2,1642.92,1630.42,1657.15,1.14,0.306,1653.07,1658.834,1646.258,0,0.079,0.122,-1.3661,1650.505,1653.26,1659.758,1612.106,1,0.014,0.6,0,1653.07,0.733,0.412,0,0.0,0.0,1643.674,0.0,0.0,0,0,0,0.39,0.3053,0.02,0.305,0.156,0,0.818,0,0.465,1649.926,1640.494,1.064,0.159,0.0,2,0.4,0,0.898,1.28,3.0,0.427,0.459,1,1653.07,8,0.747,0.0,0.413,0.092,0.343,0.7,0.857,1629.12375,1629.724,1595.96687,-187.0571,-8.657,-2,1629.12375,0.689,0.0,0.0,1629.12375,0.919,-1,0.782,1,0,30207,0.759,0.569,0.409,408.0,390.8,0.3917,1041.6,0.0,1,1,0.927,1006.2,1,1,0.65,1167.4,0,45.651,0.02,0.98,0.2,0.0,0.5,0.06,0.0,0.5,0.0,0.422,0.363,0.5,0.479,0.0,0.363,0.0,0,0,0.371,0.674,0.209,0.811,0.272,0.466,0.373,0.0,0.55,0.36,0.0,1.0,0.835
37007,2026.08.03 12:11:40,XPTUSDm,PULLBACK,BUY,2,1640.34,1624.72,1657.09,1.07,0.259,1653.07,1658.834,1646.258,0,0.079,0.122,-1.608,1650.505,1653.26,1659.758,1612.106,1,0.016,0.6,0,1653.07,0.733,0.412,0,0.0,0.0,1643.674,0.0,0.0,0,0,0,0.39,0.3053,0.02,0.305,0.156,0,0.818,0,0.465,1649.926,1640.494,1.306,0.401,0.0,2,0.4,0,0.898,1.28,3.0,0.427,0.459,1,1653.07,8,0.747,0.0,0.413,0.092,0.343,0.7,0.857,1629.12375,1629.724,1595.96687,-187.0571,-8.657,-2,1629.12375,0.689,0.0,0.0,1629.12375,0.919,-1,0.782,1,0,30207,0.759,0.569,0.409,402.0,400.9,0.3859,1041.6,0.0,1,1,0.927,1006.2,1,1,0.65,1167.4,0,45.403,0.02,0.98,0.2,0.0,0.5,0.42,0.0,0.5,0.0,0.374,0.296,0.5,0.452,0.0,0.37,0.0,0,0,0.406,0.572,0.0,0.715,0.272,0.505,0.308,0.0,0.558,0.36,0.0,1.0,0.835
37010,2026.08.03 12:32:40,XPTUSDm,SWEEP_REVERSAL,BUY,2,1629.83,1619.41,1657.46,2.65,0.321,1653.07,1658.834,1646.258,0,0.079,0.122,-2.6525,1650.505,1653.26,1659.758,1612.106,1,0.027,0.6,0,1653.07,0.733,0.412,0,0.0,0.0,1643.674,0.0,0.0,0,0,0,0.39,0.3053,0.02,0.305,0.156,0,0.818,0,0.465,1649.926,1640.494,2.351,1.445,0.0,2,0.4,0,0.898,1.28,3.0,0.427,0.459,1,1653.07,8,0.747,0.0,0.413,0.092,0.343,0.7,0.857,1629.12375,1629.724,1595.96687,-187.0571,-8.657,-2,1629.12375,0.689,0.0,0.0,1629.12375,0.919,-1,0.782,1,0,30207,0.759,0.569,0.409,439.0,444.9,0.4214,1041.6,0.0,1,1,0.927,1006.2,1,1,0.65,1167.4,0,44.394,0.02,0.98,0.2,0.0,0.5,0.58,0.0,0.5,0.0,0.398,0.295,0.5,0.455,0.0,0.446,0.0,0,0,0.438,0.572,0.0,0.572,0.272,0.475,0.268,0.0,0.558,0.36,0.0,1.0,0.835
37012,2026.08.03 13:01:59,XPTUSDm,MEAN_REVERSION,BUY,4,1626.2,1616.68,1654.43,2.97,0.714,1650.1995,1658.979,1639.469,0,1.338,0.19,-2.3734,1650.505,1653.26,1659.758,1612.106,1,0.026,0.5,0,1650.1995,0.75,0.177,0,0.0,0.0,0.0,0.0,0.0,0,0,0,0.251,-0.4025,-0.0147,0.402,0.47,0,0.758,3,0.441,1643.371,1632.6405,1.799,0.897,0.0,2,0.15,0,0.838,1.139,3.0,0.38,0.492,1,1650.1995,8,0.75,0.0,0.219,0.121,0.163,0.934,0.868,1629.12375,1629.724,1595.96687,-187.0571,-8.657,-2,1629.12375,0.689,0.0,0.0,1629.12375,0.919,-1,0.782,1,0,30208,0.759,0.569,0.409,423.0,409.4,0.3556,1189.4,0.0,1,1,0.927,1006.2,1,1,0.65,1167.4,0,38.573,0.02,0.98,0.2,0.0,0.5,0.19,0.0,0.5,0.0,0.543,0.504,0.5,0.463,0.0,0.457,0.0,0,0,0.324,0.35,0.0,0.546,0.278,0.725,0.26,0.0,0.525,0.36,0.0,1.0,0.744
37014,2026.08.03 20:00:00,XPTUSDm,BREAKOUT,BUY,3,1630.11,1622.95,1658.72,4.0,0.638,1617.41125,1622.9235,1616.4385,0,0.526,0.072,0.8089,1649.30325,1649.92025,1660.0415,1619.5565,1,0.02,0.5,2,1617.41125,0.76,0.0,1,0.0,0.0,0.0,0.0,0.0,0,0,0,1.0,-0.755,-0.2882,0.755,0.201,2,0.61,3,0.675,1620.3295,1625.84175,0.554,0.072,0.1519,0,0.4,2,1.0,1.709,3.0,0.57,0.55,2,1617.41125,8,0.752,0.0,0.4,0.926,0.252,0.61,0.824,1627.81233,1629.724,1595.96687,-188.5346,-2.662,-2,1627.81233,0.698,0.0,0.0,1627.81233,0.931,1,0.948,1,0,30215,0.757,0.567,0.419,344.0,339.8,0.3005,1144.6,0.0,1,1,0.927,1006.2,1,1,0.65,1167.4,0,40.426,0.02,0.98,0.2,0.0,0.5,0.21,0.0,0.5,0.0,0.451,0.559,0.5,0.449,0.0,0.407,0.0,0,0,0.333,0.427,0.0,1.0,0.251,0.611,0.591,0.0,0.471,0.36,0.0,1.0,0.844
37016,2026.08.03 22:05:00,XPTUSDm,BREAKOUT,BUY,1,1633.61,1617.15,1661.05,1.67,0.648,1617.8875,1627.536,1615.79,0,0.187,0.034,1.1046,1649.30325,1649.92025,1660.0415,1619.5565,1,0.018,0.7,2,1617.8875,0.778,0.437,0,0.0,0.0,0.0,0.0,0.0,0,0,0,1.0,-0.965,-0.1566,0.965,0.139,2,0.531,3,0.594,1627.536,1630.053,0.225,0.004,0.4794,0,0.15,2,1.0,1.737,3.0,0.579,0.591,2,1617.8875,8,0.756,0.549,0.318,0.99,0.164,0.689,0.868,1627.81233,1629.724,1595.96687,-188.5346,-2.662,-2,1627.81233,0.698,0.0,0.0,1627.81233,0.931,1,0.948,1,0,30216,0.757,0.567,0.419,360.0,559.0,0.328,1097.5,0.0,1,1,0.927,1006.2,1,1,0.65,1167.4,0,42.479,0.02,0.98,0.2,0.0,0.5,0.99,0.0,0.5,0.0,0.66,0.308,0.5,0.423,0.0,0.309,0.0,0,0,0.366,0.442,0.0,1.0,0.262,0.793,0.59,0.0,0.464,0.36,0.0,1.0,0.873
0,2026.08.03 23:00:20,XPTUSDm,BREAKOUT_RETEST,BUY,1,1633.82,1630.63,1641.99,2.56,0.248,1627.3895,1632.57,1622.209,1,0.026,0.185,0.2187,1650.2945,1649.92025,1660.0415,1619.5565,1,0.02,0.65,0,1627.3895,0.65,0.501,0,0.0,0.0,0.0,0.0,0.0,0,0,0,0.2,0.3683,0.0104,0.368,0.829,0,0.84,3,0.415,1629.7805,1631.773,0.02,0.219,0.0,2,0.15,0,0.92,0.977,3.0,0.326,0.449,1,1622.209,5,0.6,0.96,0.111,0.11,0.164,0.602,0.765,1627.81233,1629.724,1595.96687,-188.5346,-2.662,-2,1627.81233,0.698,0.0,0.0,1627.81233,0.931,1,0.948,1,0,30217,0.757,0.567,0.419,424.0,363.7,0.4233,1001.6,0.0,1,1,0.927,1006.2,1,1,0.65,1167.4,0,46.569,0.02,0.98,0.2,0.0,0.5,0.2,0.0,0.5,0.0,0.873,0.614,0.5,0.565,0.0,0.203,0.0,0,0,0.319,0.76,0.0,0.943,0.239,0.261,0.53,0.0,0.563,0.36,0.0,1.0,0.805
37018,2026.08.03 23:00:20,XPTUSDm,PULLBACK,BUY,1,1633.82,1618.8,1664.28,2.03,0.355,1627.3895,1632.57,1622.209,1,0.026,0.185,0.2187,1650.2945,1649.92025,1660.0415,1619.5565,1,0.02,0.65,0,1627.3895,0.65,0.501,0,0.0,0.0,0.0,0.0,0.0,0,0,0,0.2,0.3683,0.0104,0.368,0.829,0,0.84,3,0.415,1629.7805,1631.773,0.02,0.219,0.0,2,0.15,0,0.92,0.977,3.0,0.326,0.449,1,1622.209,5,0.6,0.96,0.111,0.11,0.164,0.602,0.765,1627.81233,1629.724,1595.96687,-188.5346,-2.662,-2,1627.81233,0.698,0.0,0.0,1627.81233,0.931,1,0.948,1,0,30217,0.757,0.567,0.419,424.0,364.7,0.4233,1001.6,0.0,1,1,0.927,1006.2,1,1,0.65,1167.4,0,46.569,0.02,0.98,0.2,0.0,0.5,0.2,0.0,0.5,0.0,0.873,0.614,0.5,0.565,0.0,0.203,0.0,0,0,0.319,0.76,0.0,0.943,0.239,0.261,0.53,0.0,0.563,0.36,0.0,1.0,0.805
37019,2026.08.03 23:01:20,XPTUSDm,TREND_CONTINUATION,BUY,1,1633.82,1621.8,1658.86,2.08,0.243,1627.3895,1632.57,1622.209,1,0.026,0.185,0.2277,1650.2945,1649.92025,1660.0415,1619.5565,1,0.02,0.65,0,1627.3895,0.65,0.501,0,0.0,0.0,0.0,0.0,0.0,0,0,0,0.2,0.3683,0.0104,0.368,0.829,0,0.84,3,0.415,1629.7805,1631.773,0.011,0.21,0.0,2,0.15,0,0.92,0.977,3.0,0.326,0.449,1,1622.209,5,0.6,0.978,0.111,0.11,0.164,0.602,0.765,1627.81233,1629.724,1595.96687,-188.5346,-2.662,-2,1627.81233,0.698,0.0,0.0,1627.81233,0.931,1,0.948,1,0,30217,0.757,0.567,0.419,415.0,368.6,0.4143,1001.6,0.0,1,1,0.927,1006.2,1,1,0.65,1167.4,0,46.569,0.02,0.98,0.2,0.0,0.5,0.26,0.0,0.5,0.0,0.873,0.584,0.5,0.565,0.0,0.203,0.0,0,0,0.301,0.76,0.0,0.943,0.239,0.261,0.531,0.0,0.563,0.36,0.0,1.0,0.805
37022,2026.08.04 00:05:00,XPTUSDm,BREAKOUT,BUY,1,1636.54,1621.98,1660.81,1.67,0.369,1627.425,1630.61,1626.2,0,0.213,0.04,0.5342,1650.2945,1649.92025,1660.0415,1619.5565,1,0.018,0.45,0,1627.425,0.745,0.438,0,0.0,0.0,0.0,0.0,0.0,0,0,0,0.5,0.545,0.1662,0.545,0.178,0,0.742,0,0.522,1629.63,1632.325,0.307,0.029,0.0,2,0.4,0,0.822,1.27,3.0,0.423,0.478,1,1627.425,8,0.749,0.386,0.407,0.164,0.357,0.952,0.82,1627.81233,1629.724,1595.96687,-189.4871,-0.9525,-2,1627.81233,0.701,0.0,0.0,1627.81233,0.934,-1,0.951,1,0,30218,0.757,0.567,0.419,393.0,509.7,0.4049,970.6,0.0,1,1,0.927,1006.2,1,1,0.65,1167.4,0,48.333,0.02,0.98,0.2,0.0,0.5,0.99,0.0,0.5,0.0,0.374,0.617,0.5,0.818,0.0,0.449,0.0,0,0,0.496,0.508,0.0,0.706,0.161,0.206,0.684,0.0,0.54,0.36,0.0,1.0,0.835
0,2026.08.04 01:00:20,XPTUSDm,BREAKOUT_RETEST,BUY,1,1634.05,1631.18,1639.47,1.89,0.445,1629.4205,1632.911,1627.004,1,0.202,0.135,-0.202,1650.2945,1649.92025,1660.0415,1619.5565,1,0.023,0.55,0,1629.4205,0.636,0.056,0,0.0,0.0,1633.125,0.0,0.0,0,0,0,0.55,0.755,0.1632,0.755,0.38,0,0.752,0,0.673,1629.689,1626.467,0.23,0.107,0.0,2,0.15,0,0.832,1.179,3.0,0.393,0.523,2,1632.911,4,0.6,0.54,0.246,0.226,0.299,0.924,0.892,1627.81233,1629.724,1595.96687,-189.4871,-0.9525,-2,1627.81233,0.701,0.0,0.0,1627.81233,0.934,-1,0.951,1,0,30219,0.757,0.567,0.419,656.0,401.3,0.6863,955.9,0.0,1,1,0.927,1006.2,1,1,0.65,1167.4,0,48.82,0.02,0.98,0.2,0.0,0.5,0.0,0.0,0.5,0.0,0.358,0.255,0.5,0.576,0.0,0.651,0.0,0,0,0.58,0.665,0.0,0.765,0.275,0.264,0.46,0.0,0.553,0.36,0.0,1.0,0.759
37024,2026.08.04 01:00:40,XPTUSDm,PULLBACK,BUY,1,1639.99,1625.65,1666.6,1.86,0.352,1629.4205,1632.911,1627.004,0,0.202,0.135,0.4195,1650.2945,1649.92025,1660.0415,1619.5565,1,0.017,0.55,0,1629.4205,0.636,0.056,0,0.0,0.0,1633.125,0.0,0.0,0,0,0,0.55,0.755,0.1632,0.755,0.556,0,0.752,0,0.673,1633.448,1635.8645,0.002,0.255,0.0,2,0.15,0,0.832,1.1,3.0,0.367,0.475,1,1629.4205,8,0.727,0.996,0.193,0.226,0.299,0.618,0.95,1627.81233,1629.724,1595.96687,-189.4871,-0.9525,-2,1627.81233,0.701,0.0,0.0,1627.81233,0.934,-1,0.951,1,0,30219,0.757,0.567,0.419,656.0,406.5,0.6863,955.9,0.0,1,1,0.927,1006.2,1,1,0.65,1167.4,0,49.441,0.02,0.98,0.2,0.0,0.5,0.04,0.0,0.5,0.773,0.374,0.29,0.5,0.576,0.0,0.704,0.0,0,0,0.58,0.71,0.0,0.855,0.322,0.268,0.619,0.0,0.538,0.36,0.0,1.0,0.835
37025,2026.08.04 01:00:59,XPTUSDm,ANCHORED_PULLBACK,BUY,1,1639.77,1630.26,1652.33,1.32,0.58,1629.4205,1632.911,1627.004,0,0.202,0.135,0.3965,1650.2945,1649.92025,1660.0415,1619.5565,1,0.017,0.55,0,1629.4205,0.636,0.056,0,0.0,0.0,1633.125,0.0,0.0,0,0,0,0.55,0.755,0.1632,0.755,0.556,0,0.752,0,0.673,1633.448,1635.8645,0.025,0.278,0.0,2,0.15,0,0.832,1.1,3.0,0.367,0.475,1,1629.4205,8,0.727,0.95,0.193,0.226,0.299,0.618,0.95,1627.81233,1629.724,1595.96687,-189.4871,-0.9525,-2,1627.81233,0.701,0.0,0.0,1627.81233,0.934,-1,0.951,1,0,30219,0.757,0.567,0.419,656.0,409.2,0.6863,955.9,0.0,1,1,0.927,1006.2,1,1,0.65,1167.4,0,49.418,0.02,0.98,0.2,0.0,0.5,0.04,0.0,0.5,0.851,0.374,0.309,0.5,0.576,0.0,0.704,0.0,0,0,0.568,0.799,0.0,0.99,0.354,0.282,0.615,0.0,0.538,0.36,0.0,1.0,0.835
37026,2026.08.04 01:01:20,XPTUSDm,TREND_CONTINUATION,BUY,1,1637.72,1626.25,1661.62,2.08,0.416,1629.4205,1632.911,1627.004,1,0.202,0.135,0.3431,1650.2945,1649.92025,1660.0415,1619.5565,1,0.018,0.55,0,1629.4205,0.636,0.056,0,0.0,0.0,1633.125,0.0,0.0,0,0,0,0.55,0.755,0.1632,0.755,0.471,0,0.752,0,0.673,1633.448,1635.8645,0.078,0.331,0.0,2,0.15,0,0.832,1.138,3.0,0.379,0.48,1,1629.4205,8,0.727,0.843,0.219,0.226,0.299,0.618,0.95,1627.81233,1629.724,1595.96687,-189.4871,-0.9525,-2,1627.81233,0.701,0.0,0.0,1627.81233,0.934,-1,0.951,1,0,30219,0.757,0.567,0.419,502.0,412.4,0.5252,955.9,0.0,1,1,0.927,1006.2,1,1,0.65,1167.4,0,49.204,0.02,0.98,0.2,0.0,0.5,0.06,0.0,0.5,0.459,0.374,0.315,0.5,0.576,0.0,0.677,0.0,0,0,0.555,0.778,0.0,0.675,0.316,0.282,0.426,0.0,0.538,0.36,0.0,1.0,0.797
37030,2026.08.04 02:05:00,XPTUSDm,BREAKOUT,BUY,1,1643.68,1637.26,1668.39,3.85,0.479,1629.31375,1637.2825,1628.845,0,1.041,0.092,1.0236,1650.2945,1649.92025,1660.0415,1619.5565,1,0.011,0.45,2,1634.00125,0.72,0.563,0,0.0,0.0,1638.96325,0.0,0.0,0,0,0,0.9,0.79,0.1814,0.79,0.194,2,0.549,3,0.37,1633.5325,1637.75125,0.597,0.17,0.0,2,0.15,0,0.629,1.263,3.0,0.421,0.434,1,1634.00125,8,0.744,0.0,0.302,0.237,0.165,0.849,0.901,1627.81233,1629.724,1595.96687,-189.4871,-0.9525,-2,1627.81233,0.701,0.0,0.0,1627.81233,0.934,-1,0.951,1,0,30220,0.746,0.572,0.42,425.0,404.1,0.43,988.3,0.0,1,1,0.927,1006.2,1,1,0.65,1167.4,0,48.193,0.02,0.98,0.2,0.0,0.5,0.23,0.0,0.5,0.0,0.473,0.631,0.5,0.49,0.0,0.563,0.0,0,0,0.451,0.436,0.0,0.533,0.306,0.322,0.703,0.0,0.539,0.36,0.0,1.0,0.809
37032,2026.08.04 03:00:40,XPTUSDm,PULLBACK,BUY,1,1650.66,1644.19,1663.85,2.04,0.484,1634.1175,1641.88,1628.425,0,0.349,0.138,1.3008,1621.9255,1649.92025,1660.0415,1619.5565,1,0.003,0.65,0,1641.3625,0.787,0.0,1,0.0,0.0,0.0,0.0,0.0,0,0,0,0.975,0.825,0.2358,0.825,0.263,0,0.682,3,0.351,1641.3625,1647.5725,0.561,0.074,0.0,2,0.15,4,0.605,1.532,3.0,0.511,0.471,1,1641.3625,8,0.757,0.0,0.281,0.247,0.165,0.958,0.83,1627.81233,1629.724,1595.96687,-189.4871,-0.9525,-2,1627.81233,0.701,0.0,0.0,1627.81233,0.934,-1,0.951,1,0,30221,0.746,0.572,0.42,381.0,394.2,0.3892,978.9,0.0,1,1,0.927,1006.2,1,1,0.65,1167.4,0,49.37,0.02,0.98,0.2,0.0,0.5,0.93,0.0,0.5,0.0,0.547,0.589,0.5,0.399,0.0,0.343,0.0,0,0,0.311,0.415,0.0,0.71,0.224,0.52,0.706,0.0,0.498,0.36,0.0,1.0,0.835
37033,2026.08.04 03:01:20,XPTUSDm,TREND_CONTINUATION,BUY,1,1650.06,1638.31,1674.53,2.08,0.569,1634.1175,1641.88,1628.425,0,0.349,0.138,1.22,1621.9255,1649.92025,1660.0415,1619.5565,1,0.004,0.65,0,1641.3625,0.787,0.0,1,0.0,0.0,0.0,0.0,0.0,0,0,0,0.975,0.825,0.2358,0.825,0.263,0,0.682,3,0.351,1641.3625,1647.5725,0.48,0.155,0.0,2,0.15,4,0.605,1.532,3.0,0.511,0.471,1,1641.3625,8,0.757,0.04,0.281,0.247,0.165,0.958,0.83,1627.81233,1629.724,1595.96687,-189.4871,-0.9525,-2,1627.81233,0.701,0.0,0.0,1627.81233,0.934,-1,0.951,1,0,30221,0.746,0.572,0.42,400.0,393.5,0.4086,978.9,0.0,1,1,0.927,1006.2,1,1,0.65,1167.4,0,49.309,0.02,0.98,0.2,0.0,0.5,0.13,0.0,0.5,0.0,0.547,0.565,0.5,0.399,0.0,0.343,0.0,0,0,0.296,0.415,0.0,0.71,0.224,0.52,0.695,0.0,0.498,0.36,0.0,1.0,0.835
37036,2026.08.04 04:14:40,XPTUSDm,BREAKOUT,BUY,1,1650.07,1637.91,1670.34,1.67,0.412,1645.5025,1648.09,1634.635,1,0.048,0.335,0.1231,1621.9255,1649.92025,1660.0415,1619.5565,1,0.004,0.65,2,1645.5025,0.731,0.55,0,0.0,0.0,0.0,0.0,0.0,0,0,0,1.0,0.86,0.3444,0.86,0.756,2,0.536,3,0.546,1646.02,1642.915,0.059,0.442,0.0,2,0.0,0,0.616,1.01,3.0,0.337,0.449,1,1634.635,5,0.6,0.882,0.073,0.258,0.0,0.874,0.805,1631.43273,1629.724,1595.96687,-198.2881,-8.801,-2,1622.90727,0.717,0.0,0.0,1622.90727,0.956,-1,0.754,1,0,30222,0.746,0.572,0.42,357.0,369.5,0.4404,810.6,0.0,1,1,0.927,1006.2,1,1,0.65,1167.4,0,59.542,0.022,0.978,0.2,0.0,0.5,0.99,0.0,0.5,0.0,0.967,0.535,0.5,0.558,0.0,0.351,0.0,0,0,0.329,0.815,0.0,0.713,0.226,0.437,0.547,0.0,0.59,0.36,0.0,1.0,0.88
0,2026.08.04 04:14:59,XPTUSDm,BREAKOUT_RETEST,BUY,1,1650.07,1647.64,1658.39,3.42,0.612,1645.5025,1648.09,1634.635,1,0.048,0.335,0.1231,1621.9255,1649.92025,1660.0415,1619.5565,1,0.004,0.65,2,1645.5025,0.731,0.55,0,0.0,0.0,0.0,0.0,0.0,0,0,0,1.0,0.86,0.3444,0.86,0.756,2,0.536,3,0.546,1646.02,1642.915,0.059,0.442,0.0,2,0.0,0,0.616,1.01,3.0,0.337,0.449,1,1634.635,5,0.6,0.882,0.073,0.258,0.0,0.874,0.805,1631.43273,1629.724,1595.96687,-198.2881,-8.801,-2,1622.90727,0.717,0.0,0.0,1622.90727,0.956,-1,0.754,1,0,30222,0.746,0.572,0.42,357.0,369.4,0.4404,810.6,0.0,1,1,0.927,1006.2,1,1,0.65,1167.4,0,59.542,0.022,0.978,0.2,0.0,0.5,0.98,0.0,0.5,0.0,0.967,0.544,0.5,0.558,0.0,0.351,0.0,0,0,0.334,0.815,0.0,0.713,0.226,0.437,0.547,0.0,0.59,0.36,0.0,1.0,0.88
37038,2026.08.04 05:00:40,XPTUSDm,PULLBACK,BUY,1,1650.1,1639.35,1663.59,1.26,0.547,1646.7685,1648.12,1640.011,1,0.032,1.29,-0.0305,1621.9255,1649.92025,1660.0415,1623.605,1,0.005,0.45,2,1644.9665,0.688,0.446,0,0.0,0.0,0.0,0.0,0.0,0,0,0,0.75,0.72,0.3836,0.72,1.0,2,0.595,3,0.558,1645.8675,1637.7585,0.095,1.227,0.0,2,0.25,0,0.675,0.9,3.0,0.3,0.429,1,1640.011,5,0.6,0.809,0.1,0.216,0.088,0.983,0.901,1631.43273,1629.724,1595.96687,-198.2881,-8.801,-2,1622.90727,0.717,0.0,0.0,1622.90727,0.956,-1,0.754,1,0,30223,0.746,0.572,0.42,355.0,343.7,0.4955,716.5,0.0,1,1,0.927,1006.2,1,1,0.65,1167.4,0,67.369,0.022,0.978,0.2,0.0,0.5,0.06,0.0,0.5,0.0,0.773,0.412,0.5,0.548,0.0,0.245,0.0,0,0,0.315,0.8,0.0,0.445,0.21,0.327,0.543,0.0,0.607,0.36,0.0,1.0,0.959
37039,2026.08.04 05:01:20,XPTUSDm,TREND_CONTINUATION,BUY,1,1650.25,1641.65,1668.16,2.08,0.467,1646.7685,1648.12,1640.011,1,0.032,1.29,-0.0179,1621.9255,1649.92025,1660.0415,1623.605,1,0.005,0.45,2,1644.9665,0.688,0.446,0,0.0,0.0,0.0,0.0,0.0,0,0,0,0.75,0.72,0.3836,0.72,1.0,2,0.595,3,0.558,1645.8675,1637.7585,0.108,1.24,0.0,2,0.25,0,0.675,0.9,3.0,0.3,0.429,1,1640.011,5,0.6,0.784,0.1,0.216,0.088,0.983,0.901,1631.43273,1629.724,1595.96687,-198.2881,-8.801,-2,1622.90727,0.717,0.0,0.0,1622.90727,0.956,-1,0.754,1,0,30223,0.746,0.572,0.42,361.0,344.6,0.5038,716.5,0.0,1,1,0.927,1006.2,1,1,0.65,1167.4,0,67.39,0.022,0.978,0.2,0.0,0.5,0.06,0.0,0.5,0.0,0.773,0.426,0.5,0.548,0.0,0.245,0.0,0,0,0.307,0.8,0.0,0.445,0.21,0.327,0.544,0.0,0.607,0.36,0.0,1.0,0.959
37042,2026.08.04 06:14:40,XPTUSDm,BREAKOUT,BUY,1,1655.62,1650.2,1673.41,3.28,0.467,1647.18625,1647.9565,1644.362,0,0.117,1.128,0.6612,1621.9255,1649.92025,1660.0415,1623.605,1,0.003,0.35,2,1647.18625,0.736,0.607,0,0.0,0.0,0.0,0.0,0.0,0,0,0,0.8,0.93,0.3501,0.93,0.182,2,0.629,3,0.616,1646.67275,1643.07825,0.733,1.239,0.0,2,0.0,0,0.709,1.268,3.0,0.423,0.509,2,1647.18625,8,0.747,0.0,0.245,0.279,0.0,0.857,0.883,1631.43273,1629.724,1595.96687,-198.2881,-8.801,-2,1622.90727,0.717,0.0,0.0,1622.90727,0.956,-1,0.754,1,0,30224,0.746,0.572,0.42,373.0,391.5,0.5243,711.4,0.0,1,1,0.927,1006.2,1,1,0.65,1167.4,0,68.625,0.022,0.978,0.2,0.0,0.5,0.88,0.0,0.5,0.0,0.288,0.681,0.5,0.528,0.0,0.441,0.0,0,0,0.444,0.727,0.0,0.66,0.185,0.233,0.821,0.0,0.572,0.36,0.0,1.0,0.952
0,2026.08.04 06:31:40,XPTUSDm,BREAKOUT_RETEST,BUY,1,1651.34,1649.21,1653.48,1.0,0.55,1647.18625,1647.9565,1644.362,1,0.117,1.128,0.0596,1621.9255,1649.92025,1660.0415,1623.605,1,0.003,0.35,2,1647.18625,0.736,0.607,0,0.0,0.0,0.0,0.0,0.0,0,0,0,0.8,0.93,0.3501,0.93,0.618,2,0.629,3,0.616,1646.67275,1643.07825,0.132,0.637,0.0,2,0.0,0,0.709,1.072,3.0,0.357,0.487,1,1644.362,5,0.6,0.737,0.115,0.279,0.0,0.857,0.883,1631.43273,1629.724,1595.96687,-198.2881,-8.801,-2,1622.90727,0.717,0.0,0.0,1622.90727,0.956,-1,0.754,1,0,30224,0.746,0.572,0.42,373.0,369.2,0.5243,711.4,0.0,1,1,0.927,1006.2,1,1,0.65,1167.4,0,68.024,0.022,0.978,0.2,0.0,0.5,0.11,0.0,0.5,0.0,0.33,0.306,0.5,0.531,0.0,0.619,0.0,0,0,0.523,0.816,0.0,0.484,0.254,0.235,0.55,0.0,0.577,0.36,0.0,1.0,0.912
37044,2026.08.04 07:00:00,XPTUSDm,ANCHORED_PULLBACK,BUY,1,1653.6,1646.27,1663.75,1.38,0.717,1646.95475,1648.773,1644.617,0,0.328,0.266,0.4027,1647.01225,1649.92025,1660.0415,1623.605,1,0.0,0.4,0,1646.95475,0.652,0.491,0,0.0,0.0,1648.36375,0.0,0.0,0,0,0,1.0,0.79,0.3633,0.79,0.223,0,0.741,0,0.856,1646.95475,1651.63025,0.403,0.266,0.0803,0,0.4,2,0.716,1.7,3.0,0.567,0.534,2,1646.95475,8,0.73,0.195,0.393,0.937,0.311,0.875,0.934,1631.43273,1629.724,1595.96687,-198.2881,-8.801,-2,1622.90727,0.717,0.0,0.0,1622.90727,0.956,-1,0.754,1,0,30225,0.746,0.572,0.42,383.0,360.1,0.5478,699.1,0.0,1,1,0.927,1006.2,1,1,0.65,1167.4,0,69.542,0.022,0.978,0.2,0.0,0.5,0.0,0.0,0.5,0.0,0.709,0.598,0.5,0.499,0.0,0.601,0.0,0,0,0.449,0.67,0.0,0.924,0.289,0.579,0.636,0.0,0.5,0.36,0.0,1.0,0.935
37045,2026.08.04 07:01:20,XPTUSDm,TREND_CONTINUATION,BUY,1,1654.12,1645.73,1671.6,2.08,0.586,1646.95475,1648.773,1644.617,0,0.328,0.266,0.4728,1647.01225,1649.92025,1660.0415,1623.605,1,0.0,0.4,0,1646.95475,0.652,0.491,0,0.0,0.0,1648.36375,0.0,0.0,0,0,0,1.0,0.79,0.3633,0.79,0.241,0,0.761,0,0.856,1646.95475,1651.63025,0.473,0.196,0.0,2,0.4,0,0.841,1.242,3.0,0.414,0.512,2,1646.95475,8,0.73,0.054,0.388,0.237,0.311,0.875,0.934,1631.43273,1629.724,1595.96687,-198.2881,-8.801,-2,1622.90727,0.717,0.0,0.0,1622.90727,0.956,-1,0.754,1,0,30225,0.746,0.572,0.42,386.0,361.9,0.5521,699.1,0.0,1,1,0.927,1006.2,1,1,0.65,1167.4,0,69.617,0.022,0.978,0.2,0.0,0.5,0.0,0.0,0.5,0.0,0.844,0.603,0.5,0.543,0.0,0.563,0.0,0,0,0.45,0.657,0.0,1.0,0.312,0.24,0.773,0.0,0.571,0.36,0.0,1.0,0.872
37046,2026.08.04 07:01:40,XPTUSDm,PULLBACK,BUY,1,1656.35,1651.52,1663.9,1.56,0.501,1646.95475,1648.773,1644.617,0,0.328,0.266,0.7917,1647.01225,1649.92025,1660.0415,1623.605,1,0.004,0.4,0,1646.95475,0.652,0.491,0,0.0,0.0,1648.36375,0.0,0.0,0,0,0,1.0,0.79,0.3633,0.79,0.071,0,0.761,0,0.856,1646.95475,1651.63025,0.792,0.123,0.0,2,0.4,0,0.841,1.318,3.0,0.439,0.521,2,1646.95475,8,0.73,0.0,0.439,0.237,0.311,0.875,0.934,1631.43273,1629.724,1595.96687,-198.2881,-8.801,-2,1622.90727,0.717,0.0,0.0,1622.90727,0.956,-1,0.754,1,0,30225,0.746,0.572,0.42,386.0,362.5,0.5521,699.1,0.0,1,1,0.927,1006.2,1,1,0.65,1167.4,0,69.936,0.022,0.978,0.2,0.0,0.5,0.04,0.0,0.5,0.0,0.734,0.623,0.5,0.515,0.0,0.512,0.0,0,0,0.433,0.517,0.0,0.694,0.271,0.24,0.829,0.0,0.58,0.36,0.0,1.0,0.872
37050,2026.08.04 08:14:40,XPTUSDm,BREAKOUT,BUY,2,1666.46,1653.03,1685.22,1.4,0.504,1646.567,1651.634,1641.5,0,1.697,0.104,2.1396,1649.2525,1649.92025,1660.0415,1623.605,0,0.017,0.45,0,1646.567,0.669,0.4,0,0.0,0.0,1660.114,0.0,0.0,0,0,1,1.0,1.0,0.3285,1.0,0.184,0,0.687,1,0.252,1648.256,1663.457,1.914,0.112,0.0,2,0.15,0,0.687,1.267,3.0,0.422,0.416,1,1646.567,8,0.734,0.0,0.305,0.3,0.053,0.697,0.947,1626.11387,1629.724,1595.96687,-192.1684,6.1197,-1,1626.11387,0.697,2102.97951,0.269,1626.11387,0.93,-1,0.553,1,0,30226,0.746,0.572,0.42,384.0,388.7,0.5118,750.3,0.0,1,1,0.927,1006.2,1,1,0.65,1167.4,0,66.516,0.034,0.966,0.2,1.0,0.5,0.53,0.0,0.5,0.0,0.858,0.496,0.5,0.513,0.0,0.485,0.0,0,0,0.35,0.252,0.0,0.333,0.375,0.6,0.861,0.0,0.571,0.36,0.0,1.0,0.83
37052,2026.08.04 09:02:40,XPTUSDm,BREAKOUT_RETEST,BUY,2,1657.09,1650.03,1670.5,1.9,0.605,1647.0305,1658.706,1642.729,1,0.373,0.079,0.7663,1645.17,1647.414,1657.784,1624.6,1,0.007,0.65,0,1647.0305,0.717,0.164,0,0.0,0.0,1657.05725,0.0,0.0,0,0,0,1.0,1.0,0.3305,1.0,0.213,2,0.521,3,0.361,1656.8625,1653.1755,0.439,0.013,0.0,2,0.15,0,0.521,1.254,3.0,0.418,0.382,1,1647.0305,8,0.743,0.121,0.296,0.3,0.053,0.661,0.761,1626.11387,1629.724,1595.96687,-192.1684,6.1197,-1,1626.11387,0.697,2102.97951,0.269,1626.11387,0.93,-1,0.553,1,0,30227,0.746,0.572,0.42,381.0,390.6,0.4672,815.5,0.0,1,1,0.927,1006.2,1,1,0.65,1167.4,0,60.048,0.034,0.966,0.2,1.0,0.5,0.6,0.0,0.5,0.0,0.811,0.477,0.5,0.461,0.0,0.304,0.0,0,0,0.274,0.531,0.0,0.88,0.231,0.813,0.576,0.0,0.517,0.36,0.0,1.0,0.793
37053,2026.08.04 09:03:00,XPTUSDm,TREND_CONTINUATION,BUY,2,1657.02,1647.23,1677.41,2.08,0.57,1647.0305,1658.706,1642.729,1,0.373,0.079,0.7553,1645.17,1647.414,1657.784,1624.6,1,0.007,0.65,0,1647.0305,0.717,0.164,0,0.0,0.0,1657.05725,0.0,0.0,0,0,0,1.0,1.0,0.3305,1.0,0.213,2,0.521,3,0.361,1656.8625,1653.1755,0.45,0.002,0.0,2,0.15,0,0.521,1.254,3.0,0.418,0.382,1,1647.0305,8,0.743,0.099,0.296,0.3,0.053,0.661,0.761,1626.11387,1629.724,1595.96687,-192.1684,6.1197,-1,1626.11387,0.697,2102.97951,0.269,1626.11387,0.93,-1,0.553,1,0,30227,0.746,0.572,0.42,383.0,390.8,0.4697,815.5,0.0,1,1,0.927,1006.2,1,1,0.65,1167.4,0,60.039,0.034,0.966,0.2,1.0,0.5,0.6,0.0,0.5,0.0,0.811,0.488,0.5,0.461,0.0,0.304,0.0,0,0,0.267,0.531,0.0,0.88,0.231,0.813,0.575,0.0,0.517,0.36,0.0,1.0,0.793
0,2026.08.04 09:03:20,XPTUSDm,ANCHORED_PULLBACK,BUY,2,1656.79,1654.61,1658.71,0.88,0.322,1647.0305,1658.706,1642.729,1,0.373,0.079,0.7271,1645.17,1647.414,1657.784,1624.6,1,0.007,0.65,0,1647.0305,0.717,0.164,0,0.0,0.0,1657.05725,0.0,0.0,0,0,0,1.0,1.0,0.3305,1.0,0.213,2,0.521,3,0.361,1656.8625,1653.1755,0.479,0.026,0.0,2,0.15,0,0.521,1.254,3.0,0.418,0.382,1,1647.0305,8,0.743,0.043,0.296,0.3,0.053,0.661,0.761,1626.11387,1629.724,1595.96687,-192.1684,6.1197,-1,1626.11387,0.697,2102.97951,0.269,1626.11387,0.93,-1,0.553,1,0,30227,0.746,0.572,0.42,383.0,390.9,0.4697,815.5,0.0,1,1,0.927,1006.2,1,1,0.65,1167.4,0,60.011,0.034,0.966,0.2,1.0,0.5,0.6,0.0,0.5,0.0,0.811,0.478,0.5,0.461,0.0,0.304,0.0,0,0,0.273,0.435,0.0,0.88,0.231,0.813,0.572,0.0,0.542,0.36,0.0,1.0,0.793
37056,2026.08.04 09:34:40,XPTUSDm,PULLBACK,BUY,2,1661.72,1649.49,1686.19,2.0,0.633,1647.0305,1658.706,1642.729,1,0.373,0.079,1.3365,1645.17,1647.414,1657.784,1624.6,0,0.013,0.65,0,1647.0305,0.717,0.164,0,0.0,0.0,1657.05725,0.0,0.0,0,0,0,1.0,1.0,0.3305,1.0,0.393,2,0.521,3,0.361,1656.8625,1653.1755,0.131,0.583,0.0,2,0.15,0,0.521,1.173,3.0,0.391,0.372,1,1647.0305,8,0.743,0.738,0.242,0.3,0.053,0.661,0.761,1626.11387,1629.724,1595.96687,-192.1684,6.1197,-1,1626.11387,0.697,2102.97951,0.269,1626.11387,0.93,-1,0.553,1,0,30227,0.746,0.572,0.42,379.0,374.1,0.4647,815.5,0.0,1,1,0.927,1006.2,1,1,0.65,1167.4,0,60.616,0.034,0.966,0.2,1.0,0.5,0.33,0.0,0.5,0.0,0.965,0.672,0.5,0.524,0.0,0.427,0.0,0,0,0.431,0.437,0.0,0.891,0.319,0.688,0.745,0.0,0.555,0.36,0.0,1.0,0.854
37058,2026.08.04 10:14:59,XPTUSDm,BREAKOUT,BUY,2,1662.13,1649.94,1682.45,1.67,0.362,1656.5515,1665.077,1652.038,1,0.021,0.719,0.2311,1645.17,1652.3775,1658.25,1623.015,0,0.007,0.65,0,1656.5515,0.713,0.29,0,0.0,0.0,0.0,0.0,0.0,0,0,0,0.8,1.0,0.3192,1.0,0.439,2,0.589,0,0.715,1657.053,1661.5665,0.169,0.386,0.0,2,0.0,0,0.589,1.152,3.0,0.384,0.488,1,1652.038,5,0.6,0.661,0.168,0.3,0.143,0.935,0.62,1626.11387,1629.724,1595.96687,-192.1684,6.1197,-1,1626.11387,0.697,2102.97951,0.269,1626.11387,0.93,-1,0.553,1,0,30228,0.746,0.572,0.42,370.0,377.8,0.4553,812.7,0.0,1,1,0.927,1006.2,1,1,0.65,1167.4,0,60.874,0.034,0.966,0.2,1.0,0.5,0.62,0.0,0.5,0.0,0.746,0.516,0.5,0.534,0.0,0.38,0.0,0,0,0.322,0.625,0.0,0.891,0.0,0.337,0.65,0.0,0.573,0.36,0.0,1.0,0.895
37060,2026.08.04 11:03:00,XPTUSDm,TREND_CONTINUATION,BUY,2,1669.66,1659.26,1691.32,2.08,0.579,1658.454,1660.864,1652.188,0,0.847,0.043,0.8398,1647.3325,1651.96975,1661.731,1626.5905,0,0.016,0.45,0,1658.454,0.762,0.768,0,0.0,0.0,1658.48625,0.0,0.0,0,0,1,1.0,1.0,0.2859,1.0,0.119,2,0.605,1,0.084,1657.49,1666.648,0.951,0.106,0.0,2,0.15,0,0.605,1.297,3.0,0.432,0.412,1,1658.454,8,0.752,0.0,0.324,0.3,0.053,0.973,0.875,1626.11387,1629.724,1595.96687,-192.1684,6.1197,-1,1626.11387,0.697,2102.97951,0.269,1626.11387,0.93,-1,0.553,1,0,30229,0.746,0.572,0.42,393.0,409.8,0.4536,866.4,0.0,1,1,0.927,1006.2,1,1,0.65,1167.4,0,57.969,0.034,0.966,0.2,1.0,0.5,0.93,0.0,0.5,0.0,0.448,0.494,0.5,0.49,0.0,0.371,0.0,0,0,0.299,0.293,0.0,0.38,0.0,0.45,0.858,0.0,0.553,0.36,0.0,1.0,0.83
37061,2026.08.04 11:07:40,XPTUSDm,ANCHORED_PULLBACK,BUY,2,1668.0,1655.89,1681.76,1.14,0.238,1658.454,1660.864,1652.188,0,0.847,0.043,0.6897,1647.3325,1651.96975,1661.731,1626.5905,0,0.014,0.45,0,1658.454,0.762,0.768,0,0.0,0.0,1658.48625,0.0,0.0,0,0,1,1.0,1.0,0.2859,1.0,0.314,2,0.605,1,0.084,1657.49,1666.648,0.801,0.256,0.0,2,0.15,0,0.605,1.209,3.0,0.403,0.402,1,1658.454,8,0.752,0.0,0.266,0.3,0.053,0.973,0.875,1626.11387,1629.724,1595.96687,-192.1684,6.1197,-1,1626.11387,0.697,2102.97951,0.269,1626.11387,0.93,-1,0.553,1,0,30229,0.746,0.572,0.42,357.0,399.8,0.412,866.4,0.0,1,1,0.927,1006.2,1,1,0.65,1167.4,0,57.777,0.034,0.966,0.2,1.0,0.5,0.95,0.0,0.5,0.0,0.39,0.392,0.5,0.489,0.0,0.411,0.0,0,0,0.376,0.339,0.0,0.38,0.0,0.45,0.858,0.0,0.553,0.36,0.0,1.0,0.83
37064,2026.08.04 12:00:00,XPTUSDm,PULLBACK,BUY,2,1716.75,1711.42,1751.89,6.59,0.753,1656.54275,1670.261,1651.97,0,3.974,1.632,4.7552,1623.1475,1650.0695,1658.27,1625.468,0,0.053,0.3,4,1656.54275,0.679,0.083,0,0.0,0.0,1708.08,0.0,0.0,0,0,1,1.0,0.825,0.1725,0.825,0.119,2,0.482,3,1.0,1665.68825,1688.552,3.974,2.022,0.8209,0,0.25,2,1.0,2.314,3.974,0.582,0.674,3,1665.68825,2,0.55,0.0,0.364,0.947,0.238,0.529,0.969,1632.66342,1629.89813,1596.07,-163.3927,28.7757,-1,1622.21358,0.686,2092.45608,0.272,1622.21358,0.915,-1,0.17,1,0,30230,0.762,0.563,0.426,451.0,501.5,0.385,1171.3,0.0,1,1,0.927,1006.2,1,1,0.65,1167.4,0,46.901,0.11,0.89,0.2,1.0,0.5,0.87,0.0,0.5,0.0,0.073,0.48,0.5,0.496,0.0,0.843,0.0,0,0,0.498,0.393,0.0,0.481,0.26,1.0,0.721,0.0,0.482,0.36,0.0,1.0,1.027
37066,2026.08.04 13:00:00,XPTUSDm,BREAKOUT,BUY,4,1730.56,1711.09,1763.01,1.67,0.655,1658.06425,1715.912,1652.08,0,0.02,2.172,5.2451,1625.51375,1649.82375,1658.94,1622.475,0,0.059,0.8,2,1658.06425,0.623,0.0,1,0.0,0.0,1727.1375,0.0,0.0,0,0,1,1.0,1.0,0.4281,1.0,0.53,1,0.277,3,1.0,1723.891,1689.98025,0.174,2.786,3.5084,0,0.0,2,1.0,1.561,3.0,0.52,0.618,2,0.0,0,0.0,0.652,0.141,1.0,0.0,0.49,0.953,1632.66342,1629.89813,1596.07,-163.3927,28.7757,-1,1622.21358,0.686,2092.45608,0.272,1622.21358,0.915,-1,0.17,1,0,30231,0.762,0.563,0.426,441.0,465.8,0.3397,1298.1,0.0,1,1,0.927,1006.2,1,1,0.65,1167.4,0,43.384,0.11,0.89,0.2,1.0,0.5,0.63,0.0,0.5,0.0,0.436,0.489,0.5,0.459,0.0,0.613,0.0,0,0,0.389,0.643,0.0,0.517,0.266,1.0,0.437,0.0,0.455,0.36,0.0,1.0,1.055
0,2026.08.04 13:23:40,XPTUSDm,ANCHORED_PULLBACK,BUY,4,1724.69,1723.24,1746.23,14.89,0.521,1658.06425,1715.912,1652.08,0,0.02,2.172,4.7922,1625.51375,1649.82375,1658.94,1622.475,0,0.054,0.8,2,1658.06425,0.623,0.0,1,0.0,0.0,1727.1375,0.0,0.0,0,0,1,1.0,1.0,0.4281,1.0,0.391,1,0.347,3,1.0,1723.891,1689.98025,0.279,2.333,0.0,2,0.0,3,1.0,1.774,3.0,0.591,0.643,2,0.0,0,0.0,0.442,0.183,0.7,0.0,0.49,0.953,1632.66342,1629.89813,1596.07,-163.3927,28.7757,-1,1622.21358,0.686,2092.45608,0.272,1622.21358,0.915,-1,0.17,1,0,30231,0.762,0.563,0.426,442.0,467.3,0.3405,1298.1,0.0,1,1,0.927,1006.2,1,1,0.65,1167.4,0,42.932,0.11,0.89,0.2,1.0,0.5,0.93,0.0,0.5,1.0,0.278,0.597,0.5,0.433,0.0,0.402,0.0,0,0,0.349,0.424,0.0,0.514,0.203,1.0,0.71,0.0,0.455,0.36,0.0,1.0,0.998
37068,2026.08.04 13:50:40,XPTUSDm,TREND_CONTINUATION,BUY,4,1733.44,1717.86,1765.89,2.08,0.791,1658.06425,1715.912,1652.08,0,0.02,2.172,5.4886,1625.51375,1649.82375,1658.94,1622.475,0,0.061,0.8,2,1658.06425,0.623,0.0,1,0.0,0.0,1727.1375,0.0,0.0,0,0,1,1.0,1.0,0.4281,1.0,0.257,1,0.347,3,1.0,1723.891,1689.98025,0.417,3.03,0.0,2,0.0,3,1.0,1.853,3.03,0.611,0.652,3,1723.891,2,0.55,0.165,0.223,0.7,0.0,0.49,0.953,1632.66342,1629.89813,1596.07,-163.3927,28.7757,-1,1622.21358,0.686,2092.45608,0.272,1622.21358,0.915,-1,0.17,1,0,30231,0.762,0.563,0.426,413.0,405.2,0.3182,1298.1,0.0,1,1,0.927,1006.2,1,1,0.65,1167.4,0,43.606,0.11,0.89,0.2,1.0,0.5,0.16,0.0,0.5,1.0,0.549,0.533,0.5,0.495,0.0,0.359,0.0,0,0,0.312,0.442,0.0,0.383,0.216,1.0,0.745,0.0,0.461,0.36,0.0,1.0,0.998
0,2026.08.04 14:00:20,XPTUSDm,BREAKOUT_RETEST,BUY,4,1732.82,1728.4,1757.1,5.5,0.608,1722.44,1731.87,1690.378,1,0.145,2.45,0.4008,1624.496,1649.82375,1658.94,1622.475,0,0.053,0.55,2,1722.44,0.771,0.492,0,0.0,0.0,1720.5555,0.0,0.0,0,0,1,1.0,0.825,0.5487,0.825,0.513,2,0.464,3,1.0,1724.326,1690.378,0.273,2.579,0.0,2,0.25,0,0.464,1.119,3.0,0.373,0.446,1,1722.44,8,0.754,0.455,0.246,0.247,0.088,0.896,0.94,1632.66342,1629.89813,1596.07,-163.3927,28.7757,-1,1622.21358,0.686,2092.45608,0.272,1622.21358,0.915,-1,0.17,1,0,30232,0.762,0.563,0.426,448.0,420.7,0.3043,1472.2,0.0,1,1,0.927,1006.2,1,1,0.65,1167.4,0,38.406,0.11,0.89,0.2,1.0,0.5,0.12,0.0,0.5,0.356,0.77,0.47,0.5,0.482,0.0,0.331,0.0,0,0,0.295,0.584,0.0,0.386,0.237,0.934,0.752,0.0,0.497,0.36,0.0,1.0,0.935
37069,2026.08.04 14:00:20,XPTUSDm,PULLBACK,BUY,4,1732.82,1710.74,1776.99,2.0,0.636,1722.44,1731.87,1690.378,1,0.145,2.45,0.4008,1624.496,1649.82375,1658.94,1622.475,0,0.053,0.55,2,1722.44,0.771,0.492,0,0.0,0.0,1720.5555,0.0,0.0,0,0,1,1.0,0.825,0.5487,0.825,0.513,2,0.464,3,1.0,1724.326,1690.378,0.273,2.579,0.0,2,0.25,0,0.464,1.119,3.0,0.373,0.446,1,1722.44,8,0.754,0.455,0.246,0.247,0.088,0.896,0.94,1632.66342,1629.89813,1596.07,-163.3927,28.7757,-1,1622.21358,0.686,2092.45608,0.272,1622.21358,0.915,-1,0.17,1,0,30232,0.762,0.563,0.426,448.0,421.2,0.3043,1472.2,0.0,1,1,0.927,1006.2,1,1,0.65,1167.4,0,38.406,0.11,0.89,0.2,1.0,0.5,0.12,0.0,0.5,0.212,0.77,0.47,0.5,0.482,0.0,0.331,0.0,0,0,0.295,0.584,0.0,0.386,0.237,0.934,0.752,0.0,0.497,0.36,0.0,1.0,0.935
37072,2026.08.04 15:00:00,XPTUSDm,BREAKOUT,BUY,4,1743.0,1732.21,1781.2,3.54,0.526,1729.35,1734.984,1708.692,0,0.606,2.818,0.606,1625.01125,1652.0565,1661.688,1623.162,0,0.057,0.35,2,1729.35,0.758,0.716,0,0.0,0.0,1728.90175,0.0,0.0,0,0,1,1.0,1.0,0.6548,1.0,0.131,2,0.514,3,0.856,1725.594,1689.912,0.852,3.187,0.0,2,0.0,0,0.514,1.371,3.187,0.43,0.504,2,1729.35,8,0.752,0.0,0.261,0.3,0.0,0.87,0.959,1632.66342,1629.89813,1596.07,-163.3927,28.7757,-1,1622.21358,0.686,2092.45608,0.272,1622.21358,0.915,-1,0.17,1,0,30233,0.762,0.563,0.426,439.0,413.1,0.2873,1528.1,0.0,1,1,0.927,1006.2,1,1,0.65,1167.4,0,37.667,0.11,0.89,0.2,1.0,0.5,0.06,0.0,0.5,0.0,0.805,0.586,0.5,0.519,0.0,0.525,0.0,0,0,0.417,0.456,0.0,0.38,0.212,0.51,0.854,0.0,0.485,0.36,0.0,1.0,0.911
37074,2026.08.04 15:38:40,XPTUSDm,ANCHORED_PULLBACK,BUY,4,1742.42,1724.32,1768.12,1.42,0.332,1729.35,1734.984,1708.692,0,0.606,2.818,0.5373,1625.01125,1652.0565,1661.688,1623.162,0,0.056,0.35,2,1729.35,0.758,0.716,0,0.0,0.0,1728.90175,0.0,0.0,0,0,1,1.0,1.0,0.6548,1.0,0.131,2,0.514,3,0.856,1725.594,1689.912,0.783,3.118,0.0,2,0.0,0,0.514,1.342,3.118,0.43,0.501,2,1729.35,8,0.752,0.0,0.261,0.3,0.0,0.87,0.959,1632.66342,1629.89813,1596.07,-163.3927,28.7757,-1,1622.21358,0.686,2092.45608,0.272,1622.21358,0.915,-1,0.17,1,0,30233,0.762,0.563,0.426,486.0,437.2,0.318,1528.1,0.0,1,1,0.927,1006.2,1,1,0.65,1167.4,0,37.629,0.11,0.89,0.2,1.0,0.5,0.04,0.0,0.5,0.0,0.786,0.563,0.5,0.538,0.0,0.348,0.0,0,0,0.338,0.456,0.0,0.38,0.212,0.64,0.854,0.0,0.485,0.36,0.0,1.0,0.911
37076,2026.08.04 15:50:40,XPTUSDm,TREND_CONTINUATION,BUY,4,1742.91,1724.57,1781.11,2.08,0.606,1729.35,1734.984,1708.692,0,0.606,2.818,0.6027,1625.01125,1652.0565,1661.688,1623.162,0,0.057,0.35,2,1729.35,0.758,0.716,0,0.0,0.0,1728.90175,0.0,0.0,0,0,1,1.0,1.0,0.6548,1.0,0.131,2,0.514,3,0.856,1725.594,1689.912,0.848,3.183,0.0,2,0.0,0,0.514,1.37,3.183,0.43,0.504,2,1729.35,8,0.752,0.0,0.261,0.3,0.0,0.87,0.959,1632.66342,1629.89813,1596.07,-163.3927,28.7757,-1,1622.21358,0.686,2092.45608,0.272,1622.21358,0.915,-1,0.17,1,0,30233,0.762,0.563,0.426,435.0,456.6,0.2847,1528.1,0.0,1,1,0.927,1006.2,1,1,0.65,1167.4,0,37.661,0.11,0.89,0.2,1.0,0.5,0.93,0.0,0.5,0.0,0.797,0.554,0.5,0.552,0.0,0.313,0.0,0,0,0.323,0.456,0.0,0.38,0.212,0.64,0.854,0.0,0.485,0.36,0.0,1.0,0.911
37078,2026.08.04 16:00:20,XPTUSDm,PULLBACK,BUY,4,1743.15,1720.8,1787.84,2.0,0.488,1727.68625,1736.9225,1718.45,0,0.079,0.197,0.7655,1650.79475,1646.829,1663.424,1623.596,0,0.062,0.45,0,1729.73875,0.749,0.359,0,0.0,0.0,1737.83825,0.0,0.0,0,0,1,1.0,1.0,0.7777,1.0,0.344,0,0.697,2,0.052,1737.94875,1742.05375,0.077,0.199,0.0,2,0.15,0,0.697,1.195,3.0,0.398,0.392,1,1729.73875,8,0.75,0.847,0.257,0.3,0.053,0.752,0.895,1622.70741,1630.37162,1649.56575,91.3726,254.7653,2,1622.70741,0.679,2095.56431,0.279,1622.70741,0.905,-1,0.173,1,0,30234,0.762,0.563,0.426,406.0,432.2,0.2725,1489.8,0.0,1,1,0.927,1006.2,1,1,0.65,1167.4,0,38.646,0.017,0.983,0.3,0.0,0.5,0.91,0.0,0.5,0.0,1.0,0.472,0.5,0.55,0.0,0.415,0.0,0,0,0.348,0.521,0.0,0.475,0.375,0.599,0.861,0.0,0.493,0.36,0.0,1.0,0.895
37080,2026.08.04 17:00:00,XPTUSDm,BREAKOUT,BUY,3,1747.54,1725.29,1784.63,1.67,0.507,1738.10725,1745.76,1726.0815,1,0.213,1.835,0.3608,1645.03325,1654.338,1664.496,1623.864,0,0.06,0.45,2,1738.10725,0.796,0.319,0,0.0,0.0,0.0,0.0,0.0,0,0,1,1.0,0.825,0.8094,0.825,0.631,2,0.369,2,0.204,1739.2005,1712.9625,0.287,2.056,0.0813,0,0.55,2,0.838,1.516,3.0,0.505,0.429,1,1738.10725,8,0.759,0.426,0.331,0.947,0.193,0.8,0.873,1622.70741,1630.37162,1649.56575,91.3726,254.7653,2,1622.70741,0.679,2095.56431,0.279,1622.70741,0.905,-1,0.173,1,0,30235,0.762,0.563,0.426,408.0,406.4,0.275,1483.5,0.0,1,1,0.927,1006.2,1,1,0.65,1167.4,0,39.106,0.017,0.983,0.3,0.0,0.5,0.3,0.0,0.5,0.0,0.841,0.594,0.5,0.499,0.0,0.368,0.0,0,0,0.353,0.583,0.0,0.421,0.243,0.68,0.65,0.0,0.432,0.36,0.0,1.0,0.954
37082,2026.08.04 17:00:40,XPTUSDm,BREAKOUT_RETEST,BUY,3,1746.78,1742.33,1759.68,2.9,0.588,1738.10725,1745.76,1726.0815,1,0.213,1.835,0.3096,1645.03325,1654.338,1664.496,1623.864,0,0.06,0.45,2,1738.10725,0.796,0.319,0,0.0,0.0,0.0,0.0,0.0,0,0,1,1.0,0.825,0.8094,0.825,0.631,0,0.669,2,0.204,1739.2005,1712.9625,0.236,2.005,0.0,2,0.25,0,0.669,1.066,3.0,0.355,0.38,1,1738.10725,8,0.759,0.528,0.211,0.247,0.088,0.8,0.873,1622.70741,1630.37162,1649.56575,91.3726,254.7653,2,1622.70741,0.679,2095.56431,0.279,1622.70741,0.905,-1,0.173,1,0,30235,0.762,0.563,0.426,408.0,406.4,0.275,1483.5,0.0,1,1,0.927,1006.2,1,1,0.65,1167.4,0,39.055,0.017,0.983,0.3,0.0,0.5,0.3,0.0,0.5,0.0,1.0,0.567,0.5,0.562,0.0,0.321,0.0,0,0,0.337,0.654,0.0,0.53,0.275,0.471,0.745,0.0,0.488,0.36,0.0,1.0,0.935
37084,2026.08.04 17:50:40,XPTUSDm,TREND_CONTINUATION,BUY,3,1748.56,1730.76,1785.65,2.08,0.553,1738.10725,1745.76,1726.0815,1,0.213,1.835,0.4525,1645.03325,1654.338,1664.496,1623.864,0,0.061,0.45,2,1738.10725,0.796,0.319,0,0.0,0.0,0.0,0.0,0.0,0,0,1,1.0,0.825,0.8094,0.825,0.452,0,0.669,2,0.204,1739.2005,1712.9625,0.379,2.147,0.0,2,0.25,0,0.669,1.147,3.0,0.382,0.389,1,1738.10725,8,0.759,0.242,0.264,0.247,0.088,0.8,0.873,1622.70741,1630.37162,1649.56575,91.3726,254.7653,2,1622.70741,0.679,2095.56431,0.279,1622.70741,0.905,-1,0.173,1,0,30235,0.762,0.563,0.426,374.0,373.0,0.2521,1483.5,0.0,1,1,0.927,1006.2,1,1,0.65,1167.4,0,39.175,0.017,0.983,0.3,0.0,0.5,0.47,0.0,0.5,0.0,1.0,0.536,0.5,0.568,0.0,0.328,0.0,0,0,0.323,0.662,0.0,0.386,0.25,0.512,0.764,0.0,0.488,0.36,0.0,1.0,0.935
37086,2026.08.04 18:00:20,XPTUSDm,PULLBACK,BUY,3,1747.41,1724.65,1792.93,2.0,0.587,1744.4825,1747.945,1732.71,1,0.013,1.108,-0.0634,1646.4875,1648.54775,1665.924,1624.221,0,0.063,0.55,2,1744.4825,0.778,0.231,0,0.0,0.0,0.0,0.0,0.0,0,0,1,0.8,1.0,0.7817,1.0,0.767,2,0.58,0,0.431,1743.79,1748.6375,0.018,0.337,0.0,2,0.0,0,0.58,1.005,3.0,0.335,0.426,1,1732.71,5,0.6,0.964,0.07,0.3,0.086,0.879,0.659,1622.70741,1630.37162,1649.56575,91.3726,254.7653,2,1622.70741,0.679,2095.56431,0.279,1622.70741,0.905,-1,0.173,1,0,30236,0.762,0.563,0.426,389.0,369.0,0.2564,1517.2,0.0,1,1,0.927,1006.2,1,1,0.65,1167.4,0,38.229,0.017,0.983,0.3,0.0,0.5,0.08,0.0,0.5,0.0,0.89,0.389,0.5,0.564,0.0,0.325,0.0,0,0,0.366,0.863,0.0,0.47,0.251,0.474,0.65,0.0,0.508,0.36,0.0,1.0,0.862
37088,2026.08.04 18:38:40,XPTUSDm,MEAN_REVERSION,BUY,3,1740.1,1735.19,1748.48,1.71,0.574,1744.4825,1747.945,1732.71,1,0.013,1.108,-0.5525,1646.4875,1648.54775,1665.924,1624.221,0,0.058,0.55,2,1744.4825,0.778,0.231,0,0.0,0.0,0.0,0.0,0.0,0,0,1,0.8,1.0,0.7817,1.0,0.386,2,0.58,0,0.431,1738.25,1724.4,0.142,0.771,0.0,2,0.0,0,0.58,1.176,3.0,0.392,0.441,1,1744.4825,8,0.756,0.717,0.184,0.3,0.086,0.837,0.801,1622.70741,1630.37162,1649.56575,91.3726,254.7653,2,1622.70741,0.679,2095.56431,0.279,1622.70741,0.905,-1,0.173,1,0,30236,0.762,0.563,0.426,400.0,382.9,0.2636,1517.2,0.0,1,1,0.927,1006.2,1,1,0.65,1167.4,0,37.747,0.017,0.983,0.3,0.0,0.5,0.14,0.0,0.5,0.0,0.867,0.277,0.5,0.541,0.0,0.339,0.0,0,0,0.432,0.694,0.0,0.38,0.192,0.316,0.65,0.0,0.489,0.36,0.0,1.0,0.895
37090,2026.08.04 19:16:40,XPTUSDm,BREAKOUT_RETEST,BUY,3,1742.28,1737.57,1747.91,1.2,0.505,1744.07475,1746.4635,1736.9085,1,0.016,0.227,-0.3589,1645.248,1648.54775,1665.924,1624.221,0,0.057,0.5,0,1743.11925,0.789,0.908,0,0.0,0.0,0.0,0.0,0.0,0,0,1,0.8,0.825,0.7035,0.825,0.642,0,0.659,0,0.418,1737.38625,1734.042,0.067,0.28,0.0,2,0.4,0,0.659,1.061,3.0,0.354,0.37,1,1744.07475,1,0.7,0.866,0.268,0.247,0.224,0.714,0.767,1622.70741,1630.37162,1649.56575,91.3726,254.7653,2,1622.70741,0.679,2095.56431,0.279,1622.70741,0.905,-1,0.173,1,0,30237,0.762,0.563,0.426,384.0,387.7,0.2446,1570.1,0.0,1,1,0.927,1006.2,1,1,0.65,1167.4,0,36.613,0.017,0.983,0.3,0.0,0.5,0.81,0.0,0.5,0.0,0.946,0.508,0.5,0.541,0.0,0.293,0.0,0,0,0.284,0.715,0.0,0.496,0.316,0.24,0.65,0.0,0.486,0.36,0.0,1.0,0.814
37092,2026.08.04 20:40:40,XPTUSDm,MEAN_REVERSION,BUY,3,1736.84,1724.36,1747.36,0.84,0.646,1744.02925,1748.5145,1737.913,0,0.007,0.097,-0.7268,1647.525,1648.54775,1665.924,1624.221,0,0.054,0.65,0,1743.21375,0.738,0.0,2,0.0,0.0,0.0,0.0,0.0,0,0,1,1.0,0.825,0.5622,0.825,0.041,0,0.74,3,0.345,1735.87425,1733.8355,0.204,0.073,0.0,2,0.4,0,0.74,1.331,3.0,0.444,0.413,1,1743.21375,8,0.748,0.592,0.448,0.247,0.14,0.717,0.906,1622.72351,1627.86375,1593.88162,-162.928,-254.3006,-2,1622.72351,0.673,2032.60667,0.277,1622.72351,0.898,-1,0.181,1,0,30238,0.762,0.563,0.426,415.0,433.4,0.266,1560.1,0.0,1,1,0.927,1006.2,1,1,0.65,1167.4,1,36.501,0.018,0.982,0.2,0.0,1.0,0.76,0.0,0.5,0.0,0.922,0.546,0.5,0.574,0.0,0.362,0.0,0,0,0.344,0.467,0.0,0.739,0.318,0.354,0.65,0.0,0.481,0.36,0.0,1.0,0.895
37094,2026.08.04 22:05:00,XPTUSDm,BREAKOUT,BUY,1,1738.92,1732.47,1778.24,6.09,0.523,1736.1675,1744.455,1729.83,1,0.031,0.341,-0.0927,1740.171,1648.54775,1665.924,1624.221,0,0.055,0.75,0,1736.1675,0.754,0.788,0,0.0,0.0,0.0,0.0,0.0,0,0,1,1.0,0.825,0.3577,0.825,0.714,2,0.424,3,0.432,1736.1675,1740.555,0.093,0.372,0.2558,0,0.55,2,1.0,1.479,3.0,0.493,0.492,1,1729.83,5,0.6,0.815,0.306,0.947,0.193,0.786,0.835,1622.72351,1627.86375,1593.88162,-162.928,-254.3006,-2,1622.72351,0.673,2032.60667,0.277,1622.72351,0.898,-1,0.181,1,0,30239,0.762,0.563,0.426,421.0,856.6,0.2677,1572.7,0.0,1,1,0.927,1006.2,1,1,0.65,1167.4,1,36.34,0.018,0.982,0.2,0.0,1.0,0.99,0.0,0.5,0.0,0.472,0.553,0.5,0.503,0.0,0.41,0.0,0,0,0.347,0.759,0.0,0.941,0.238,0.504,0.65,0.0,0.441,0.36,0.0,1.0,0.8
37095,2026.08.04 22:05:20,XPTUSDm,BREAKOUT_RETEST,BUY,1,1738.92,1732.47,1755.98,2.64,0.599,1736.1675,1744.455,1729.83,1,0.031,0.341,-0.0927,1740.171,1648.54775,1665.924,1624.221,0,0.055,0.75,0,1736.1675,0.754,0.788,0,0.0,0.0,0.0,0.0,0.0,0,0,1,1.0,0.825,0.3577,0.825,0.714,0,0.724,3,0.432,1736.1675,1740.555,0.093,0.372,0.0,2,0.25,0,0.724,1.029,3.0,0.343,0.416,1,1729.83,5,0.6,0.815,0.186,0.247,0.088,0.786,0.835,1622.72351,1627.86375,1593.88162,-162.928,-254.3006,-2,1622.72351,0.673,2032.60667,0.277,1622.72351,0.898,-1,0.181,1,0,30239,0.762,0.563,0.426,421.0,852.2,0.2677,1572.7,0.0,1,1,0.927,1006.2,1,1,0.65,1167.4,1,36.34,0.018,0.982,0.2,0.0,1.0,0.98,0.0,0.5,0.0,0.562,0.553,0.5,0.533,0.0,0.372,0.0,0,0,0.341,0.856,0.0,0.781,0.273,0.282,0.65,0.0,0.499,0.36,0.0,1.0,0.782
37096,2026.08.04 22:05:20,XPTUSDm,PULLBACK,BUY,1,1738.92,1732.47,1786.1,7.31,0.628,1736.1675,1744.455,1729.83,1,0.031,0.341,-0.0927,1740.171,1648.54775,1665.924,1624.221,0,0.055,0.75,0,1736.1675,0.754,0.788,0,0.0,0.0,0.0,0.0,0.0,0,0,1,1.0,0.825,0.3577,0.825,0.714,0,0.724,3,0.432,1736.1675,1740.555,0.093,0.372,0.0,2,0.25,0,0.724,1.029,3.0,0.343,0.416,1,1729.83,5,0.6,0.815,0.186,0.247,0.088,0.786,0.835,1622.72351,1627.86375,1593.88162,-162.928,-254.3006,-2,1622.72351,0.673,2032.60667,0.277,1622.72351,0.898,-1,0.181,1,0,30239,0.762,0.563,0.426,421.0,847.8,0.2677,1572.7,0.0,1,1,0.927,1006.2,1,1,0.65,1167.4,1,36.34,0.018,0.982,0.2,0.0,1.0,0.97,0.0,0.5,0.0,0.562,0.553,0.5,0.533,0.0,0.372,0.0,0,0,0.341,0.856,0.0,0.781,0.273,0.282,0.65,0.0,0.499,0.36,0.0,1.0,0.782
37097,2026.08.04 22:05:40,XPTUSDm,TREND_CONTINUATION,BUY,1,1739.35,1720.48,1778.67,2.08,0.561,1736.1675,1744.455,1729.83,1,0.031,0.341,-0.0653,1740.171,1648.54775,1665.924,1624.221,0,0.055,0.75,0,1736.1675,0.754,0.788,0,0.0,0.0,0.0,0.0,0.0,0,0,1,1.0,0.825,0.3577,0.825,0.714,0,0.724,3,0.432,1736.1675,1740.555,0.065,0.344,0.0,2,0.25,0,0.724,1.029,3.0,0.343,0.416,1,1729.83,5,0.6,0.869,0.186,0.247,0.088,0.786,0.835,1622.72351,1627.86375,1593.88162,-162.928,-254.3006,-2,1622.72351,0.673,2032.60667,0.277,1622.72351,0.898,-1,0.181,1,0,30239,0.762,0.563,0.426,421.0,843.4,0.2677,1572.7,0.0,1,1,0.927,1006.2,1,1,0.65,1167.4,1,36.367,0.018,0.982,0.2,0.0,1.0,0.99,0.0,0.5,0.0,0.562,0.563,0.5,0.533,0.0,0.372,0.0,0,0,0.347,0.856,0.0,0.781,0.273,0.282,0.65,0.0,0.499,0.36,0.0,1.0,0.782
37102,2026.08.04 22:54:40,XPTUSDm,MEAN_REVERSION,BUY,1,1737.32,1732.33,1748.53,2.24,0.645,1736.1675,1744.455,1729.83,1,0.031,0.341,-0.1855,1740.171,1648.54775,1665.924,1624.221,0,0.054,0.75,0,1736.1675,0.754,0.788,0,0.0,0.0,0.0,0.0,0.0,0,0,1,1.0,0.825,0.3577,0.825,0.41,0,0.724,3,0.432,1736.1675,1740.555,0.186,0.464,0.0,2,0.25,0,0.724,1.165,3.0,0.388,0.432,1,1744.455,4,0.6,0.629,0.277,0.247,0.088,0.786,0.835,1622.72351,1627.86375,1593.88162,-162.928,-254.3006,-2,1622.72351,0.673,2032.60667,0.277,1622.72351,0.898,-1,0.181,1,0,30239,0.762,0.563,0.426,407.0,419.1,0.2588,1572.7,0.0,1,1,0.927,1006.2,1,1,0.65,1167.4,1,36.238,0.018,0.982,0.2,0.0,1.0,0.65,0.0,0.5,0.0,1.0,0.383,0.5,0.535,0.0,0.267,0.0,0,0,0.337,0.793,0.0,0.868,0.321,0.273,0.65,0.0,0.48,0.36,0.0,1.0,0.814
37104,2026.08.05 00:00:40,XPTUSDm,NAKED_POC,BUY,1,1737.58,1729.99,1759.64,2.91,0.737,1736.41775,1738.691,1732.196,1,0.024,0.374,-0.2215,1734.0875,1648.54775,1665.924,1624.221,0,0.058,0.5,0,1736.41775,0.771,0.531,0,0.0,0.0,0.0,1736.337,0.147,0,0,1,0.8,0.825,0.0582,0.825,0.808,0,0.723,0,0.507,1733.81975,1728.299,0.045,0.331,0.0,2,0.25,0,0.723,0.109,0.331,0.329,0.319,0,1738.691,4,0.6,0.91,0.158,0.247,0.189,0.798,0.85,1624.95585,1627.86375,1593.88162,-159.9051,3.0229,-1,1624.95585,0.659,2034.30906,0.293,1624.95585,0.879,-1,0.176,1,0,30241,0.774,0.556,0.427,442.0,416.5,0.3005,1470.8,0.0,1,1,0.927,1006.2,1,1,0.65,1167.4,1,38.767,0.029,0.971,0.2,1.0,1.0,0.12,0.0,0.5,0.0,0.841,0.464,0.5,0.573,0.0,0.335,0.0,0,0,0.328,0.864,0.0,0.874,0.3,0.207,0.65,0.0,0.507,0.36,0.0,1.0,0.862
0,2026.08.05 00:05:20,XPTUSDm,BREAKOUT_RETEST,BUY,1,1738.73,1734.32,1744.53,1.31,0.49,1736.41775,1738.691,1732.196,1,0.024,0.374,-0.2399,1734.0875,1648.54775,1665.924,1624.221,0,0.057,0.5,0,1736.41775,0.771,0.531,0,0.0,0.0,0.0,1736.337,0.147,0,0,1,0.8,0.825,0.0582,0.825,0.808,0,0.723,0,0.507,1733.81975,1728.299,0.063,0.312,0.0,2,0.25,0,0.723,0.103,0.312,0.329,0.318,0,1738.691,4,0.6,0.874,0.158,0.247,0.189,0.798,0.85,1624.95585,1627.86375,1593.88162,-159.9051,3.0229,-1,1624.95585,0.659,2034.30906,0.293,1624.95585,0.879,-1,0.176,1,0,30241,0.774,0.556,0.427,584.0,439.3,0.3971,1470.8,0.0,1,1,0.927,1006.2,1,1,0.65,1167.4,1,38.845,0.029,0.971,0.2,1.0,1.0,0.06,0.0,0.5,0.0,0.595,0.415,0.5,0.565,0.0,0.368,0.0,0,0,0.368,0.864,0.0,0.874,0.3,0.207,0.65,0.0,0.507,0.36,0.0,1.0,0.862
37106,2026.08.05 00:05:40,XPTUSDm,BREAKOUT,BUY,1,1742.94,1720.88,1779.71,1.67,0.336,1736.41775,1738.691,1732.196,1,0.024,0.374,0.0464,1734.0875,1648.54775,1665.924,1624.221,0,0.06,0.5,0,1736.41775,0.771,0.531,0,0.0,0.0,0.0,1736.337,0.147,0,0,1,0.8,0.825,0.0582,0.825,0.774,0,0.723,0,0.507,1736.093,1739.66525,0.068,0.174,0.0,2,0.25,0,0.723,0.501,1.5,0.334,0.385,1,1732.196,5,0.6,0.863,0.168,0.247,0.189,0.958,0.844,1624.95585,1627.86375,1593.88162,-159.9051,3.0229,-1,1624.95585,0.659,2034.30906,0.293,1624.95585,0.879,-1,0.176,1,0,30241,0.774,0.556,0.427,584.0,443.0,0.3971,1470.8,0.0,1,1,0.927,1006.2,1,1,0.65,1167.4,1,39.131,0.029,0.971,0.2,1.0,1.0,0.1,0.0,0.5,0.0,0.595,0.449,0.5,0.565,0.0,0.475,0.0,0,0,0.39,0.72,0.0,0.568,0.3,0.172,0.65,0.0,0.507,0.36,0.0,1.0,0.782
37107,2026.08.05 00:05:59,XPTUSDm,PULLBACK,BUY,1,1742.83,1720.77,1786.95,2.0,0.56,1736.41775,1738.691,1732.196,1,0.024,0.374,0.0389,1734.0875,1648.54775,1665.924,1624.221,0,0.06,0.5,0,1736.41775,0.771,0.531,0,0.0,0.0,0.0,1736.337,0.147,0,0,1,0.8,0.825,0.0582,0.825,0.774,0,0.723,0,0.507,1736.093,1739.66525,0.061,0.182,0.0,2,0.25,0,0.723,0.501,1.5,0.334,0.385,1,1732.196,5,0.6,0.878,0.168,0.247,0.189,0.958,0.844,1624.95585,1627.86375,1593.88162,-159.9051,3.0229,-1,1624.95585,0.659,2034.30906,0.293,1624.95585,0.879,-1,0.176,1,0,30241,0.774,0.556,0.427,584.0,444.0,0.3971,1470.8,0.0,1,1,0.927,1006.2,1,1,0.65,1167.4,1,39.124,0.029,0.971,0.2,1.0,1.0,0.1,0.0,0.5,0.0,0.595,0.465,0.5,0.565,0.0,0.475,0.0,0,0,0.381,0.72,0.0,0.568,0.3,0.172,0.65,0.0,0.507,0.36,0.0,1.0,0.782
37108,2026.08.05 00:06:00,XPTUSDm,TREND_CONTINUATION,BUY,1,1741.86,1724.21,1778.63,2.08,0.482,1736.41775,1738.691,1732.196,1,0.024,0.374,0.0382,1734.0875,1648.54775,1665.924,1624.221,0,0.06,0.5,0,1736.41775,0.771,0.531,0,0.0,0.0,0.0,1736.337,0.147,0,0,1,0.8,0.825,0.0582,0.825,0.774,0,0.723,0,0.507,1736.093,1739.66525,0.06,0.183,0.0,2,0.25,0,0.723,0.501,1.5,0.334,0.385,1,1732.196,5,0.6,0.879,0.168,0.247,0.189,0.958,0.844,1624.95585,1627.86375,1593.88162,-159.9051,3.0229,-1,1624.95585,0.659,2034.30906,0.293,1624.95585,0.879,-1,0.176,1,0,30241,0.774,0.556,0.427,488.0,444.2,0.3318,1470.8,0.0,1,1,0.927,1006.2,1,1,0.65,1167.4,1,39.058,0.029,0.971,0.2,1.0,1.0,0.12,0.0,0.5,0.0,0.595,0.497,0.5,0.565,0.0,0.475,0.0,0,0,0.361,0.72,0.0,0.568,0.3,0.172,0.65,0.0,0.507,0.36,0.0,1.0,0.782
37112,2026.08.05 01:01:40,XPTUSDm,MEAN_REVERSION,BUY,1,1727.78,1716.01,1739.43,0.99,0.763,1733.54675,1735.729,1730.1175,0,0.105,0.192,-0.7916,1734.1,1648.54775,1665.924,1617.2705,0,0.05,0.45,0,1733.54675,0.719,0.608,0,0.0,0.0,0.0,0.0,0.0,0,0,1,0.225,-0.3847,-0.0125,0.385,0.032,0,0.836,0,0.774,1733.8585,1728.247,0.813,0.431,0.0,2,0.15,0,0.836,1.336,3.0,0.445,0.545,2,1733.54675,8,0.744,0.0,0.35,0.115,0.207,0.845,0.908,1624.95585,1627.86375,1593.88162,-159.9051,3.0229,-1,1624.95585,0.659,2034.30906,0.293,1624.95585,0.879,-1,0.176,1,0,30242,0.774,0.556,0.427,588.0,453.4,0.3997,1471.3,0.0,1,1,0.927,1006.2,1,1,0.65,1167.4,1,38.088,0.029,0.971,0.2,1.0,1.0,0.06,0.0,0.5,0.0,0.461,0.393,0.5,0.547,0.0,0.431,0.0,0,0,0.401,0.607,0.0,0.74,0.333,0.33,0.487,0.0,0.485,0.36,0.0,1.0,0.812
37114,2026.08.05 01:33:40,XPTUSDm,SWEEP_REVERSAL,BUY,1,1724.75,1710.04,1737.54,0.87,0.233,1733.54675,1735.729,1730.1175,0,0.105,0.192,-0.8691,1734.1,1648.54775,1665.924,1617.2705,0,0.049,0.45,0,1733.54675,0.719,0.608,0,0.0,0.0,0.0,0.0,0.0,0,0,1,0.225,-0.3847,-0.0125,0.385,0.032,0,0.836,0,0.774,1733.8585,1728.247,0.89,0.509,0.0,2,0.15,0,0.836,1.336,3.0,0.445,0.545,2,1733.54675,8,0.744,0.0,0.35,0.115,0.207,0.845,0.908,1624.95585,1627.86375,1593.88162,-159.9051,3.0229,-1,1624.95585,0.659,2034.30906,0.293,1624.95585,0.879,-1,0.176,1,0,30242,0.774,0.556,0.427,399.0,448.2,0.2712,1471.3,0.0,1,1,0.927,1006.2,1,1,0.65,1167.4,1,37.882,0.029,0.971,0.2,1.0,1.0,0.95,0.0,0.5,0.0,0.551,0.479,0.5,0.559,0.0,0.605,0.0,0,0,0.422,0.607,0.0,0.74,0.333,0.151,0.475,0.0,0.485,0.36,0.0,1.0,0.812
37116,2026.08.05 02:00:00,XPTUSDm,ANCHORED_PULLBACK,BUY,1,1744.89,1738.81,1771.17,4.32,0.641,1733.585,1737.218,1727.876,0,0.395,0.013,0.463,1735.43875,1648.54775,1665.924,1617.2705,0,0.06,0.45,0,1733.585,0.752,0.438,0,0.0,0.0,1735.661,0.0,0.0,0,0,1,0.75,-0.545,-0.0598,0.545,0.047,0,0.783,0,0.544,1733.066,1740.332,0.497,0.021,0.2445,0,0.4,2,1.0,1.779,3.0,0.593,0.559,2,1733.585,8,0.75,0.006,0.446,0.863,0.249,0.748,0.934,1624.95585,1627.86375,1593.88162,-159.9051,3.0229,-1,1624.95585,0.659,2034.30906,0.293,1624.95585,0.879,-1,0.176,1,0,30243,0.774,0.556,0.427,424.0,438.6,0.2779,1525.9,0.0,1,1,0.927,1006.2,1,1,0.65,1167.4,1,37.845,0.029,0.971,0.2,1.0,1.0,0.87,0.0,0.5,0.0,0.564,0.682,0.5,0.506,0.0,0.539,0.0,0,0,0.477,0.43,0.0,0.661,0.344,0.732,0.704,0.0,0.43,0.36,0.0,1.0,0.874
0,2026.08.05 05:30:40,XPTUSDm,BREAKOUT_RETEST,BUY,1,1765.06,1761.55,1769.75,1.34,0.318,1760.02,1765.65,1738.626,1,0.119,0.266,0.0804,1737.71625,1645.26925,1664.6855,1610.32,0,0.099,0.6,2,1760.02,0.8,0.578,0,0.0,0.0,0.0,0.0,0.0,0,0,1,0.45,0.51,0.1107,0.51,1.0,2,0.56,0,0.205,1758.894,1748.76,0.177,1.043,0.0,2,0.4,0,0.56,0.9,3.0,0.3,0.306,0,1765.65,4,0.6,0.647,0.16,0.153,0.181,0.76,0.935,1599.92533,1629.19725,1596.12562,-137.7738,22.1313,-1,1615.047,0.642,2028.7758,0.304,1615.047,0.856,-1,0.201,1,0,30246,0.774,0.556,0.427,410.0,402.4,0.3506,1169.3,0.0,1,1,0.927,1006.2,1,1,0.65,1167.4,1,51.113,0.083,0.917,0.0,1.0,1.0,0.39,0.0,0.5,0.619,1.0,0.733,0.5,0.568,0.0,0.369,0.0,0,0,0.458,0.6,0.0,0.589,0.0,0.5,0.65,0.0,0.527,0.36,0.0,1.0,0.862
37118,2026.08.05 05:31:40,XPTUSDm,BREAKOUT,BUY,1,1770.73,1763.99,1799.96,4.34,0.22,1760.02,1765.65,1738.626,1,0.119,0.266,0.4764,1737.71625,1645.26925,1664.6855,1610.32,0,0.103,0.6,2,1760.02,0.8,0.578,0,0.0,0.0,0.0,0.0,0.0,0,0,1,0.45,0.51,0.1107,0.51,0.345,2,0.56,0,0.205,1758.894,1748.76,0.573,1.439,0.0,2,0.4,0,0.56,1.195,3.0,0.398,0.34,0,1760.02,8,0.76,0.0,0.356,0.153,0.181,0.76,0.935,1599.92533,1629.19725,1596.12562,-137.7738,22.1313,-1,1615.047,0.642,2028.7758,0.304,1615.047,0.856,-1,0.201,1,0,30246,0.774,0.556,0.427,514.0,407.4,0.4396,1169.3,0.0,1,1,0.927,1006.2,1,1,0.65,1167.4,1,51.598,0.083,0.917,0.0,1.0,1.0,0.04,0.0,0.5,0.0,1.0,0.754,0.5,0.568,0.0,0.348,0.0,0,0,0.462,0.497,0.0,0.503,0.0,0.51,0.781,0.0,0.502,0.36,0.0,1.0,0.815
37119,2026.08.05 05:31:59,XPTUSDm,PULLBACK,BUY,1,1769.9,1763.99,1804.98,5.94,0.416,1760.02,1765.65,1738.626,1,0.119,0.266,0.4054,1737.71625,1645.26925,1664.6855,1610.32,0,0.102,0.6,2,1760.02,0.8,0.578,0,0.0,0.0,0.0,0.0,0.0,0,0,1,0.45,0.51,0.1107,0.51,0.345,2,0.56,0,0.205,1758.894,1748.76,0.502,1.368,0.0,2,0.4,0,0.56,1.195,3.0,0.398,0.34,0,1760.02,8,0.76,0.0,0.356,0.153,0.181,0.76,0.935,1599.92533,1629.19725,1596.12562,-137.7738,22.1313,-1,1615.047,0.642,2028.7758,0.304,1615.047,0.856,-1,0.201,1,0,30246,0.774,0.556,0.427,514.0,408.5,0.4396,1169.3,0.0,1,1,0.927,1006.2,1,1,0.65,1167.4,1,51.527,0.083,0.917,0.0,1.0,1.0,0.04,0.0,0.5,0.0,1.0,0.762,0.5,0.568,0.0,0.348,0.0,0,0,0.467,0.497,0.0,0.503,0.0,0.51,0.774,0.0,0.502,0.36,0.0,1.0,0.815
37120,2026.08.05 05:32:00,XPTUSDm,TREND_CONTINUATION,BUY,1,1769.51,1755.48,1798.74,2.08,0.313,1760.02,1765.65,1738.626,1,0.119,0.266,0.3985,1737.71625,1645.26925,1664.6855,1610.32,0,0.102,0.6,2,1760.02,0.8,0.578,0,0.0,0.0,0.0,0.0,0.0,0,0,1,0.45,0.51,0.1107,0.51,0.345,2,0.56,0,0.205,1758.894,1748.76,0.495,1.362,0.0,2,0.4,0,0.56,1.195,3.0,0.398,0.34,0,1760.02,8,0.76,0.01,0.356,0.153,0.181,0.76,0.935,1599.92533,1629.19725,1596.12562,-137.7738,22.1313,-1,1615.047,0.642,2028.7758,0.304,1615.047,0.856,-1,0.201,1,0,30246,0.774,0.556,0.427,483.0,409.2,0.4131,1169.3,0.0,1,1,0.927,1006.2,1,1,0.65,1167.4,1,51.494,0.083,0.917,0.0,1.0,1.0,0.06,0.0,0.5,0.0,1.0,0.755,0.5,0.568,0.0,0.348,0.0,0,0,0.463,0.487,0.0,0.654,0.0,0.5,0.774,0.0,0.502,0.36,0.0,1.0,0.815
37124,2026.08.05 07:00:00,XPTUSDm,ANCHORED_PULLBACK,BUY,1,1786.97,1780.02,1806.83,2.86,0.688,1761.1215,1768.371,1750.65,0,1.676,0.008,1.6759,1739.42075,1649.14375,1670.7125,1610.32,0,0.107,0.55,0,1761.1215,0.756,0.0,1,0.0,0.0,1778.03625,0.0,0.0,0,0,1,0.825,0.755,0.3265,0.755,0.058,0,0.681,3,0.492,1761.1215,1781.259,1.676,0.056,0.4022,0,0.15,2,1.0,1.774,3.0,0.591,0.621,2,1761.1215,8,0.751,0.0,0.343,0.926,0.053,1.0,0.9,1599.92533,1629.19725,1596.12562,-137.7738,22.1313,-1,1615.047,0.642,2028.7758,0.304,1615.047,0.856,-1,0.201,1,0,30248,0.774,0.556,0.427,501.0,448.9,0.4029,1243.4,0.0,1,1,0.927,1006.2,1,1,0.65,1167.4,1,49.828,0.083,0.917,0.0,1.0,1.0,0.0,0.0,0.5,0.0,0.8,0.478,0.5,0.463,0.0,0.9,0.0,0,0,0.512,0.267,0.0,0.517,0.0,1.0,0.745,0.0,0.441,0.36,0.0,1.0,0.907
37126,2026.08.05 07:30:40,XPTUSDm,BREAKOUT_RETEST,BUY,1,1771.5,1764.2,1781.55,1.38,0.545,1761.1215,1768.371,1750.65,1,1.676,0.008,0.4872,1739.42075,1649.14375,1670.7125,1610.32,0,0.095,0.55,0,1761.1215,0.756,0.0,1,0.0,0.0,1778.03625,0.0,0.0,0,0,1,0.825,0.755,0.3265,0.755,0.349,0,0.685,3,0.492,1761.1215,1765.9545,0.487,0.099,0.0,2,0.15,4,0.605,1.493,3.0,0.498,0.49,1,1761.1215,8,0.751,0.026,0.255,0.226,0.053,1.0,0.667,1599.92533,1629.19725,1596.12562,-137.7738,22.1313,-1,1615.047,0.642,2028.7758,0.304,1615.047,0.856,-1,0.201,1,0,30248,0.774,0.556,0.427,432.0,415.7,0.3474,1243.4,0.0,1,1,0.927,1006.2,1,1,0.65,1167.4,1,48.583,0.083,0.917,0.0,1.0,1.0,0.23,0.0,0.5,0.0,0.668,0.476,0.5,0.375,0.0,0.403,0.0,0,0,0.288,0.255,0.0,0.305,0.0,0.685,0.687,0.0,0.469,0.36,0.0,1.0,0.758
37127,2026.08.05 07:31:40,XPTUSDm,BREAKOUT,BUY,1,1772.49,1764.07,1786.25,1.63,0.37,1761.1215,1768.371,1750.65,1,1.676,0.008,0.5773,1739.42075,1649.14375,1670.7125,1610.32,0,0.096,0.55,0,1761.1215,0.756,0.0,1,0.0,0.0,1778.03625,0.0,0.0,0,0,1,0.825,0.755,0.3265,0.755,0.349,0,0.685,3,0.492,1761.1215,1769.982,0.577,0.135,0.0,2,0.15,4,0.605,1.493,3.0,0.498,0.49,1,1761.1215,8,0.751,0.0,0.255,0.226,0.053,1.0,0.744,1599.92533,1629.19725,1596.12562,-137.7738,22.1313,-1,1615.047,0.642,2028.7758,0.304,1615.047,0.856,-1,0.201,1,0,30248,0.774,0.556,0.427,419.0,414.0,0.337,1243.4,0.0,1,1,0.927,1006.2,1,1,0.65,1167.4,1,48.663,0.083,0.917,0.0,1.0,1.0,0.39,0.0,0.5,0.0,0.668,0.509,0.5,0.375,0.0,0.403,0.0,0,0,0.279,0.255,0.0,0.305,0.0,0.685,0.698,0.0,0.469,0.36,0.0,1.0,0.758
37128,2026.08.05 07:31:59,XPTUSDm,PULLBACK,BUY,1,1772.49,1764.07,1786.25,1.63,0.588,1761.1215,1768.371,1750.65,1,1.676,0.008,0.5773,1739.42075,1649.14375,1670.7125,1610.32,0,0.096,0.55,0,1761.1215,0.756,0.0,1,0.0,0.0,1778.03625,0.0,0.0,0,0,1,0.825,0.755,0.3265,0.755,0.349,0,0.685,3,0.492,1761.1215,1769.982,0.577,0.135,0.0,2,0.15,4,0.605,1.493,3.0,0.498,0.49,1,1761.1215,8,0.751,0.0,0.255,0.226,0.053,1.0,0.744,1599.92533,1629.19725,1596.12562,-137.7738,22.1313,-1,1615.047,0.642,2028.7758,0.304,1615.047,0.856,-1,0.201,1,0,30248,0.774,0.556,0.427,419.0,413.7,0.337,1243.4,0.0,1,1,0.927,1006.2,1,1,0.65,1167.4,1,48.663,0.083,0.917,0.0,1.0,1.0,0.38,0.0,0.5,0.0,0.668,0.517,0.5,0.375,0.0,0.403,0.0,0,0,0.284,0.255,0.0,0.305,0.0,0.685,0.698,0.0,0.469,0.36,0.0,1.0,0.758
37132,2026.08.05 08:00:40,XPTUSDm,TREND_CONTINUATION,BUY,2,1778.64,1763.0,1811.23,2.08,0.515,1768.353,1780.998,1759.08,1,0.1,0.547,0.48,1734.72,1649.48125,1671.2375,1610.32,0,0.096,0.65,0,1768.353,0.8,0.523,0,0.0,0.0,0.0,0.0,0.0,0,0,1,0.9,0.615,0.383,0.615,0.45,0,0.698,0,0.489,1770.039,1781.841,0.351,0.555,0.0,2,0.25,0,0.698,1.147,3.0,0.382,0.453,1,1768.353,8,0.76,0.299,0.265,0.185,0.185,0.968,0.846,1628.86857,1630.64475,1593.31787,-148.3538,-10.58,-2,1624.2856,0.643,1838.1576,0.3,1624.2856,0.857,-1,0.198,1,0,30249,0.774,0.556,0.427,403.0,406.8,0.3092,1303.5,0.0,1,1,0.927,1006.2,1,1,0.65,1167.4,1,46.892,0.022,0.978,0.2,0.0,1.0,0.58,0.0,0.5,0.0,1.0,0.572,0.5,0.513,0.0,0.289,0.0,0,0,0.313,0.692,0.0,0.393,0.0,0.71,0.717,0.0,0.485,0.36,0.0,1.0,0.895
37134,2026.08.05 08:30:40,XPTUSDm,SWEEP_REVERSAL,BUY,2,1759.86,1746.83,1772.4,0.96,0.23,1768.353,1780.998,1759.08,0,0.1,0.547,-0.9623,1734.72,1649.48125,1671.2375,1610.32,0,0.082,0.65,0,1768.353,0.8,0.523,0,0.0,0.0,0.0,0.0,0.0,0,0,1,0.9,0.615,0.383,0.615,0.576,0,0.698,0,0.489,1753.179,1764.138,0.202,0.639,0.0,2,0.25,0,0.698,1.091,3.0,0.364,0.433,1,1768.353,8,0.76,0.596,0.227,0.185,0.185,0.863,0.683,1628.86857,1630.64475,1593.31787,-148.3538,-10.58,-2,1624.2856,0.643,1838.1576,0.3,1624.2856,0.857,-1,0.198,1,0,30249,0.774,0.556,0.427,405.0,426.7,0.3107,1303.5,0.0,1,1,0.927,1006.2,1,1,0.65,1167.4,1,45.451,0.022,0.978,0.2,0.0,1.0,0.71,0.0,0.5,0.0,0.605,0.504,0.5,0.511,0.0,0.354,0.0,0,0,0.297,0.695,0.0,0.393,0.0,0.797,0.65,0.0,0.485,0.36,0.0,1.0,0.975
37136,2026.08.05 09:31:59,XPTUSDm,PULLBACK,BUY,2,1753.15,1731.17,1775.2,1.0,0.448,1771.1945,1780.316,1760.046,0,1.583,0.062,-1.5049,1734.76125,1649.48125,1688.6425,1610.32,0,0.068,0.5,0,1771.1945,0.742,0.417,0,0.0,0.0,1759.67825,0.0,0.0,0,0,1,0.975,0.65,0.365,0.65,0.073,0,0.73,2,0.072,1770.181,1748.8975,1.436,0.017,0.0,2,0.4,0,0.73,1.317,3.0,0.439,0.388,1,1771.1945,8,0.748,0.0,0.438,0.195,0.14,0.821,0.922,1628.86857,1630.64475,1593.31787,-148.3538,-10.58,-2,1624.2856,0.643,1838.1576,0.3,1624.2856,0.857,-1,0.198,1,0,30250,0.766,0.561,0.429,401.0,408.2,0.2736,1465.5,0.0,1,1,0.927,1006.2,1,1,0.65,1167.4,1,39.969,0.022,0.978,0.2,0.0,1.0,0.56,0.0,0.5,0.0,0.926,0.491,0.5,0.518,0.0,0.384,0.0,0,0,0.314,0.188,0.556,0.647,0.0,0.751,0.463,0.0,0.465,0.36,0.0,1.0,0.83
37138,2026.08.05 09:36:00,XPTUSDm,MEAN_REVERSION,BUY,2,1755.25,1743.53,1775.23,1.7,0.646,1771.1945,1780.316,1760.046,0,1.583,0.062,-1.3637,1734.76125,1649.48125,1688.6425,1610.32,0,0.069,0.5,0,1771.1945,0.742,0.417,0,0.0,0.0,1759.67825,0.0,0.0,0,0,1,0.975,0.65,0.365,0.65,0.329,0,0.73,2,0.072,1770.181,1748.8975,1.295,0.158,0.0,2,0.4,0,0.73,1.202,3.0,0.401,0.374,1,1771.1945,8,0.748,0.0,0.361,0.195,0.14,0.821,0.922,1628.86857,1630.64475,1593.31787,-148.3538,-10.58,-2,1624.2856,0.643,1838.1576,0.3,1624.2856,0.857,-1,0.198,1,0,30250,0.766,0.561,0.429,404.0,404.9,0.2757,1465.5,0.0,1,1,0.927,1006.2,1,1,0.65,1167.4,1,40.113,0.022,0.978,0.2,0.0,1.0,0.39,0.0,0.5,0.0,0.866,0.575,0.5,0.535,0.0,0.417,0.0,0,0,0.372,0.245,0.0,0.398,0.0,0.751,0.483,0.0,0.465,0.36,0.0,1.0,0.83
37140,2026.08.05 10:00:40,XPTUSDm,TREND_CONTINUATION,BUY,2,1753.15,1735.64,1775.16,1.26,0.549,1771.1945,1784.37,1751.938,0,0.062,0.896,-1.509,1736.3925,1649.48125,1714.75,1610.32,0,0.068,0.8,0,1771.1945,0.731,0.0,2,0.0,0.0,0.0,0.0,0.0,0,0,1,1.0,0.685,0.2831,0.685,0.686,2,0.631,3,0.731,1749.911,1757.0055,0.05,0.536,0.0,2,0.25,0,0.631,1.041,3.0,0.347,0.424,1,1771.1945,8,0.746,0.9,0.194,0.206,0.088,0.727,0.857,1628.86857,1630.64475,1593.31787,-148.3538,-10.58,-2,1624.2856,0.643,1838.1576,0.3,1624.2856,0.857,-1,0.198,1,0,30251,0.766,0.561,0.429,397.0,410.7,0.2721,1458.9,0.0,1,1,0.927,1006.2,1,1,0.65,1167.4,1,40.151,0.022,0.978,0.2,0.0,1.0,0.95,0.0,0.5,0.0,0.779,0.449,0.5,0.55,0.0,0.394,0.0,0,0,0.353,0.693,0.0,0.569,0.0,0.327,0.65,0.0,0.491,0.36,0.0,1.0,1.023
37142,2026.08.05 10:32:00,XPTUSDm,SWEEP_REVERSAL,BUY,2,1750.35,1735.76,1776.0,1.76,0.21,1771.1945,1784.37,1751.938,0,0.062,0.896,-1.7585,1736.3925,1649.48125,1714.75,1610.32,0,0.066,0.8,0,1771.1945,0.731,0.0,2,0.0,0.0,0.0,0.0,0.0,0,0,1,1.0,0.685,0.2831,0.685,0.134,2,0.631,3,0.731,1749.911,1757.0055,0.3,0.786,0.0,2,0.25,0,0.631,1.289,3.0,0.43,0.453,1,1771.1945,8,0.746,0.401,0.36,0.206,0.088,0.727,0.857,1628.86857,1630.64475,1593.31787,-148.3538,-10.58,-2,1624.2856,0.643,1838.1576,0.3,1624.2856,0.857,-1,0.198,1,0,30251,0.766,0.561,0.429,481.0,403.5,0.3297,1458.9,0.0,1,1,0.927,1006.2,1,1,0.65,1167.4,1,39.959,0.022,0.978,0.2,0.0,1.0,0.06,0.0,0.5,0.0,0.798,0.444,0.5,0.553,0.0,0.317,0.0,0,0,0.327,0.567,0.0,0.632,0.0,0.327,0.495,0.0,0.473,0.36,0.0,1.0,0.975
37144,2026.08.05 11:00:00,XPTUSDm,BREAKOUT_RETEST,BUY,2,1752.0,1747.58,1787.13,7.94,0.597,1747.55375,1769.5355,1742.32,1,0.031,1.105,0.0309,1739.08875,1649.48125,1723.4525,1610.32,0,0.067,0.65,2,1747.55375,0.733,0.453,0,0.0,0.0,0.0,0.0,0.0,0,0,1,1.0,0.72,0.1703,0.72,1.0,2,0.548,3,0.906,1748.6005,1758.02125,0.04,0.679,0.0,2,0.25,0,0.548,0.9,3.0,0.3,0.441,1,1742.32,5,0.6,0.92,0.1,0.216,0.088,0.984,0.947,1628.86857,1630.64475,1593.31787,-148.3538,-10.58,-2,1624.2856,0.643,1838.1576,0.3,1624.2856,0.857,-1,0.198,1,0,30252,0.766,0.561,0.429,399.0,401.9,0.2706,1474.6,0.0,1,1,0.927,1006.2,1,1,0.65,1167.4,1,39.643,0.022,0.978,0.2,0.0,1.0,0.67,0.0,0.5,0.0,0.694,0.703,0.5,0.535,0.0,0.332,0.0,0,0,0.415,0.72,0.0,0.568,0.0,0.309,0.65,0.0,0.494,0.36,0.0,1.0,0.862
37146,2026.08.05 11:32:40,XPTUSDm,BREAKOUT,BUY,2,1763.29,1750.63,1800.16,2.91,0.423,1747.55375,1769.5355,1742.32,1,0.031,1.105,0.7586,1739.08875,1649.48125,1723.4525,1610.32,0,0.074,0.65,2,1747.55375,0.733,0.453,0,0.0,0.0,0.0,0.0,0.0,0,0,1,1.0,0.72,0.1703,0.72,0.046,2,0.548,3,0.906,1748.6005,1758.02125,0.688,0.049,0.0,2,0.25,0,0.548,1.329,3.0,0.443,0.491,1,1747.55375,8,0.747,0.0,0.386,0.216,0.088,0.984,0.947,1628.86857,1630.64475,1593.31787,-148.3538,-10.58,-2,1624.2856,0.643,1838.1576,0.3,1624.2856,0.857,-1,0.198,1,0,30252,0.766,0.561,0.429,455.0,435.8,0.3085,1474.6,0.0,1,1,0.927,1006.2,1,1,0.65,1167.4,1,40.409,0.022,0.978,0.2,0.0,1.0,0.16,0.0,0.5,0.0,0.435,0.715,0.5,0.543,0.0,0.37,0.0,0,0,0.44,0.584,0.0,0.485,0.0,0.444,0.65,0.0,0.482,0.36,0.0,1.0,0.895
37147,2026.08.05 11:32:59,XPTUSDm,PULLBACK,BUY,2,1763.06,1750.63,1807.3,3.56,0.638,1747.55375,1769.5355,1742.32,1,0.031,1.105,0.743,1739.08875,1649.48125,1723.4525,1610.32,0,0.074,0.65,2,1747.55375,0.733,0.453,0,0.0,0.0,0.0,0.0,0.0,0,0,1,1.0,0.72,0.1703,0.72,0.046,2,0.548,3,0.906,1748.6005,1758.02125,0.672,0.033,0.0,2,0.25,0,0.548,1.329,3.0,0.443,0.491,1,1747.55375,8,0.747,0.0,0.386,0.216,0.088,0.984,0.947,1628.86857,1630.64475,1593.31787,-148.3538,-10.58,-2,1624.2856,0.643,1838.1576,0.3,1624.2856,0.857,-1,0.198,1,0,30252,0.766,0.561,0.429,455.0,435.8,0.3085,1474.6,0.0,1,1,0.927,1006.2,1,1,0.65,1167.4,1,40.394,0.022,0.978,0.2,0.0,1.0,0.16,0.0,0.5,0.0,0.435,0.72,0.5,0.543,0.0,0.37,0.0,0,0,0.443,0.584,0.0,0.485,0.0,0.444,0.65,0.0,0.482,0.36,0.0,1.0,0.895
37150,2026.08.05 12:00:40,XPTUSDm,TREND_CONTINUATION,BUY,2,1762.79,1744.28,1801.35,2.08,0.503,1748.01625,1756.9675,1742.32,0,0.564,0.175,0.6609,1737.0245,1649.48125,1723.4525,1610.32,0,0.07,0.45,2,1748.01625,0.755,0.375,0,0.0,0.0,0.0,0.0,0.0,0,0,1,0.799,0.9286,0.0498,0.929,0.412,0,0.68,1,0.32,1748.83,1764.29125,0.608,0.394,0.0,2,0.15,0,0.68,1.165,3.0,0.388,0.419,1,1748.01625,8,0.751,0.0,0.236,0.279,0.053,0.763,0.937,1631.19732,1630.64475,1593.31787,-143.2972,5.0566,-1,1624.2856,0.642,1838.1576,0.301,1624.2856,0.856,-1,0.229,1,0,30253,0.766,0.561,0.429,458.0,426.1,0.2969,1542.4,0.0,1,1,0.927,1006.2,1,1,0.65,1167.4,1,38.601,0.041,0.959,0.3,1.0,1.0,0.06,0.0,0.5,0.0,0.584,0.443,0.5,0.514,0.0,0.52,0.0,0,0,0.396,0.452,0.0,0.57,0.0,0.522,0.819,0.0,0.482,0.36,0.0,1.0,0.83
37152,2026.08.05 12:41:40,XPTUSDm,SWEEP_REVERSAL,BUY,2,1739.43,1724.01,1752.67,0.86,0.164,1748.01625,1756.9675,1742.32,0,0.564,0.175,-0.8581,1737.0245,1649.48125,1723.4525,1610.32,0,0.055,0.45,2,1748.01625,0.755,0.375,0,0.0,0.0,0.0,0.0,0.0,0,0,1,0.799,0.9286,0.0498,0.929,0.285,0,0.68,1,0.32,1748.83,1764.29125,0.911,1.913,0.0,2,0.15,0,0.68,1.222,3.0,0.407,0.425,1,1748.01625,8,0.751,0.0,0.274,0.279,0.053,0.763,0.937,1631.19732,1630.64475,1593.31787,-143.2972,5.0566,-1,1624.2856,0.642,1838.1576,0.301,1624.2856,0.856,-1,0.229,1,0,30253,0.766,0.561,0.429,465.0,461.3,0.3015,1542.4,0.0,1,1,0.927,1006.2,1,1,0.65,1167.4,1,37.086,0.041,0.959,0.3,1.0,1.0,0.29,0.0,0.5,0.0,0.39,0.192,0.5,0.496,0.0,0.438,0.0,0,0,0.509,0.423,0.0,0.713,0.0,0.379,0.473,0.0,0.499,0.36,0.0,1.0,0.83
37154,2026.08.05 13:57:40,XPTUSDm,MEAN_REVERSION,BUY,4,1740.42,1726.16,1752.95,0.88,0.684,1748.6925,1759.72,1741.675,0,1.199,0.187,-0.7031,1737.0245,1649.48125,1732.155,1610.32,0,0.049,0.45,0,1748.6925,0.762,0.6,0,0.0,0.0,1733.519,0.0,0.0,0,0,0,0.675,-0.51,-0.0602,0.51,0.031,0,0.758,2,0.262,1748.6925,1738.6675,0.703,0.141,0.0,2,0.4,0,0.758,1.336,3.0,0.445,0.421,1,1748.6925,8,0.752,0.0,0.451,0.153,0.14,0.82,0.954,1631.19732,1630.64475,1593.31787,-143.2972,5.0566,-1,1624.2856,0.642,1838.1576,0.301,1624.2856,0.856,-1,0.229,1,0,30254,0.766,0.561,0.429,426.0,419.8,0.239,1782.4,0.0,1,1,0.927,1006.2,1,1,0.65,1167.4,1,32.148,0.041,0.959,0.3,1.0,1.0,0.27,0.0,0.5,0.0,0.424,0.738,0.5,0.496,0.0,0.519,0.0,0,0,0.499,0.294,0.0,0.841,0.0,0.543,0.65,0.0,0.474,0.36,0.0,1.0,0.772
37156,2026.08.05 14:53:40,XPTUSDm,SWEEP_REVERSAL,BUY,4,1730.84,1724.5,1751.32,3.23,0.169,1747.5255,1763.73,1728.828,0,0.644,0.15,-1.0861,1736.7825,1649.48125,1732.155,1610.32,1,0.041,0.7,0,1747.5255,0.721,0.0,2,0.0,0.0,1723.19625,0.0,0.0,0,0,1,0.75,-0.72,-0.1575,0.72,0.378,0,0.684,3,0.573,1722.5955,1730.0745,0.236,0.16,0.0,2,0.15,0,0.684,1.18,3.0,0.393,0.443,1,1747.5255,8,0.744,0.527,0.247,0.216,0.053,0.683,0.774,1631.19732,1630.64475,1593.31787,-143.2972,5.0566,-1,1624.2856,0.642,1838.1576,0.301,1624.2856,0.856,-1,0.229,1,0,30255,0.766,0.561,0.429,379.0,404.0,0.201,1885.2,0.0,1,1,0.927,1006.2,1,1,0.65,1167.4,1,29.887,0.041,0.959,0.3,1.0,1.0,0.93,0.0,0.5,0.0,1.0,0.449,0.5,0.561,0.0,0.523,0.0,0,0,0.408,0.551,0.0,0.697,0.0,0.821,0.574,0.0,0.468,0.36,0.0,1.0,0.767
37158,2026.08.06 00:00:00,XPTUSDm,ANCHORED_PULLBACK,BUY,1,1752.71,1743.26,1775.74,2.44,0.308,1736.116,1739.098,1733.986,0,0.748,0.13,0.8713,1736.7825,1649.48125,1740.8575,1610.32,0,0.071,0.3,4,1736.116,0.729,0.471,0,0.0,0.0,1740.43875,0.0,0.0,0,0,1,0.675,0.685,0.0796,0.685,0.089,0,0.79,1,0.668,1736.116,1744.636,0.871,0.254,0.0,2,0.15,0,0.79,1.31,3.0,0.437,0.502,2,1736.116,8,0.746,0.0,0.333,0.206,0.202,0.725,0.96,1596.93838,1630.64475,1593.31787,-138.5776,1.512,-1,1630.4457,0.6,1843.0439,0.35,1843.0439,0.35,1,0.194,1,0,30264,0.772,0.557,0.433,457.0,589.5,0.3311,1380.1,0.0,1,1,0.927,1006.2,1,1,0.65,1167.4,-1,42.412,0.008,0.992,0.0,1.0,0.0,0.98,0.0,0.5,0.0,0.493,0.622,0.5,0.566,0.0,0.433,0.0,0,0,0.416,0.411,0.0,0.787,0.0,0.249,0.837,0.0,0.528,0.36,0.0,1.0,0.872
37159,2026.08.06 00:05:40,XPTUSDm,BREAKOUT,BUY,1,1754.67,1741.98,1789.17,2.72,0.498,1736.116,1739.098,1733.986,0,0.748,0.13,0.943,1736.7825,1649.48125,1740.8575,1610.32,0,0.072,0.3,4,1736.116,0.729,0.471,0,0.0,0.0,1740.43875,0.0,0.0,0,0,1,0.675,0.685,0.0796,0.685,0.089,0,0.79,1,0.668,1736.116,1744.636,0.943,0.326,0.0,2,0.15,0,0.79,1.31,3.0,0.437,0.502,2,1736.116,8,0.746,0.0,0.333,0.206,0.202,0.725,0.96,1596.93838,1630.64475,1593.31787,-138.5776,1.512,-1,1630.4457,0.6,1843.0439,0.35,1843.0439,0.35,1,0.194,1,0,30264,0.772,0.557,0.433,554.0,568.9,0.4014,1380.1,0.0,1,1,0.927,1006.2,1,1,0.65,1167.4,-1,42.554,0.008,0.992,0.0,1.0,0.0,0.45,0.0,0.5,0.0,0.493,0.644,0.5,0.701,0.0,0.472,0.0,0,0,0.486,0.411,0.0,0.642,0.0,0.249,0.837,0.0,0.551,0.36,0.0,1.0,0.872
37160,2026.08.06 00:05:59,XPTUSDm,PULLBACK,BUY,1,1753.84,1744.6,1795.24,4.48,0.39,1736.116,1739.098,1733.986,0,0.748,0.13,0.8829,1736.7825,1649.48125,1740.8575,1610.32,0,0.072,0.3,4,1736.116,0.729,0.471,0,0.0,0.0,1740.43875,0.0,0.0,0,0,1,0.675,0.685,0.0796,0.685,0.089,0,0.79,1,0.668,1736.116,1744.636,0.883,0.265,0.0,2,0.15,0,0.79,1.31,3.0,0.437,0.502,2,1736.116,8,0.746,0.0,0.333,0.206,0.202,0.725,0.96,1596.93838,1630.64475,1593.31787,-138.5776,1.512,-1,1630.4457,0.6,1843.0439,0.35,1843.0439,0.35,1,0.194,1,0,30264,0.772,0.557,0.433,554.0,568.3,0.4014,1380.1,0.0,1,1,0.927,1006.2,1,1,0.65,1167.4,-1,42.493,0.008,0.992,0.0,1.0,0.0,0.44,0.0,0.5,0.0,0.493,0.651,0.5,0.701,0.0,0.472,0.0,0,0,0.49,0.411,0.0,0.642,0.0,0.249,0.837,0.0,0.551,0.36,0.0,1.0,0.872
37161,2026.08.06 00:06:00,XPTUSDm,TREND_CONTINUATION,BUY,1,1753.42,1736.86,1787.92,2.08,0.459,1736.116,1739.098,1733.986,0,0.748,0.13,0.8829,1736.7825,1649.48125,1740.8575,1610.32,0,0.072,0.3,4,1736.116,0.729,0.471,0,0.0,0.0,1740.43875,0.0,0.0,0,0,1,0.675,0.685,0.0796,0.685,0.089,0,0.79,1,0.668,1736.116,1744.636,0.883,0.265,0.0,2,0.15,0,0.79,1.31,3.0,0.437,0.502,2,1736.116,8,0.746,0.0,0.333,0.206,0.202,0.725,0.96,1596.93838,1630.64475,1593.31787,-138.5776,1.512,-1,1630.4457,0.6,1843.0439,0.35,1843.0439,0.35,1,0.194,1,0,30264,0.772,0.557,0.433,512.0,567.2,0.371,1380.1,0.0,1,1,0.927,1006.2,1,1,0.65,1167.4,-1,42.463,0.008,0.992,0.0,1.0,0.0,0.57,0.0,0.5,0.0,0.493,0.686,0.5,0.701,0.0,0.472,0.0,0,0,0.51,0.411,0.0,0.642,0.0,0.249,0.837,0.0,0.551,0.36,0.0,1.0,0.872
37166,2026.08.06 02:00:00,XPTUSDm,ANCHORED_PULLBACK,BUY,1,1777.32,1765.77,1804.25,2.33,0.765,1735.588,1764.694,1734.202,0,0.053,0.471,2.3195,1737.595,1738.31875,1786.87,1645.63,1,0.021,0.55,2,1749.448,0.701,0.463,0,0.0,0.0,1770.541,0.0,0.0,0,0,0,0.825,0.755,0.1143,0.755,0.434,2,0.42,0,0.473,1771.624,1781.326,0.053,0.558,0.7828,0,0.0,2,1.0,1.605,3.0,0.535,0.564,2,1749.448,8,0.74,0.895,0.17,0.926,0.095,0.54,0.942,1596.93838,1630.64475,1593.31787,-138.5776,1.512,-1,1630.4457,0.6,1843.0439,0.35,1843.0439,0.35,1,0.194,1,0,30266,0.772,0.557,0.433,486.0,594.3,0.3057,1589.6,0.0,1,1,0.927,1006.2,1,1,0.65,1167.4,-1,38.368,0.008,0.992,0.0,1.0,0.0,0.87,0.0,0.5,0.0,0.368,0.672,0.5,0.479,0.0,0.52,0.0,0,0,0.455,0.81,0.0,0.701,0.0,1.0,0.684,0.0,0.438,0.36,0.0,1.0,1.015
37167,2026.08.06 02:05:40,XPTUSDm,BREAKOUT,BUY,1,1782.04,1775.09,1821.78,5.72,0.446,1735.588,1764.694,1734.202,0,0.053,0.471,2.6039,1737.595,1738.31875,1786.87,1645.63,1,0.024,0.55,2,1749.448,0.701,0.463,0,0.0,0.0,1770.541,0.0,0.0,0,0,0,0.825,0.755,0.1143,0.755,0.117,2,0.462,0,0.473,1771.624,1781.326,0.337,0.273,0.0,2,0.0,0,0.462,1.297,3.0,0.432,0.393,1,1771.624,2,0.55,0.326,0.265,0.226,0.095,0.54,0.942,1596.93838,1630.64475,1593.31787,-138.5776,1.512,-1,1630.4457,0.6,1843.0439,0.35,1843.0439,0.35,1,0.194,1,0,30266,0.772,0.557,0.433,506.0,522.6,0.3183,1589.6,0.0,1,1,0.927,1006.2,1,1,0.65,1167.4,-1,38.665,0.008,0.992,0.0,1.0,0.0,0.54,0.0,0.5,0.0,0.459,0.743,0.5,0.493,0.0,0.475,0.0,0,0,0.484,0.71,0.0,0.528,0.0,0.705,0.86,0.0,0.509,0.36,0.0,1.0,0.952
37168,2026.08.06 02:05:59,XPTUSDm,PULLBACK,BUY,1,1782.21,1775.09,1791.93,1.37,0.414,1735.588,1764.694,1734.202,0,0.053,0.471,2.6145,1737.595,1738.31875,1786.87,1645.63,1,0.024,0.55,2,1749.448,0.701,0.463,0,0.0,0.0,1770.541,0.0,0.0,0,0,0,0.825,0.755,0.1143,0.755,0.117,2,0.462,0,0.473,1771.624,1781.326,0.348,0.263,0.0,2,0.0,0,0.462,1.297,3.0,0.432,0.393,1,1771.624,2,0.55,0.305,0.265,0.226,0.095,0.54,0.942,1596.93838,1630.64475,1593.31787,-138.5776,1.512,-1,1630.4457,0.6,1843.0439,0.35,1843.0439,0.35,1,0.194,1,0,30266,0.772,0.557,0.433,506.0,520.5,0.3183,1589.6,0.0,1,1,0.927,1006.2,1,1,0.65,1167.4,-1,38.676,0.008,0.992,0.0,1.0,0.0,0.54,0.0,0.5,0.0,0.459,0.73,0.5,0.493,0.0,0.475,0.0,0,0,0.476,0.71,0.0,0.528,0.0,0.705,0.86,0.0,0.509,0.36,0.0,1.0,0.952
37169,2026.08.06 02:06:00,XPTUSDm,TREND_CONTINUATION,BUY,1,1782.22,1763.14,1821.96,2.08,0.486,1735.588,1764.694,1734.202,0,0.053,0.471,2.6164,1737.595,1738.31875,1786.87,1645.63,1,0.024,0.55,2,1749.448,0.701,0.463,0,0.0,0.0,1770.541,0.0,0.0,0,0,0,0.825,0.755,0.1143,0.755,0.117,2,0.462,0,0.473,1771.624,1781.326,0.35,0.261,0.0,2,0.0,0,0.462,1.297,3.0,0.432,0.393,1,1771.624,2,0.55,0.301,0.265,0.226,0.095,0.54,0.942,1596.93838,1630.64475,1593.31787,-138.5776,1.512,-1,1630.4457,0.6,1843.0439,0.35,1843.0439,0.35,1,0.194,1,0,30266,0.772,0.557,0.433,504.0,518.4,0.3171,1589.6,0.0,1,1,0.927,1006.2,1,1,0.65,1167.4,-1,38.677,0.008,0.992,0.0,1.0,0.0,0.58,0.0,0.5,0.0,0.459,0.713,0.5,0.493,0.0,0.475,0.0,0,0,0.466,0.71,0.0,0.528,0.0,0.705,0.86,0.0,0.509,0.36,0.0,1.0,0.952
37174,2026.08.06 03:00:00,XPTUSDm,BREAKOUT_RETEST,BUY,1,1767.35,1752.85,1798.16,2.12,0.457,1764.3535,1778.923,1749.784,1,0.104,1.094,-0.1042,1737.595,1738.31875,1786.87,1645.63,1,0.015,0.55,0,1764.3535,0.796,0.399,0,0.0,0.0,1765.7515,0.0,0.0,0,0,0,0.6,0.79,0.1811,0.79,0.6,0,0.691,0,0.508,1764.3535,1759.0555,0.104,0.226,0.0,2,0.0,0,0.691,1.08,3.0,0.36,0.487,1,1749.784,5,0.6,0.792,0.12,0.237,0.102,1.0,0.778,1596.93838,1630.64475,1593.31787,-138.5776,1.512,-1,1630.4457,0.6,1843.0439,0.35,1843.0439,0.35,1,0.194,1,0,30267,0.772,0.557,0.433,467.0,508.3,0.2907,1606.4,0.0,1,1,0.927,1006.2,1,1,0.65,1167.4,-1,37.347,0.008,0.992,0.0,1.0,0.0,0.98,0.0,0.5,0.0,0.767,0.51,0.5,0.517,0.0,0.436,0.0,0,0,0.335,0.813,0.0,0.792,0.0,0.669,0.46,0.0,0.5,0.36,0.0,1.0,0.793
37176,2026.08.06 03:51:40,XPTUSDm,MEAN_REVERSION,BUY,1,1759.87,1752.28,1768.45,1.13,0.65,1764.3535,1778.923,1749.784,1,0.104,1.094,-0.5343,1737.595,1738.31875,1786.87,1645.63,1,0.011,0.55,0,1764.3535,0.796,0.399,0,0.0,0.0,1765.7515,0.0,0.0,0,0,0,0.6,0.79,0.1811,0.79,0.223,0,0.691,0,0.508,1749.784,1759.0555,0.373,0.205,0.0,2,0.0,0,0.691,1.25,3.0,0.417,0.483,1,1764.3535,8,0.759,0.255,0.233,0.237,0.102,0.811,0.778,1596.93838,1630.64475,1593.31787,-138.5776,1.512,-1,1630.4457,0.6,1843.0439,0.35,1843.0439,0.35,1,0.194,1,0,30267,0.772,0.557,0.433,410.0,425.1,0.2552,1606.4,0.0,1,1,0.927,1006.2,1,1,0.65,1167.4,-1,36.881,0.008,0.992,0.0,1.0,0.0,0.95,0.0,0.5,0.0,1.0,0.513,0.5,0.525,0.0,0.235,0.0,0,0,0.26,0.668,0.0,0.44,0.0,0.507,0.496,0.0,0.494,0.36,0.0,1.0,0.872
37178,2026.08.06 04:05:40,XPTUSDm,BREAKOUT,BUY,1,1760.34,1751.6,1795.36,4.01,0.304,1756.10825,1769.898,1748.683,1,0.029,0.787,-0.0063,1737.595,1738.31875,1786.87,1645.63,1,0.013,0.5,0,1756.10825,0.756,0.445,0,0.0,0.0,0.0,0.0,0.0,0,0,0,0.65,0.65,0.2093,0.65,0.977,0,0.669,0,0.612,1756.10825,1745.50075,0.006,0.751,0.0,2,0.25,0,0.669,0.91,3.0,0.303,0.437,1,1748.683,5,0.6,0.987,0.107,0.195,0.21,1.0,0.906,1596.92463,1631.6135,1593.59912,-128.8966,9.681,-1,1630.4247,0.596,1842.9769,0.35,1842.9769,0.35,1,0.214,1,0,30268,0.772,0.557,0.433,432.0,430.8,0.3084,1400.8,0.0,1,1,0.927,1006.2,1,1,0.65,1167.4,0,42.329,0.04,0.96,0.0,1.0,0.5,0.54,0.0,0.5,0.0,0.829,0.51,0.5,0.56,0.0,0.373,0.0,0,0,0.323,0.8,0.0,0.451,0.0,0.581,0.517,0.0,0.55,0.36,0.0,1.0,0.841
37179,2026.08.06 04:05:59,XPTUSDm,PULLBACK,BUY,1,1760.55,1739.54,1791.19,1.46,0.513,1756.10825,1769.898,1748.683,1,0.029,0.787,0.0087,1737.595,1738.31875,1786.87,1645.63,1,0.013,0.5,0,1756.10825,0.756,0.445,0,0.0,0.0,0.0,0.0,0.0,0,0,0,0.65,0.65,0.2093,0.65,0.977,0,0.669,0,0.612,1756.10825,1745.50075,0.009,0.766,0.0,2,0.25,0,0.669,0.91,3.0,0.303,0.437,1,1748.683,5,0.6,0.983,0.107,0.195,0.21,1.0,0.906,1596.92463,1631.6135,1593.59912,-128.8966,9.681,-1,1630.4247,0.596,1842.9769,0.35,1842.9769,0.35,1,0.214,1,0,30268,0.772,0.557,0.433,432.0,431.0,0.3084,1400.8,0.0,1,1,0.927,1006.2,1,1,0.65,1167.4,0,42.344,0.04,0.96,0.0,1.0,0.5,0.55,0.0,0.5,0.0,0.829,0.502,0.5,0.56,0.0,0.373,0.0,0,0,0.318,0.8,0.0,0.532,0.0,0.581,0.518,0.0,0.55,0.36,0.0,1.0,0.841
37180,2026.08.06 04:06:00,XPTUSDm,TREND_CONTINUATION,BUY,1,1760.47,1743.66,1795.49,2.08,0.427,1756.10825,1769.898,1748.683,1,0.029,0.787,0.0087,1737.595,1738.31875,1786.87,1645.63,1,0.013,0.5,0,1756.10825,0.756,0.445,0,0.0,0.0,0.0,0.0,0.0,0,0,0,0.65,0.65,0.2093,0.65,0.977,0,0.669,0,0.612,1756.10825,1745.50075,0.009,0.766,0.0,2,0.25,0,0.669,0.91,3.0,0.303,0.437,1,1748.683,5,0.6,0.983,0.107,0.195,0.21,1.0,0.906,1596.92463,1631.6135,1593.59912,-128.8966,9.681,-1,1630.4247,0.596,1842.9769,0.35,1842.9769,0.35,1,0.214,1,0,30268,0.772,0.557,0.433,424.0,431.0,0.3027,1400.8,0.0,1,1,0.927,1006.2,1,1,0.65,1167.4,0,42.338,0.04,0.96,0.0,1.0,0.5,0.72,0.0,0.5,0.0,0.829,0.468,0.5,0.56,0.0,0.373,0.0,0,0,0.336,0.8,0.0,0.532,0.0,0.581,0.518,0.0,0.55,0.36,0.0,1.0,0.841
37184,2026.08.06 05:00:00,XPTUSDm,BREAKOUT_RETEST,BUY,1,1758.9,1753.69,1784.64,4.94,0.468,1755.41375,1770.6925,1750.92,1,0.045,1.997,-0.0445,1737.595,1738.31875,1786.87,1645.63,1,0.013,0.55,2,1755.41375,0.748,0.251,0,0.0,0.0,0.0,0.0,0.0,0,0,0,0.7,0.86,0.2251,0.86,1.0,2,0.531,0,0.507,1755.41375,1782.37625,0.045,2.136,-0.1119,1,0.3,0,0.531,0.9,3.0,0.3,0.367,1,1750.92,5,0.6,0.911,0.42,0.258,0.206,0.889,0.923,1596.92463,1631.6135,1593.59912,-128.8966,9.681,-1,1630.4247,0.596,1842.9769,0.35,1842.9769,0.35,1,0.214,1,0,30269,0.772,0.557,0.433,406.0,412.9,0.315,1288.9,0.0,1,1,0.927,1006.2,1,1,0.65,1167.4,0,45.893,0.04,0.96,0.0,1.0,0.5,0.63,0.0,0.5,0.0,0.862,0.783,0.5,0.564,0.0,0.265,0.0,0,0,0.445,0.8,0.0,0.448,0.0,0.348,0.506,0.0,0.533,0.36,0.0,1.0,0.785
37186,2026.08.06 05:30:40,XPTUSDm,SWEEP_REVERSAL,BUY,1,1748.99,1736.1,1760.02,0.86,0.139,1755.41375,1770.6925,1750.92,0,0.045,1.997,-0.8561,1737.595,1738.31875,1786.87,1645.63,1,0.005,0.55,2,1755.41375,0.748,0.251,0,0.0,0.0,0.0,0.0,0.0,0,0,0,0.7,0.86,0.2251,0.86,0.383,2,0.564,0,0.507,1755.41375,1782.37625,0.856,2.948,0.0,2,0.0,0,0.564,1.178,3.0,0.393,0.453,1,1755.41375,8,0.75,0.0,0.185,0.258,0.101,0.889,0.923,1596.92463,1631.6135,1593.59912,-128.8966,9.681,-1,1630.4247,0.596,1842.9769,0.35,1842.9769,0.35,1,0.214,1,0,30269,0.772,0.557,0.433,461.0,423.6,0.3577,1288.9,0.0,1,1,0.927,1006.2,1,1,0.65,1167.4,0,45.124,0.04,0.96,0.0,1.0,0.5,0.0,0.0,0.5,0.0,0.489,0.389,0.5,0.556,0.0,0.307,0.0,0,0,0.356,0.747,0.0,0.792,0.0,0.498,0.43,0.0,0.502,0.36,0.0,1.0,0.952
37188,2026.08.06 06:10:40,XPTUSDm,BREAKOUT,BUY,1,1757.53,1751.79,1773.6,2.8,0.314,1753.42925,1765.022,1748.9705,1,0.226,0.731,-0.0015,1737.595,1738.31875,1786.87,1645.63,1,0.012,0.45,0,1753.42925,0.668,0.806,0,0.0,0.0,1755.858,0.0,0.0,0,0,0,0.75,0.72,0.2264,0.72,1.0,2,0.642,1,0.188,1754.321,1746.29525,0.07,0.545,0.0,2,0.25,0,0.642,0.9,3.0,0.3,0.356,1,1748.9705,5,0.6,0.86,0.1,0.216,0.088,0.833,0.921,1596.92463,1631.6135,1593.59912,-128.8966,9.681,-1,1630.4247,0.596,1842.9769,0.35,1842.9769,0.35,1,0.214,1,0,30270,0.776,0.555,0.435,412.0,436.2,0.3159,1304.3,0.0,1,1,0.927,1006.2,1,1,0.65,1167.4,0,45.245,0.04,0.96,0.0,1.0,0.5,0.85,0.0,0.5,0.0,0.347,0.523,0.5,0.518,0.0,0.459,0.0,0,0,0.353,0.8,0.0,0.606,0.0,0.444,0.455,0.0,0.542,0.36,0.0,1.0,0.841
37189,2026.08.06 06:10:59,XPTUSDm,TREND_CONTINUATION,BUY,1,1757.84,1742.19,1773.6,1.01,0.445,1753.42925,1765.022,1748.9705,1,0.226,0.731,0.0223,1737.595,1738.31875,1786.87,1645.63,1,0.012,0.45,0,1753.42925,0.668,0.806,0,0.0,0.0,1755.858,0.0,0.0,0,0,0,0.75,0.72,0.2264,0.72,1.0,2,0.642,1,0.188,1754.321,1746.29525,0.046,0.569,0.0,2,0.25,0,0.642,0.9,3.0,0.3,0.356,1,1748.9705,5,0.6,0.908,0.1,0.216,0.088,0.833,0.921,1596.92463,1631.6135,1593.59912,-128.8966,9.681,-1,1630.4247,0.596,1842.9769,0.35,1842.9769,0.35,1,0.214,1,0,30270,0.776,0.555,0.435,412.0,436.0,0.3159,1304.3,0.0,1,1,0.927,1006.2,1,1,0.65,1167.4,0,45.269,0.04,0.96,0.0,1.0,0.5,0.85,0.0,0.5,0.0,0.347,0.513,0.5,0.518,0.0,0.459,0.0,0,0,0.347,0.8,0.0,0.485,0.0,0.444,0.46,0.0,0.542,0.36,0.0,1.0,0.841
37191,2026.08.06 06:11:40,XPTUSDm,MEAN_REVERSION,BUY,1,1755.94,1745.51,1769.42,1.29,0.606,1753.42925,1765.022,1748.9705,1,0.226,0.731,-0.1448,1737.595,1738.31875,1786.87,1645.63,1,0.01,0.45,0,1753.42925,0.668,0.806,0,0.0,0.0,1755.858,0.0,0.0,0,0,0,0.75,0.72,0.2264,0.72,0.569,2,0.642,1,0.188,1754.321,1746.29525,0.213,0.402,0.0,2,0.25,0,0.642,1.094,3.0,0.365,0.378,1,1765.022,4,0.6,0.574,0.229,0.216,0.088,0.833,0.921,1596.92463,1631.6135,1593.59912,-128.8966,9.681,-1,1630.4247,0.596,1842.9769,0.35,1842.9769,0.35,1,0.214,1,0,30270,0.776,0.555,0.435,440.0,436.3,0.3373,1304.3,0.0,1,1,0.927,1006.2,1,1,0.65,1167.4,0,45.124,0.04,0.96,0.0,1.0,0.5,0.41,0.0,0.5,0.0,0.408,0.47,0.5,0.518,0.0,0.459,0.0,0,0,0.357,0.8,0.0,0.674,0.0,0.444,0.46,0.0,0.511,0.36,0.0,1.0,0.793
37192,2026.08.06 06:13:40,XPTUSDm,PULLBACK,BUY,1,1757.64,1752.23,1774.04,3.03,0.529,1753.42925,1765.022,1748.9705,1,0.226,0.731,-0.0268,1737.595,1738.31875,1786.87,1645.63,1,0.011,0.45,0,1753.42925,0.668,0.806,0,0.0,0.0,1755.858,0.0,0.0,0,0,0,0.75,0.72,0.2264,0.72,1.0,2,0.642,1,0.188,1754.321,1746.29525,0.095,0.52,0.0,2,0.25,0,0.642,0.9,3.0,0.3,0.356,1,1748.9705,5,0.6,0.81,0.1,0.216,0.088,0.833,0.921,1596.92463,1631.6135,1593.59912,-128.8966,9.681,-1,1630.4247,0.596,1842.9769,0.35,1842.9769,0.35,1,0.214,1,0,30270,0.776,0.555,0.435,456.0,438.3,0.3496,1304.3,0.0,1,1,0.927,1006.2,1,1,0.65,1167.4,0,45.254,0.04,0.96,0.0,1.0,0.5,0.28,0.0,0.5,0.0,0.347,0.447,0.5,0.518,0.0,0.459,0.0,0,0,0.37,0.8,0.0,0.606,0.0,0.444,0.46,0.0,0.533,0.36,0.0,1.0,0.841
0,2026.08.06 07:05:40,XPTUSDm,BREAKOUT_RETEST,BUY,1,1754.67,1750.83,1760.38,1.49,0.593,1756.10325,1757.7315,1749.0475,1,0.373,0.136,-0.4463,1737.595,1738.31875,1786.87,1645.63,1,0.009,0.4,0,1756.10325,0.773,0.7,0,0.0,0.0,0.0,0.0,0.0,0,0,0,1.0,0.755,0.1956,0.755,0.513,2,0.636,0,0.693,1752.84675,1744.7055,0.192,0.444,0.0,2,0.4,0,0.636,1.119,3.0,0.373,0.417,1,1756.10325,8,0.755,0.616,0.306,0.226,0.279,0.803,0.91,1596.92463,1631.6135,1593.59912,-128.8966,9.681,-1,1630.4247,0.596,1842.9769,0.35,1842.9769,0.35,1,0.214,1,0,30271,0.776,0.555,0.435,428.0,437.1,0.3343,1280.2,0.0,1,1,0.927,1006.2,1,1,0.65,1167.4,0,45.873,0.04,0.96,0.0,1.0,0.5,0.81,0.0,0.5,0.0,0.536,0.492,0.5,0.488,0.0,0.405,0.0,0,0,0.313,0.582,0.0,0.37,0.0,0.213,0.484,0.0,0.511,0.36,0.0,1.0,0.793
37196,2026.08.06 07:36:40,XPTUSDm,SWEEP_REVERSAL,BUY,1,1750.27,1737.47,1760.63,0.81,0.299,1756.10325,1757.7315,1749.0475,0,0.373,0.136,-0.8095,1737.595,1738.31875,1786.87,1645.63,1,0.006,0.4,0,1756.10325,0.773,0.7,0,0.0,0.0,0.0,0.0,0.0,0,0,0,1.0,0.755,0.1956,0.755,0.102,2,0.636,0,0.693,1752.84675,1744.7055,0.555,0.081,0.0,2,0.4,0,0.636,1.304,3.0,0.435,0.438,1,1756.10325,8,0.755,0.0,0.429,0.226,0.279,0.803,0.91,1596.92463,1631.6135,1593.59912,-128.8966,9.681,-1,1630.4247,0.596,1842.9769,0.35,1842.9769,0.35,1,0.214,1,0,30271,0.776,0.555,0.435,453.0,433.5,0.3538,1280.2,0.0,1,1,0.927,1006.2,1,1,0.65,1167.4,0,45.529,0.04,0.96,0.0,1.0,0.5,0.06,0.0,0.5,0.0,0.969,0.415,0.5,0.525,0.0,0.309,0.0,0,0,0.332,0.458,0.0,0.601,0.0,0.231,0.461,0.0,0.507,0.36,0.0,1.0,0.872
37198,2026.08.06 08:22:40,XPTUSDm,MEAN_REVERSION,BUY,2,1752.88,1742.37,1761.45,0.82,0.639,1751.235,1757.23,1748.51,1,0.213,0.368,-0.196,1737.595,1738.31875,1786.87,1654.4575,1,0.008,0.4,0,1751.235,0.779,0.578,0,0.0,0.0,0.0,0.0,0.0,0,0,0,1.0,0.79,0.1274,0.79,0.367,0,0.693,0,0.523,1751.78,1740.88,0.238,0.592,0.0,2,0.25,0,0.693,1.185,3.0,0.395,0.442,1,1757.23,4,0.6,0.525,0.29,0.237,0.192,0.818,0.929,1596.92463,1631.6135,1593.59912,-128.5541,0.3425,-1,1630.4247,0.596,1842.9769,0.35,1842.9769,0.35,1,0.218,1,0,30272,0.776,0.555,0.435,422.0,408.3,0.3213,1313.5,0.0,1,1,0.927,1006.2,1,1,0.65,1167.4,0,44.574,0.003,0.997,0.0,1.0,0.5,0.11,0.0,0.5,0.0,0.479,0.679,0.5,0.529,0.0,0.334,0.0,0,0,0.4,0.787,0.0,0.721,0.0,0.271,0.49,0.0,0.499,0.36,0.0,1.0,0.793
37200,2026.08.06 08:29:20,XPTUSDm,PULLBACK,BUY,2,1758.43,1738.73,1791.11,1.66,0.63,1751.235,1757.23,1748.51,1,0.213,0.368,0.225,1737.595,1738.31875,1786.87,1654.4575,1,0.012,0.4,0,1751.235,0.779,0.578,0,0.0,0.0,0.0,0.0,0.0,0,0,0,1.0,0.79,0.1274,0.79,0.48,0,0.693,0,0.523,1751.78,1759.955,0.183,0.439,0.0,2,0.25,0,0.693,1.134,3.0,0.378,0.436,1,1748.51,5,0.6,0.633,0.256,0.237,0.192,0.818,0.896,1596.92463,1631.6135,1593.59912,-128.5541,0.3425,-1,1630.4247,0.596,1842.9769,0.35,1842.9769,0.35,1,0.218,1,0,30272,0.776,0.555,0.435,424.0,405.9,0.3228,1313.5,0.0,1,1,0.927,1006.2,1,1,0.65,1167.4,0,44.997,0.003,0.997,0.0,1.0,0.5,0.06,0.0,0.5,0.0,0.578,0.706,0.5,0.549,0.0,0.334,0.0,0,0,0.422,0.8,0.0,0.586,0.0,0.271,0.544,0.0,0.513,0.36,0.0,1.0,0.793
37201,2026.08.06 08:29:20,XPTUSDm,TREND_CONTINUATION,BUY,2,1758.43,1742.67,1791.27,2.08,0.564,1751.235,1757.23,1748.51,1,0.213,0.368,0.225,1737.595,1738.31875,1786.87,1654.4575,1,0.012,0.4,0,1751.235,0.779,0.578,0,0.0,0.0,0.0,0.0,0.0,0,0,0,1.0,0.79,0.1274,0.79,0.48,0,0.693,0,0.523,1751.78,1759.955,0.183,0.439,0.0,2,0.25,0,0.693,1.134,3.0,0.378,0.436,1,1748.51,5,0.6,0.633,0.256,0.237,0.192,0.818,0.896,1596.92463,1631.6135,1593.59912,-128.5541,0.3425,-1,1630.4247,0.596,1842.9769,0.35,1842.9769,0.35,1,0.218,1,0,30272,0.776,0.555,0.435,424.0,406.1,0.3228,1313.5,0.0,1,1,0.927,1006.2,1,1,0.65,1167.4,0,44.997,0.003,0.997,0.0,1.0,0.5,0.06,0.0,0.5,0.0,0.578,0.706,0.5,0.549,0.0,0.334,0.0,0,0,0.422,0.8,0.0,0.586,0.0,0.271,0.544,0.0,0.513,0.36,0.0,1.0,0.793
37204,2026.08.06 09:00:00,XPTUSDm,ANCHORED_PULLBACK,BUY,2,1762.56,1750.85,1784.62,1.88,0.707,1751.235,1756.14,1746.33,0,0.409,1.141,0.4905,1737.595,1738.31875,1786.87,1654.4575,1,0.015,0.45,0,1751.235,0.773,0.792,0,0.0,0.0,1754.87425,0.0,0.0,0,0,0,1.0,0.8002,0.0469,0.8,0.281,0,0.779,0,0.758,1750.69,1759.955,0.531,0.16,0.0813,0,0.25,2,0.725,1.674,3.0,0.558,0.526,2,1751.235,8,0.755,0.0,0.316,0.94,0.239,0.737,0.904,1596.92463,1631.6135,1593.59912,-128.5541,0.3425,-1,1630.4247,0.596,1842.9769,0.35,1842.9769,0.35,1,0.218,1,0,30273,0.776,0.555,0.435,475.0,443.8,0.3544,1340.4,0.0,1,1,0.927,1006.2,1,1,0.65,1167.4,0,44.403,0.003,0.997,0.0,1.0,0.5,0.17,0.0,0.5,0.0,0.27,0.55,0.5,0.477,0.0,0.431,0.0,0,0,0.345,0.803,0.0,0.612,0.0,0.618,0.651,0.0,0.459,0.36,0.0,1.0,1.015
0,2026.08.06 09:05:40,XPTUSDm,BREAKOUT_RETEST,BUY,2,1758.98,1754.96,1765.67,1.66,0.615,1751.235,1756.14,1746.33,1,0.409,1.141,0.2331,1737.595,1738.31875,1786.87,1654.4575,1,0.012,0.45,0,1751.235,0.773,0.792,0,0.0,0.0,1754.87425,0.0,0.0,0,0,0,1.0,0.8002,0.0469,0.8,0.449,0,0.779,0,0.758,1750.69,1759.955,0.274,0.417,0.0,2,0.25,0,0.779,1.148,3.0,0.383,0.478,1,1746.33,5,0.6,0.452,0.265,0.24,0.239,0.737,0.904,1596.92463,1631.6135,1593.59912,-128.5541,0.3425,-1,1630.4247,0.596,1842.9769,0.35,1842.9769,0.35,1,0.218,1,0,30273,0.776,0.555,0.435,462.0,454.5,0.3447,1340.4,0.0,1,1,0.927,1006.2,1,1,0.65,1167.4,0,44.136,0.003,0.997,0.0,1.0,0.5,0.37,0.0,0.5,0.0,0.394,0.639,0.5,0.5,0.0,0.437,0.0,0,0,0.408,0.8,0.0,0.497,0.0,0.302,0.46,0.0,0.506,0.36,0.0,1.0,0.912
0,2026.08.06 12:00:00,XPTUSDm,ANCHORED_PULLBACK,BUY,2,1759.75,1759.15,1764.31,7.6,0.331,1754.4835,1757.106,1750.812,1,0.011,0.304,0.0618,1737.595,1738.31875,1786.87,1663.285,1,0.012,0.3,4,1754.4835,0.751,0.693,0,0.0,0.0,1750.46825,0.0,0.0,0,0,0,0.55,-0.58,-0.0532,0.58,0.96,0,0.769,2,0.002,1755.008,1761.302,0.025,0.414,-0.0778,1,0.55,1,0.833,0.468,3.0,0.156,0.286,0,1750.812,5,0.6,0.95,0.532,0.174,0.343,0.843,0.971,1596.92463,1631.6135,1593.59912,-129.0341,-0.48,-2,1630.4247,0.595,1842.9769,0.351,1842.9769,0.351,1,0.235,1,0,30276,0.776,0.555,0.435,438.0,460.4,0.3054,1434.0,0.0,1,1,0.927,1006.2,1,1,0.65,1167.4,0,41.308,0.002,0.998,0.0,0.0,0.5,0.84,0.0,0.5,0.0,0.328,0.704,0.5,0.524,0.0,0.416,0.0,0,0,0.446,0.8,0.0,0.662,0.0,0.097,0.541,0.0,0.478,0.36,0.0,1.0,0.573
37206,2026.08.06 12:08:40,XPTUSDm,MEAN_REVERSION,BUY,2,1747.88,1736.41,1759.25,0.99,0.698,1754.4835,1757.106,1750.812,0,0.011,0.304,-0.7931,1737.595,1738.31875,1786.87,1663.285,1,0.003,0.3,4,1754.4835,0.751,0.693,0,0.0,0.0,1750.46825,0.0,0.0,0,0,0,0.55,-0.58,-0.0532,0.58,0.02,0,0.806,2,0.002,1755.008,1743.469,0.83,0.025,0.0,2,0.25,0,0.806,1.341,3.0,0.447,0.426,1,1754.4835,8,0.75,0.0,0.394,0.174,0.238,0.843,0.974,1596.92463,1631.6135,1593.59912,-129.0341,-0.48,-2,1630.4247,0.595,1842.9769,0.351,1842.9769,0.351,1,0.235,1,0,30276,0.776,0.555,0.435,477.0,463.1,0.3326,1434.0,0.0,1,1,0.927,1006.2,1,1,0.65,1167.4,0,40.48,0.002,0.998,0.0,0.0,0.5,0.23,0.0,0.5,0.0,0.411,0.604,0.5,0.491,0.0,0.358,0.0,0,0,0.353,0.776,0.0,1.0,0.0,0.145,0.429,0.0,0.506,0.36,0.0,1.0,0.845
37207,2026.08.06 12:09:20,XPTUSDm,SWEEP_REVERSAL,BUY,2,1747.15,1732.81,1759.2,0.84,0.241,1754.4835,1757.106,1750.812,0,0.011,0.304,-0.8406,1737.595,1738.31875,1786.87,1663.285,1,0.003,0.3,4,1754.4835,0.751,0.693,0,0.0,0.0,1750.46825,0.0,0.0,0,0,0,0.55,-0.58,-0.0532,0.58,0.02,0,0.806,2,0.002,1755.008,1743.469,0.877,0.072,0.0,2,0.25,0,0.806,1.341,3.0,0.447,0.426,1,1754.4835,8,0.75,0.0,0.394,0.174,0.238,0.843,0.974,1596.92463,1631.6135,1593.59912,-129.0341,-0.48,-2,1630.4247,0.595,1842.9769,0.351,1842.9769,0.351,1,0.235,1,0,30276,0.776,0.555,0.435,472.0,462.4,0.3291,1434.0,0.0,1,1,0.927,1006.2,1,1,0.65,1167.4,0,40.429,0.002,0.998,0.0,0.0,0.5,0.41,0.0,0.5,0.0,0.411,0.56,0.5,0.491,0.0,0.358,0.0,0,0,0.327,0.776,0.0,1.0,0.0,0.145,0.423,0.0,0.506,0.36,0.0,1.0,0.845
37210,2026.08.06 14:08:40,XPTUSDm,MEAN_REVERSION,BUY,4,1735.69,1730.25,1759.51,4.38,0.579,1755.048,1757.91,1727.382,1,0.309,1.147,-1.4946,1734.852,1738.31875,1786.87,1707.4225,1,0.004,0.8,2,1755.048,0.752,0.0,2,0.0,0.0,1725.462,0.0,0.0,0,0,0,0.675,-0.685,-0.0945,0.685,0.175,2,0.5,3,0.957,1726.428,1743.6,0.301,0.776,0.0,2,0.0,0,0.5,1.271,3.0,0.424,0.467,1,1726.428,2,0.55,0.397,0.248,0.206,0.0,0.593,0.916,1596.92463,1631.6135,1593.59912,-129.0341,-0.48,-2,1630.4247,0.595,1842.9769,0.351,1842.9769,0.351,1,0.235,1,0,30278,0.776,0.555,0.435,446.0,427.8,0.2799,1593.6,0.0,1,1,0.927,1006.2,1,1,0.65,1167.4,0,35.66,0.002,0.998,0.0,0.0,0.5,0.16,0.0,0.5,0.0,0.701,0.59,0.5,0.519,0.0,0.374,0.0,0,0,0.359,0.712,0.0,0.88,0.0,0.682,0.565,0.0,0.499,0.36,0.0,1.0,0.83
37212,2026.08.06 16:08:40,XPTUSDm,MEAN_REVERSION,BUY,4,1729.88,1724.29,1744.59,2.63,0.634,1726.52575,1740.5245,1721.8595,1,0.399,0.17,-0.0436,1753.33025,1738.31875,1786.87,1716.25,1,0.008,0.5,0,1726.52575,0.727,0.359,0,0.0,0.0,1728.86,0.0,0.0,0,0,0,0.55,-0.58,-0.1417,0.58,1.0,0,0.664,0,0.613,1727.459,1717.19325,0.101,0.525,0.0,2,0.4,0,0.664,0.9,3.0,0.3,0.403,1,1740.5245,4,0.6,0.799,0.16,0.174,0.263,0.924,0.939,1631.463,1631.6135,1593.566,-136.228,-7.1938,-2,1630.3092,0.593,1842.6084,0.353,1630.3092,0.791,-1,0.16,1,0,30280,0.779,0.559,0.436,407.0,419.8,0.2481,1640.7,0.0,1,1,0.927,1006.2,1,1,0.65,1167.4,0,34.283,0.023,0.977,0.3,0.0,0.5,0.75,0.0,0.5,0.0,0.469,0.41,0.5,0.512,0.0,0.357,0.0,0,0,0.35,0.8,0.0,0.966,0.0,0.554,0.455,0.0,0.508,0.36,0.0,1.0,0.698
37214,2026.08.07 02:00:00,XPTUSDm,ANCHORED_PULLBACK,BUY,1,1745.76,1737.59,1768.05,2.73,0.604,1725.39675,1734.243,1722.448,0,0.946,0.003,1.1181,1727.29025,1735.039,1762.948,1715.104,1,0.004,0.5,0,1725.39675,0.8,0.49,0,0.0,0.0,1734.879,0.0,0.0,0,0,0,1.0,-0.6952,-0.0338,0.695,0.045,2,0.611,0,0.444,1725.9865,1738.961,1.075,0.126,0.4643,0,0.4,2,1.0,1.78,3.0,0.593,0.554,2,1725.39675,8,0.76,0.0,0.447,0.909,0.229,0.804,0.891,1631.463,1631.6135,1593.566,-148.6438,-2.3153,-2,1630.3092,0.594,1842.6084,0.352,1630.3092,0.792,-1,0.202,1,0,30289,0.779,0.559,0.436,507.0,556.1,0.3707,1367.8,0.0,1,1,0.927,1006.2,1,1,0.65,1167.4,-1,42.284,0.023,0.977,0.3,0.0,0.0,0.51,0.0,0.5,0.0,0.33,0.726,0.5,0.407,0.0,0.58,0.0,0,0,0.49,0.521,0.0,1.0,0.0,0.666,0.647,0.0,0.457,0.346,0.0,1.0,0.811
37216,2026.08.07 03:00:00,XPTUSDm,BREAKOUT,BUY,1,1743.78,1722.99,1778.43,1.67,0.44,1737.7545,1739.826,1724.635,1,0.049,0.25,0.0487,1727.30075,1735.039,1762.948,1715.104,1,0.002,0.55,0,1725.3255,0.759,0.387,0,0.0,0.0,0.0,0.0,0.0,0,0,0,0.675,0.685,0.0813,0.685,1.0,1,0.29,0,0.712,1738.445,1743.2785,0.001,0.35,0.245,0,0.45,2,1.0,1.35,3.0,0.45,0.552,2,1725.3255,8,0.752,0.998,0.18,0.906,0.3,0.983,0.797,1631.463,1631.6135,1593.566,-148.6438,-2.3153,-2,1630.3092,0.594,1842.6084,0.352,1630.3092,0.792,-1,0.202,1,0,30290,0.779,0.562,0.435,535.0,551.3,0.386,1385.9,0.0,1,1,0.927,1006.2,1,1,0.65,1167.4,0,41.588,0.023,0.977,0.3,0.0,0.5,0.44,0.0,0.5,0.0,0.405,0.563,0.5,0.449,0.0,0.453,0.0,0,0,0.354,0.622,0.0,1.0,0.0,0.669,0.556,0.0,0.458,0.346,0.0,1.0,0.907
37217,2026.08.07 03:00:20,XPTUSDm,PULLBACK,BUY,1,1743.22,1722.43,1768.3,1.21,0.525,1737.7545,1739.826,1724.635,1,0.049,0.25,0.0083,1727.30075,1735.039,1762.948,1715.104,1,0.002,0.55,0,1725.3255,0.759,0.387,0,0.0,0.0,0.0,0.0,0.0,0,0,0,0.675,0.685,0.0813,0.685,1.0,2,0.59,0,0.712,1738.445,1743.2785,0.041,0.39,0.0,2,0.15,0,0.59,0.9,3.0,0.3,0.442,1,1725.3255,8,0.752,0.917,0.06,0.206,0.195,0.983,0.797,1631.463,1631.6135,1593.566,-148.6438,-2.3153,-2,1630.3092,0.594,1842.6084,0.352,1630.3092,0.792,-1,0.202,1,0,30290,0.779,0.562,0.435,535.0,551.3,0.386,1385.9,0.0,1,1,0.927,1006.2,1,1,0.65,1167.4,0,41.548,0.023,0.977,0.3,0.0,0.5,0.42,0.0,0.5,0.0,0.482,0.552,0.5,0.514,0.0,0.453,0.0,0,0,0.367,0.68,0.0,1.0,0.0,0.447,0.578,0.0,0.535,0.346,0.0,1.0,0.89
37218,2026.08.07 03:00:20,XPTUSDm,TREND_CONTINUATION,BUY,1,1743.22,1726.59,1777.87,2.08,0.441,1737.7545,1739.826,1724.635,1,0.049,0.25,0.0083,1727.30075,1735.039,1762.948,1715.104,1,0.002,0.55,0,1725.3255,0.759,0.387,0,0.0,0.0,0.0,0.0,0.0,0,0,0,0.675,0.685,0.0813,0.685,1.0,2,0.59,0,0.712,1738.445,1743.2785,0.041,0.39,0.0,2,0.15,0,0.59,0.9,3.0,0.3,0.442,1,1725.3255,8,0.752,0.917,0.06,0.206,0.195,0.983,0.797,1631.463,1631.6135,1593.566,-148.6438,-2.3153,-2,1630.3092,0.594,1842.6084,0.352,1630.3092,0.792,-1,0.202,1,0,30290,0.779,0.562,0.435,535.0,551.3,0.386,1385.9,0.0,1,1,0.927,1006.2,1,1,0.65,1167.4,0,41.548,0.023,0.977,0.3,0.0,0.5,0.42,0.0,0.5,0.0,0.482,0.552,0.5,0.514,0.0,0.453,0.0,0,0,0.367,0.68,0.0,1.0,0.0,0.447,0.578,0.0,0.535,0.346,0.0,1.0,0.89
0,2026.08.07 04:50:40,XPTUSDm,BREAKOUT_RETEST,BUY,1,1743.22,1739.49,1751.88,2.32,0.483,1739.1355,1741.207,1727.397,1,0.139,0.194,0.0253,1724.5095,1735.0715,1762.963,1715.149,1,0.004,0.5,0,1739.1355,0.732,0.475,0,0.0,0.0,0.0,0.0,0.0,0,0,0,0.75,0.72,0.1183,0.72,1.0,2,0.589,3,0.489,1737.7545,1743.969,0.136,0.363,0.0,2,0.15,0,0.589,0.9,3.0,0.3,0.393,1,1727.397,5,0.6,0.727,0.06,0.216,0.053,0.82,0.903,1631.463,1631.6135,1611.48075,-75.4641,73.1797,-1,1630.3092,0.593,1842.6084,0.352,1842.6084,0.352,1,0.243,1,0,30291,0.779,0.562,0.435,377.0,384.4,0.303,1244.3,0.0,1,1,0.927,1006.2,1,1,0.65,1167.4,0,46.277,0.497,0.503,0.3,1.0,0.5,0.55,0.0,0.5,0.0,0.695,0.473,0.5,0.563,0.0,0.269,0.0,0,0,0.293,0.76,0.0,0.996,0.0,0.28,0.548,0.0,0.546,0.346,0.0,1.0,0.886
37222,2026.08.07 05:00:00,XPTUSDm,BREAKOUT,BUY,1,1744.05,1726.34,1773.57,1.67,0.256,1739.383,1741.678,1734.334,1,0.009,0.32,0.0692,1724.5095,1731.11875,1764.5695,1719.9685,1,0.008,0.4,0,1739.383,0.691,0.623,0,0.0,0.0,0.0,0.0,0.0,0,0,0,0.55,0.755,0.1415,0.755,0.656,0,0.691,2,0.092,1738.924,1743.973,0.108,0.32,-0.5477,1,0.3,0,0.691,1.055,3.0,0.352,0.363,1,1734.334,5,0.6,0.784,0.523,0.226,0.105,0.801,0.945,1631.463,1631.6135,1611.48075,-75.4641,73.1797,-1,1630.3092,0.593,1842.6084,0.352,1842.6084,0.352,1,0.243,1,0,30292,0.779,0.562,0.435,385.0,385.3,0.3261,1180.6,0.0,1,1,0.927,1006.2,1,1,0.65,1167.4,0,48.842,0.497,0.503,0.3,1.0,0.5,0.54,0.0,0.5,0.0,0.989,0.562,0.5,0.559,0.0,0.294,0.0,0,0,0.322,0.8,0.0,1.0,0.1,0.158,0.543,0.0,0.534,0.346,0.0,1.0,0.68
37223,2026.08.07 05:00:20,XPTUSDm,PULLBACK,BUY,1,1744.05,1726.34,1768.42,1.38,0.486,1739.383,1741.678,1734.334,1,0.009,0.32,0.0692,1724.5095,1731.11875,1764.5695,1719.9685,1,0.008,0.4,0,1739.383,0.691,0.623,0,0.0,0.0,0.0,0.0,0.0,0,0,0,0.55,0.755,0.1415,0.755,0.656,0,0.703,2,0.092,1738.924,1743.973,0.108,0.32,0.0,2,0.0,0,0.703,1.055,3.0,0.352,0.411,1,1734.334,5,0.6,0.784,0.103,0.226,0.0,0.801,0.945,1631.463,1631.6135,1611.48075,-75.4641,73.1797,-1,1630.3092,0.593,1842.6084,0.352,1842.6084,0.352,1,0.243,1,0,30292,0.779,0.562,0.435,385.0,385.5,0.3261,1180.6,0.0,1,1,0.927,1006.2,1,1,0.65,1167.4,0,48.842,0.497,0.503,0.3,1.0,0.5,0.54,0.0,0.5,0.0,0.989,0.56,0.5,0.559,0.0,0.294,0.0,0,0,0.321,0.812,0.0,0.99,0.1,0.27,0.543,0.0,0.534,0.346,0.0,1.0,0.733
37224,2026.08.07 05:00:20,XPTUSDm,TREND_CONTINUATION,BUY,1,1744.05,1729.88,1773.57,2.08,0.395,1739.383,1741.678,1734.334,1,0.009,0.32,0.0692,1724.5095,1731.11875,1764.5695,1719.9685,1,0.008,0.4,0,1739.383,0.691,0.623,0,0.0,0.0,0.0,0.0,0.0,0,0,0,0.55,0.755,0.1415,0.755,0.656,0,0.703,2,0.092,1738.924,1743.973,0.108,0.32,0.0,2,0.0,0,0.703,1.055,3.0,0.352,0.411,1,1734.334,5,0.6,0.784,0.103,0.226,0.0,0.801,0.945,1631.463,1631.6135,1611.48075,-75.4641,73.1797,-1,1630.3092,0.593,1842.6084,0.352,1842.6084,0.352,1,0.243,1,0,30292,0.779,0.562,0.435,385.0,385.6,0.3261,1180.6,0.0,1,1,0.927,1006.2,1,1,0.65,1167.4,0,48.842,0.497,0.503,0.3,1.0,0.5,0.54,0.0,0.5,0.0,0.989,0.56,0.5,0.559,0.0,0.294,0.0,0,0,0.321,0.812,0.0,0.99,0.1,0.27,0.543,0.0,0.534,0.346,0.0,1.0,0.733
37228,2026.08.07 06:00:00,XPTUSDm,ANCHORED_PULLBACK,BUY,1,1756.62,1744.09,1774.84,1.45,0.358,1739.6095,1742.317,1736.902,0,1.056,0.183,1.1525,1724.5095,1739.62475,1765.0645,1721.4535,1,0.012,0.25,4,1739.6095,0.74,0.51,0,0.0,0.0,1747.44275,0.0,0.0,0,0,0,0.9,0.79,0.1709,0.79,0.09,0,0.789,1,0.354,1739.068,1753.6885,1.201,0.107,-0.1726,1,0.15,1,1.0,0.859,3.0,0.286,0.465,1,1739.6095,8,0.748,0.0,0.633,0.237,0.202,0.744,0.965,1631.463,1631.6135,1611.48075,-75.4641,73.1797,-1,1630.3092,0.593,1842.6084,0.352,1842.6084,0.352,1,0.243,1,0,30293,0.779,0.562,0.435,413.0,424.3,0.3696,1117.6,0.0,1,1,0.927,1006.2,1,1,0.65,1167.4,0,52.723,0.497,0.503,0.3,1.0,0.5,0.75,0.0,0.5,0.0,0.368,0.614,0.5,0.447,0.0,0.489,0.0,0,0,0.398,0.446,0.0,0.402,0.0,0.212,0.771,0.0,0.503,0.346,0.0,1.0,0.725
37230,2026.08.07 07:00:40,XPTUSDm,BREAKOUT,BUY,1,1761.63,1746.69,1786.54,1.67,0.515,1739.44575,1753.773,1734.67,0,0.01,0.558,1.8051,1724.5095,1739.62475,1765.0645,1721.4535,1,0.018,0.7,2,1739.44575,0.715,0.0,1,0.0,0.0,1758.63225,0.0,0.0,0,0,0,0.975,0.825,0.3016,0.825,0.278,2,0.55,3,1.0,1755.81975,1761.27775,0.162,0.386,0.0,2,0.0,4,0.565,1.525,3.0,0.508,0.491,1,1739.44575,8,0.743,0.677,0.217,0.247,0.0,0.374,0.96,1631.463,1631.6135,1611.48075,-75.4641,73.1797,-1,1630.3092,0.593,1842.6084,0.352,1842.6084,0.352,1,0.243,1,0,30294,0.779,0.562,0.435,420.0,428.2,0.4216,996.3,0.0,1,1,0.927,1006.2,1,1,0.65,1167.4,0,59.645,0.497,0.503,0.3,1.0,0.5,0.69,0.0,0.5,0.0,0.346,0.583,0.5,0.427,0.0,0.496,0.0,0,0,0.377,0.653,0.0,0.317,0.0,0.664,0.437,0.0,0.477,0.346,0.0,1.0,0.918
37231,2026.08.07 07:17:40,XPTUSDm,TREND_CONTINUATION,BUY,1,1760.6,1748.64,1785.51,2.08,0.574,1739.44575,1753.773,1734.67,0,0.01,0.558,1.6927,1724.5095,1739.62475,1765.0645,1721.4535,1,0.017,0.7,2,1739.44575,0.715,0.0,1,0.0,0.0,1758.63225,0.0,0.0,0,0,0,0.975,0.825,0.3016,0.825,0.33,2,0.55,3,1.0,1755.81975,1761.27775,0.049,0.499,0.0,2,0.0,4,0.565,1.502,3.0,0.501,0.488,1,1739.44575,8,0.743,0.902,0.201,0.247,0.0,0.374,0.96,1631.463,1631.6135,1611.48075,-75.4641,73.1797,-1,1630.3092,0.593,1842.6084,0.352,1842.6084,0.352,1,0.243,1,0,30294,0.779,0.562,0.435,429.0,444.4,0.4306,996.3,0.0,1,1,0.927,1006.2,1,1,0.65,1167.4,0,59.541,0.497,0.503,0.3,1.0,0.5,0.81,0.0,0.5,0.0,0.317,0.588,0.5,0.415,0.0,0.448,0.0,0,0,0.356,0.663,0.0,0.493,0.0,0.664,0.437,0.0,0.477,0.346,0.0,1.0,0.918
37234,2026.08.07 08:05:40,XPTUSDm,PULLBACK,BUY,2,1764.46,1759.66,1769.3,1.01,0.48,1740.30375,1755.7725,1737.21,0,0.11,0.398,2.0446,1724.5095,1739.62475,1765.0645,1721.4535,1,0.021,0.75,2,1740.30375,0.747,0.335,0,0.0,0.0,0.0,0.0,0.0,0,0,0,1.0,0.685,0.3728,0.685,0.183,2,0.538,3,0.914,1755.7725,1761.34125,0.457,0.115,0.0,2,0.25,0,0.538,1.268,3.0,0.423,0.473,1,1755.7725,2,0.55,0.087,0.345,0.206,0.088,0.914,0.927,1631.463,1631.6135,1611.48075,-79.7991,-4.335,-2,1630.3092,0.592,1842.6084,0.351,1842.6084,0.351,1,0.247,1,0,30295,0.779,0.562,0.435,424.0,442.4,0.4353,974.1,0.0,1,1,0.927,1006.2,1,1,0.65,1167.4,0,61.295,0.012,0.988,0.3,0.0,0.5,0.81,0.0,0.5,0.0,1.0,0.75,0.5,0.517,0.0,0.271,0.0,0,0,0.413,0.575,0.0,0.54,0.0,0.613,0.811,0.0,0.523,0.346,0.0,1.0,0.879
37236,2026.08.07 09:00:00,XPTUSDm,ANCHORED_PULLBACK,BUY,2,1773.09,1766.11,1789.35,2.33,0.803,1756.04025,1765.668,1744.662,0,1.076,0.289,1.2467,1726.13175,1734.05125,1758.7,1716.445,0,0.034,0.6,0,1756.04025,0.746,0.293,0,0.0,0.0,1769.19,0.0,0.0,0,0,1,1.0,0.72,0.358,0.72,0.388,2,0.365,0,0.706,1755.165,1771.79475,1.332,0.289,0.2382,0,0.4,2,1.0,1.625,3.0,0.542,0.56,2,1756.04025,8,0.749,0.0,0.343,0.916,0.281,0.739,0.938,1631.463,1631.6135,1611.48075,-79.7991,-4.335,-2,1630.3092,0.592,1842.6084,0.351,1842.6084,0.351,1,0.247,1,0,30296,0.779,0.562,0.435,426.0,439.7,0.4152,1025.9,0.0,1,1,0.927,1006.2,1,1,0.65,1167.4,0,59.038,0.012,0.988,0.3,0.0,0.5,0.66,0.0,0.5,0.0,0.65,0.517,0.5,0.376,0.0,0.367,0.0,0,0,0.27,0.331,0.0,1.0,0.0,1.0,0.437,0.0,0.468,0.346,0.0,1.0,0.907
37238,2026.08.07 09:00:40,XPTUSDm,BREAKOUT,BUY,2,1771.49,1761.02,1797.14,2.45,0.508,1756.04025,1765.668,1744.662,0,1.076,0.289,1.0907,1726.13175,1734.05125,1758.7,1716.445,0,0.032,0.6,0,1756.04025,0.746,0.293,0,0.0,0.0,1769.19,0.0,0.0,0,0,1,1.0,0.72,0.358,0.72,0.234,0,0.665,0,0.706,1755.165,1763.04225,1.176,0.408,0.0,2,0.4,0,0.665,1.245,3.0,0.415,0.432,1,1756.04025,8,0.749,0.0,0.39,0.216,0.281,0.739,0.877,1631.463,1631.6135,1611.48075,-79.7991,-4.335,-2,1630.3092,0.592,1842.6084,0.351,1842.6084,0.351,1,0.247,1,0,30296,0.779,0.562,0.435,426.0,440.2,0.4152,1025.9,0.0,1,1,0.927,1006.2,1,1,0.65,1167.4,0,58.882,0.012,0.988,0.3,0.0,0.5,0.66,0.0,0.5,0.0,0.89,0.499,0.5,0.428,0.0,0.31,0.0,0,0,0.253,0.336,0.0,0.701,0.0,0.906,0.434,0.0,0.535,0.346,0.0,1.0,0.838
37240,2026.08.07 09:17:40,XPTUSDm,TREND_CONTINUATION,BUY,2,1777.49,1765.18,1803.14,2.08,0.558,1756.04025,1765.668,1744.662,0,1.076,0.289,1.6687,1726.13175,1734.05125,1758.7,1716.445,0,0.038,0.6,0,1756.04025,0.746,0.293,0,0.0,0.0,1769.19,0.0,0.0,0,0,1,1.0,0.72,0.358,0.72,0.066,0,0.665,0,0.706,1755.165,1771.79475,1.754,0.133,0.0,2,0.4,0,0.665,1.32,3.0,0.44,0.441,1,1756.04025,8,0.749,0.0,0.44,0.216,0.281,0.739,0.938,1631.463,1631.6135,1611.48075,-79.7991,-4.335,-2,1630.3092,0.592,1842.6084,0.351,1842.6084,0.351,1,0.247,1,0,30296,0.779,0.562,0.435,433.0,422.4,0.4221,1025.9,0.0,1,1,0.927,1006.2,1,1,0.65,1167.4,0,59.467,0.012,0.988,0.3,0.0,0.5,0.16,0.0,0.5,0.0,1.0,0.688,0.5,0.517,0.0,0.409,0.0,0,0,0.431,0.249,0.0,0.751,0.0,0.906,0.868,0.0,0.539,0.346,0.0,1.0,0.838
37242,2026.08.07 10:05:40,XPTUSDm,PULLBACK,BUY,2,1787.15,1780.2,1819.91,4.71,0.492,1756.5045,1769.263,1749.75,0,0.999,0.037,2.3427,1727.37425,1735.23625,1759.332,1718.025,0,0.043,0.65,0,1756.5045,0.77,0.175,0,0.0,0.0,1776.2275,0.0,0.0,0,0,1,1.0,0.93,0.3759,0.93,0.043,2,0.588,3,0.57,1768.5125,1779.0195,1.243,0.281,0.0,2,0.15,0,0.588,1.331,3.0,0.444,0.433,1,1768.5125,2,0.55,0.0,0.347,0.279,0.053,0.653,0.949,1631.463,1631.6135,1611.48075,-79.7991,-4.335,-2,1630.3092,0.592,1842.6084,0.351,1842.6084,0.351,1,0.247,1,0,30297,0.779,0.562,0.435,506.0,458.4,0.4633,1092.1,0.0,1,1,0.927,1006.2,1,1,0.65,1167.4,0,56.746,0.012,0.988,0.3,0.0,0.5,0.16,0.0,0.5,0.0,0.478,0.55,0.5,0.467,0.0,0.515,0.0,0,0,0.376,0.197,0.0,0.713,0.0,0.572,0.859,0.0,0.557,0.346,0.0,1.0,0.838
37244,2026.08.07 10:15:00,XPTUSDm,BREAKOUT_RETEST,BUY,2,1770.75,1762.08,1785.69,1.72,0.61,1756.5045,1769.263,1749.75,1,0.999,0.037,0.6936,1727.37425,1735.23625,1759.332,1718.025,0,0.026,0.65,0,1756.5045,0.77,0.175,0,0.0,0.0,1776.2275,0.0,0.0,0,0,1,1.0,0.93,0.3759,0.93,0.263,2,0.588,3,0.57,1768.5125,1765.5105,0.406,0.131,0.0,2,0.15,0,0.588,1.232,3.0,0.411,0.421,1,1756.5045,8,0.754,0.188,0.281,0.279,0.053,0.653,0.78,1631.463,1631.6135,1611.48075,-79.7991,-4.335,-2,1630.3092,0.592,1842.6084,0.351,1842.6084,0.351,1,0.247,1,0,30297,0.779,0.562,0.435,667.0,486.8,0.6107,1092.1,0.0,1,1,0.927,1006.2,1,1,0.65,1167.4,0,55.245,0.012,0.988,0.3,0.0,0.5,0.0,0.0,0.5,0.0,0.452,0.375,0.5,0.409,0.0,0.405,0.0,0,0,0.36,0.307,0.0,0.713,0.0,0.655,0.702,0.0,0.552,0.346,0.0,1.0,0.757
37246,2026.08.07 11:00:40,XPTUSDm,BREAKOUT,BUY,2,1772.04,1754.58,1801.14,1.67,0.341,1768.63025,1778.923,1763.088,1,0.019,0.292,-0.0696,1727.78025,1736.2825,1759.89,1719.42,0,0.027,0.5,0,1768.63025,0.775,0.966,0,0.0,0.0,0.0,0.0,0.0,0,0,1,0.8,0.965,0.3498,0.965,0.642,2,0.619,0,0.505,1767.8385,1760.71275,0.002,0.611,0.0,2,0.15,0,0.619,1.061,3.0,0.354,0.404,1,1763.088,5,0.6,0.997,0.167,0.29,0.154,0.677,0.899,1631.463,1631.6135,1611.48075,-79.7991,-4.335,-2,1630.3092,0.592,1842.6084,0.351,1842.6084,0.351,1,0.247,1,0,30298,0.779,0.562,0.435,422.0,421.8,0.3625,1164.1,0.0,1,1,0.927,1006.2,1,1,0.65,1167.4,0,51.942,0.012,0.988,0.3,0.0,0.5,0.51,0.0,0.5,0.0,1.0,0.552,0.5,0.536,0.0,0.324,0.0,0,0,0.321,0.657,0.0,0.998,0.0,0.651,0.65,0.0,0.559,0.346,0.0,1.0,0.741
37248,2026.08.07 11:38:40,XPTUSDm,TREND_CONTINUATION,BUY,2,1758.8,1744.83,1772.84,1.01,0.504,1768.63025,1778.923,1763.088,0,0.019,0.292,-1.2061,1727.78025,1736.2825,1759.89,1719.42,1,0.016,0.5,0,1768.63025,0.775,0.966,0,0.0,0.0,0.0,0.0,0.0,0,0,1,0.8,0.965,0.3498,0.965,0.517,2,0.619,0,0.505,1767.8385,1751.21175,1.138,0.29,0.0,2,0.15,0,0.619,1.117,3.0,0.372,0.41,1,1768.63025,8,0.755,0.0,0.205,0.29,0.154,0.677,0.921,1631.463,1631.6135,1611.48075,-79.7991,-4.335,-2,1630.3092,0.592,1842.6084,0.351,1842.6084,0.351,1,0.247,1,0,30298,0.779,0.562,0.435,421.0,420.2,0.3617,1164.1,0.0,1,1,0.927,1006.2,1,1,0.65,1167.4,0,50.804,0.012,0.988,0.3,0.0,0.5,0.3,0.0,0.5,0.0,0.672,0.47,0.5,0.518,0.0,0.312,0.0,0,0,0.298,0.567,0.0,0.66,0.0,0.709,0.419,0.0,0.545,0.346,0.0,1.0,0.879
37250,2026.08.07 12:00:00,XPTUSDm,SWEEP_REVERSAL,BUY,2,1756.99,1744.38,1772.87,1.26,0.208,1768.6005,1777.329,1763.046,0,1.007,0.001,-1.259,1727.78025,1736.32375,1759.912,1719.475,1,0.013,0.45,0,1768.6005,0.768,0.475,0,0.0,0.0,1756.72875,0.0,0.0,0,0,0,1.0,1.0,0.3254,1.0,0.107,2,0.649,0,0.693,1767.807,1752.7305,1.196,0.001,-0.123,1,0.15,0,0.649,1.302,3.0,0.434,0.462,1,1768.6005,8,0.754,0.0,0.628,0.3,0.191,0.669,0.893,1631.463,1631.6135,1611.48075,-80.249,-0.4499,-2,1630.3092,0.591,1842.6084,0.35,1842.6084,0.35,1,0.269,1,0,30299,0.779,0.562,0.435,427.0,426.5,0.3385,1261.4,0.0,1,1,0.927,1006.2,1,1,0.65,1167.4,0,46.743,0.012,0.988,0.2,0.0,0.5,0.35,0.0,0.5,0.0,0.847,0.51,0.5,0.475,0.0,0.345,0.0,0,0,0.287,0.429,0.0,0.636,0.0,0.421,0.406,0.0,0.537,0.346,0.0,1.0,0.759
37252,2026.08.07 12:00:59,XPTUSDm,MEAN_REVERSION,BUY,2,1756.9,1746.81,1772.87,1.58,0.609,1768.6005,1777.329,1763.046,0,1.007,0.001,-1.2661,1727.78025,1736.32375,1759.912,1719.475,1,0.013,0.45,0,1768.6005,0.768,0.475,0,0.0,0.0,1756.72875,0.0,0.0,0,0,0,1.0,1.0,0.3254,1.0,0.107,0,0.65,0,0.693,1767.807,1752.7305,1.203,0.008,0.0,2,0.15,0,0.65,1.302,3.0,0.434,0.462,1,1768.6005,8,0.754,0.0,0.328,0.3,0.191,0.669,0.893,1631.463,1631.6135,1611.48075,-80.249,-0.4499,-2,1630.3092,0.591,1842.6084,0.35,1842.6084,0.35,1,0.269,1,0,30299,0.779,0.562,0.435,427.0,426.5,0.3385,1261.4,0.0,1,1,0.927,1006.2,1,1,0.65,1167.4,0,46.735,0.012,0.988,0.2,0.0,0.5,0.33,0.0,0.5,0.0,0.847,0.482,0.5,0.475,0.0,0.363,0.0,0,0,0.298,0.429,0.0,0.748,0.0,0.504,0.405,0.0,0.551,0.346,0.0,1.0,0.815
37254,2026.08.07 12:08:40,XPTUSDm,PULLBACK,BUY,2,1752.26,1733.34,1772.9,1.09,0.506,1768.6005,1777.329,1763.046,0,1.007,0.001,-1.6364,1727.78025,1736.32375,1759.912,1719.475,1,0.009,0.45,0,1768.6005,0.768,0.475,0,0.0,0.0,1756.72875,0.0,0.0,0,0,0,1.0,1.0,0.3254,1.0,0.075,0,0.65,0,0.693,1767.807,1752.7305,1.573,0.378,0.0,2,0.15,0,0.65,1.316,3.0,0.439,0.464,1,1768.6005,8,0.754,0.0,0.337,0.3,0.191,0.669,0.893,1631.463,1631.6135,1611.48075,-80.249,-0.4499,-2,1630.3092,0.591,1842.6084,0.35,1842.6084,0.35,1,0.269,1,0,30299,0.779,0.562,0.435,430.0,437.7,0.3409,1261.4,0.0,1,1,0.927,1006.2,1,1,0.65,1167.4,0,46.368,0.012,0.988,0.2,0.0,0.5,0.59,0.0,0.5,0.0,0.7,0.455,0.5,0.475,0.0,0.34,0.0,0,0,0.305,0.314,0.0,0.528,0.0,0.508,0.378,0.0,0.558,0.346,0.0,1.0,0.815
0,2026.08.07 12:30:40,XPTUSDm,BREAKOUT_RETEST,BUY,2,1774.11,1770.33,1784.67,2.79,0.62,1768.6005,1777.329,1763.046,1,1.007,0.001,-0.1451,1727.78025,1736.32375,1759.912,1719.475,0,0.024,0.45,0,1768.6005,0.768,0.475,0,0.0,0.0,1756.72875,0.0,0.0,0,0,0,1.0,1.0,0.3254,1.0,0.661,0,0.65,0,0.693,1767.807,1780.503,0.082,1.089,0.0,2,0.15,0,0.65,1.053,3.0,0.351,0.433,1,1777.329,4,0.6,0.836,0.162,0.3,0.191,0.669,0.92,1631.463,1631.6135,1611.48075,-80.249,-0.4499,-2,1630.3092,0.591,1842.6084,0.35,1842.6084,0.35,1,0.269,1,0,30299,0.779,0.562,0.435,734.0,471.7,0.5819,1261.4,0.0,1,1,0.927,1006.2,1,1,0.65,1167.4,0,48.1,0.012,0.988,0.2,0.0,0.5,0.04,0.0,0.5,0.774,0.429,0.524,0.5,0.497,0.0,0.575,0.0,0,0,0.393,0.51,0.0,0.898,0.0,0.585,0.65,0.0,0.573,0.346,0.0,1.0,0.725
37256,2026.08.07 13:58:40,XPTUSDm,TREND_CONTINUATION,BUY,4,1747.82,1730.48,1772.64,1.43,0.546,1768.3035,1777.848,1758.759,0,0.138,0.872,-1.7181,1724.48875,1737.955,1760.782,1721.65,1,0.004,0.45,0,1768.3035,0.784,0.771,0,0.0,0.0,1765.54625,0.0,0.0,0,0,1,1.0,0.825,0.2421,0.825,0.15,0,0.725,2,0.032,1759.8195,1741.791,1.131,0.117,0.0,2,0.25,0,0.725,1.283,3.0,0.428,0.363,1,1768.3035,8,0.757,0.0,0.355,0.247,0.088,0.528,0.903,1631.463,1631.6135,1611.48075,-80.249,-0.4499,-2,1630.3092,0.591,1842.6084,0.35,1842.6084,0.35,1,0.269,1,0,30300,0.787,0.559,0.434,434.0,423.8,0.3004,1444.8,0.0,1,1,0.927,1006.2,1,1,0.65,1167.4,1,40.173,0.012,0.988,0.2,0.0,1.0,0.25,0.0,0.5,0.0,0.506,0.359,0.5,0.517,0.0,0.439,0.0,0,0,0.415,0.639,0.0,1.0,0.0,0.483,0.369,0.0,0.503,0.346,0.0,1.0,0.962
37258,2026.08.07 14:08:40,XPTUSDm,SWEEP_REVERSAL,BUY,4,1742.22,1727.04,1755.75,0.89,0.24,1751.3355,1767.243,1748.154,0,0.31,0.389,-0.8911,1724.48875,1734.48875,1762.22,1725.245,1,0.002,0.45,0,1751.3355,0.784,0.364,0,0.0,0.0,1753.48,0.0,0.0,0,0,0,1.0,0.825,0.1484,0.825,0.035,2,0.564,0,0.615,1752.396,1740.7305,0.961,0.192,0.0,2,0.25,0,0.564,1.334,3.0,0.445,0.449,1,1751.3355,8,0.757,0.0,0.39,0.247,0.211,0.904,0.965,1631.463,1631.6135,1611.48075,-80.249,-0.4499,-2,1630.3092,0.591,1842.6084,0.35,1842.6084,0.35,1,0.269,1,0,30301,0.787,0.559,0.434,441.0,434.0,0.2906,1517.8,0.0,1,1,0.927,1006.2,1,1,0.65,1167.4,1,37.872,0.012,0.988,0.2,0.0,1.0,0.3,0.0,0.5,0.0,0.607,0.36,0.5,0.459,0.0,0.441,0.0,0,0,0.398,0.558,0.0,1.0,0.155,0.46,0.4,0.0,0.529,0.333,0.0,1.0,0.879
37259,2026.08.07 14:08:59,XPTUSDm,MEAN_REVERSION,BUY,4,1742.25,1730.11,1755.75,1.11,0.586,1751.3355,1767.243,1748.154,0,0.31,0.389,-0.8892,1724.48875,1734.48875,1762.22,1725.245,1,0.002,0.45,0,1751.3355,0.784,0.364,0,0.0,0.0,1753.48,0.0,0.0,0,0,0,1.0,0.825,0.1484,0.825,0.035,2,0.564,0,0.615,1752.396,1740.7305,0.959,0.19,0.0,2,0.25,0,0.564,1.334,3.0,0.445,0.449,1,1751.3355,8,0.757,0.0,0.39,0.247,0.211,0.904,0.965,1631.463,1631.6135,1611.48075,-80.249,-0.4499,-2,1630.3092,0.591,1842.6084,0.35,1842.6084,0.35,1,0.269,1,0,30301,0.787,0.559,0.434,441.0,434.4,0.2906,1517.8,0.0,1,1,0.927,1006.2,1,1,0.65,1167.4,1,37.874,0.012,0.988,0.2,0.0,1.0,0.31,0.0,0.5,0.0,0.607,0.354,0.5,0.459,0.0,0.441,0.0,0,0,0.402,0.558,0.0,1.0,0.155,0.46,0.4,0.0,0.529,0.333,0.0,1.0,0.879
37262,2026.08.07 14:30:40,XPTUSDm,BREAKOUT_RETEST,BUY,4,1755.11,1750.56,1771.51,3.6,0.594,1751.3355,1767.243,1748.154,1,0.31,0.389,-0.0326,1724.48875,1734.48875,1762.22,1725.245,1,0.011,0.45,0,1751.3355,0.784,0.364,0,0.0,0.0,1753.48,0.0,0.0,0,0,0,1.0,0.825,0.1484,0.825,1.0,2,0.564,0,0.615,1752.396,1740.7305,0.103,0.666,0.0,2,0.25,0,0.564,0.9,3.0,0.3,0.398,1,1767.243,4,0.6,0.795,0.1,0.247,0.211,0.904,0.965,1631.463,1631.6135,1611.48075,-80.249,-0.4499,-2,1630.3092,0.591,1842.6084,0.35,1842.6084,0.35,1,0.269,1,0,30301,0.787,0.559,0.434,427.0,409.3,0.2813,1517.8,0.0,1,1,0.927,1006.2,1,1,0.65,1167.4,1,38.722,0.012,0.988,0.2,0.0,1.0,0.11,0.0,0.5,0.0,0.689,0.608,0.5,0.514,0.0,0.432,0.0,0,0,0.391,0.8,0.0,0.73,0.151,0.484,0.461,0.0,0.541,0.37,0.0,1.0,0.757
37264,2026.08.07 15:00:40,XPTUSDm,PULLBACK,BUY,4,1752.97,1746.54,1765.76,1.99,0.653,1751.7095,1761.428,1743.758,1,0.358,0.209,-0.1974,1724.48875,1738.087,1761.418,1723.24,1,0.007,0.5,0,1749.9425,0.779,0.563,0,0.0,0.0,1749.6615,0.0,0.0,0,0,0,1.0,1.0,0.057,1.0,0.464,0,0.681,0,0.582,1752.593,1739.3405,0.254,0.596,0.0,2,0.15,0,0.681,1.141,3.0,0.38,0.45,1,1743.758,5,0.6,0.492,0.221,0.3,0.169,0.773,0.875,1631.463,1631.6135,1611.48075,-80.249,-0.4499,-2,1630.3092,0.591,1842.6084,0.35,1842.6084,0.35,1,0.269,1,0,30302,0.787,0.559,0.434,434.0,411.9,0.2783,1559.6,0.0,1,1,0.927,1006.2,1,1,0.65,1167.4,1,37.545,0.012,0.988,0.2,0.0,1.0,0.04,0.0,0.5,0.0,0.869,0.506,0.5,0.468,0.0,0.384,0.0,0,0,0.297,0.7,0.0,0.792,0.305,0.404,0.461,0.0,0.504,0.37,0.0,1.0,0.789
37265,2026.08.07 15:01:40,XPTUSDm,BREAKOUT,BUY,4,1754.05,1746.43,1793.04,5.12,0.407,1751.7095,1761.428,1743.758,1,0.358,0.209,-0.1211,1724.48875,1738.087,1761.418,1723.24,1,0.008,0.5,0,1749.9425,0.779,0.563,0,0.0,0.0,1749.6615,0.0,0.0,0,0,0,1.0,1.0,0.057,1.0,0.898,0,0.681,0,0.582,1752.593,1739.3405,0.178,0.672,0.0,2,0.15,0,0.681,0.946,3.0,0.315,0.427,1,1743.758,5,0.6,0.644,0.091,0.3,0.169,0.773,0.875,1631.463,1631.6135,1611.48075,-80.249,-0.4499,-2,1630.3092,0.591,1842.6084,0.35,1842.6084,0.35,1,0.269,1,0,30302,0.787,0.559,0.434,423.0,412.8,0.2712,1559.6,0.0,1,1,0.927,1006.2,1,1,0.65,1167.4,1,37.614,0.012,0.988,0.2,0.0,1.0,0.34,0.0,0.5,0.0,0.739,0.505,0.5,0.468,0.0,0.408,0.0,0,0,0.306,0.783,0.0,0.634,0.259,0.404,0.543,0.0,0.55,0.37,0.0,1.0,0.758
37268,2026.08.09 22:10:20,XPTUSDm,NAKED_POC,BUY,1,1750.37,1741.0,1773.08,2.42,0.638,1748.23625,1752.302,1743.267,1,0.117,0.301,-0.1279,1751.519,1741.245,1761.32,1728.47,1,0.003,0.5,0,1748.23625,0.748,0.616,0,0.0,0.0,0.0,1750.192,0.246,0,0,0,0.7,-0.685,-0.0848,0.685,0.525,0,0.788,0,0.489,1749.5915,1741.91175,0.217,0.29,0.0,2,0.25,0,0.788,0.557,1.5,0.371,0.401,1,1752.302,4,0.6,0.565,0.243,0.206,0.185,0.923,0.839,1628.33925,1631.6135,1737.13275,473.9851,15.2913,2,1627.2222,0.584,1841.6958,0.363,1841.6958,0.363,1,0.285,1,0,30308,0.787,0.559,0.434,407.0,452.1,0.2688,1514.2,0.0,1,1,0.927,1006.2,1,1,0.65,1167.4,1,38.5,0.067,0.933,0.2,0.0,1.0,0.96,0.0,0.5,0.0,1.0,0.412,0.5,0.567,0.0,0.358,0.0,0,0,0.366,0.8,0.0,1.0,0.18,0.29,0.51,0.0,0.492,0.37,0.0,1.0,0.669
37270,2026.08.10 00:11:40,XPTUSDm,NAKED_POC,BUY,1,1754.05,1739.45,1775.89,1.5,0.643,1747.42625,1754.2675,1741.6375,1,0.542,0.036,-0.0217,1748.301,1741.245,1761.32,1728.47,1,0.004,0.6,0,1747.42625,0.648,0.803,0,0.0,0.0,1744.9315,1750.192,0.804,0,0,0,0.787,-0.4797,-0.0156,0.48,1.0,0,0.811,0,0.439,1747.42625,1752.1625,0.022,0.347,0.0,2,0.15,0,0.811,0.104,0.347,0.3,0.347,0,1741.6375,5,0.6,0.957,0.06,0.144,0.14,0.794,0.878,1628.1055,1631.6135,1737.13275,483.1309,9.1458,2,1626.9912,0.584,1840.9368,0.362,1840.9368,0.362,1,0.288,1,0,30310,0.776,0.566,0.431,694.0,742.1,0.4766,1456.1,0.0,1,1,0.927,1006.2,1,1,0.65,1167.4,0,40.288,0.067,0.933,0.2,0.0,0.5,0.84,0.0,0.5,0.0,0.349,0.558,0.5,0.567,0.0,0.372,0.0,0,0,0.353,0.8,0.0,0.936,0.0,0.344,0.546,0.0,0.532,0.37,0.0,1.0,0.654
37272,2026.08.10 01:06:40,XPTUSDm,SWEEP_REVERSAL,BUY,1,1739.09,1724.49,1751.66,0.86,0.216,1747.07625,1748.945,1742.965,0,0.156,0.254,-0.8608,1750.4325,1741.245,1761.32,1728.47,1,0.005,0.4,0,1747.07625,0.761,0.202,0,0.0,0.0,0.0,0.0,0.0,0,0,0,0.585,-0.7496,-0.0231,0.75,0.025,0,0.722,0,0.696,1746.7025,1739.2275,0.835,0.323,0.0,2,0.15,0,0.722,1.339,3.0,0.446,0.492,1,1747.07625,8,0.752,0.0,0.352,0.225,0.192,0.726,0.968,1628.1055,1631.6135,1737.13275,483.1309,9.1458,2,1626.9912,0.584,1840.9368,0.362,1840.9368,0.362,1,0.288,1,0,30311,0.776,0.566,0.431,458.0,472.1,0.3137,1459.8,0.0,1,1,0.927,1006.2,1,1,0.65,1167.4,0,39.163,0.067,0.933,0.2,0.0,0.5,0.3,0.0,0.5,0.0,0.374,0.316,0.5,0.545,0.0,0.886,0.0,0,0,0.628,0.618,0.016,1.0,0.0,0.186,0.256,0.0,0.538,0.37,0.0,1.0,0.799
37274,2026.08.10 06:00:00,XPTUSDm,ANCHORED_PULLBACK,BUY,1,1768.88,1758.88,1781.78,1.29,0.505,1751.7675,1753.569,1745.162,0,1.167,0.407,1.1675,1749.37275,1752.195,1761.32,1728.47,0,0.011,0.35,0,1751.7675,0.671,0.518,0,0.0,0.0,1764.6975,0.0,0.0,0,0,1,0.156,0.0,-0.0067,0.339,0.227,2,0.546,3,0.54,1751.167,1758.373,1.222,0.57,-0.5227,1,0.0,0,0.546,1.248,3.0,0.416,0.447,1,1751.7675,8,0.734,0.0,0.532,0.0,0.0,0.779,0.948,1600.76628,1631.6135,1737.13275,516.4014,33.2705,2,1626.9912,0.584,1840.9368,0.362,1840.9368,0.362,1,0.32,1,0,30316,0.776,0.566,0.431,421.0,449.3,0.3809,1105.1,0.0,1,1,0.927,1006.2,1,1,0.65,1167.4,-1,54.426,0.085,0.915,0.3,0.0,0.0,0.99,0.0,0.5,0.0,0.397,0.533,0.5,0.496,0.0,0.394,0.0,0,0,0.326,0.601,0.0,0.586,0.0,0.26,0.431,0.0,0.54,0.37,0.0,1.0,0.788
0,2026.08.10 07:00:00,XPTUSDm,BREAKOUT_RETEST,BUY,1,1762.95,1759.32,1769.45,1.79,0.702,1751.47775,1759.979,1749.7775,1,0.242,0.718,0.6685,1749.37275,1752.195,1761.32,1728.47,1,0.006,0.45,0,1751.47775,0.68,0.489,0,0.0,0.0,0.0,0.0,0.0,0,0,0,0.675,0.685,0.0526,0.685,0.425,2,0.6,0,0.558,1755.445,1766.21325,0.295,0.718,0.1689,0,0.3,2,1.0,1.609,3.0,0.536,0.535,2,1751.47775,8,0.736,0.41,0.293,0.906,0.217,0.581,0.905,1600.76628,1631.6135,1737.13275,516.4014,33.2705,2,1626.9912,0.584,1840.9368,0.362,1840.9368,0.362,1,0.32,1,0,30317,0.776,0.566,0.431,437.0,412.1,0.4113,1062.4,0.0,1,1,0.927,1006.2,1,1,0.65,1167.4,-1,56.056,0.085,0.915,0.3,0.0,0.0,0.12,0.0,0.5,0.0,0.633,0.67,0.5,0.524,0.0,0.548,0.0,0,0,0.478,0.66,0.0,1.0,0.0,0.746,0.554,0.0,0.475,0.37,0.0,1.0,0.967
37276,2026.08.10 07:03:40,XPTUSDm,BREAKOUT,BUY,1,1760.33,1754.74,1770.53,1.82,0.309,1751.47775,1759.979,1749.7775,1,0.242,0.718,0.4266,1749.37275,1752.195,1761.32,1728.47,1,0.004,0.45,0,1751.47775,0.68,0.489,0,0.0,0.0,0.0,0.0,0.0,0,0,0,0.675,0.685,0.0526,0.685,0.5,2,0.616,0,0.558,1755.445,1748.644,0.053,0.693,0.0,2,0.0,0,0.616,1.125,3.0,0.375,0.428,1,1751.47775,8,0.736,0.894,0.15,0.206,0.112,0.581,0.919,1600.76628,1631.6135,1737.13275,516.4014,33.2705,2,1626.9912,0.584,1840.9368,0.362,1840.9368,0.362,1,0.32,1,0,30317,0.776,0.566,0.431,432.0,415.6,0.4066,1062.4,0.0,1,1,0.927,1006.2,1,1,0.65,1167.4,-1,55.809,0.085,0.915,0.3,0.0,0.0,0.22,0.0,0.5,0.0,0.523,0.504,0.5,0.5,0.0,0.427,0.0,0,0,0.323,0.736,0.0,0.792,0.0,0.325,0.531,0.0,0.547,0.37,0.0,1.0,0.866
37278,2026.08.10 07:05:20,XPTUSDm,PULLBACK,BUY,1,1759.1,1754.59,1770.38,2.5,0.52,1751.47775,1759.979,1749.7775,1,0.242,0.718,0.3249,1749.37275,1752.195,1761.32,1728.47,1,0.003,0.45,0,1751.47775,0.68,0.489,0,0.0,0.0,0.0,0.0,0.0,0,0,0,0.675,0.685,0.0526,0.685,0.565,2,0.616,0,0.558,1755.445,1748.644,0.048,0.592,0.0,2,0.0,0,0.616,1.096,3.0,0.365,0.424,1,1751.47775,8,0.736,0.903,0.131,0.206,0.112,0.581,0.919,1600.76628,1631.6135,1737.13275,516.4014,33.2705,2,1626.9912,0.584,1840.9368,0.362,1840.9368,0.362,1,0.32,1,0,30317,0.776,0.566,0.431,417.0,417.0,0.3925,1062.4,0.0,1,1,0.927,1006.2,1,1,0.65,1167.4,-1,55.693,0.085,0.915,0.3,0.0,0.0,0.48,0.0,0.5,0.0,0.505,0.498,0.5,0.485,0.0,0.445,0.0,0,0,0.324,0.811,0.0,0.88,0.0,0.358,0.51,0.0,0.54,0.37,0.0,1.0,0.866
37280,2026.08.10 07:24:40,XPTUSDm,TREND_CONTINUATION,BUY,1,1757.53,1744.78,1770.28,1.0,0.45,1751.47775,1759.979,1749.7775,1,0.242,0.718,0.1866,1749.37275,1752.195,1761.32,1728.47,1,0.001,0.45,0,1751.47775,0.68,0.489,0,0.0,0.0,0.0,0.0,0.0,0,0,0,0.675,0.685,0.0526,0.685,0.46,2,0.616,0,0.558,1752.0445,1748.644,0.133,0.453,0.0,2,0.0,0,0.616,1.143,3.0,0.381,0.472,1,1749.7775,5,0.6,0.734,0.162,0.206,0.112,0.915,0.919,1600.76628,1631.6135,1737.13275,516.4014,33.2705,2,1626.9912,0.584,1840.9368,0.362,1840.9368,0.362,1,0.32,1,0,30317,0.776,0.566,0.431,407.0,438.7,0.3831,1062.4,0.0,1,1,0.927,1006.2,1,1,0.65,1167.4,-1,55.545,0.085,0.915,0.3,0.0,0.0,0.99,0.0,0.5,0.0,0.352,0.55,0.5,0.469,0.0,0.416,0.0,0,0,0.337,0.81,0.0,1.0,0.0,0.375,0.494,0.0,0.553,0.37,0.0,1.0,0.866
37281,2026.08.10 07:26:20,XPTUSDm,MEAN_REVERSION,BUY,1,1756.17,1747.67,1764.34,0.96,0.618,1751.47775,1759.979,1749.7775,1,0.242,0.718,0.0313,1749.37275,1752.195,1761.32,1728.47,1,0.0,0.45,0,1751.47775,0.68,0.489,0,0.0,0.0,0.0,0.0,0.0,0,0,0,0.675,0.685,0.0526,0.685,1.0,2,0.616,0,0.558,1752.0445,1748.644,0.022,0.298,0.0,2,0.0,0,0.616,0.9,3.0,0.3,0.443,1,1759.979,4,0.6,0.956,0.0,0.206,0.112,0.915,0.919,1600.76628,1631.6135,1737.13275,516.4014,33.2705,2,1626.9912,0.584,1840.9368,0.362,1840.9368,0.362,1,0.32,1,0,30317,0.776,0.566,0.431,436.0,438.9,0.4104,1062.4,0.0,1,1,0.927,1006.2,1,1,0.65,1167.4,-1,55.417,0.085,0.915,0.3,0.0,0.0,0.6,0.0,0.5,0.0,0.357,0.481,0.5,0.472,0.0,0.472,0.0,0,0,0.342,0.811,0.0,0.911,0.0,0.375,0.479,0.0,0.571,0.37,0.0,1.0,0.834
37284,2026.08.10 07:38:40,XPTUSDm,SWEEP_REVERSAL,BUY,1,1754.09,1743.47,1764.65,0.99,0.15,1751.47775,1759.979,1749.7775,0,0.242,0.718,-0.1937,1749.37275,1752.195,1761.32,1728.47,1,0.003,0.45,0,1751.47775,0.68,0.489,0,0.0,0.0,0.0,0.0,0.0,0,0,0,0.675,0.685,0.0526,0.685,0.12,2,0.616,0,0.558,1752.0445,1748.644,0.247,0.073,0.0,2,0.0,0,0.616,1.296,3.0,0.432,0.489,1,1759.979,4,0.6,0.506,0.264,0.206,0.112,0.915,0.919,1600.76628,1631.6135,1737.13275,516.4014,33.2705,2,1626.9912,0.584,1840.9368,0.362,1840.9368,0.362,1,0.32,1,0,30317,0.776,0.566,0.431,467.0,443.8,0.4396,1062.4,0.0,1,1,0.927,1006.2,1,1,0.65,1167.4,-1,55.222,0.085,0.915,0.3,0.0,0.0,0.16,0.0,0.5,0.0,0.429,0.452,0.5,0.472,0.0,0.405,0.0,0,0,0.332,0.744,0.0,1.0,0.0,0.46,0.459,0.0,0.535,0.37,0.0,1.0,0.944
0,2026.08.10 09:06:59,XPTUSDm,PULLBACK,BUY,2,1747.95,1743.41,1753.98,1.33,0.41,1751.94875,1763.955,1747.005,0,0.673,0.018,-0.8221,1749.37275,1748.545,1761.32,1728.47,1,0.005,0.6,0,1749.12375,0.794,0.211,0,0.0,0.0,1739.6325,0.0,0.0,0,0,0,0.825,0.58,0.1091,0.58,0.398,2,0.649,0,0.694,1750.53625,1742.06125,0.691,0.095,0.0,2,0.4,0,0.649,1.171,3.0,0.39,0.44,1,1749.12375,8,0.759,0.0,0.341,0.174,0.279,0.917,0.579,1600.76628,1631.6135,1737.13275,513.9759,-2.4255,1,1626.9912,0.585,1840.9368,0.362,1840.9368,0.362,1,0.332,1,0,30319,0.776,0.566,0.431,486.0,429.3,0.451,1077.6,0.0,1,1,0.927,1006.2,1,1,0.65,1167.4,0,53.876,0.088,0.912,0.3,1.0,0.5,0.01,0.0,0.5,0.0,0.939,0.501,0.5,0.498,0.0,0.334,0.0,0,0,0.284,0.505,0.0,1.0,0.0,0.606,0.567,0.0,0.513,0.37,0.0,1.0,0.803
0,2026.08.10 09:15:00,XPTUSDm,BREAKOUT_RETEST,BUY,2,1752.03,1748.8,1756.12,1.26,0.513,1751.94875,1763.955,1747.005,1,0.673,0.018,-0.3794,1749.37275,1748.545,1761.32,1728.47,1,0.001,0.6,0,1749.12375,0.794,0.211,0,0.0,0.0,1739.6325,0.0,0.0,0,0,0,0.825,0.58,0.1091,0.58,0.496,2,0.649,0,0.694,1750.53625,1746.29875,0.248,0.145,0.0,2,0.4,0,0.649,1.127,3.0,0.376,0.435,1,1751.94875,1,0.7,0.503,0.311,0.174,0.279,0.917,0.714,1600.76628,1631.6135,1737.13275,513.9759,-2.4255,1,1626.9912,0.585,1840.9368,0.362,1840.9368,0.362,1,0.332,1,0,30319,0.776,0.566,0.431,417.0,433.4,0.387,1077.6,0.0,1,1,0.927,1006.2,1,1,0.65,1167.4,0,54.254,0.088,0.912,0.3,1.0,0.5,0.69,0.0,0.5,0.0,0.814,0.775,0.5,0.509,0.0,0.305,0.0,0,0,0.439,0.592,0.0,1.0,0.0,0.612,0.449,0.0,0.561,0.37,0.0,1.0,0.724
37286,2026.08.10 09:49:40,XPTUSDm,MEAN_REVERSION,BUY,2,1745.88,1737.26,1753.57,0.89,0.639,1751.94875,1763.955,1747.005,0,0.673,0.018,-0.9762,1749.37275,1748.545,1761.32,1728.47,1,0.007,0.6,0,1749.12375,0.794,0.211,0,0.0,0.0,1739.6325,0.0,0.0,0,0,0,0.825,0.58,0.1091,0.58,0.399,2,0.649,0,0.694,1750.53625,1742.06125,0.845,0.059,0.0,2,0.4,0,0.649,1.17,3.0,0.39,0.44,1,1749.12375,8,0.759,0.0,0.34,0.174,0.279,0.917,0.579,1600.76628,1631.6135,1737.13275,513.9759,-2.4255,1,1626.9912,0.585,1840.9368,0.362,1840.9368,0.362,1,0.332,1,0,30319,0.776,0.566,0.431,445.0,429.9,0.413,1077.6,0.0,1,1,0.927,1006.2,1,1,0.65,1167.4,0,53.684,0.088,0.912,0.3,1.0,0.5,0.18,0.0,0.5,0.0,0.814,0.384,0.5,0.503,0.0,0.356,0.0,0,0,0.363,0.505,0.0,1.0,0.0,0.51,0.567,0.0,0.533,0.37,0.0,1.0,0.803
37288,2026.08.10 09:57:40,XPTUSDm,SWEEP_REVERSAL,BUY,2,1744.12,1733.34,1753.59,0.88,0.3,1751.94875,1763.955,1747.005,0,0.673,0.018,-1.1413,1749.37275,1748.545,1761.32,1728.47,1,0.008,0.6,0,1749.12375,0.794,0.211,0,0.0,0.0,1739.6325,0.0,0.0,0,0,0,0.825,0.58,0.1091,0.58,0.376,2,0.649,0,0.694,1750.53625,1742.06125,1.01,0.224,0.0,2,0.4,0,0.649,1.181,3.0,0.394,0.441,1,1749.12375,8,0.759,0.0,0.347,0.174,0.279,0.917,0.579,1600.76628,1631.6135,1737.13275,513.9759,-2.4255,1,1626.9912,0.585,1840.9368,0.362,1840.9368,0.362,1,0.332,1,0,30319,0.776,0.566,0.431,447.0,435.2,0.4148,1077.6,0.0,1,1,0.927,1006.2,1,1,0.65,1167.4,0,53.52,0.088,0.912,0.3,1.0,0.5,0.11,0.0,0.5,0.0,0.894,0.468,0.5,0.52,0.0,0.331,0.0,0,0,0.307,0.501,0.0,1.0,0.0,0.51,0.567,0.0,0.546,0.37,0.0,1.0,0.803
37290,2026.08.10 14:10:40,XPTUSDm,MEAN_REVERSION,BUY,4,1732.63,1722.78,1744.62,1.22,0.677,1740.72125,1744.6375,1735.2385,0,1.329,0.056,-0.974,1747.383,1741.245,1761.32,1728.47,1,0.01,0.3,4,1740.72125,0.74,0.668,0,0.0,0.0,1736.733,0.0,0.0,0,0,-1,0.9,-0.615,-0.1524,0.615,0.1,0,0.772,2,0.175,1739.938,1730.539,0.91,0.147,0.0,2,0.4,0,0.772,1.305,3.0,0.435,0.413,1,1740.72125,8,0.748,0.0,0.43,0.185,0.29,0.85,0.937,1629.625,1631.6135,1737.13275,525.6439,11.668,2,1626.9912,0.584,1840.9368,0.363,1840.9368,0.363,1,0.323,1,0,30324,0.766,0.571,0.433,390.0,407.4,0.3168,1231.1,0.0,1,1,0.927,1006.2,1,1,0.65,1167.4,0,45.914,0.066,0.934,0.2,0.0,0.5,0.99,0.0,0.5,0.0,0.593,0.488,0.5,0.52,0.0,0.584,0.0,0,0,0.396,0.315,0.0,1.0,0.0,0.461,0.263,0.0,0.622,0.407,0.0,1.0,0.785
37292,2026.08.10 19:00:00,XPTUSDm,ANCHORED_PULLBACK,BUY,3,1754.88,1744.66,1776.25,2.09,0.4,1744.0615,1747.837,1738.608,0,0.563,0.038,0.5628,1742.76125,1742.73875,1762.1565,1733.9125,1,0.007,0.55,0,1744.0615,0.8,0.627,0,0.0,0.0,1748.4275,0.0,0.0,0,0,0,0.262,0.2344,0.0156,0.234,0.393,0,0.838,1,0.005,1742.803,1751.6125,0.663,0.038,-0.3479,1,0.4,1,1.0,0.723,3.0,0.241,0.389,1,1744.0615,8,0.76,0.0,0.642,0.07,0.14,0.915,0.787,1627.48644,1631.6135,1737.13275,541.2235,15.5796,2,1626.9912,0.583,1840.9368,0.362,1840.9368,0.362,1,0.339,1,0,30329,0.766,0.571,0.433,375.0,385.8,0.2986,1256.0,0.0,1,1,0.927,1006.2,1,1,0.65,1167.4,0,46.774,0.067,0.933,0.2,0.0,0.5,0.69,0.0,0.5,0.0,0.461,0.607,0.5,0.41,0.0,0.295,0.0,0,0,0.305,0.576,0.0,0.802,0.1,0.174,0.633,0.0,0.538,0.407,0.0,1.0,0.623
37293,2026.08.10 19:00:40,XPTUSDm,PULLBACK,BUY,3,1756.06,1750.92,1765.91,1.92,0.202,1744.0615,1747.837,1738.608,0,0.563,0.038,0.6567,1742.76125,1742.73875,1762.1565,1733.9125,1,0.008,0.55,0,1744.0615,0.8,0.627,0,0.0,0.0,1748.4275,0.0,0.0,0,0,0,0.262,0.2344,0.0156,0.234,0.293,0,0.846,1,0.005,1742.803,1751.6125,0.757,0.056,0.0,2,0.4,0,0.846,1.218,3.0,0.406,0.409,1,1744.0615,8,0.76,0.0,0.372,0.07,0.14,0.915,0.787,1627.48644,1631.6135,1737.13275,541.2235,15.5796,2,1626.9912,0.583,1840.9368,0.362,1840.9368,0.362,1,0.339,1,0,30329,0.766,0.571,0.433,375.0,384.7,0.2986,1256.0,0.0,1,1,0.927,1006.2,1,1,0.65,1167.4,0,46.868,0.067,0.933,0.2,0.0,0.5,0.69,0.0,0.5,0.0,0.577,0.625,0.5,0.513,0.0,0.326,0.0,0,0,0.359,0.657,0.0,1.0,0.1,0.317,0.652,0.0,0.592,0.407,0.0,1.0,0.737
37296,2026.08.10 19:04:40,XPTUSDm,TREND_CONTINUATION,BUY,3,1757.21,1742.14,1788.61,2.08,0.24,1744.0615,1747.837,1738.608,0,0.563,0.038,0.7491,1742.76125,1742.73875,1762.1565,1733.9125,1,0.009,0.55,0,1744.0615,0.8,0.627,0,0.0,0.0,1748.4275,0.0,0.0,0,0,0,0.262,0.2344,0.0156,0.234,0.195,0,0.846,1,0.005,1742.803,1753.2905,0.849,0.014,0.0,2,0.4,0,0.846,1.262,3.0,0.421,0.414,1,1744.0615,8,0.76,0.0,0.402,0.07,0.14,0.915,0.803,1627.48644,1631.6135,1737.13275,541.2235,15.5796,2,1626.9912,0.583,1840.9368,0.362,1840.9368,0.362,1,0.339,1,0,30329,0.766,0.571,0.433,374.0,378.6,0.2978,1256.0,0.0,1,1,0.927,1006.2,1,1,0.65,1167.4,0,46.959,0.067,0.933,0.2,0.0,0.5,0.59,0.0,0.5,0.0,0.577,0.767,0.5,0.466,0.0,0.278,0.0,0,0,0.411,0.634,0.0,1.0,0.1,0.317,0.726,0.0,0.609,0.407,0.0,1.0,0.737
37298,2026.08.10 19:07:40,XPTUSDm,BREAKOUT,BUY,3,1758.73,1746.61,1790.13,2.59,0.282,1744.0615,1747.837,1738.608,0,0.563,0.038,0.8653,1742.76125,1742.73875,1762.1565,1733.9125,1,0.01,0.55,0,1744.0615,0.8,0.627,0,0.0,0.0,1748.4275,0.0,0.0,0,0,0,0.262,0.2344,0.0156,0.234,0.195,0,0.846,1,0.005,1742.803,1753.2905,0.966,0.131,0.0,2,0.4,0,0.846,1.262,3.0,0.421,0.414,1,1744.0615,8,0.76,0.0,0.402,0.07,0.14,0.915,0.803,1627.48644,1631.6135,1737.13275,541.2235,15.5796,2,1626.9912,0.583,1840.9368,0.362,1840.9368,0.362,1,0.339,1,0,30329,0.766,0.571,0.433,380.0,376.4,0.3025,1256.0,0.0,1,1,0.927,1006.2,1,1,0.65,1167.4,0,47.08,0.067,0.933,0.2,0.0,0.5,0.21,0.0,0.5,0.0,0.678,0.778,0.5,0.459,0.0,0.292,0.0,0,0,0.421,0.531,0.045,1.0,0.1,0.333,0.75,0.0,0.595,0.407,0.0,1.0,0.737
37300,2026.08.10 20:21:40,XPTUSDm,BREAKOUT_RETEST,BUY,3,1755.12,1747.98,1763.83,1.22,0.513,1744.0905,1752.536,1740.09,1,0.16,0.31,0.5032,1742.76125,1742.73875,1762.1565,1733.9125,1,0.006,0.7,0,1744.0905,0.702,0.0,1,0.0,0.0,0.0,0.0,0.0,0,0,0,0.75,0.72,0.0987,0.72,0.597,0,0.679,3,0.592,1755.6475,1747.202,0.473,0.24,0.0,2,0.0,4,0.604,1.381,3.0,0.46,0.493,1,1744.0905,8,0.74,0.055,0.121,0.216,0.0,0.857,0.719,1627.48644,1631.6135,1752.83925,613.4241,72.2006,2,1626.9912,0.583,1840.9368,0.362,1840.9368,0.362,1,0.366,1,0,30330,0.763,0.574,0.44,507.0,409.6,0.4281,1184.4,0.0,1,1,0.927,1006.2,1,1,0.65,1167.4,-1,49.624,0.077,0.923,0.2,0.0,0.0,0.0,0.0,0.5,0.0,0.728,0.5,0.5,0.421,0.0,0.281,0.0,0,0,0.239,0.631,0.0,0.88,0.0,0.345,0.55,0.0,0.494,0.407,0.0,1.0,0.773
37302,2026.08.10 22:05:00,XPTUSDm,BREAKOUT,BUY,1,1760.56,1743.25,1789.41,1.67,0.407,1755.6475,1757.87,1743.646,1,0.125,0.51,0.125,1742.76125,1742.73875,1762.1565,1733.9125,1,0.012,0.8,2,1755.6475,0.711,0.4,0,0.0,0.0,1752.69,0.0,0.0,0,0,0,0.55,0.58,0.1417,0.58,0.197,1,0.309,3,0.779,1755.203,1757.4255,0.163,0.029,0.1541,0,0.55,2,1.0,1.712,3.0,0.571,0.57,2,1743.646,5,0.6,0.673,0.461,0.874,0.193,0.84,0.827,1627.48644,1631.6135,1752.83925,613.4241,72.2006,2,1626.9912,0.583,1840.9368,0.362,1840.9368,0.362,1,0.366,1,0,30331,0.763,0.574,0.44,347.0,736.1,0.3007,1154.1,0.0,1,1,0.927,1006.2,1,1,0.65,1167.4,-1,51.394,0.077,0.923,0.2,0.0,0.0,0.99,0.0,0.5,0.0,0.818,0.414,0.5,0.528,0.0,0.359,0.0,0,0,0.354,0.741,0.0,1.0,0.0,0.498,0.542,0.0,0.502,0.407,0.0,1.0,0.862
37303,2026.08.10 22:05:20,XPTUSDm,TREND_CONTINUATION,BUY,1,1760.52,1746.67,1789.37,2.08,0.393,1755.6475,1757.87,1743.646,1,0.125,0.51,0.1215,1742.76125,1742.73875,1762.1565,1733.9125,1,0.012,0.8,2,1755.6475,0.711,0.4,0,0.0,0.0,1752.69,0.0,0.0,0,0,0,0.55,0.58,0.1417,0.58,0.197,2,0.609,3,0.779,1755.203,1757.4255,0.16,0.033,0.0,2,0.25,0,0.609,1.262,3.0,0.421,0.465,1,1743.646,5,0.6,0.68,0.341,0.174,0.088,0.84,0.827,1627.48644,1631.6135,1752.83925,613.4241,72.2006,2,1626.9912,0.583,1840.9368,0.362,1840.9368,0.362,1,0.366,1,0,30331,0.763,0.574,0.44,347.0,732.1,0.3007,1154.1,0.0,1,1,0.927,1006.2,1,1,0.65,1167.4,-1,51.391,0.077,0.923,0.2,0.0,0.0,0.98,0.0,0.5,0.0,0.974,0.408,0.5,0.528,0.0,0.346,0.0,0,0,0.352,0.8,0.0,0.906,0.0,0.355,0.544,0.0,0.591,0.407,0.0,1.0,0.85
0,2026.08.10 22:21:40,XPTUSDm,BREAKOUT_RETEST,BUY,1,1759.61,1756.15,1768.67,2.62,0.399,1755.6475,1757.87,1743.646,1,0.125,0.51,0.0236,1742.76125,1742.73875,1762.1565,1733.9125,1,0.011,0.8,2,1755.6475,0.711,0.4,0,0.0,0.0,1752.69,0.0,0.0,0,0,0,0.55,0.58,0.1417,0.58,1.0,2,0.609,3,0.779,1755.203,1757.4255,0.062,0.13,0.0,2,0.25,0,0.609,0.9,3.0,0.3,0.422,1,1743.646,5,0.6,0.876,0.1,0.174,0.088,0.84,0.827,1627.48644,1631.6135,1752.83925,613.4241,72.2006,2,1626.9912,0.583,1840.9368,0.362,1840.9368,0.362,1,0.366,1,0,30331,0.763,0.574,0.44,369.0,373.3,0.3197,1154.1,0.0,1,1,0.927,1006.2,1,1,0.65,1167.4,-1,51.312,0.077,0.923,0.2,0.0,0.0,0.88,0.0,0.5,0.0,1.0,0.405,0.5,0.575,0.0,0.314,0.0,0,0,0.355,0.8,0.0,1.0,0.0,0.306,0.544,0.0,0.574,0.407,0.0,1.0,0.895
37306,2026.08.10 23:03:40,XPTUSDm,PULLBACK,BUY,1,1759.48,1752.91,1766.27,1.03,0.52,1755.6475,1757.87,1749.869,1,0.034,0.885,-0.0261,1742.76125,1749.79975,1762.1565,1733.9125,1,0.005,0.45,2,1755.6475,0.717,0.94,0,0.0,0.0,0.0,0.0,0.0,0,0,0,0.6,0.79,0.1896,0.79,1.0,0,0.668,3,1.0,1755.6475,1745.8685,0.026,0.893,0.0,2,0.0,0,0.668,0.9,3.0,0.3,0.475,1,1749.869,5,0.6,0.948,0.0,0.237,0.0,0.62,0.965,1627.48644,1631.6135,1752.83925,613.4241,72.2006,2,1626.9912,0.583,1840.9368,0.362,1840.9368,0.362,1,0.366,1,0,30332,0.763,0.574,0.44,411.0,394.8,0.3863,1064.1,0.0,1,1,0.927,1006.2,1,1,0.65,1167.4,0,55.643,0.077,0.923,0.2,0.0,0.5,0.12,0.0,0.5,0.0,0.695,0.454,0.5,0.591,0.0,0.313,0.0,0,0,0.33,0.813,0.0,0.99,0.0,0.263,0.52,0.0,0.606,0.407,0.0,1.0,0.818
37308,2026.08.11 00:05:00,XPTUSDm,BREAKOUT,BUY,1,1762.27,1746.81,1788.04,1.67,0.281,1755.94175,1756.5845,1753.1565,1,0.187,0.146,0.0076,1742.76125,1749.79975,1762.1565,1733.9125,1,0.006,0.4,0,1755.94175,0.649,0.838,0,0.0,0.0,0.0,0.0,0.0,0,0,0,0.65,0.65,0.2144,0.65,0.984,0,0.686,2,0.142,1755.299,1750.37125,0.07,0.548,0.0,2,0.4,0,0.686,0.907,3.0,0.302,0.343,0,0.0,0,0.0,0.86,0.165,0.195,0.14,0.861,0.885,1627.48644,1631.6135,1752.83925,620.0126,6.5885,2,1626.9912,0.583,1840.9368,0.361,1840.9368,0.361,1,0.373,1,0,30333,0.763,0.574,0.44,625.0,607.7,0.6063,1030.9,0.0,1,1,0.927,1006.2,1,1,0.65,1167.4,0,57.706,0.077,0.923,0.2,0.0,0.5,0.24,0.0,0.5,0.0,0.304,0.578,0.5,0.611,0.0,0.526,0.0,0,0,0.441,0.76,0.0,0.83,0.0,0.127,0.531,0.0,0.623,0.407,0.0,1.0,0.856
37309,2026.08.11 00:05:20,XPTUSDm,TREND_CONTINUATION,BUY,1,1762.27,1749.9,1788.04,2.08,0.399,1755.94175,1756.5845,1753.1565,1,0.187,0.146,0.0076,1742.76125,1749.79975,1762.1565,1733.9125,1,0.006,0.4,0,1755.94175,0.649,0.838,0,0.0,0.0,0.0,0.0,0.0,0,0,0,0.65,0.65,0.2144,0.65,0.984,0,0.686,2,0.142,1755.299,1750.37125,0.07,0.548,0.0,2,0.4,0,0.686,0.907,3.0,0.302,0.343,0,0.0,0,0.0,0.86,0.165,0.195,0.14,0.861,0.885,1627.48644,1631.6135,1752.83925,620.0126,6.5885,2,1626.9912,0.583,1840.9368,0.361,1840.9368,0.361,1,0.373,1,0,30333,0.763,0.574,0.44,625.0,609.0,0.6063,1030.9,0.0,1,1,0.927,1006.2,1,1,0.65,1167.4,0,57.706,0.077,0.923,0.2,0.0,0.5,0.24,0.0,0.5,0.0,0.304,0.576,0.5,0.611,0.0,0.526,0.0,0,0,0.439,0.76,0.0,0.83,0.0,0.127,0.531,0.0,0.623,0.407,0.0,1.0,0.856
37312,2026.08.11 01:00:00,XPTUSDm,ANCHORED_PULLBACK,BUY,1,1771.38,1762.69,1785.88,1.67,0.552,1755.99,1757.84,1751.92,0,0.796,0.035,0.7959,1742.76125,1749.79975,1762.1565,1733.9125,0,0.014,0.4,0,1755.99,0.786,0.378,0,0.0,0.0,1758.8705,0.0,0.0,0,0,1,1.0,0.685,0.2138,0.685,0.101,0,0.72,3,0.316,1755.62,1763.76,0.831,0.069,0.2331,0,0.4,2,1.0,1.754,3.0,0.585,0.555,2,1755.99,8,0.757,0.0,0.43,0.906,0.14,0.964,0.862,1627.48644,1631.6135,1752.83925,620.0126,6.5885,2,1626.9912,0.583,1840.9368,0.361,1840.9368,0.361,1,0.373,1,0,30334,0.763,0.574,0.44,688.0,625.5,0.6435,1069.2,0.0,1,1,0.927,1006.2,1,1,0.65,1167.4,0,56.488,0.077,0.923,0.2,0.0,0.5,0.06,0.0,0.5,0.0,0.377,0.745,0.5,0.492,0.0,0.584,0.0,0,0,0.528,0.313,0.0,1.0,0.0,0.815,0.689,0.0,0.494,0.407,0.0,1.0,0.872
0,2026.08.11 01:03:40,XPTUSDm,PULLBACK,BUY,1,1768.46,1763.56,1800.54,6.55,0.468,1755.99,1757.84,1751.92,0,0.796,0.035,0.6276,1742.76125,1749.79975,1762.1565,1733.9125,0,0.012,0.4,0,1755.99,0.786,0.378,0,0.0,0.0,1758.8705,0.0,0.0,0,0,1,1.0,0.685,0.2138,0.685,0.236,0,0.723,3,0.316,1755.62,1763.76,0.662,0.099,0.0,2,0.4,0,0.723,1.244,3.0,0.415,0.426,1,1755.99,8,0.757,0.0,0.389,0.206,0.14,0.964,0.862,1627.48644,1631.6135,1752.83925,620.0126,6.5885,2,1626.9912,0.583,1840.9368,0.361,1840.9368,0.361,1,0.373,1,0,30334,0.763,0.574,0.44,576.0,632.1,0.5387,1069.2,0.0,1,1,0.927,1006.2,1,1,0.65,1167.4,0,56.215,0.077,0.923,0.2,0.0,0.5,0.93,0.0,0.5,0.499,0.516,0.632,0.5,0.509,0.0,0.584,0.0,0,0,0.465,0.392,0.0,0.782,0.0,0.322,0.819,0.0,0.548,0.407,0.0,1.0,0.807
37314,2026.08.11 02:05:00,XPTUSDm,BREAKOUT,BUY,1,1774.25,1757.03,1802.96,1.67,0.503,1755.703,1767.042,1751.034,0,0.268,0.313,1.1415,1752.85625,1749.79975,1762.1565,1733.9125,0,0.017,0.6,0,1755.703,0.776,0.111,0,0.0,0.0,0.0,0.0,0.0,0,0,1,1.0,0.895,0.2276,0.895,0.356,2,0.601,3,0.551,1767.709,1765.041,0.096,0.328,0.0,2,0.0,0,0.601,1.19,3.0,0.397,0.412,1,1755.703,8,0.755,0.808,0.193,0.269,0.0,0.435,0.87,1627.48644,1631.6135,1752.83925,620.0126,6.5885,2,1626.9912,0.583,1840.9368,0.361,1840.9368,0.361,1,0.373,1,0,30335,0.763,0.574,0.44,544.0,549.5,0.4738,1148.2,0.0,1,1,0.927,1006.2,1,1,0.65,1167.4,1,52.852,0.077,0.923,0.2,0.0,1.0,0.54,0.0,0.5,0.0,0.541,0.564,0.5,0.488,0.0,0.553,0.0,0,0,0.406,0.571,0.0,0.618,0.0,0.657,0.794,0.0,0.567,0.385,0.0,1.0,0.886
37315,2026.08.11 02:05:20,XPTUSDm,TREND_CONTINUATION,BUY,1,1774.55,1760.77,1803.26,2.08,0.568,1755.703,1767.042,1751.034,0,0.268,0.313,1.1676,1752.85625,1749.79975,1762.1565,1733.9125,0,0.017,0.6,0,1755.703,0.776,0.111,0,0.0,0.0,0.0,0.0,0.0,0,0,1,1.0,0.895,0.2276,0.895,0.356,2,0.601,3,0.551,1767.709,1765.041,0.122,0.354,0.0,2,0.0,0,0.601,1.19,3.0,0.397,0.412,1,1755.703,8,0.755,0.756,0.193,0.269,0.0,0.435,0.87,1627.48644,1631.6135,1752.83925,620.0126,6.5885,2,1626.9912,0.583,1840.9368,0.361,1840.9368,0.361,1,0.373,1,0,30335,0.763,0.574,0.44,544.0,550.3,0.4738,1148.2,0.0,1,1,0.927,1006.2,1,1,0.65,1167.4,1,52.878,0.077,0.923,0.2,0.0,1.0,0.55,0.0,0.5,0.0,0.541,0.572,0.5,0.488,0.0,0.553,0.0,0,0,0.411,0.571,0.0,0.618,0.0,0.657,0.799,0.0,0.567,0.385,0.0,1.0,0.886
37318,2026.08.11 02:09:40,XPTUSDm,BREAKOUT_RETEST,BUY,1,1769.48,1759.65,1780.15,1.09,0.608,1755.703,1767.042,1751.034,1,0.268,0.313,0.7557,1752.85625,1749.79975,1762.1565,1733.9125,0,0.013,0.6,0,1755.703,0.776,0.111,0,0.0,0.0,0.0,0.0,0.0,0,0,1,1.0,0.895,0.2276,0.895,0.121,2,0.601,3,0.551,1767.709,1765.041,0.29,0.058,0.0,2,0.0,0,0.601,1.295,3.0,0.432,0.425,1,1755.703,8,0.755,0.42,0.264,0.269,0.0,0.435,0.87,1627.48644,1631.6135,1752.83925,620.0126,6.5885,2,1626.9912,0.583,1840.9368,0.361,1840.9368,0.361,1,0.373,1,0,30335,0.763,0.574,0.44,510.0,555.6,0.4442,1148.2,0.0,1,1,0.927,1006.2,1,1,0.65,1167.4,1,52.436,0.077,0.923,0.2,0.0,1.0,0.83,0.0,0.5,0.0,0.622,0.441,0.5,0.488,0.0,0.551,0.0,0,0,0.402,0.547,0.0,1.0,0.0,0.586,0.65,0.0,0.557,0.385,0.0,1.0,0.846
37320,2026.08.11 03:00:00,XPTUSDm,ANCHORED_PULLBACK,BUY,1,1761.05,1755.16,1767.71,1.13,0.74,1767.709,1772.378,1756.37,1,0.171,0.391,-0.9274,1752.85625,1753.33025,1762.1565,1733.9125,1,0.003,0.6,0,1767.709,0.795,0.617,0,0.0,0.0,1757.0615,0.0,0.0,0,0,0,0.8,0.93,0.2249,0.93,0.538,1,0.3,0,0.701,1754.369,1751.034,0.171,0.446,0.0,2,0.3,3,0.965,1.708,3.0,0.569,0.603,2,1767.709,8,0.759,0.657,0.259,0.679,0.245,0.958,0.87,1627.48644,1631.6135,1752.83925,620.0126,6.5885,2,1626.9912,0.583,1840.9368,0.361,1840.9368,0.361,1,0.373,1,0,30336,0.763,0.574,0.44,460.0,481.9,0.3789,1214.0,0.0,1,1,0.927,1006.2,1,1,0.65,1167.4,1,48.9,0.077,0.923,0.2,0.0,1.0,0.75,0.0,0.5,0.0,0.656,0.313,0.5,0.447,0.0,0.379,0.0,0,0,0.398,0.714,0.734,1.0,0.0,0.665,0.437,0.0,0.505,0.407,0.0,1.0,0.788
37322,2026.08.11 03:05:40,XPTUSDm,PULLBACK,BUY,1,1765.33,1760.06,1771.92,1.25,0.593,1767.709,1772.378,1756.37,1,0.171,0.391,-0.5428,1752.85625,1753.33025,1762.1565,1733.9125,1,0.006,0.6,0,1767.709,0.795,0.617,0,0.0,0.0,1757.0615,0.0,0.0,0,0,0,0.8,0.93,0.2249,0.93,0.6,2,0.6,0,0.701,1767.709,1751.034,0.543,0.831,0.0,2,0.0,0,0.6,1.08,3.0,0.36,0.478,1,1767.709,8,0.759,0.0,0.12,0.279,0.14,0.914,0.87,1627.48644,1631.6135,1752.83925,620.0126,6.5885,2,1626.9912,0.583,1840.9368,0.361,1840.9368,0.361,1,0.373,1,0,30336,0.763,0.574,0.44,421.0,457.7,0.3468,1214.0,0.0,1,1,0.927,1006.2,1,1,0.65,1167.4,1,49.253,0.077,0.923,0.2,0.0,1.0,0.99,0.0,0.5,0.0,1.0,0.46,0.5,0.503,0.0,0.409,0.0,0,0,0.339,0.795,0.0,0.957,0.0,0.588,0.572,0.0,0.579,0.407,0.0,1.0,0.773
0,2026.08.11 04:09:40,XPTUSDm,BREAKOUT_RETEST,BUY,1,1766.82,1763.31,1772.84,1.72,0.531,1761.568,1768.652,1755.772,1,0.083,0.854,0.0908,1755.62375,1753.33025,1765.687,1733.9125,1,0.008,0.5,0,1761.568,0.748,0.16,0,0.0,0.0,0.0,0.0,0.0,0,0,0,0.8,0.79,0.2038,0.79,0.667,0,0.725,0,0.7,1760.924,1752.552,0.146,0.862,0.0,2,0.25,0,0.725,1.05,3.0,0.35,0.466,1,1768.652,4,0.6,0.708,0.2,0.237,0.227,0.901,0.911,1627.48644,1631.7605,1752.83925,623.4974,3.4848,2,1626.9912,0.583,1840.9368,0.361,1840.9368,0.361,1,0.343,1,0,30337,0.763,0.574,0.44,419.0,407.3,0.3583,1169.5,0.0,1,1,0.927,1006.2,1,1,0.65,1167.4,1,51.254,0.077,0.923,0.2,0.0,1.0,0.06,0.0,0.5,0.0,1.0,0.697,0.5,0.571,0.0,0.32,0.0,0,0,0.417,0.8,0.0,0.763,0.0,0.57,0.516,0.0,0.592,0.407,0.0,1.0,0.818
37324,2026.08.11 04:10:40,XPTUSDm,BREAKOUT,BUY,1,1765.95,1748.41,1795.19,1.67,0.352,1761.568,1768.652,1755.772,1,0.083,0.854,0.0233,1755.62375,1753.33025,1765.687,1733.9125,1,0.007,0.5,0,1761.568,0.748,0.16,0,0.0,0.0,0.0,0.0,0.0,0,0,0,0.8,0.79,0.2038,0.79,1.0,0,0.725,0,0.7,1760.924,1752.552,0.078,0.794,0.0,2,0.25,0,0.725,0.9,3.0,0.3,0.449,1,1755.772,5,0.6,0.843,0.1,0.237,0.227,0.901,0.911,1627.48644,1631.7605,1752.83925,623.4974,3.4848,2,1626.9912,0.583,1840.9368,0.361,1840.9368,0.361,1,0.343,1,0,30337,0.763,0.574,0.44,411.0,408.4,0.3514,1169.5,0.0,1,1,0.927,1006.2,1,1,0.65,1167.4,1,51.18,0.077,0.923,0.2,0.0,1.0,0.3,0.0,0.5,0.0,0.97,0.633,0.5,0.563,0.0,0.288,0.0,0,0,0.364,0.8,0.0,0.814,0.0,0.57,0.511,0.0,0.592,0.407,0.0,1.0,0.818
37325,2026.08.11 04:10:59,XPTUSDm,TREND_CONTINUATION,BUY,1,1766.0,1751.97,1795.24,2.08,0.498,1761.568,1768.652,1755.772,1,0.083,0.854,0.0275,1755.62375,1753.33025,1765.687,1733.9125,1,0.007,0.5,0,1761.568,0.748,0.16,0,0.0,0.0,0.0,0.0,0.0,0,0,0,0.8,0.79,0.2038,0.79,1.0,0,0.725,0,0.7,1760.924,1752.552,0.083,0.798,0.0,2,0.25,0,0.725,0.9,3.0,0.3,0.449,1,1755.772,5,0.6,0.835,0.1,0.237,0.227,0.901,0.911,1627.48644,1631.7605,1752.83925,623.4974,3.4848,2,1626.9912,0.583,1840.9368,0.361,1840.9368,0.361,1,0.343,1,0,30337,0.763,0.574,0.44,411.0,408.4,0.3514,1169.5,0.0,1,1,0.927,1006.2,1,1,0.65,1167.4,1,51.184,0.077,0.923,0.2,0.0,1.0,0.31,0.0,0.5,0.0,0.97,0.615,0.5,0.563,0.0,0.288,0.0,0,0,0.353,0.8,0.0,0.814,0.0,0.57,0.511,0.0,0.592,0.407,0.0,1.0,0.818
0,2026.08.11 04:42:40,XPTUSDm,MEAN_REVERSION,BUY,1,1762.33,1758.72,1772.77,2.89,0.663,1761.568,1768.652,1755.772,1,0.083,0.854,-0.2871,1755.62375,1753.33025,1765.687,1733.9125,1,0.004,0.5,0,1761.568,0.748,0.16,0,0.0,0.0,0.0,0.0,0.0,0,0,0,0.8,0.79,0.2038,0.79,0.437,0,0.725,0,0.7,1760.924,1752.552,0.232,0.484,0.0,2,0.25,0,0.725,1.153,3.0,0.384,0.478,1,1768.652,4,0.6,0.536,0.269,0.237,0.227,0.901,0.911,1627.48644,1631.7605,1752.83925,623.4974,3.4848,2,1626.9912,0.583,1840.9368,0.361,1840.9368,0.361,1,0.343,1,0,30337,0.763,0.574,0.44,412.0,419.9,0.3523,1169.5,0.0,1,1,0.927,1006.2,1,1,0.65,1167.4,1,50.87,0.077,0.923,0.2,0.0,1.0,0.64,0.0,0.5,0.0,0.738,0.585,0.5,0.538,0.0,0.234,0.0,0,0,0.306,0.8,0.0,1.0,0.0,0.514,0.478,0.0,0.601,0.407,0.0,1.0,0.849
37328,2026.08.11 05:30:40,XPTUSDm,PULLBACK,BUY,1,1748.86,1733.32,1764.88,1.03,0.434,1761.52325,1768.6765,1756.571,0,0.026,0.451,-1.6532,1741.78625,1750.82075,1765.6325,1736.009,1,0.006,0.55,0,1760.42275,0.777,0.302,0,0.0,0.0,0.0,0.0,0.0,0,0,0,0.8,0.825,0.1761,0.825,0.11,0,0.692,0,0.574,1761.52325,1755.4705,1.653,1.069,0.0,2,0.25,0,0.692,1.3,3.0,0.433,0.48,1,1760.42275,8,0.755,0.0,0.367,0.247,0.202,0.964,0.877,1627.48644,1631.7605,1752.83925,623.4974,3.4848,2,1626.9912,0.583,1840.9368,0.361,1840.9368,0.361,1,0.343,1,0,30338,0.763,0.574,0.44,446.0,415.3,0.4306,1035.8,0.0,1,1,0.927,1006.2,1,1,0.65,1167.4,1,56.137,0.077,0.923,0.2,0.0,1.0,0.0,0.0,0.5,0.637,0.368,0.372,0.5,0.521,0.0,0.318,0.0,0,0,0.361,0.622,0.0,0.99,0.0,0.396,0.239,0.0,0.565,0.407,0.0,1.0,0.926
37329,2026.08.11 05:30:59,XPTUSDm,SWEEP_REVERSAL,BUY,1,1748.86,1738.5,1764.88,1.55,0.245,1761.52325,1768.6765,1756.571,0,0.026,0.451,-1.6532,1741.78625,1750.82075,1765.6325,1736.009,1,0.006,0.55,0,1760.42275,0.777,0.302,0,0.0,0.0,0.0,0.0,0.0,0,0,0,0.8,0.825,0.1761,0.825,0.11,0,0.692,0,0.574,1761.52325,1755.4705,1.653,1.069,0.0,2,0.25,0,0.692,1.3,3.0,0.433,0.48,1,1760.42275,8,0.755,0.0,0.367,0.247,0.202,0.964,0.877,1627.48644,1631.7605,1752.83925,623.4974,3.4848,2,1626.9912,0.583,1840.9368,0.361,1840.9368,0.361,1,0.343,1,0,30338,0.763,0.574,0.44,446.0,415.6,0.4306,1035.8,0.0,1,1,0.927,1006.2,1,1,0.65,1167.4,1,56.137,0.077,0.923,0.2,0.0,1.0,0.0,0.0,0.5,0.637,0.368,0.36,0.5,0.521,0.0,0.318,0.0,0,0,0.367,0.622,0.0,0.99,0.0,0.396,0.239,0.0,0.565,0.407,0.0,1.0,0.926
37331,2026.08.11 06:10:59,XPTUSDm,TREND_CONTINUATION,BUY,1,1750.1,1737.25,1764.56,1.12,0.431,1760.225,1767.83,1754.31,0,1.049,0.102,-1.3496,1741.78625,1750.82075,1765.6325,1736.009,1,0.005,0.4,0,1760.225,0.709,0.012,0,0.0,0.0,1744.80125,0.0,0.0,0,0,0,0.735,0.5149,0.0112,0.515,0.373,0,0.761,2,0.274,1761.07,1750.085,1.428,0.403,0.0,2,0.4,0,0.761,1.182,3.0,0.394,0.399,1,1760.225,8,0.742,0.0,0.348,0.154,0.14,0.775,0.986,1627.48644,1631.7605,1752.83925,623.4974,3.4848,2,1626.9912,0.583,1840.9368,0.361,1840.9368,0.361,1,0.343,1,0,30339,0.763,0.574,0.44,433.0,434.3,0.4043,1071.1,0.0,1,1,0.927,1006.2,1,1,0.65,1167.4,1,54.403,0.077,0.923,0.2,0.0,1.0,0.46,0.0,0.5,0.0,0.374,0.628,0.5,0.555,0.0,0.617,0.0,0,0,0.49,0.59,0.0,1.0,0.0,0.438,0.568,0.0,0.585,0.407,0.0,1.0,0.789
37332,2026.08.11 06:42:40,XPTUSDm,MEAN_REVERSION,BUY,1,1745.41,1736.84,1764.43,2.22,0.682,1760.225,1767.83,1754.31,0,1.049,0.102,-1.7753,1741.78625,1750.82075,1765.6325,1736.009,1,0.009,0.4,0,1760.225,0.709,0.012,0,0.0,0.0,1744.80125,0.0,0.0,0,0,0,0.735,0.5149,0.0112,0.515,0.099,0,0.761,2,0.274,1761.07,1739.1,1.854,0.197,0.0,2,0.4,0,0.761,1.306,3.0,0.435,0.414,1,1760.225,8,0.742,0.0,0.43,0.154,0.14,0.775,0.966,1627.48644,1631.7605,1752.83925,623.4974,3.4848,2,1626.9912,0.583,1840.9368,0.361,1840.9368,0.361,1,0.343,1,0,30339,0.763,0.574,0.44,420.0,418.0,0.3921,1071.1,0.0,1,1,0.927,1006.2,1,1,0.65,1167.4,1,53.966,0.077,0.923,0.2,0.0,1.0,0.42,0.0,0.5,0.0,0.43,0.47,0.5,0.544,0.0,0.563,0.0,0,0,0.406,0.479,0.0,1.0,0.0,0.435,0.218,0.0,0.616,0.407,0.0,1.0,0.789
37336,2026.08.11 07:31:40,XPTUSDm,SWEEP_REVERSAL,BUY,1,1747.48,1736.75,1766.29,1.75,0.119,1762.137,1764.15,1744.02,0,0.098,0.473,-1.7526,1741.78625,1750.82075,1762.341,1736.009,1,0.007,0.75,2,1746.033,0.708,0.354,0,0.0,0.0,1742.182,0.0,0.0,0,0,0,0.675,-0.685,-0.0823,0.685,0.622,2,0.507,3,1.0,1745.362,1751.401,0.189,0.752,0.0,2,0.0,0,0.507,1.07,3.0,0.357,0.478,1,1762.137,1,0.7,0.621,0.114,0.206,0.0,0.811,0.976,1627.48644,1631.7605,1752.83925,623.4974,3.4848,2,1626.9912,0.583,1840.9368,0.361,1840.9368,0.361,1,0.343,1,0,30340,0.754,0.576,0.448,415.0,416.2,0.3867,1073.1,0.0,1,1,0.927,1006.2,1,1,0.65,1167.4,1,54.058,0.077,0.923,0.2,0.0,1.0,0.46,0.0,0.5,0.0,0.74,0.407,0.5,0.508,0.0,0.447,0.0,0,0,0.387,0.86,0.0,1.0,0.0,0.788,0.539,0.0,0.516,0.407,0.0,1.0,0.886
37338,2026.08.11 10:00:00,XPTUSDm,ANCHORED_PULLBACK,BUY,2,1773.99,1766.16,1794.05,2.56,0.792,1741.81875,1757.1485,1737.31,0,2.015,0.219,2.3129,1741.78625,1750.82075,1765.6325,1736.009,0,0.016,0.55,2,1741.81875,0.733,0.0,1,0.0,0.0,1769.7885,0.0,0.0,0,0,1,0.9,-0.615,-0.1861,0.615,0.252,2,0.567,1,0.188,1742.7205,1772.47825,2.238,0.219,0.7697,0,0.4,2,1.0,1.687,3.0,0.562,0.509,2,1741.81875,8,0.747,0.0,0.384,0.885,0.14,0.788,0.984,1627.48644,1630.44663,1752.83925,625.4551,1.9576,2,1626.9912,0.581,1840.9368,0.36,1840.9368,0.36,1,0.374,1,0,30343,0.754,0.576,0.448,416.0,454.6,0.3435,1211.1,0.0,1,1,0.927,1006.2,1,1,0.65,1167.4,0,50.087,0.077,0.923,0.2,0.0,0.5,0.99,0.0,0.5,0.0,0.781,0.553,0.5,0.495,0.0,0.469,0.0,0,0,0.368,0.21,0.0,0.757,0.1,1.0,0.737,0.0,0.488,0.385,0.0,1.0,0.835
37340,2026.08.11 12:42:40,XPTUSDm,MEAN_REVERSION,BUY,2,1755.7,1745.78,1773.75,1.82,0.758,1768.99925,1776.8,1757.7315,0,0.01,1.387,-1.4552,1755.88625,1750.82075,1765.6325,1736.009,1,0.0,0.55,0,1768.99925,0.704,0.881,0,0.0,0.0,0.0,0.0,0.0,0,0,1,0.118,0.0,0.0085,0.178,0.024,0,0.826,2,0.163,1769.866,1751.66425,1.525,0.058,0.0,2,0.25,0,0.826,1.339,3.0,0.446,0.425,1,1768.99925,8,0.741,0.0,0.393,0.0,0.088,0.636,0.973,1629.625,1629.89313,1752.83925,618.4413,-7.0138,1,1626.9912,0.58,1840.9368,0.36,1840.9368,0.36,1,0.278,1,0,30345,0.754,0.576,0.448,475.0,481.9,0.383,1240.3,0.0,1,1,0.927,1006.2,1,1,0.65,1167.4,0,47.433,0.081,0.919,0.2,1.0,0.5,0.9,0.0,0.5,0.0,0.201,0.434,0.5,0.473,0.0,0.464,0.0,0,0,0.367,0.722,0.0,1.0,0.067,0.846,0.322,0.0,0.55,0.385,0.0,1.0,0.883
0,2026.08.11 13:45:40,XPTUSDm,BREAKOUT_RETEST,BUY,4,1767.1,1762.94,1772.68,1.34,0.463,1768.45375,1775.2825,1761.625,1,1.061,0.143,-0.4027,1755.88625,1750.82075,1765.6325,1736.009,1,0.009,0.45,0,1768.45375,0.73,0.317,0,0.0,0.0,1750.74275,0.0,0.0,0,0,0,0.675,0.685,0.1378,0.685,0.178,0,0.781,2,0.19,1767.695,1759.34875,0.348,0.254,0.0,2,0.15,0,0.781,1.27,3.0,0.423,0.439,1,1768.45375,8,0.746,0.304,0.307,0.206,0.053,0.759,0.9,1629.625,1629.89313,1752.83925,618.4413,-7.0138,1,1626.9912,0.58,1840.9368,0.36,1840.9368,0.36,1,0.278,1,0,30346,0.754,0.576,0.448,423.0,443.3,0.3051,1386.6,0.0,1,1,0.927,1006.2,1,1,0.65,1167.4,0,43.251,0.081,0.919,0.2,1.0,0.5,0.97,0.0,0.5,0.0,0.448,0.645,0.5,0.498,0.0,0.402,0.0,0,0,0.397,0.382,0.0,1.0,0.1,0.376,0.456,0.0,0.615,0.385,0.0,1.0,0.722
37342,2026.08.11 13:50:59,XPTUSDm,SWEEP_REVERSAL,BUY,4,1754.49,1740.62,1772.97,1.33,0.166,1768.45375,1775.2825,1761.625,0,1.061,0.143,-1.3331,1755.88625,1750.82075,1765.6325,1736.009,1,0.001,0.45,0,1768.45375,0.73,0.317,0,0.0,0.0,1750.74275,0.0,0.0,0,0,0,0.675,0.685,0.1378,0.685,0.338,0,0.781,2,0.19,1767.695,1747.9675,1.278,0.144,0.0,2,0.15,0,0.781,1.198,3.0,0.399,0.431,1,1768.45375,8,0.746,0.0,0.258,0.206,0.053,0.759,0.929,1629.625,1629.89313,1752.83925,618.4413,-7.0138,1,1626.9912,0.58,1840.9368,0.36,1840.9368,0.36,1,0.278,1,0,30346,0.754,0.576,0.448,452.0,442.5,0.326,1386.6,0.0,1,1,0.927,1006.2,1,1,0.65,1167.4,0,42.341,0.081,0.919,0.2,1.0,0.5,0.18,0.0,0.5,0.0,0.374,0.502,0.5,0.502,0.0,0.486,0.0,0,0,0.346,0.524,0.0,1.0,0.1,0.414,0.274,0.0,0.583,0.385,0.0,1.0,0.8
37343,2026.08.11 14:11:00,XPTUSDm,PULLBACK,BUY,4,1751.14,1729.36,1772.94,1.0,0.392,1768.45375,1776.8,1752.52,0,0.03,0.552,-1.5019,1755.88625,1750.82075,1765.6325,1736.009,1,0.003,0.8,0,1768.45375,0.744,0.12,0,0.0,0.0,1752.097,0.0,0.0,0,0,0,0.75,0.545,0.1369,0.545,0.254,0,0.674,3,0.707,1751.0025,1761.625,0.3,1.031,0.0,2,0.25,0,0.674,1.236,3.0,0.412,0.47,1,1768.45375,8,0.749,0.4,0.324,0.164,0.088,0.854,0.819,1629.625,1629.89313,1752.83925,618.4413,-7.0138,1,1626.9912,0.58,1840.9368,0.36,1840.9368,0.36,1,0.278,1,0,30347,0.754,0.576,0.448,449.0,434.9,0.3093,1451.8,0.0,1,1,0.927,1006.2,1,1,0.65,1167.4,0,40.208,0.081,0.919,0.2,1.0,0.5,0.14,0.0,0.5,0.0,0.392,0.532,0.5,0.495,0.0,0.417,0.0,0,0,0.334,0.71,0.0,1.0,0.1,0.728,0.314,0.0,0.571,0.385,0.0,1.0,0.941
37346,2026.08.11 14:34:40,XPTUSDm,TREND_CONTINUATION,BUY,4,1752.26,1734.84,1772.88,1.18,0.461,1768.45375,1776.8,1752.52,0,0.03,0.552,-1.4206,1755.88625,1750.82075,1765.6325,1736.009,1,0.002,0.8,0,1768.45375,0.744,0.12,0,0.0,0.0,1752.097,0.0,0.0,0,0,0,0.75,0.545,0.1369,0.545,0.254,0,0.674,3,0.707,1751.0025,1761.625,0.219,0.95,0.0,2,0.25,0,0.674,1.236,3.0,0.412,0.47,1,1768.45375,8,0.749,0.563,0.324,0.164,0.088,0.854,0.819,1629.625,1629.89313,1752.83925,618.4413,-7.0138,1,1626.9912,0.58,1840.9368,0.36,1840.9368,0.36,1,0.278,1,0,30347,0.754,0.576,0.448,443.0,431.0,0.3051,1451.8,0.0,1,1,0.927,1006.2,1,1,0.65,1167.4,0,40.286,0.081,0.919,0.2,1.0,0.5,0.16,0.0,0.5,0.0,0.557,0.619,0.5,0.518,0.0,0.431,0.0,0,0,0.399,0.71,0.0,1.0,0.1,0.718,0.351,0.0,0.571,0.385,0.0,1.0,0.941
37348,2026.08.11 14:42:40,XPTUSDm,MEAN_REVERSION,BUY,4,1753.23,1741.62,1772.71,1.68,0.659,1768.45375,1776.8,1752.52,0,0.03,0.552,-1.3421,1755.88625,1750.82075,1765.6325,1736.009,1,0.001,0.8,0,1768.45375,0.744,0.12,0,0.0,0.0,1752.097,0.0,0.0,0,0,0,0.75,0.545,0.1369,0.545,0.424,0,0.674,3,0.707,1751.0025,1761.625,0.14,0.872,0.0,2,0.25,0,0.674,1.159,3.0,0.386,0.461,1,1768.45375,8,0.749,0.72,0.273,0.164,0.088,0.854,0.819,1629.625,1629.89313,1752.83925,618.4413,-7.0138,1,1626.9912,0.58,1840.9368,0.36,1840.9368,0.36,1,0.278,1,0,30347,0.754,0.576,0.448,426.0,431.8,0.2934,1451.8,0.0,1,1,0.927,1006.2,1,1,0.65,1167.4,0,40.352,0.081,0.919,0.2,1.0,0.5,0.77,0.0,0.5,0.0,0.638,0.61,0.5,0.534,0.0,0.426,0.0,0,0,0.396,0.746,0.0,1.0,0.1,0.708,0.366,0.0,0.536,0.385,0.0,1.0,0.941
37350,2026.08.11 15:46:40,XPTUSDm,BREAKOUT_RETEST,BUY,4,1747.3,1743.0,1752.35,1.17,0.499,1748.18075,1761.1895,1742.11,1,0.05,0.917,-0.352,1757.86175,1750.82075,1765.6325,1736.009,1,0.005,0.55,2,1748.18075,0.756,0.857,0,0.0,0.0,0.0,0.0,0.0,0,0,0,0.825,0.58,0.1395,0.58,0.182,0,0.682,1,0.11,1749.048,1761.1895,0.412,1.259,0.0,2,0.25,0,0.682,1.268,3.0,0.423,0.39,1,1748.18075,8,0.751,0.175,0.345,0.174,0.088,0.762,0.852,1629.625,1629.89313,1752.83925,618.4413,-7.0138,1,1626.9912,0.58,1840.9368,0.36,1840.9368,0.36,1,0.278,1,0,30348,0.754,0.576,0.448,417.0,427.9,0.2906,1435.0,0.0,1,1,0.927,1006.2,1,1,0.65,1167.4,0,40.411,0.081,0.919,0.2,1.0,0.5,0.76,0.0,0.5,0.0,0.653,0.48,0.5,0.448,0.0,0.269,0.0,0,0,0.254,0.685,0.111,1.0,0.1,0.528,0.402,0.0,0.539,0.385,0.0,1.0,0.862
37352,2026.08.11 17:02:40,XPTUSDm,MEAN_REVERSION,BUY,3,1745.72,1734.93,1754.48,0.81,0.672,1742.4975,1750.225,1740.39,1,0.041,0.272,-0.0762,1756.83575,1740.94625,1765.6325,1736.009,1,0.0,0.35,0,1742.4975,0.778,0.414,0,0.0,0.0,0.0,0.0,0.0,0,0,0,0.181,-0.4163,-0.0164,0.416,0.593,0,0.713,1,0.079,1743.2,1738.2825,0.128,0.236,0.0,2,0.15,0,0.713,1.083,3.0,0.361,0.415,1,1750.225,4,0.6,0.743,0.182,0.125,0.053,0.987,0.955,1629.625,1630.10625,1747.60375,592.6093,-25.8319,1,1626.9912,0.578,1840.9368,0.36,1840.9368,0.36,1,0.394,1,0,30350,0.75,0.577,0.452,425.0,408.0,0.3151,1348.9,0.0,1,1,0.927,1006.2,1,1,0.65,1167.4,0,42.875,0.094,0.906,0.2,1.0,0.5,0.0,0.0,0.5,0.0,0.993,0.529,0.5,0.555,0.0,0.342,0.0,0,0,0.32,0.76,0.0,1.0,0.16,0.421,0.461,0.0,0.573,0.385,0.0,1.0,0.642
37354,2026.08.11 17:28:40,XPTUSDm,SWEEP_REVERSAL,BUY,3,1743.37,1729.88,1754.34,0.81,0.168,1742.4975,1750.225,1740.39,0,0.041,0.272,-0.24,1756.83575,1740.94625,1765.6325,1736.009,1,0.001,0.35,0,1742.4975,0.778,0.414,0,0.0,0.0,0.0,0.0,0.0,0,0,0,0.181,-0.4163,-0.0164,0.416,0.168,0,0.713,1,0.079,1743.2,1738.2825,0.292,0.072,0.0,2,0.15,0,0.713,1.275,3.0,0.425,0.438,1,1750.225,4,0.6,0.416,0.31,0.125,0.053,0.987,0.955,1629.625,1630.10625,1747.60375,592.6093,-25.8319,1,1626.9912,0.578,1840.9368,0.36,1840.9368,0.36,1,0.394,1,0,30350,0.75,0.577,0.452,411.0,400.2,0.3047,1348.9,0.0,1,1,0.927,1006.2,1,1,0.65,1167.4,0,42.701,0.094,0.906,0.2,1.0,0.5,0.22,0.0,0.5,0.0,1.0,0.464,0.5,0.547,0.0,0.305,0.0,0,0,0.308,0.739,0.0,1.0,0.213,0.421,0.393,0.0,0.56,0.385,0.0,1.0,0.792
37356,2026.08.12 02:00:00,XPTUSDm,BREAKOUT,BUY,1,1753.69,1747.61,1778.32,4.05,0.554,1741.3845,1747.092,1739.482,0,0.517,0.256,0.7487,1742.22725,1741.865,1759.564,1737.038,1,0.007,0.5,0,1741.3845,0.76,0.22,0,0.0,0.0,0.0,0.0,0.0,0,0,0,0.741,-0.4839,-0.0117,0.484,0.432,0,0.697,0,0.347,1742.526,1751.658,0.633,0.294,0.4196,0,0.4,2,1.0,1.606,3.0,0.535,0.528,2,1741.3845,8,0.752,0.0,0.33,0.845,0.209,0.86,0.895,1627.48644,1630.10625,1747.60375,604.2778,3.6406,2,1626.9912,0.577,1840.9368,0.358,1840.9368,0.358,1,0.412,1,0,30358,0.75,0.577,0.452,493.0,550.6,0.5004,985.1,0.0,1,1,0.927,1006.2,1,1,0.65,1167.4,0,59.513,0.074,0.926,0.2,0.0,0.5,0.99,0.0,0.5,0.0,0.281,0.62,0.5,0.375,0.0,0.724,0.0,0,0,0.474,0.578,0.0,1.0,0.1,0.471,0.57,0.0,0.51,0.407,0.0,1.0,0.794
37358,2026.08.12 03:00:00,XPTUSDm,ANCHORED_PULLBACK,BUY,1,1763.26,1755.23,1777.26,1.74,0.627,1747.6025,1753.185,1742.02,0,0.867,0.047,0.9686,1742.22725,1741.865,1759.564,1737.038,1,0.015,0.55,0,1747.6025,0.8,0.607,0,0.0,0.0,1753.007,0.0,0.0,0,0,0,0.675,0.685,0.0551,0.685,0.045,2,0.47,0,0.646,1747.6025,1756.23,0.969,0.105,0.3558,0,0.15,2,1.0,1.78,3.0,0.593,0.626,2,1747.6025,8,0.76,0.0,0.347,0.906,0.182,0.878,0.944,1627.48644,1630.10625,1747.60375,604.2778,3.6406,2,1626.9912,0.577,1840.9368,0.358,1840.9368,0.358,1,0.412,1,0,30359,0.75,0.577,0.452,598.0,670.5,0.5985,999.1,0.0,1,1,0.927,1006.2,1,1,0.65,1167.4,1,59.637,0.074,0.926,0.2,0.0,1.0,0.99,0.0,0.5,0.0,0.604,0.664,0.5,0.413,0.0,0.469,0.0,0,0,0.41,0.432,0.0,1.0,0.143,0.816,0.617,0.0,0.542,0.407,0.0,1.0,0.851
37360,2026.08.12 03:50:40,XPTUSDm,TREND_CONTINUATION,BUY,1,1757.71,1745.72,1782.69,2.08,0.46,1747.6025,1753.185,1742.02,0,0.867,0.047,0.6183,1742.22725,1741.865,1759.564,1737.038,1,0.012,0.55,0,1747.6025,0.8,0.607,0,0.0,0.0,1753.007,0.0,0.0,0,0,0,0.675,0.685,0.0551,0.685,0.218,0,0.77,0,0.646,1747.6025,1756.23,0.618,0.245,0.0,2,0.15,0,0.77,1.252,3.0,0.417,0.506,2,1747.6025,8,0.76,0.0,0.295,0.206,0.182,0.878,0.944,1627.48644,1630.10625,1747.60375,604.2778,3.6406,2,1626.9912,0.577,1840.9368,0.358,1840.9368,0.358,1,0.412,1,0,30359,0.75,0.577,0.452,393.0,385.6,0.3933,999.1,0.0,1,1,0.927,1006.2,1,1,0.65,1167.4,1,59.082,0.074,0.926,0.2,0.0,1.0,0.3,0.0,0.5,0.0,1.0,0.237,0.5,0.537,0.0,0.277,0.0,0,0,0.43,0.493,0.0,1.0,0.143,0.54,0.616,0.0,0.616,0.407,0.0,1.0,0.791
37362,2026.08.12 04:01:40,XPTUSDm,BREAKOUT,BUY,1,1756.66,1752.36,1778.79,5.14,0.343,1747.157,1756.354,1744.452,1,0.486,0.37,0.6308,1742.22725,1740.8745,1757.666,1736.295,1,0.013,0.55,0,1747.157,0.79,0.157,0,0.0,0.0,0.0,0.0,0.0,0,0,0,0.75,0.72,0.1441,0.72,0.621,2,0.608,0,0.736,1747.698,1757.977,0.57,0.592,0.0,2,0.0,0,0.608,1.07,3.0,0.357,0.471,1,1747.157,8,0.758,0.0,0.114,0.216,0.147,0.818,0.816,1629.625,1630.10625,1748.12312,584.4073,-19.8705,1,1626.9912,0.575,1840.9368,0.357,1840.9368,0.357,1,0.451,1,0,30360,0.746,0.584,0.456,392.0,394.1,0.4429,885.1,0.0,1,1,0.927,1006.2,1,1,0.65,1167.4,1,66.578,0.09,0.91,0.2,1.0,1.0,0.65,0.0,0.5,0.0,1.0,0.44,0.5,0.462,0.0,0.224,0.0,0,0,0.264,0.662,0.0,1.0,0.143,0.569,0.541,0.0,0.614,0.407,0.0,1.0,0.774
37364,2026.08.12 04:07:40,XPTUSDm,BREAKOUT_RETEST,BUY,1,1756.6,1752.33,1766.2,2.24,0.506,1747.157,1756.354,1744.452,1,0.486,0.37,0.6274,1742.22725,1740.8745,1757.666,1736.295,1,0.013,0.55,0,1747.157,0.79,0.157,0,0.0,0.0,0.0,0.0,0.0,0,0,0,0.75,0.72,0.1441,0.72,0.621,2,0.608,0,0.736,1747.698,1757.977,0.566,0.595,0.0,2,0.0,0,0.608,1.07,3.0,0.357,0.471,1,1747.157,8,0.758,0.0,0.114,0.216,0.147,0.818,0.816,1629.625,1630.10625,1748.12312,584.4073,-19.8705,1,1626.9912,0.575,1840.9368,0.357,1840.9368,0.357,1,0.451,1,0,30360,0.746,0.584,0.456,389.0,397.3,0.4395,885.1,0.0,1,1,0.927,1006.2,1,1,0.65,1167.4,1,66.571,0.09,0.91,0.2,1.0,1.0,0.65,0.0,0.5,0.0,1.0,0.528,0.5,0.472,0.0,0.219,0.0,0,0,0.246,0.662,0.0,1.0,0.143,0.566,0.54,0.0,0.614,0.407,0.0,1.0,0.774
37366,2026.08.12 04:58:40,XPTUSDm,PULLBACK,BUY,1,1756.83,1752.53,1761.76,1.14,0.558,1747.157,1756.354,1744.452,1,0.486,0.37,0.6308,1742.22725,1740.8745,1757.666,1736.295,1,0.013,0.55,0,1747.157,0.79,0.157,0,0.0,0.0,0.0,0.0,0.0,0,0,0,0.75,0.72,0.1441,0.72,0.621,2,0.608,0,0.736,1747.698,1757.977,0.57,0.592,0.0,2,0.0,0,0.608,1.07,3.0,0.357,0.471,1,1747.157,8,0.758,0.0,0.114,0.216,0.147,0.818,0.816,1629.625,1630.10625,1748.12312,584.4073,-19.8705,1,1626.9912,0.575,1840.9368,0.357,1840.9368,0.357,1,0.451,1,0,30360,0.746,0.584,0.456,409.0,392.1,0.4621,885.1,0.0,1,1,0.927,1006.2,1,1,0.65,1167.4,1,66.597,0.09,0.91,0.2,1.0,1.0,0.05,0.0,0.5,0.0,0.961,0.531,0.5,0.453,0.0,0.177,0.0,0,0,0.225,0.662,0.0,1.0,0.143,0.54,0.541,0.0,0.614,0.407,0.0,1.0,0.774
37368,2026.08.12 05:57:40,XPTUSDm,TREND_CONTINUATION,BUY,1,1758.64,1748.92,1778.9,2.08,0.395,1747.362,1753.692,1745.252,0,0.086,0.643,0.8723,1742.22725,1740.8745,1757.666,1736.295,1,0.017,0.5,0,1747.362,0.8,0.471,0,0.0,0.0,0.0,0.0,0.0,0,0,0,0.55,0.58,0.2251,0.58,0.592,0,0.672,0,0.541,1752.004,1758.334,0.299,0.482,0.0,2,0.0,0,0.672,1.084,3.0,0.361,0.471,1,1747.362,8,0.76,0.401,0.122,0.174,0.108,0.874,0.855,1629.625,1630.10625,1748.12312,584.4073,-19.8705,1,1626.9912,0.575,1840.9368,0.357,1840.9368,0.357,1,0.451,1,0,30361,0.746,0.584,0.456,421.0,410.2,0.5196,810.3,0.0,1,1,0.927,1006.2,1,1,0.65,1167.4,1,72.967,0.09,0.91,0.2,1.0,1.0,0.3,0.0,0.5,0.0,0.25,0.474,0.5,0.57,0.0,0.546,0.0,0,0,0.405,0.747,0.0,0.968,0.067,0.326,0.623,0.0,0.61,0.407,0.0,1.0,0.89
37369,2026.08.12 06:01:40,XPTUSDm,BREAKOUT,BUY,1,1759.64,1748.0,1779.04,1.67,0.401,1752.9785,1755.418,1749.842,1,0.034,0.325,0.3082,1742.22725,1740.8745,1757.666,1736.295,1,0.019,0.4,0,1750.8875,0.734,0.41,0,0.0,0.0,1751.00825,0.0,0.0,0,0,0,0.9,0.615,0.236,0.615,0.574,0,0.786,0,0.945,1753.327,1756.4635,0.263,0.141,0.0,2,0.25,0,0.786,1.092,3.0,0.364,0.525,2,1752.9785,1,0.7,0.473,0.228,0.185,0.277,0.963,0.803,1629.625,1630.10625,1748.12312,584.4073,-19.8705,1,1626.9912,0.575,1840.9368,0.357,1840.9368,0.357,1,0.451,1,0,30362,0.746,0.584,0.456,427.0,402.4,0.5504,775.9,0.0,1,1,0.927,1006.2,1,1,0.65,1167.4,0,76.334,0.09,0.91,0.2,1.0,0.5,0.04,0.0,0.5,0.0,0.39,0.571,0.5,0.558,0.0,0.66,0.0,0,0,0.474,0.776,0.0,1.0,0.143,0.261,0.601,0.0,0.641,0.407,0.0,1.0,0.813
37370,2026.08.12 06:02:00,XPTUSDm,ANCHORED_PULLBACK,BUY,1,1760.41,1749.07,1771.27,0.96,0.289,1752.9785,1755.418,1749.842,0,0.034,0.325,0.3572,1742.22725,1740.8745,1757.666,1736.295,1,0.019,0.4,0,1750.8875,0.734,0.41,0,0.0,0.0,1751.00825,0.0,0.0,0,0,0,0.9,0.615,0.236,0.615,0.282,0,0.786,0,0.945,1753.327,1756.4635,0.312,0.092,0.0,2,0.25,0,0.786,1.223,3.0,0.408,0.54,2,1752.9785,1,0.7,0.375,0.315,0.185,0.277,0.963,0.803,1629.625,1630.10625,1748.12312,584.4073,-19.8705,1,1626.9912,0.575,1840.9368,0.357,1840.9368,0.357,1,0.451,1,0,30362,0.746,0.584,0.456,466.0,402.9,0.6006,775.9,0.0,1,1,0.927,1006.2,1,1,0.65,1167.4,0,76.433,0.09,0.91,0.2,1.0,0.5,0.0,0.0,0.5,0.0,0.39,0.609,0.5,0.558,0.0,0.685,0.0,0,0,0.507,0.704,0.0,1.0,0.143,0.288,0.623,0.0,0.641,0.407,0.0,1.0,0.852
0,2026.08.12 06:07:40,XPTUSDm,BREAKOUT_RETEST,BUY,1,1755.82,1753.49,1760.2,1.88,0.568,1752.9785,1755.418,1749.842,1,0.034,0.325,-0.2499,1742.22725,1740.8745,1757.666,1736.295,1,0.013,0.4,0,1750.8875,0.734,0.41,0,0.0,0.0,1751.00825,0.0,0.0,0,0,0,0.9,0.615,0.236,0.615,0.858,0,0.786,0,0.945,1751.236,1746.0085,0.025,0.649,0.0,2,0.25,0,0.786,0.964,3.0,0.321,0.51,2,1755.418,4,0.6,0.949,0.143,0.185,0.277,0.963,0.924,1629.625,1630.10625,1748.12312,584.4073,-19.8705,1,1626.9912,0.575,1840.9368,0.357,1840.9368,0.357,1,0.451,1,0,30362,0.746,0.584,0.456,478.0,429.0,0.6161,775.9,0.0,1,1,0.927,1006.2,1,1,0.65,1167.4,0,75.841,0.09,0.91,0.2,1.0,0.5,0.24,0.0,0.5,0.0,0.349,0.63,0.5,0.513,0.0,0.717,0.0,0,0,0.519,0.8,0.0,1.0,0.143,0.304,0.545,0.0,0.64,0.407,0.0,1.0,0.821
37373,2026.08.12 06:58:40,XPTUSDm,PULLBACK,BUY,1,1761.98,1757.0,1785.26,4.67,0.462,1752.9785,1755.418,1749.842,0,0.034,0.325,0.6318,1742.22725,1740.8745,1757.666,1736.295,0,0.022,0.4,0,1750.8875,0.734,0.41,0,0.0,0.0,1751.00825,0.0,0.0,0,0,0,0.9,0.615,0.236,0.615,0.148,0,0.786,0,0.945,1753.327,1758.5545,0.587,0.087,0.0,2,0.25,0,0.786,1.283,3.0,0.428,0.547,2,1752.9785,1,0.7,0.0,0.356,0.185,0.277,0.963,0.869,1629.625,1630.10625,1748.12312,584.4073,-19.8705,1,1626.9912,0.575,1840.9368,0.357,1840.9368,0.357,1,0.451,1,0,30362,0.746,0.584,0.456,410.0,407.8,0.5284,775.9,0.0,1,1,0.927,1006.2,1,1,0.65,1167.4,0,76.635,0.09,0.91,0.2,1.0,0.5,0.36,0.0,0.5,0.0,0.448,0.588,0.5,0.522,0.0,0.774,0.0,0,0,0.519,0.635,0.0,0.928,0.143,0.361,0.791,0.0,0.679,0.407,0.0,1.0,0.872
37376,2026.08.12 07:57:40,XPTUSDm,TREND_CONTINUATION,BUY,1,1760.58,1751.48,1779.54,2.08,0.528,1751.49125,1755.245,1750.4675,0,0.62,0.19,0.6249,1742.22725,1746.9805,1757.666,1736.295,1,0.012,0.35,0,1751.49125,0.71,0.687,0,0.0,0.0,0.0,0.0,0.0,0,0,1,0.975,0.65,0.2066,0.65,0.232,0,0.675,1,0.278,1753.53875,1760.0225,0.355,0.5,0.0,2,0.4,0,0.675,1.245,3.0,0.415,0.393,1,1751.49125,8,0.742,0.29,0.39,0.195,0.14,0.838,0.906,1629.625,1630.10625,1748.12312,584.4073,-19.8705,1,1626.9912,0.575,1840.9368,0.357,1840.9368,0.357,1,0.451,1,0,30363,0.746,0.584,0.456,435.0,417.0,0.5737,758.3,0.0,1,1,0.927,1006.2,1,1,0.65,1167.4,1,78.226,0.09,0.91,0.2,1.0,1.0,0.1,0.0,0.5,0.0,0.994,0.626,0.5,0.517,0.0,0.407,0.0,0,0,0.393,0.44,0.0,1.0,0.1,0.322,0.635,0.0,0.64,0.407,0.0,1.0,0.79
0,2026.08.12 08:01:40,XPTUSDm,BREAKOUT,BUY,2,1760.74,1757.17,1780.25,5.46,0.513,1751.49125,1754.5625,1749.785,0,0.456,0.243,0.62,1742.22725,1750.0335,1760.719,1739.348,1,0.008,0.35,0,1751.49125,0.709,0.52,0,0.0,0.0,1753.36525,0.0,0.0,0,0,0,1.0,0.86,0.193,0.86,0.368,0,0.706,1,0.306,1752.515,1759.34,0.489,0.386,0.0,2,0.15,0,0.706,1.184,3.0,0.395,0.453,1,1751.49125,8,0.742,0.022,0.25,0.258,0.053,0.983,0.912,1627.48644,1630.10625,1748.66687,606.5812,22.1739,2,1626.9912,0.573,1840.9368,0.355,1840.9368,0.355,1,0.404,1,0,30364,0.746,0.584,0.456,441.0,423.0,0.5651,780.4,0.0,1,1,0.927,1006.2,1,1,0.65,1167.4,1,76.027,0.074,0.926,0.2,0.0,1.0,0.18,0.0,0.5,0.0,0.789,0.522,0.5,0.492,0.0,0.446,0.0,0,0,0.339,0.628,0.0,0.968,0.1,0.322,0.698,0.0,0.647,0.407,0.0,1.0,0.851
37378,2026.08.12 08:02:00,XPTUSDm,ANCHORED_PULLBACK,BUY,2,1761.11,1751.02,1772.25,1.1,0.377,1751.49125,1754.5625,1749.785,0,0.456,0.243,0.6597,1742.22725,1750.0335,1760.719,1739.348,1,0.008,0.35,0,1751.49125,0.709,0.52,0,0.0,0.0,1753.36525,0.0,0.0,0,0,0,1.0,0.86,0.193,0.86,0.336,0,0.706,1,0.306,1752.515,1759.34,0.529,0.346,0.0,2,0.15,0,0.706,1.199,3.0,0.4,0.455,1,1751.49125,8,0.742,0.0,0.259,0.258,0.053,0.983,0.912,1627.48644,1630.10625,1748.66687,606.5812,22.1739,2,1626.9912,0.573,1840.9368,0.355,1840.9368,0.355,1,0.404,1,0,30364,0.746,0.584,0.456,447.0,423.6,0.5728,780.4,0.0,1,1,0.927,1006.2,1,1,0.65,1167.4,1,76.075,0.074,0.926,0.2,0.0,1.0,0.18,0.0,0.5,0.0,0.686,0.49,0.5,0.448,0.0,0.406,0.0,0,0,0.303,0.621,0.0,0.748,0.1,0.322,0.705,0.0,0.647,0.407,0.0,1.0,0.851
0,2026.08.12 08:17:40,XPTUSDm,BREAKOUT_RETEST,BUY,2,1758.05,1755.71,1761.32,1.4,0.604,1751.49125,1754.5625,1749.785,1,0.456,0.243,0.2805,1742.22725,1750.0335,1760.719,1739.348,1,0.005,0.35,0,1751.49125,0.709,0.52,0,0.0,0.0,1753.36525,0.0,0.0,0,0,0,1.0,0.86,0.193,0.86,0.981,0,0.706,1,0.306,1752.515,1749.1025,0.149,0.587,0.0,2,0.15,0,0.706,0.909,3.0,0.303,0.421,1,1749.785,5,0.6,0.701,0.066,0.258,0.053,0.983,0.912,1627.48644,1630.10625,1748.66687,606.5812,22.1739,2,1626.9912,0.573,1840.9368,0.355,1840.9368,0.355,1,0.404,1,0,30364,0.746,0.584,0.456,437.0,429.6,0.5599,780.4,0.0,1,1,0.927,1006.2,1,1,0.65,1167.4,1,75.683,0.074,0.926,0.2,0.0,1.0,0.29,0.0,0.5,0.0,0.578,0.396,0.5,0.498,0.0,0.421,0.0,0,0,0.38,0.8,0.0,0.871,0.1,0.312,0.544,0.0,0.681,0.407,0.0,1.0,0.859
37380,2026.08.12 09:13:40,XPTUSDm,PULLBACK,BUY,2,1764.91,1760.05,1788.32,4.82,0.434,1753.53875,1757.2925,1750.4675,0,0.024,0.374,0.9742,1753.37975,1753.0865,1760.719,1739.348,0,0.01,0.5,0,1752.17375,0.728,0.611,0,0.0,0.0,1757.06125,0.0,0.0,0,0,0,0.75,0.895,0.1955,0.895,0.138,0,0.723,0,0.48,1752.85625,1761.72875,1.062,0.075,0.0,2,0.0,0,0.723,1.288,3.0,0.429,0.512,2,1753.53875,1,0.7,0.0,0.259,0.269,0.096,0.971,0.947,1627.48644,1630.10625,1748.66687,606.5812,22.1739,2,1626.9912,0.573,1840.9368,0.355,1840.9368,0.355,1,0.404,1,0,30365,0.746,0.584,0.456,377.0,405.3,0.4832,780.3,0.0,1,1,0.927,1006.2,1,1,0.65,1167.4,0,76.576,0.074,0.926,0.2,0.0,0.5,0.99,0.0,0.5,0.0,1.0,0.709,0.5,0.494,0.0,0.357,0.0,0,0,0.416,0.639,0.0,1.0,0.1,0.356,0.825,0.0,0.668,0.407,0.0,1.0,0.872
37382,2026.08.12 09:57:40,XPTUSDm,TREND_CONTINUATION,BUY,2,1772.95,1760.63,1792.46,1.58,0.511,1753.53875,1757.2925,1750.4675,0,0.024,0.374,1.9302,1753.37975,1753.0865,1760.719,1739.348,0,0.02,0.5,0,1752.17375,0.728,0.611,0,0.0,0.0,1757.06125,0.0,0.0,0,0,0,0.75,0.895,0.1955,0.895,0.06,0,0.723,0,0.48,1752.85625,1761.72875,2.018,0.881,0.0,2,0.0,0,0.723,1.323,3.0,0.441,0.516,2,1753.53875,1,0.7,0.0,0.282,0.269,0.096,0.971,0.947,1627.48644,1630.10625,1748.66687,606.5812,22.1739,2,1626.9912,0.573,1840.9368,0.355,1840.9368,0.355,1,0.404,1,0,30365,0.746,0.584,0.456,435.0,429.5,0.5575,780.3,0.0,1,1,0.927,1006.2,1,1,0.65,1167.4,0,77.606,0.074,0.926,0.2,0.0,0.5,0.33,0.0,0.5,0.0,0.567,0.412,0.5,0.461,0.0,0.344,0.0,0,0,0.329,0.62,0.0,0.713,0.1,0.557,0.865,0.0,0.681,0.385,0.0,1.0,0.886
37384,2026.08.12 10:01:40,XPTUSDm,BREAKOUT,BUY,2,1773.79,1761.64,1795.61,1.8,0.528,1756.93175,1758.806,1750.0595,0,1.273,0.414,1.4357,1753.37975,1753.0865,1760.719,1739.348,0,0.019,0.35,0,1756.93175,0.737,0.291,0,0.0,0.0,1768.157,0.0,0.0,0,0,1,1.0,0.93,0.1602,0.93,0.314,2,0.588,3,0.913,1757.5565,1763.804,1.364,0.648,0.0,2,0.0,0,0.588,1.209,3.0,0.403,0.513,2,1756.93175,8,0.747,0.0,0.206,0.279,0.0,0.887,0.947,1627.48644,1630.10625,1748.66687,606.5812,22.1739,2,1626.9912,0.573,1840.9368,0.355,1840.9368,0.355,1,0.404,1,0,30366,0.746,0.584,0.456,433.0,427.4,0.4962,872.6,0.0,1,1,0.927,1006.2,1,1,0.65,1167.4,1,69.489,0.074,0.926,0.2,0.0,1.0,0.24,0.0,0.5,0.0,0.56,0.38,0.5,0.484,0.0,0.393,0.0,0,0,0.374,0.436,0.0,0.713,0.223,0.528,0.859,0.0,0.647,0.37,0.0,1.0,0.903
37385,2026.08.12 10:02:00,XPTUSDm,ANCHORED_PULLBACK,BUY,2,1773.83,1765.54,1786.96,1.58,0.536,1756.93175,1758.806,1750.0595,0,1.273,0.414,1.4414,1753.37975,1753.0865,1760.719,1739.348,0,0.019,0.35,0,1756.93175,0.737,0.291,0,0.0,0.0,1768.157,0.0,0.0,0,0,1,1.0,0.93,0.1602,0.93,0.314,2,0.588,3,0.913,1757.5565,1763.804,1.37,0.654,0.0,2,0.0,0,0.588,1.209,3.0,0.403,0.513,2,1756.93175,8,0.747,0.0,0.206,0.279,0.0,0.887,0.947,1627.48644,1630.10625,1748.66687,606.5812,22.1739,2,1626.9912,0.573,1840.9368,0.355,1840.9368,0.355,1,0.404,1,0,30366,0.746,0.584,0.456,432.0,427.5,0.495,872.6,0.0,1,1,0.927,1006.2,1,1,0.65,1167.4,1,69.493,0.074,0.926,0.2,0.0,1.0,0.34,0.0,0.5,0.0,0.56,0.395,0.5,0.484,0.0,0.393,0.0,0,0,0.365,0.436,0.0,0.713,0.223,0.528,0.859,0.0,0.647,0.37,0.0,1.0,0.903
0,2026.08.12 11:00:00,XPTUSDm,BREAKOUT_RETEST,BUY,2,1775.45,1772.81,1786.6,4.22,0.887,1768.56875,1773.8,1756.3625,1,0.186,0.978,0.318,1753.37975,1746.9805,1760.719,1739.348,0,0.028,0.75,0,1769.73125,0.744,0.182,0,0.0,0.0,1768.805,0.0,0.0,0,0,1,1.0,0.965,0.1899,0.965,0.532,1,0.242,3,0.976,1769.15,1762.175,0.252,1.044,0.9866,0,0.3,2,1.0,1.56,3.0,0.52,0.633,2,1768.56875,1,0.7,0.496,0.26,0.99,0.105,0.993,0.962,1627.48644,1630.10625,1748.66687,606.5812,22.1739,2,1626.9912,0.573,1840.9368,0.355,1840.9368,0.355,1,0.404,1,0,30367,0.746,0.584,0.456,408.0,435.1,0.4631,880.9,0.0,1,1,0.927,1006.2,1,1,0.65,1167.4,1,69.024,0.074,0.926,0.2,0.0,1.0,0.84,0.0,0.5,0.0,0.493,0.608,0.5,0.499,0.0,0.506,0.0,0,0,0.417,0.637,0.0,0.902,0.13,1.0,0.65,0.0,0.551,0.385,0.0,1.0,0.993
37388,2026.08.12 11:13:40,XPTUSDm,PULLBACK,BUY,2,1784.01,1773.44,1810.44,2.5,0.519,1768.56875,1773.8,1756.3625,0,0.186,0.978,1.2318,1753.37975,1746.9805,1760.719,1739.348,0,0.037,0.75,0,1769.73125,0.744,0.182,0,0.0,0.0,1768.805,0.0,0.0,0,0,1,1.0,0.965,0.1899,0.965,0.163,2,0.542,3,0.976,1769.15,1762.175,1.166,1.958,0.0,2,0.0,0,0.542,1.277,3.0,0.426,0.531,2,1769.73125,8,0.749,0.0,0.251,0.29,0.0,0.993,0.962,1627.48644,1630.10625,1748.66687,606.5812,22.1739,2,1626.9912,0.573,1840.9368,0.355,1840.9368,0.355,1,0.404,1,0,30367,0.746,0.584,0.456,459.0,444.3,0.521,880.9,0.0,1,1,0.927,1006.2,1,1,0.65,1167.4,1,69.995,0.074,0.926,0.2,0.0,1.0,0.26,0.0,0.5,0.0,0.371,0.769,0.5,0.46,0.0,0.343,0.0,0,0,0.436,0.505,0.0,0.38,0.1,1.0,0.856,0.0,0.638,0.385,0.0,1.0,0.965
37390,2026.08.12 12:00:00,XPTUSDm,TREND_CONTINUATION,BUY,2,1798.29,1786.17,1823.55,2.08,0.876,1769.64275,1783.1725,1756.113,0,2.163,0.927,2.3694,1752.14175,1740.95375,1760.8775,1739.1425,0,0.052,0.65,0,1769.64275,0.793,0.256,0,0.0,0.0,1789.836,0.0,0.0,0,0,1,1.0,1.0,0.1938,1.0,0.141,2,0.513,0,0.413,1769.64275,1784.21325,2.369,0.927,0.9524,0,0.0,2,1.0,1.737,3.0,0.579,0.588,2,1769.64275,8,0.759,0.0,0.258,1.0,0.083,0.672,0.941,1623.59524,1632.20313,1748.85725,559.2623,-47.3189,1,1626.9912,0.572,1840.9368,0.356,1840.9368,0.356,1,0.089,1,0,30368,0.746,0.584,0.456,471.0,488.5,0.4662,1010.3,0.0,1,1,0.927,1006.2,1,1,0.65,1167.4,1,62.447,0.119,0.881,0.2,1.0,1.0,0.99,0.0,0.5,0.0,0.615,0.667,0.5,0.461,0.0,0.523,0.0,0,0,0.448,0.327,0.0,0.421,0.1,1.0,0.745,0.0,0.529,0.423,0.0,1.0,0.958
37392,2026.08.12 12:01:40,XPTUSDm,BREAKOUT,BUY,2,1798.59,1778.38,1823.85,1.25,0.507,1769.64275,1783.1725,1756.113,0,2.163,0.927,2.3545,1752.14175,1740.95375,1760.8775,1739.1425,0,0.052,0.65,0,1769.64275,0.793,0.256,0,0.0,0.0,1789.836,0.0,0.0,0,0,1,1.0,1.0,0.1938,1.0,0.141,2,0.577,0,0.413,1769.64275,1784.21325,2.355,0.912,0.0,2,0.0,0,0.577,1.287,3.0,0.429,0.43,1,1769.64275,8,0.759,0.0,0.258,0.3,0.083,0.672,0.941,1623.59524,1632.20313,1748.85725,559.2623,-47.3189,1,1626.9912,0.572,1840.9368,0.356,1840.9368,0.356,1,0.089,1,0,30368,0.746,0.584,0.456,516.0,488.5,0.5107,1010.3,0.0,1,1,0.927,1006.2,1,1,0.65,1167.4,1,62.476,0.119,0.881,0.2,1.0,1.0,0.04,0.0,0.5,0.0,0.732,0.616,0.5,0.476,0.0,0.523,0.0,0,0,0.422,0.294,0.0,0.333,0.1,1.0,0.857,0.0,0.591,0.423,0.0,1.0,0.89
37393,2026.08.12 12:02:00,XPTUSDm,ANCHORED_PULLBACK,BUY,2,1798.38,1786.81,1813.58,1.31,0.416,1769.64275,1783.1725,1756.113,0,2.163,0.927,2.3486,1752.14175,1740.95375,1760.8775,1739.1425,0,0.052,0.65,0,1769.64275,0.793,0.256,0,0.0,0.0,1789.836,0.0,0.0,0,0,1,1.0,1.0,0.1938,1.0,0.141,2,0.577,0,0.413,1769.64275,1784.21325,2.349,0.906,0.0,2,0.0,0,0.577,1.287,3.0,0.429,0.43,1,1769.64275,8,0.759,0.0,0.258,0.3,0.083,0.672,0.941,1623.59524,1632.20313,1748.85725,559.2623,-47.3189,1,1626.9912,0.572,1840.9368,0.356,1840.9368,0.356,1,0.089,1,0,30368,0.746,0.584,0.456,501.0,489.0,0.4959,1010.3,0.0,1,1,0.927,1006.2,1,1,0.65,1167.4,1,62.456,0.119,0.881,0.2,1.0,1.0,0.24,0.0,0.5,0.0,0.732,0.639,0.5,0.476,0.0,0.523,0.0,0,0,0.436,0.294,0.0,0.333,0.1,1.0,0.857,0.0,0.591,0.423,0.0,1.0,0.89
0,2026.08.12 13:00:00,XPTUSDm,BREAKOUT_RETEST,BUY,4,1784.07,1780.07,1795.12,2.76,0.534,1768.12,1781.9,1764.94,1,0.215,1.118,0.8809,1743.11525,1744.94675,1761.5045,1739.4275,0,0.027,0.4,0,1768.12,0.763,0.667,0,0.0,0.0,1776.95175,0.0,0.0,0,0,1,0.8,1.0,0.1971,1.0,0.417,2,0.533,0,0.625,1776.6,1793.56,0.215,1.118,0.0,2,0.0,0,0.533,1.162,3.0,0.387,0.415,1,1768.12,8,0.753,0.571,0.175,0.3,0.125,0.544,0.903,1623.59524,1632.20313,1748.85725,559.2623,-47.3189,1,1626.9912,0.572,1840.9368,0.356,1840.9368,0.356,1,0.089,1,0,30369,0.746,0.584,0.456,474.0,426.4,0.3725,1272.6,0.0,1,1,0.927,1006.2,1,1,0.65,1167.4,1,48.459,0.119,0.881,0.2,1.0,1.0,0.0,0.0,0.5,0.0,0.686,0.578,0.5,0.491,0.0,0.483,0.0,0,0,0.387,0.601,0.0,0.475,0.13,0.577,0.71,0.0,0.61,0.423,0.0,1.0,0.913
37396,2026.08.12 13:13:40,XPTUSDm,PULLBACK,BUY,4,1777.05,1771.38,1798.09,3.71,0.591,1768.12,1781.9,1764.94,1,0.215,1.118,0.3458,1743.11525,1744.94675,1761.5045,1739.4275,0,0.022,0.4,0,1768.12,0.763,0.667,0,0.0,0.0,1776.95175,0.0,0.0,0,0,1,0.8,1.0,0.1971,1.0,0.529,2,0.533,0,0.625,1770.24,1758.58,0.179,1.095,0.0,2,0.0,0,0.533,1.112,3.0,0.371,0.442,1,1768.12,8,0.753,0.642,0.141,0.3,0.125,0.812,0.927,1623.59524,1632.20313,1748.85725,559.2623,-47.3189,1,1626.9912,0.572,1840.9368,0.356,1840.9368,0.356,1,0.089,1,0,30369,0.746,0.584,0.456,453.0,440.9,0.356,1272.6,0.0,1,1,0.927,1006.2,1,1,0.65,1167.4,1,47.907,0.119,0.881,0.2,1.0,1.0,0.24,0.0,0.5,0.0,0.527,0.553,0.5,0.462,0.0,0.397,0.0,0,0,0.329,0.695,0.487,0.808,0.1,0.529,0.436,0.0,0.61,0.423,0.0,1.0,0.874
37398,2026.08.12 14:00:00,XPTUSDm,TREND_CONTINUATION,BUY,4,1784.34,1767.91,1818.58,2.08,0.467,1775.506,1782.548,1766.452,1,0.145,1.32,0.2917,1743.11525,1744.94675,1761.5045,1739.4275,0,0.025,0.4,0,1775.506,0.786,0.617,0,0.0,0.0,1782.97425,0.0,0.0,0,0,1,0.8,0.825,0.222,0.825,0.572,2,0.406,0,0.524,1775.506,1793.614,0.292,1.031,-0.0631,1,0.55,5,0.599,0.792,3.0,0.264,0.334,0,1766.452,5,0.6,0.417,0.648,0.247,0.597,0.873,0.891,1623.59524,1632.20313,1748.85725,559.2623,-47.3189,1,1626.9912,0.572,1840.9368,0.356,1840.9368,0.356,1,0.089,1,0,30370,0.746,0.585,0.458,484.0,431.8,0.3534,1369.4,0.0,1,1,0.927,1006.2,1,1,0.65,1167.4,1,45.051,0.119,0.881,0.2,1.0,1.0,0.0,0.0,0.5,0.0,0.837,0.632,0.5,0.483,0.0,0.541,0.0,0,0,0.441,0.54,0.0,0.426,0.13,0.587,0.462,0.0,0.541,0.423,0.0,1.0,0.701
37400,2026.08.12 14:02:40,XPTUSDm,BREAKOUT,BUY,4,1778.84,1769.54,1813.08,3.68,0.349,1775.506,1782.548,1766.452,1,0.145,1.32,-0.0822,1743.11525,1744.94675,1761.5045,1739.4275,0,0.021,0.4,0,1775.506,0.786,0.617,0,0.0,0.0,1782.97425,0.0,0.0,0,0,1,0.8,0.825,0.222,0.825,0.699,0,0.706,0,0.524,1775.506,1758.404,0.082,1.167,0.0,2,0.25,0,0.706,1.035,3.0,0.345,0.434,1,1766.452,5,0.6,0.836,0.19,0.247,0.192,0.873,0.969,1623.59524,1632.20313,1748.85725,559.2623,-47.3189,1,1626.9912,0.572,1840.9368,0.356,1840.9368,0.356,1,0.089,1,0,30370,0.746,0.585,0.458,446.0,431.7,0.3257,1369.4,0.0,1,1,0.927,1006.2,1,1,0.65,1167.4,1,44.649,0.119,0.881,0.2,1.0,1.0,0.21,0.0,0.5,0.0,0.758,0.553,0.5,0.483,0.0,0.486,0.0,0,0,0.371,0.791,0.0,0.918,0.14,0.6,0.65,0.0,0.636,0.423,0.0,1.0,0.843
37402,2026.08.12 15:00:00,XPTUSDm,BREAKOUT_RETEST,BUY,4,1779.52,1775.2,1788.67,2.12,0.53,1777.518,1784.56,1772.488,1,0.007,1.002,-0.151,1739.99375,1744.94675,1761.5045,1735.748,0,0.022,0.3,4,1777.518,0.8,0.67,0,0.0,0.0,1776.3245,0.0,0.0,0,0,1,0.8,1.0,0.2442,1.0,0.949,2,0.6,0,0.721,1776.512,1767.458,0.079,0.57,-0.2883,1,0.3,0,0.6,0.923,3.0,0.308,0.401,1,1784.56,4,0.6,0.842,0.435,0.3,0.399,0.787,0.916,1623.59524,1632.20313,1748.85725,559.2623,-47.3189,1,1626.9912,0.572,1840.9368,0.356,1840.9368,0.356,1,0.089,1,0,30371,0.746,0.585,0.458,411.0,423.3,0.2945,1395.8,0.0,1,1,0.927,1006.2,1,1,0.65,1167.4,1,43.855,0.119,0.881,0.2,1.0,1.0,0.81,0.0,0.5,0.0,0.894,0.426,0.5,0.522,0.0,0.341,0.0,0,0,0.337,0.864,0.0,1.0,0.14,0.264,0.465,0.0,0.648,0.423,0.0,1.0,0.91
37404,2026.08.12 15:14:40,XPTUSDm,PULLBACK,BUY,4,1782.49,1761.55,1824.36,2.0,0.596,1777.518,1784.56,1772.488,1,0.007,1.002,0.046,1739.99375,1744.94675,1761.5045,1735.748,0,0.024,0.3,4,1777.518,0.8,0.67,0,0.0,0.0,1776.3245,0.0,0.0,0,0,1,0.8,1.0,0.2442,1.0,1.0,0,0.686,0,0.721,1776.512,1767.458,0.118,0.767,0.0,2,0.0,0,0.686,0.9,3.0,0.3,0.465,1,1772.488,5,0.6,0.764,0.0,0.3,0.294,0.787,0.916,1623.59524,1632.20313,1748.85725,559.2623,-47.3189,1,1626.9912,0.572,1840.9368,0.356,1840.9368,0.356,1,0.089,1,0,30371,0.746,0.585,0.458,433.0,431.7,0.3102,1395.8,0.0,1,1,0.927,1006.2,1,1,0.65,1167.4,1,44.068,0.119,0.881,0.2,1.0,1.0,0.6,0.0,0.5,0.0,0.898,0.605,0.5,0.455,0.0,0.412,0.0,0,0,0.364,0.736,0.0,0.609,0.14,0.401,0.65,0.0,0.648,0.423,0.0,1.0,0.885
37406,2026.08.12 15:26:40,XPTUSDm,MEAN_REVERSION,BUY,4,1778.4,1767.23,1788.63,0.92,0.631,1777.518,1784.56,1772.488,1,0.007,1.002,-0.2284,1739.99375,1744.94675,1761.5045,1735.748,0,0.021,0.3,4,1777.518,0.8,0.67,0,0.0,0.0,1776.3245,0.0,0.0,0,0,1,0.8,1.0,0.2442,1.0,0.545,0,0.686,0,0.721,1776.512,1767.458,0.156,0.492,0.0,2,0.0,0,0.686,1.105,3.0,0.368,0.489,1,1784.56,4,0.6,0.687,0.137,0.3,0.294,0.787,0.916,1623.59524,1632.20313,1748.85725,559.2623,-47.3189,1,1626.9912,0.572,1840.9368,0.356,1840.9368,0.356,1,0.089,1,0,30371,0.746,0.585,0.458,407.0,432.4,0.2916,1395.8,0.0,1,1,0.927,1006.2,1,1,0.65,1167.4,1,43.775,0.119,0.881,0.2,1.0,1.0,0.99,0.0,0.5,0.0,1.0,0.551,0.5,0.521,0.0,0.364,0.0,0,0,0.333,0.883,0.0,1.0,0.1,0.481,0.465,0.0,0.62,0.423,0.0,1.0,0.918
37408,2026.08.12 16:35:20,XPTUSDm,SWEEP_REVERSAL,BUY,4,1767.08,1753.14,1779.08,0.86,0.284,1774.88125,1781.715,1771.9525,0,0.006,0.974,-0.8607,1739.99375,1744.94675,1761.5045,1735.748,0,0.013,0.25,4,1774.88125,0.79,0.792,0,0.0,0.0,0.0,0.0,0.0,0,0,1,0.8,0.825,0.2219,0.825,0.068,0,0.677,0,0.645,1775.8575,1758.285,0.931,0.33,0.0,2,0.25,0,0.677,1.319,3.0,0.44,0.469,1,1774.88125,8,0.758,0.0,0.379,0.247,0.367,0.821,0.985,1628.1055,1632.52812,1749.67625,516.2985,-42.9638,1,1626.9912,0.571,1840.9368,0.356,1840.9368,0.356,1,0.323,1,0,30372,0.746,0.585,0.458,420.0,411.6,0.3012,1394.3,0.0,1,1,0.927,1006.2,1,1,0.65,1167.4,1,43.01,0.116,0.884,0.2,1.0,1.0,0.18,0.0,0.5,0.0,0.971,0.263,0.5,0.513,0.0,0.367,0.0,0,0,0.442,0.64,0.0,1.0,0.1,0.339,0.428,0.0,0.559,0.423,0.0,1.0,1.0
37410,2026.08.12 16:56:20,XPTUSDm,TREND_CONTINUATION,BUY,4,1761.54,1744.81,1779.06,1.05,0.508,1774.88125,1781.715,1771.9525,0,0.006,0.974,-1.2566,1739.99375,1744.94675,1761.5045,1735.748,1,0.009,0.25,4,1774.88125,0.79,0.792,0,0.0,0.0,0.0,0.0,0.0,0,0,1,0.8,0.825,0.2219,0.825,0.007,0,0.677,0,0.645,1775.8575,1758.285,1.327,0.066,0.0,2,0.25,0,0.677,1.347,3.0,0.449,0.472,1,1774.88125,8,0.758,0.0,0.398,0.247,0.367,0.821,0.985,1628.1055,1632.52812,1749.67625,516.2985,-42.9638,1,1626.9912,0.571,1840.9368,0.356,1840.9368,0.356,1,0.323,1,0,30372,0.746,0.585,0.458,418.0,426.3,0.2998,1394.3,0.0,1,1,0.927,1006.2,1,1,0.65,1167.4,1,42.613,0.116,0.884,0.2,1.0,1.0,0.73,0.0,0.5,0.0,0.85,0.393,0.5,0.531,0.0,0.34,0.0,0,0,0.359,0.674,0.0,1.0,0.1,0.373,0.314,0.0,0.596,0.423,0.0,1.0,0.973
37412,2026.08.12 17:26:40,XPTUSDm,MEAN_REVERSION,BUY,3,1766.39,1754.99,1779.88,1.18,0.624,1776.00375,1779.7325,1769.292,0,0.828,0.113,-0.9466,1739.99375,1741.26725,1761.5045,1735.748,0,0.015,0.35,0,1776.00375,0.738,0.666,0,0.0,0.0,1765.00925,0.0,0.0,0,0,0,1.0,0.825,0.1732,0.825,0.116,0,0.703,2,0.09,1775.258,1758.8515,0.894,0.257,0.0,2,0.4,0,0.703,1.298,3.0,0.433,0.39,1,1776.00375,8,0.748,0.0,0.425,0.247,0.14,0.898,0.917,1628.1055,1632.52812,1749.67625,516.2985,-42.9638,1,1626.9912,0.571,1840.9368,0.356,1840.9368,0.356,1,0.323,1,0,30373,0.746,0.585,0.458,388.0,405.5,0.2722,1425.6,0.0,1,1,0.927,1006.2,1,1,0.65,1167.4,1,42.018,0.116,0.884,0.2,1.0,1.0,0.93,0.0,0.5,0.0,1.0,0.673,0.5,0.549,0.0,0.34,0.0,0,0,0.405,0.417,0.0,1.0,0.217,0.337,0.434,0.0,0.556,0.444,0.0,1.0,0.795
37414,2026.08.12 18:16:40,XPTUSDm,PULLBACK,BUY,3,1765.71,1744.56,1808.0,2.0,0.615,1760.8525,1776.918,1757.36,1,0.031,0.168,0.0807,1752.47975,1741.26725,1761.5045,1735.748,0,0.015,0.7,2,1760.8525,0.783,0.0,2,0.0,0.0,0.0,0.0,0.0,0,0,0,1.0,0.825,0.0772,0.825,0.629,2,0.559,3,0.47,1761.551,1758.0585,0.031,0.279,0.0,2,0.4,0,0.559,1.067,3.0,0.356,0.364,1,1757.36,5,0.6,0.938,0.271,0.247,0.14,0.806,0.918,1628.1055,1632.52812,1749.67625,516.2985,-42.9638,1,1626.9912,0.571,1840.9368,0.356,1840.9368,0.356,1,0.323,1,0,30374,0.746,0.585,0.458,372.0,378.3,0.2639,1409.7,0.0,1,1,0.927,1006.2,1,1,0.65,1167.4,1,42.442,0.116,0.884,0.2,1.0,1.0,0.87,0.0,0.5,0.0,1.0,0.591,0.5,0.571,0.0,0.419,0.0,0,0,0.394,0.508,0.0,1.0,0.185,0.447,0.65,0.0,0.559,0.444,0.0,1.0,0.704
37416,2026.08.12 18:30:40,XPTUSDm,BREAKOUT,BUY,3,1766.25,1745.1,1801.49,1.67,0.391,1760.8525,1776.918,1757.36,1,0.031,0.168,0.114,1752.47975,1741.26725,1761.5045,1735.748,0,0.015,0.7,2,1760.8525,0.783,0.0,2,0.0,0.0,0.0,0.0,0.0,0,0,0,1.0,0.825,0.0772,0.825,0.629,2,0.559,3,0.47,1761.551,1758.0585,0.064,0.312,0.0,2,0.4,0,0.559,1.067,3.0,0.356,0.364,1,1757.36,5,0.6,0.871,0.271,0.247,0.14,0.806,0.918,1628.1055,1632.52812,1749.67625,516.2985,-42.9638,1,1626.9912,0.571,1840.9368,0.356,1840.9368,0.356,1,0.323,1,0,30374,0.746,0.585,0.458,379.0,377.9,0.2688,1409.7,0.0,1,1,0.927,1006.2,1,1,0.65,1167.4,1,42.48,0.116,0.884,0.2,1.0,1.0,0.4,0.0,0.5,0.0,1.0,0.648,0.5,0.56,0.0,0.352,0.0,0,0,0.397,0.508,0.0,1.0,0.185,0.402,0.65,0.0,0.559,0.444,0.0,1.0,0.704
37418,2026.08.12 18:56:20,XPTUSDm,TREND_CONTINUATION,BUY,3,1767.39,1750.47,1802.63,2.08,0.553,1760.8525,1776.918,1757.36,1,0.031,0.168,0.2006,1752.47975,1741.26725,1761.5045,1735.748,0,0.016,0.7,2,1760.8525,0.783,0.0,2,0.0,0.0,0.0,0.0,0.0,0,0,0,1.0,0.825,0.0772,0.825,0.145,2,0.559,3,0.47,1761.551,1767.139,0.151,0.245,0.0,2,0.4,0,0.559,1.285,3.0,0.428,0.389,1,1757.36,5,0.6,0.698,0.417,0.247,0.14,0.806,0.918,1628.1055,1632.52812,1749.67625,516.2985,-42.9638,1,1626.9912,0.571,1840.9368,0.356,1840.9368,0.356,1,0.323,1,0,30374,0.746,0.585,0.458,371.0,382.4,0.2632,1409.7,0.0,1,1,0.927,1006.2,1,1,0.65,1167.4,1,42.561,0.116,0.884,0.2,1.0,1.0,0.87,0.0,0.5,0.0,1.0,0.535,0.5,0.564,0.0,0.283,0.0,0,0,0.303,0.424,0.0,1.0,0.185,0.31,0.65,0.0,0.565,0.444,0.0,1.0,0.781
37420,2026.08.12 19:27:40,XPTUSDm,MEAN_REVERSION,BUY,3,1764.47,1759.61,1775.98,2.37,0.76,1761.385,1772.31,1757.36,1,0.015,0.34,-0.0413,1757.93875,1741.26725,1761.5045,1735.748,1,0.014,0.65,2,1761.385,0.732,0.318,0,0.0,0.0,0.0,0.0,0.0,0,0,1,0.11,0.0,-0.0075,0.17,0.62,0,0.797,3,0.723,1761.385,1767.135,0.041,0.448,0.0,2,0.25,0,0.797,1.071,3.0,0.357,0.471,1,1772.31,4,0.6,0.917,0.214,0.0,0.088,0.753,0.938,1628.1055,1632.52812,1749.67625,516.2985,-42.9638,1,1626.9912,0.571,1840.9368,0.356,1840.9368,0.356,1,0.323,1,0,30375,0.746,0.585,0.458,367.0,380.0,0.2593,1415.5,0.0,1,1,0.927,1006.2,1,1,0.65,1167.4,1,42.181,0.116,0.884,0.2,1.0,1.0,0.95,0.0,0.5,0.0,1.0,0.539,0.5,0.578,0.0,0.324,0.0,0,0,0.326,0.8,0.0,1.0,0.196,0.239,0.486,0.0,0.559,0.444,0.0,1.0,0.64
37422,2026.08.12 19:46:40,XPTUSDm,SWEEP_REVERSAL,BUY,3,1761.11,1746.96,1776.12,1.06,0.222,1761.385,1772.31,1757.36,0,0.015,0.34,-0.2886,1757.93875,1741.26725,1761.5045,1735.748,1,0.011,0.65,2,1761.385,0.732,0.318,0,0.0,0.0,0.0,0.0,0.0,0,0,1,0.11,0.0,-0.0075,0.17,0.088,0,0.797,3,0.723,1761.385,1767.135,0.289,0.695,0.0,2,0.25,0,0.797,1.31,3.0,0.437,0.499,1,1772.31,4,0.6,0.423,0.374,0.0,0.088,0.753,0.938,1628.1055,1632.52812,1749.67625,516.2985,-42.9638,1,1626.9912,0.571,1840.9368,0.356,1840.9368,0.356,1,0.323,1,0,30375,0.746,0.585,0.458,381.0,372.7,0.2692,1415.5,0.0,1,1,0.927,1006.2,1,1,0.65,1167.4,1,41.943,0.116,0.884,0.2,1.0,1.0,0.06,0.0,0.5,0.0,0.975,0.363,0.5,0.568,0.0,0.345,0.0,0,0,0.39,0.808,0.0,1.0,0.213,0.239,0.451,0.0,0.591,0.444,0.0,1.0,0.786
37424,2026.08.12 22:05:00,XPTUSDm,MEAN_REVERSION,BUY,1,1755.33,1744.16,1765.99,0.95,0.686,1761.62625,1764.0325,1759.22,0,0.665,0.025,-0.7635,1759.2075,1741.26725,1761.5045,1735.748,1,0.007,0.35,0,1761.62625,0.787,0.315,0,0.0,0.0,0.0,0.0,0.0,0,0,0,0.75,-0.72,-0.1388,0.72,0.047,0,0.807,2,0.412,1761.2825,1752.345,0.739,0.099,-0.0636,1,0.15,1,0.791,0.879,3.0,0.293,0.425,1,1761.62625,8,0.757,0.0,0.646,0.216,0.053,0.768,0.886,1628.1055,1632.52812,1751.44637,544.836,28.5376,2,1626.9912,0.569,1840.9368,0.355,1840.9368,0.355,1,0.431,1,0,30377,0.746,0.585,0.458,436.0,746.9,0.3124,1395.6,0.0,1,1,0.927,1006.2,1,1,0.65,1167.4,1,42.126,0.076,0.924,0.2,0.0,1.0,0.99,0.0,0.5,0.0,0.632,0.456,0.5,0.385,0.0,0.287,0.0,0,0,0.257,0.355,0.0,0.753,0.114,0.121,0.33,0.0,0.541,0.444,0.0,1.0,0.618
37426,2026.08.12 22:06:40,XPTUSDm,SWEEP_REVERSAL,BUY,1,1751.0,1737.04,1765.99,1.07,0.18,1761.62625,1764.0325,1759.22,0,0.665,0.025,-1.0738,1759.2075,1741.26725,1761.5045,1735.748,1,0.004,0.35,0,1761.62625,0.787,0.315,0,0.0,0.0,0.0,0.0,0.0,0,0,0,0.75,-0.72,-0.1388,0.72,0.047,0,0.827,2,0.412,1761.2825,1752.345,1.049,0.409,0.0,2,0.15,0,0.827,1.329,3.0,0.443,0.487,1,1761.62625,8,0.757,0.0,0.346,0.216,0.053,0.768,0.886,1628.1055,1632.52812,1751.44637,544.836,28.5376,2,1626.9912,0.569,1840.9368,0.355,1840.9368,0.355,1,0.431,1,0,30377,0.746,0.585,0.458,436.0,718.6,0.3124,1395.6,0.0,1,1,0.927,1006.2,1,1,0.65,1167.4,1,41.816,0.076,0.924,0.2,0.0,1.0,0.9,0.0,0.5,0.0,0.79,0.425,0.5,0.481,0.0,0.317,0.0,0,0,0.316,0.482,0.0,1.0,0.167,0.182,0.265,0.0,0.563,0.444,0.0,1.0,0.732
37428,2026.08.13 00:05:00,XPTUSDm,MEAN_REVERSION,BUY,1,1757.22,1746.42,1767.17,0.92,0.583,1762.3525,1763.773,1751.462,1,0.145,0.285,-0.7374,1756.3745,1741.26725,1761.5045,1735.748,1,0.008,0.65,2,1762.3525,0.748,0.495,0,0.0,0.0,0.0,1749.311,0.47,0,0,0,0.6,-0.615,-0.2316,0.615,0.738,2,0.609,0,0.657,1750.0415,1747.2005,0.175,0.385,0.0,2,0.4,0,0.609,0.25,0.737,0.339,0.316,0,1762.3525,8,0.75,0.651,0.239,0.185,0.271,0.903,0.829,1625.79537,1632.52812,1750.84875,551.0058,6.1698,2,1626.9912,0.568,1840.9368,0.354,1840.9368,0.354,1,0.478,1,0,30379,0.746,0.585,0.458,482.0,439.1,0.3571,1349.6,0.0,1,1,0.927,1006.2,1,1,0.65,1167.4,1,43.702,0.077,0.923,0.2,0.0,1.0,0.06,0.0,0.5,0.0,0.304,0.524,0.5,0.733,0.0,0.306,0.0,0,0,0.356,0.612,0.0,1.0,0.133,0.267,0.45,0.0,0.57,0.444,0.0,1.0,0.762
37430,2026.08.13 02:05:00,XPTUSDm,MEAN_REVERSION,BUY,1,1753.91,1742.85,1765.43,1.04,0.555,1749.651,1761.264,1747.992,1,0.01,0.15,0.0064,1759.124,1741.26725,1761.5045,1735.748,1,0.006,0.6,2,1749.651,0.706,0.841,0,0.0,0.0,1749.05625,0.0,0.0,0,0,0,0.7,-0.86,-0.1095,0.86,1.0,2,0.561,3,0.351,1749.651,1746.886,0.006,0.206,0.0,2,0.15,0,0.561,0.9,3.0,0.3,0.362,1,1761.264,4,0.6,0.987,0.06,0.258,0.053,0.766,0.905,1625.79537,1632.52812,1750.84875,551.0058,6.1698,2,1626.9912,0.568,1840.9368,0.354,1840.9368,0.354,1,0.478,1,0,30381,0.744,0.585,0.454,417.0,440.1,0.3016,1382.8,0.0,1,1,0.927,1006.2,1,1,0.65,1167.4,1,42.415,0.077,0.923,0.2,0.0,1.0,0.89,0.0,0.5,0.0,0.74,0.449,0.5,0.565,0.0,0.639,0.0,0,0,0.456,0.8,0.0,0.99,0.151,0.445,0.543,0.0,0.538,0.444,0.0,1.0,0.688
37432,2026.08.13 02:30:40,XPTUSDm,SWEEP_REVERSAL,BUY,1,1751.49,1737.66,1765.83,1.04,0.161,1749.651,1761.264,1747.992,0,0.01,0.15,-0.1975,1759.124,1741.26725,1761.5045,1735.748,1,0.004,0.6,2,1749.651,0.706,0.841,0,0.0,0.0,1749.05625,0.0,0.0,0,0,0,0.7,-0.86,-0.1095,0.86,0.085,2,0.561,3,0.351,1749.651,1746.886,0.197,0.002,0.0,2,0.15,0,0.561,1.312,3.0,0.437,0.41,1,1761.264,4,0.6,0.605,0.334,0.258,0.053,0.766,0.905,1625.79537,1632.52812,1750.84875,551.0058,6.1698,2,1626.9912,0.568,1840.9368,0.354,1840.9368,0.354,1,0.478,1,0,30381,0.744,0.585,0.454,457.0,462.8,0.3305,1382.8,0.0,1,1,0.927,1006.2,1,1,0.65,1167.4,1,42.24,0.077,0.923,0.2,0.0,1.0,0.48,0.0,0.5,0.0,1.0,0.465,0.5,0.548,0.0,0.418,0.0,0,0,0.353,0.708,0.0,1.0,0.199,0.499,0.44,0.0,0.543,0.444,0.0,1.0,0.792
37434,2026.08.13 04:05:00,XPTUSDm,MEAN_REVERSION,BUY,1,1747.0,1738.38,1754.29,0.85,0.577,1749.9125,1762.144,1746.315,0,0.228,0.307,-0.677,1759.9325,1741.26725,1761.5045,1735.748,1,0.001,0.55,0,1749.9125,0.769,0.271,0,0.0,0.0,0.0,0.0,0.0,0,0,0,1.0,-0.93,-0.094,0.93,0.129,2,0.555,0,0.491,1749.193,1741.998,0.61,0.058,0.0,2,0.0,0,0.555,1.292,3.0,0.431,0.463,1,1749.9125,8,0.754,0.0,0.261,0.279,0.098,0.9,0.902,1628.1055,1632.52812,1750.84875,514.9012,-36.1046,1,1626.9912,0.566,1840.9368,0.352,1840.9368,0.352,1,0.448,1,0,30383,0.744,0.585,0.454,438.0,401.2,0.4066,1077.2,0.0,1,1,0.927,1006.2,1,1,0.65,1167.4,0,53.805,0.11,0.89,0.2,1.0,0.5,0.0,0.0,0.5,0.0,0.935,0.331,0.5,0.483,0.0,0.261,0.0,0,0,0.351,0.614,0.0,0.66,0.16,0.588,0.314,0.0,0.572,0.444,0.0,1.0,0.792
37436,2026.08.13 06:05:00,XPTUSDm,MEAN_REVERSION,BUY,1,1742.2,1734.38,1749.21,0.9,0.577,1749.30625,1750.36,1743.335,0,0.005,0.221,-1.2918,1759.9325,1741.26725,1761.5045,1735.748,1,0.005,0.5,0,1749.30625,0.734,0.475,0,0.0,0.0,1744.23075,0.0,0.0,0,0,0,0.8,-1.0,-0.144,1.0,0.014,2,0.565,0,0.721,1743.68625,1740.525,0.717,0.393,0.0,2,0.15,0,0.565,1.344,3.0,0.448,0.47,1,1743.68625,2,0.55,0.0,0.356,0.3,0.197,0.834,0.909,1628.1055,1632.52812,1750.84875,514.9012,-36.1046,1,1626.9912,0.566,1840.9368,0.352,1840.9368,0.352,1,0.448,1,0,30385,0.744,0.585,0.454,552.0,424.3,0.5647,977.4,0.0,1,1,0.927,1006.2,1,1,0.65,1167.4,-1,58.807,0.11,0.89,0.2,1.0,0.0,0.0,0.0,0.5,0.601,0.448,0.529,0.5,0.543,0.0,0.444,0.0,0,0,0.358,0.535,0.0,0.605,0.19,0.284,0.235,0.0,0.597,0.444,0.0,1.0,0.792
37437,2026.08.13 06:10:20,XPTUSDm,SWEEP_REVERSAL,BUY,1,1745.23,1735.46,1753.64,0.86,0.21,1749.30625,1750.36,1743.335,0,0.005,0.221,-0.86,1759.9325,1741.26725,1761.5045,1735.748,1,0.0,0.5,0,1749.30625,0.734,0.475,0,0.0,0.0,1744.23075,0.0,0.0,0,0,0,0.8,-1.0,-0.144,1.0,0.104,2,0.565,0,0.721,1743.68625,1740.525,0.285,0.038,0.0,2,0.15,0,0.565,1.303,3.0,0.434,0.465,1,1749.30625,8,0.747,0.43,0.329,0.3,0.197,0.834,0.909,1628.1055,1632.52812,1750.84875,514.9012,-36.1046,1,1626.9912,0.566,1840.9368,0.352,1840.9368,0.352,1,0.448,1,0,30385,0.744,0.585,0.454,433.0,435.7,0.443,977.4,0.0,1,1,0.927,1006.2,1,1,0.65,1167.4,-1,59.117,0.11,0.89,0.2,1.0,0.0,0.33,0.0,0.5,0.0,0.43,0.642,0.5,0.497,0.0,0.482,0.0,0,0,0.427,0.662,0.766,1.0,0.182,0.29,0.3,0.0,0.598,0.444,0.0,1.0,0.792
37440,2026.08.13 08:05:00,XPTUSDm,MEAN_REVERSION,BUY,2,1731.19,1723.57,1742.23,1.45,0.607,1744.10525,1749.917,1735.7105,0,1.034,0.051,-1.7698,1758.94625,1741.26725,1761.5045,1735.748,0,0.015,0.55,0,1744.10525,0.745,0.628,0,0.0,0.0,1728.07625,0.0,0.0,0,0,-1,1.0,-0.825,-0.2092,0.825,0.197,0,0.665,0,0.463,1738.2935,1727.31575,1.16,0.007,0.0,2,0.4,0,0.665,1.261,3.0,0.42,0.383,1,1738.2935,2,0.55,0.0,0.401,0.247,0.233,0.575,0.789,1628.1055,1632.52812,1750.84875,514.7892,-0.112,1,1626.9912,0.564,1840.9368,0.352,1626.9912,0.752,-1,0.235,1,0,30387,0.744,0.585,0.454,394.0,430.0,0.4137,952.4,0.0,1,1,0.927,1006.2,1,1,0.65,1167.4,-1,59.199,0.075,0.925,0.2,1.0,0.0,0.99,0.0,0.5,0.0,1.0,0.501,0.5,0.506,0.0,0.416,0.0,0,0,0.318,0.305,0.0,0.347,0.215,0.857,0.135,0.0,0.564,0.444,0.0,1.0,0.729
37442,2026.08.13 08:10:20,XPTUSDm,SWEEP_REVERSAL,BUY,2,1724.12,1714.6,1748.93,2.6,0.274,1744.10525,1749.917,1735.7105,0,1.034,0.051,-2.6046,1758.94625,1741.26725,1761.5045,1735.748,0,0.023,0.55,0,1744.10525,0.745,0.628,0,0.0,0.0,1728.07625,0.0,0.0,0,0,-1,1.0,-0.825,-0.2092,0.825,0.197,0,0.665,0,0.463,1738.2935,1727.31575,1.994,0.842,0.0,2,0.4,0,0.665,1.261,3.0,0.42,0.383,1,1744.10525,8,0.749,0.0,0.401,0.247,0.233,0.575,0.789,1628.1055,1632.52812,1750.84875,514.7892,-0.112,1,1626.9912,0.564,1840.9368,0.352,1626.9912,0.752,-1,0.235,1,0,30387,0.744,0.585,0.454,482.0,424.6,0.5061,952.4,0.0,1,1,0.927,1006.2,1,1,0.65,1167.4,-1,58.457,0.075,0.925,0.2,1.0,0.0,0.0,0.0,0.5,0.0,0.708,0.426,0.5,0.452,0.0,0.375,0.0,0,0,0.33,0.254,0.0,0.347,0.187,0.628,0.135,0.0,0.564,0.444,0.0,1.0,0.729
0,2026.08.13 11:00:00,XPTUSDm,ANCHORED_PULLBACK,BUY,2,1742.02,1738.12,1752.47,2.68,0.558,1723.89875,1733.0675,1722.065,0,0.992,0.412,1.3401,1760.66675,1740.69425,1762.664,1734.7025,1,0.003,0.45,0,1727.56625,0.796,0.529,0,0.0,0.0,1737.41,0.0,0.0,0,0,0,1.0,-0.825,-0.3769,0.825,0.24,2,0.539,0,0.793,1727.56625,1733.67875,0.992,0.412,-0.8385,1,0.25,0,0.539,1.242,3.0,0.414,0.465,1,1727.56625,8,0.759,0.0,0.628,0.247,0.246,0.988,0.958,1628.1055,1632.52812,1750.84875,514.7892,-0.112,1,1626.9912,0.564,1840.9368,0.352,1626.9912,0.752,-1,0.235,1,0,30390,0.759,0.579,0.455,400.0,403.4,0.3796,1053.7,0.0,1,1,0.927,1006.2,1,1,0.65,1167.4,-1,54.533,0.075,0.925,0.2,1.0,0.0,0.63,0.0,0.5,0.0,0.783,0.67,0.5,0.552,0.0,0.307,0.0,0,0,0.39,0.631,0.0,0.96,0.251,0.436,0.579,0.0,0.579,0.423,0.0,1.0,0.766
37444,2026.08.13 14:20:40,XPTUSDm,MEAN_REVERSION,BUY,4,1722.3,1712.58,1737.34,1.55,0.644,1733.17225,1738.453,1729.065,0,0.668,0.105,-1.2378,1758.83625,1740.69425,1766.6585,1734.7025,0,0.019,0.4,0,1733.17225,0.751,0.443,0,0.0,0.0,1723.99825,0.0,0.0,0,0,-1,1.0,-0.825,-0.1358,0.825,0.07,0,0.739,2,0.167,1732.5855,1718.5035,1.19,0.031,0.0,2,0.4,0,0.739,1.318,3.0,0.439,0.41,1,1733.17225,8,0.75,0.0,0.439,0.247,0.14,0.884,0.918,1628.1055,1632.52812,1750.84875,519.6501,4.8609,2,1626.9912,0.563,1840.9368,0.353,1626.9912,0.751,-1,0.357,1,0,30393,0.759,0.579,0.455,417.0,421.1,0.3431,1215.2,0.0,1,1,0.927,1006.2,1,1,0.65,1167.4,-1,45.663,0.075,0.925,0.2,0.0,0.0,0.6,0.0,0.5,0.0,0.848,0.503,0.5,0.5,0.0,0.433,0.0,0,0,0.325,0.376,0.0,0.591,0.318,0.388,0.132,0.0,0.533,0.423,0.0,1.0,0.74
37446,2026.08.13 14:50:40,XPTUSDm,SWEEP_REVERSAL,BUY,4,1724.86,1712.71,1737.13,1.01,0.257,1733.17225,1738.453,1729.065,0,0.668,0.105,-1.0099,1758.83625,1740.69425,1766.6585,1734.7025,0,0.016,0.4,0,1733.17225,0.751,0.443,0,0.0,0.0,1723.99825,0.0,0.0,0,0,-1,1.0,-0.825,-0.1358,0.825,0.104,0,0.739,2,0.167,1732.5855,1721.43725,0.962,0.044,0.0,2,0.4,0,0.739,1.303,3.0,0.434,0.408,1,1733.17225,8,0.75,0.0,0.429,0.247,0.14,0.884,0.89,1628.1055,1632.52812,1750.84875,519.6501,4.8609,2,1626.9912,0.563,1840.9368,0.353,1626.9912,0.751,-1,0.357,1,0,30393,0.759,0.579,0.455,396.0,412.6,0.3259,1215.2,0.0,1,1,0.927,1006.2,1,1,0.65,1167.4,-1,45.873,0.075,0.925,0.2,0.0,0.0,0.95,0.0,0.5,0.0,1.0,0.567,0.5,0.527,0.0,0.396,0.0,0,0,0.357,0.382,0.044,0.591,0.366,0.416,0.139,0.0,0.533,0.423,0.0,1.0,0.74
0,2026.08.13 16:21:40,XPTUSDm,MEAN_REVERSION,BUY,4,1722.69,1719.15,1736.2,3.81,0.579,1721.2925,1732.13,1716.235,1,0.043,0.917,-0.2309,1760.291,1751.192,1765.668,1732.58,0,0.028,0.55,0,1721.2925,0.788,0.658,0,0.0,0.0,1724.3505,0.0,0.0,0,0,-1,0.8,-1.0,-0.0995,1.0,0.66,2,0.595,0,0.408,1722.015,1714.0675,0.293,0.393,0.0,2,0.0,0,0.595,1.053,3.0,0.351,0.436,1,1732.13,4,0.6,0.413,0.102,0.3,0.082,0.906,0.871,1628.1055,1632.52812,1750.84875,531.6586,12.0085,2,1626.9912,0.562,1840.9368,0.354,1626.9912,0.749,-1,0.262,1,0,30395,0.759,0.579,0.455,407.0,409.2,0.3517,1157.2,0.0,1,1,0.927,1006.2,1,1,0.65,1167.4,-1,47.985,0.075,0.925,0.2,0.0,0.0,0.58,0.0,0.5,0.0,0.84,0.287,0.5,0.517,0.0,0.424,0.0,0,0,0.452,0.736,0.0,0.77,0.067,0.459,0.35,0.0,0.539,0.423,0.0,1.0,0.845
37448,2026.08.13 19:07:40,XPTUSDm,MEAN_REVERSION,BUY,3,1719.56,1710.43,1727.16,0.83,0.579,1717.675,1723.45,1716.52,0,0.008,0.143,-0.1599,1716.1,1751.192,1773.94,1736.716,0,0.031,0.45,0,1717.675,0.771,0.452,0,0.0,0.0,0.0,0.0,0.0,0,0,-1,1.0,-1.0,-0.0918,1.0,0.187,2,0.583,0,0.732,1717.675,1713.825,0.16,0.177,0.0,2,0.15,0,0.583,1.266,3.0,0.422,0.454,1,1723.45,4,0.6,0.68,0.304,0.3,0.199,0.732,0.943,1628.1055,1632.52812,1750.84875,531.6586,12.0085,2,1626.9912,0.562,1840.9368,0.354,1626.9912,0.749,-1,0.262,1,0,30398,0.759,0.579,0.455,371.0,382.4,0.325,1141.6,0.0,1,1,0.927,1006.2,1,1,0.65,1167.4,-1,48.368,0.075,0.925,0.2,0.0,0.0,0.71,0.0,0.5,0.0,1.0,0.419,0.5,0.568,0.0,0.39,0.0,0,0,0.375,0.486,0.0,0.808,0.071,0.33,0.343,0.0,0.501,0.423,0.0,1.0,0.8
37450,2026.08.13 19:13:59,XPTUSDm,SWEEP_REVERSAL,BUY,3,1717.88,1706.46,1727.06,0.8,0.21,1717.675,1723.45,1716.52,0,0.008,0.143,-0.2983,1716.1,1751.192,1773.94,1736.716,0,0.032,0.45,0,1717.675,0.771,0.452,0,0.0,0.0,0.0,0.0,0.0,0,0,-1,1.0,-1.0,-0.0918,1.0,0.055,2,0.583,0,0.732,1717.675,1713.825,0.298,0.039,0.0,2,0.15,0,0.583,1.325,3.0,0.442,0.461,1,1723.45,4,0.6,0.403,0.344,0.3,0.199,0.732,0.943,1628.1055,1632.52812,1750.84875,531.6586,12.0085,2,1626.9912,0.562,1840.9368,0.354,1626.9912,0.749,-1,0.262,1,0,30398,0.759,0.579,0.455,361.0,373.8,0.3162,1141.6,0.0,1,1,0.927,1006.2,1,1,0.65,1167.4,-1,48.221,0.075,0.925,0.2,0.0,0.0,0.89,0.0,0.5,0.0,1.0,0.377,0.5,0.56,0.0,0.397,0.0,0,0,0.401,0.46,0.0,0.618,0.071,0.225,0.315,0.0,0.501,0.423,0.0,1.0,0.8
37452,2026.08.14 00:42:40,XPTUSDm,SWEEP_REVERSAL,BUY,1,1710.35,1700.7,1718.26,0.82,0.231,1713.21375,1717.7825,1712.4075,0,0.208,0.096,-0.8202,1716.07225,1751.17625,1773.9325,1736.695,0,0.048,0.5,2,1713.21375,0.8,0.532,0,0.0,0.0,0.0,1713.43125,0.575,0,0,-1,0.8,-0.825,-0.1839,0.825,0.064,2,0.614,3,0.365,1713.4825,1712.4075,0.848,0.737,0.0,2,0.4,0,0.614,0.373,0.848,0.44,0.304,0,1713.21375,8,0.76,0.0,0.441,0.247,0.14,0.972,0.867,1600.76628,1632.52812,1750.84875,574.99,8.4754,2,1626.9912,0.56,1840.9368,0.352,1626.9912,0.746,-1,0.204,1,0,30402,0.762,0.58,0.457,505.0,439.0,0.5234,964.9,0.0,1,1,0.927,1006.2,1,1,0.65,1167.4,-1,56.273,0.094,0.906,0.3,0.0,0.0,0.0,0.0,0.5,0.718,0.448,0.463,0.5,0.518,0.0,0.556,0.0,0,0,0.4,0.417,0.0,0.493,0.071,0.206,0.137,0.0,0.533,0.423,0.0,1.0,0.8
0,2026.08.14 06:31:40,XPTUSDm,ANCHORED_PULLBACK,BUY,1,1722.31,1718.73,1730.53,2.3,0.274,1709.7875,1713.48,1706.095,0,0.939,0.276,0.8614,1717.47175,1753.106,1775.084,1726.244,0,0.037,0.35,0,1709.7875,0.72,0.875,0,0.0,0.0,1711.63875,0.0,0.0,0,0,-1,1.0,-1.0,-0.0905,1.0,0.038,0,0.736,0,0.541,1711.37,1717.1725,0.696,0.088,0.0,2,0.15,0,0.736,1.333,3.0,0.444,0.48,1,1709.7875,8,0.744,0.0,0.349,0.3,0.161,0.76,0.969,1628.1055,1632.52812,1750.84875,541.5663,-33.4238,1,1626.9912,0.559,1840.9368,0.353,1626.9912,0.746,-1,0.143,1,0,30408,0.762,0.58,0.457,430.0,435.4,0.4505,954.5,0.0,1,1,0.927,1006.2,1,1,0.65,1167.4,-1,58.136,0.106,0.894,0.2,1.0,0.0,0.54,0.0,0.5,0.0,0.448,0.361,0.5,0.541,0.0,0.713,0.0,0,0,0.531,0.309,1.0,0.855,0.054,0.423,0.508,0.0,0.544,0.423,0.0,1.0,0.74
37454,2026.08.14 08:00:00,XPTUSDm,BREAKOUT_RETEST,BUY,2,1733.13,1723.44,1744.91,1.22,0.426,1718.93625,1731.12,1711.8825,1,0.923,0.11,1.0582,1717.7735,1753.106,1775.084,1726.244,1,0.025,0.75,0,1718.93625,0.707,0.458,0,0.0,0.0,1730.06925,0.0,0.0,0,0,0,0.624,0.4761,0.0458,0.476,0.183,0,0.669,0,0.658,1718.93625,1727.91375,1.058,0.11,0.0,2,0.4,0,0.669,1.268,3.0,0.423,0.444,1,1718.93625,8,0.741,0.0,0.405,0.143,0.272,0.855,0.87,1628.1055,1632.52812,1750.84875,534.5581,-7.0081,1,1626.9912,0.558,1840.9368,0.353,1626.9912,0.744,-1,0.294,1,0,30410,0.773,0.576,0.452,417.0,441.8,0.4402,947.2,0.0,1,1,0.927,1006.2,1,1,0.65,1167.4,-1,59.726,0.082,0.918,0.2,1.0,0.0,0.92,0.0,0.5,0.0,0.952,0.634,0.5,0.534,0.0,0.322,0.0,0,0,0.37,0.499,0.0,1.0,0.054,0.836,0.425,0.0,0.551,0.423,0.0,1.0,0.744
37456,2026.08.14 09:33:40,XPTUSDm,TREND_CONTINUATION,BUY,2,1737.53,1726.47,1760.57,2.08,0.394,1718.93625,1728.555,1717.0125,0,0.022,1.135,1.5215,1717.7735,1753.106,1775.084,1721.36,1,0.022,0.45,0,1718.93625,0.707,0.0,1,0.0,0.0,0.0,0.0,0.0,0,0,0,0.5,0.72,0.1429,0.72,0.212,2,0.585,0,0.351,1726.63125,1714.4475,0.687,2.008,0.0,2,0.0,4,0.575,1.555,3.0,0.518,0.477,1,1726.63125,2,0.55,0.0,0.236,0.216,0.07,0.865,0.921,1628.1055,1632.52812,1750.84875,534.5581,-7.0081,1,1626.9912,0.558,1840.9368,0.353,1626.9912,0.744,-1,0.294,1,0,30411,0.773,0.576,0.452,457.0,416.7,0.4958,921.7,0.0,1,1,0.927,1006.2,1,1,0.65,1167.4,-1,61.855,0.082,0.918,0.2,1.0,0.0,0.0,0.0,0.5,0.0,0.554,0.561,0.5,0.426,0.0,0.374,0.0,0,0,0.314,0.577,0.0,0.282,0.048,0.507,0.597,0.0,0.504,0.423,0.0,1.0,0.842
37457,2026.08.14 09:34:40,XPTUSDm,BREAKOUT,BUY,2,1738.03,1729.99,1761.07,2.87,0.369,1718.93625,1728.555,1717.0125,0,0.022,1.135,1.6072,1717.7735,1753.106,1775.084,1721.36,1,0.021,0.45,0,1718.93625,0.707,0.0,1,0.0,0.0,0.0,0.0,0.0,0,0,0,0.5,0.72,0.1429,0.72,0.212,2,0.585,0,0.351,1726.63125,1714.4475,0.772,2.094,0.0,2,0.0,4,0.575,1.555,3.0,0.518,0.477,1,1726.63125,2,0.55,0.0,0.236,0.216,0.07,0.865,0.921,1628.1055,1632.52812,1750.84875,534.5581,-7.0081,1,1626.9912,0.558,1840.9368,0.353,1626.9912,0.744,-1,0.294,1,0,30411,0.773,0.576,0.452,428.0,417.1,0.4644,921.7,0.0,1,1,0.927,1006.2,1,1,0.65,1167.4,-1,61.91,0.082,0.918,0.2,1.0,0.0,0.28,0.0,0.5,0.0,0.554,0.544,0.5,0.426,0.0,0.374,0.0,0,0,0.304,0.577,0.0,0.352,0.048,0.507,0.609,0.0,0.504,0.423,0.0,1.0,0.842
37459,2026.08.14 09:35:00,XPTUSDm,PULLBACK,BUY,2,1737.61,1729.98,1765.26,3.62,0.334,1718.93625,1728.555,1717.0125,0,0.022,1.135,1.5627,1717.7735,1753.106,1775.084,1721.36,1,0.021,0.45,0,1718.93625,0.707,0.0,1,0.0,0.0,0.0,0.0,0.0,0,0,0,0.5,0.72,0.1429,0.72,0.212,2,0.585,0,0.351,1726.63125,1714.4475,0.728,2.05,0.0,2,0.0,4,0.575,1.555,3.0,0.518,0.477,1,1726.63125,2,0.55,0.0,0.236,0.216,0.07,0.865,0.921,1628.1055,1632.52812,1750.84875,534.5581,-7.0081,1,1626.9912,0.558,1840.9368,0.353,1626.9912,0.744,-1,0.294,1,0,30411,0.773,0.576,0.452,427.0,417.5,0.4633,921.7,0.0,1,1,0.927,1006.2,1,1,0.65,1167.4,-1,61.864,0.082,0.918,0.2,1.0,0.0,0.3,0.0,0.5,0.0,0.472,0.593,0.5,0.418,0.0,0.396,0.0,0,0,0.34,0.577,0.0,0.352,0.048,0.536,0.603,0.0,0.504,0.423,0.0,1.0,0.842
37462,2026.08.14 10:58:59,XPTUSDm,BREAKOUT_RETEST,BUY,2,1728.85,1721.48,1738.86,1.36,0.524,1718.32375,1728.855,1717.06,1,0.308,0.044,0.6707,1717.7735,1753.106,1765.316,1716.476,1,0.03,0.7,2,1718.32375,0.788,0.747,0,0.0,0.0,0.0,0.0,0.0,0,0,0,0.825,0.755,0.2251,0.755,0.53,2,0.55,3,0.502,1727.59125,1722.9575,0.298,0.186,0.0,2,0.15,0,0.55,1.111,3.0,0.37,0.42,1,1718.32375,8,0.758,0.404,0.201,0.226,0.053,0.9,0.634,1628.1055,1632.52812,1750.84875,534.5581,-7.0081,1,1626.9912,0.558,1840.9368,0.353,1626.9912,0.744,-1,0.294,1,0,30412,0.773,0.576,0.452,411.0,419.1,0.4296,956.6,0.0,1,1,0.927,1006.2,1,1,0.65,1167.4,-1,58.69,0.082,0.918,0.2,1.0,0.0,0.77,0.0,0.5,0.0,0.818,0.459,0.5,0.499,0.0,0.303,0.0,0,0,0.296,0.563,0.0,0.883,0.071,0.281,0.495,0.0,0.56,0.423,0.0,1.0,0.767
37464,2026.08.14 11:33:40,XPTUSDm,TREND_CONTINUATION,BUY,2,1732.84,1721.14,1757.22,2.08,0.415,1726.74875,1731.3825,1725.485,1,0.246,0.1,0.2063,1717.7735,1753.106,1765.316,1716.476,1,0.025,0.35,0,1726.74875,0.737,0.577,0,0.0,0.0,1726.3775,0.0,0.0,0,0,0,0.6,0.79,0.3398,0.79,0.744,2,0.649,2,0.364,1728.0125,1733.48875,0.077,0.485,0.0,2,0.15,0,0.649,1.015,3.0,0.338,0.408,1,1725.485,5,0.6,0.847,0.137,0.237,0.053,0.836,0.918,1628.1055,1632.52812,1750.84875,534.5581,-7.0081,1,1626.9912,0.558,1840.9368,0.353,1626.9912,0.744,-1,0.294,1,0,30413,0.773,0.576,0.452,408.0,433.2,0.4185,975.0,0.0,1,1,0.927,1006.2,1,1,0.65,1167.4,-1,57.994,0.082,0.918,0.2,1.0,0.0,0.95,0.0,0.5,0.0,0.45,0.554,0.5,0.507,0.0,0.403,0.0,0,0,0.346,0.8,0.0,0.992,0.071,0.213,0.539,0.0,0.585,0.423,0.0,1.0,0.813
37465,2026.08.14 11:34:40,XPTUSDm,BREAKOUT,BUY,2,1735.57,1729.84,1759.95,4.26,0.387,1726.74875,1731.3825,1725.485,0,0.246,0.1,0.4873,1717.7735,1753.106,1765.316,1716.476,1,0.022,0.35,0,1726.74875,0.737,0.577,0,0.0,0.0,1726.3775,0.0,0.0,0,0,0,0.6,0.79,0.3398,0.79,0.388,2,0.649,2,0.364,1728.0125,1733.48875,0.358,0.204,0.0,2,0.15,0,0.649,1.175,3.0,0.392,0.427,1,1726.74875,8,0.747,0.285,0.244,0.237,0.053,0.836,0.918,1628.1055,1632.52812,1750.84875,534.5581,-7.0081,1,1626.9912,0.558,1840.9368,0.353,1626.9912,0.744,-1,0.294,1,0,30413,0.773,0.576,0.452,407.0,432.4,0.4174,975.0,0.0,1,1,0.927,1006.2,1,1,0.65,1167.4,-1,58.274,0.082,0.918,0.2,1.0,0.0,0.99,0.0,0.5,0.0,0.419,0.585,0.5,0.482,0.0,0.34,0.0,0,0,0.331,0.559,0.0,0.661,0.071,0.217,0.542,0.0,0.555,0.423,0.0,1.0,0.844
37466,2026.08.14 11:35:00,XPTUSDm,PULLBACK,BUY,2,1736.02,1730.28,1769.83,5.89,0.358,1726.74875,1731.3825,1725.485,0,0.246,0.1,0.4883,1717.7735,1753.106,1765.316,1716.476,1,0.022,0.35,0,1726.74875,0.737,0.577,0,0.0,0.0,1726.3775,0.0,0.0,0,0,0,0.6,0.79,0.3398,0.79,0.388,2,0.649,2,0.364,1728.0125,1733.48875,0.359,0.203,0.0,2,0.15,0,0.649,1.175,3.0,0.392,0.427,1,1726.74875,8,0.747,0.283,0.244,0.237,0.053,0.836,0.918,1628.1055,1632.52812,1750.84875,534.5581,-7.0081,1,1626.9912,0.558,1840.9368,0.353,1626.9912,0.744,-1,0.294,1,0,30413,0.773,0.576,0.452,451.0,432.7,0.4626,975.0,0.0,1,1,0.927,1006.2,1,1,0.65,1167.4,-1,58.32,0.082,0.918,0.2,1.0,0.0,0.06,0.0,0.5,0.0,0.378,0.575,0.5,0.477,0.0,0.335,0.0,0,0,0.322,0.559,0.0,0.661,0.071,0.217,0.542,0.0,0.555,0.423,0.0,1.0,0.844
37470,2026.08.14 13:00:20,XPTUSDm,BREAKOUT_RETEST,BUY,4,1739.71,1734.19,1746.73,1.27,0.611,1728.74925,1736.572,1724.537,1,0.471,0.621,0.6188,1717.8755,1753.106,1760.432,1711.592,1,0.016,0.5,0,1728.74925,0.8,0.023,0,0.0,0.0,1735.102,0.0,0.0,0,0,0,1.0,0.86,0.2545,0.86,0.616,0,0.662,0,0.349,1729.351,1737.17375,0.564,0.145,0.0,2,0.0,0,0.662,1.073,3.0,0.358,0.445,1,1728.74925,8,0.76,0.0,0.115,0.258,0.07,0.886,0.7,1628.1055,1632.52812,1750.84875,531.8293,-2.7288,1,1626.9912,0.556,1840.9368,0.352,1840.9368,0.352,1,0.394,1,0,30415,0.773,0.576,0.452,414.0,436.9,0.3756,1102.3,0.0,1,1,0.927,1006.2,1,1,0.65,1167.4,-1,51.92,0.078,0.922,0.2,1.0,0.0,0.91,0.0,0.5,0.0,0.38,0.511,0.5,0.488,0.0,0.517,0.0,0,0,0.36,0.801,0.0,0.66,0.062,0.356,0.566,0.0,0.546,0.423,0.0,1.0,0.884
37471,2026.08.14 13:00:40,XPTUSDm,ANCHORED_PULLBACK,BUY,4,1742.18,1736.07,1760.09,2.93,0.455,1728.74925,1736.572,1724.537,0,0.471,0.621,0.8429,1717.8755,1753.106,1760.432,1711.592,1,0.014,0.5,0,1728.74925,0.8,0.023,0,0.0,0.0,1735.102,0.0,0.0,0,0,0,1.0,0.86,0.2545,0.86,0.318,0,0.662,0,0.349,1729.351,1737.17375,0.788,0.079,0.0,2,0.0,0,0.662,1.207,3.0,0.402,0.461,1,1728.74925,8,0.76,0.0,0.205,0.258,0.07,0.886,0.7,1628.1055,1632.52812,1750.84875,531.8293,-2.7288,1,1626.9912,0.556,1840.9368,0.352,1840.9368,0.352,1,0.394,1,0,30415,0.773,0.576,0.452,414.0,436.6,0.3756,1102.3,0.0,1,1,0.927,1006.2,1,1,0.65,1167.4,-1,52.144,0.078,0.922,0.2,1.0,0.0,0.93,0.0,0.5,0.0,0.317,0.549,0.5,0.488,0.0,0.537,0.0,0,0,0.39,0.742,0.0,0.66,0.048,0.399,0.574,0.0,0.546,0.423,0.0,1.0,0.922
37474,2026.08.14 13:33:40,XPTUSDm,TREND_CONTINUATION,BUY,4,1744.55,1731.32,1772.11,2.08,0.574,1728.74925,1736.572,1724.537,0,0.471,0.621,1.0479,1717.8755,1753.106,1760.432,1711.592,1,0.012,0.5,0,1728.74925,0.8,0.023,0,0.0,0.0,1735.102,0.0,0.0,0,0,0,1.0,0.86,0.2545,0.86,0.614,0,0.662,0,0.349,1729.351,1737.17375,0.993,0.284,0.0,2,0.0,0,0.662,1.074,3.0,0.358,0.445,1,1728.74925,8,0.76,0.0,0.116,0.258,0.07,0.886,0.7,1628.1055,1632.52812,1750.84875,531.8293,-2.7288,1,1626.9912,0.556,1840.9368,0.352,1840.9368,0.352,1,0.394,1,0,30415,0.773,0.576,0.452,425.0,426.1,0.3856,1102.3,0.0,1,1,0.927,1006.2,1,1,0.65,1167.4,-1,52.359,0.078,0.922,0.2,1.0,0.0,0.57,0.0,0.5,0.0,0.408,0.671,0.5,0.487,0.0,0.437,0.0,0,0,0.424,0.807,0.0,0.88,0.048,0.385,0.604,0.0,0.549,0.423,0.0,1.0,0.922
37475,2026.08.14 13:34:40,XPTUSDm,BREAKOUT,BUY,4,1743.26,1734.17,1770.82,3.03,0.514,1728.74925,1736.572,1724.537,0,0.471,0.621,0.9427,1717.8755,1753.106,1760.432,1711.592,1,0.013,0.5,0,1728.74925,0.8,0.023,0,0.0,0.0,1735.102,0.0,0.0,0,0,0,1.0,0.86,0.2545,0.86,0.406,0,0.662,0,0.349,1729.351,1737.17375,0.888,0.178,0.0,2,0.0,0,0.662,1.167,3.0,0.389,0.456,1,1728.74925,8,0.76,0.0,0.178,0.258,0.07,0.886,0.7,1628.1055,1632.52812,1750.84875,531.8293,-2.7288,1,1626.9912,0.556,1840.9368,0.352,1840.9368,0.352,1,0.394,1,0,30415,0.773,0.576,0.452,412.0,425.4,0.3738,1102.3,0.0,1,1,0.927,1006.2,1,1,0.65,1167.4,-1,52.242,0.078,0.922,0.2,1.0,0.0,0.83,0.0,0.5,0.0,0.469,0.687,0.5,0.527,0.0,0.481,0.0,0,0,0.463,0.762,0.0,0.88,0.048,0.385,0.588,0.0,0.546,0.423,0.0,1.0,0.922
37476,2026.08.14 13:35:00,XPTUSDm,PULLBACK,BUY,4,1743.3,1738.12,1764.55,4.1,0.491,1728.74925,1736.572,1724.537,0,0.471,0.621,0.9463,1717.8755,1753.106,1760.432,1711.592,1,0.013,0.5,0,1728.74925,0.8,0.023,0,0.0,0.0,1735.102,0.0,0.0,0,0,0,1.0,0.86,0.2545,0.86,0.406,0,0.662,0,0.349,1729.351,1737.17375,0.892,0.182,0.0,2,0.0,0,0.662,1.167,3.0,0.389,0.456,1,1728.74925,8,0.76,0.0,0.178,0.258,0.07,0.886,0.7,1628.1055,1632.52812,1750.84875,531.8293,-2.7288,1,1626.9912,0.556,1840.9368,0.352,1840.9368,0.352,1,0.394,1,0,30415,0.773,0.576,0.452,412.0,425.0,0.3738,1102.3,0.0,1,1,0.927,1006.2,1,1,0.65,1167.4,-1,52.246,0.078,0.922,0.2,1.0,0.0,0.82,0.0,0.5,0.0,0.453,0.657,0.5,0.537,0.0,0.495,0.0,0,0,0.453,0.762,0.0,0.88,0.048,0.376,0.589,0.0,0.546,0.423,0.0,1.0,0.922
37480,2026.08.14 15:00:40,XPTUSDm,ANCHORED_PULLBACK,BUY,4,1751.83,1740.4,1768.87,1.49,0.381,1740.78425,1743.793,1734.165,0,0.247,1.264,0.636,1717.8755,1743.338,1760.432,1716.476,1,0.004,0.4,0,1740.78425,0.76,0.784,0,0.0,0.0,1743.60075,0.0,0.0,0,0,0,1.0,0.755,0.282,0.755,0.25,0,0.68,2,0.332,1740.1825,1730.5545,0.692,1.596,0.0,2,0.25,0,0.68,1.237,3.0,0.412,0.425,1,1740.78425,8,0.752,0.0,0.325,0.226,0.088,0.855,0.955,1628.1055,1632.52812,1750.84875,531.8293,-2.7288,1,1626.9912,0.556,1840.9368,0.352,1840.9368,0.352,1,0.394,1,0,30417,0.773,0.576,0.452,427.0,428.2,0.4008,1065.4,0.0,1,1,0.927,1006.2,1,1,0.65,1167.4,1,54.858,0.078,0.922,0.2,1.0,1.0,0.4,0.0,0.5,0.0,0.489,0.607,0.5,0.485,0.0,0.428,0.0,0,0,0.381,0.796,0.0,0.672,0.048,0.256,0.64,0.0,0.526,0.423,0.0,1.0,0.92
0,2026.08.14 15:18:40,XPTUSDm,BREAKOUT_RETEST,BUY,4,1747.08,1743.88,1752.97,1.84,0.589,1740.78425,1743.793,1734.165,1,0.247,1.264,0.1817,1717.8755,1743.338,1760.432,1716.476,1,0.001,0.4,0,1740.78425,0.76,0.784,0,0.0,0.0,1743.60075,0.0,0.0,0,0,0,1.0,0.755,0.282,0.755,0.678,0,0.68,2,0.332,1740.1825,1730.5545,0.238,1.142,0.0,2,0.25,0,0.68,1.045,3.0,0.348,0.403,1,1734.165,5,0.6,0.524,0.197,0.226,0.088,0.855,0.955,1628.1055,1632.52812,1750.84875,531.8293,-2.7288,1,1626.9912,0.556,1840.9368,0.352,1840.9368,0.352,1,0.394,1,0,30417,0.773,0.576,0.452,436.0,422.9,0.4093,1065.4,0.0,1,1,0.927,1006.2,1,1,0.65,1167.4,1,54.412,0.078,0.922,0.2,1.0,1.0,0.23,0.0,0.5,0.0,0.784,0.421,0.5,0.485,0.0,0.425,0.0,0,0,0.363,0.8,0.0,0.646,0.067,0.335,0.456,0.0,0.567,0.423,0.0,1.0,0.928
37482,2026.08.14 15:34:40,XPTUSDm,BREAKOUT,BUY,4,1745.25,1729.27,1771.88,1.67,0.396,1740.78425,1743.793,1734.165,1,0.247,1.264,0.04,1717.8755,1743.338,1760.432,1716.476,1,0.002,0.4,0,1740.78425,0.76,0.784,0,0.0,0.0,1743.60075,0.0,0.0,0,0,0,1.0,0.755,0.282,0.755,1.0,0,0.68,2,0.332,1740.1825,1730.5545,0.096,1.0,0.0,2,0.25,0,0.68,0.9,3.0,0.3,0.386,1,1734.165,5,0.6,0.807,0.1,0.226,0.088,0.855,0.955,1628.1055,1632.52812,1750.84875,531.8293,-2.7288,1,1626.9912,0.556,1840.9368,0.352,1840.9368,0.352,1,0.394,1,0,30417,0.773,0.576,0.452,404.0,404.2,0.3792,1065.4,0.0,1,1,0.927,1006.2,1,1,0.65,1167.4,1,54.24,0.078,0.922,0.2,1.0,1.0,0.33,0.0,0.5,0.0,0.601,0.307,0.5,0.503,0.0,0.402,0.0,0,0,0.428,0.8,0.58,0.847,0.067,0.348,0.456,0.0,0.576,0.423,0.0,1.0,0.813
37483,2026.08.14 15:34:59,XPTUSDm,TREND_CONTINUATION,BUY,4,1745.1,1732.32,1771.73,2.08,0.545,1740.78425,1743.793,1734.165,1,0.247,1.264,0.0259,1717.8755,1743.338,1760.432,1716.476,1,0.002,0.4,0,1740.78425,0.76,0.784,0,0.0,0.0,1743.60075,0.0,0.0,0,0,0,1.0,0.755,0.282,0.755,1.0,0,0.68,2,0.332,1740.1825,1730.5545,0.082,0.986,0.0,2,0.25,0,0.68,0.9,3.0,0.3,0.386,1,1734.165,5,0.6,0.835,0.1,0.226,0.088,0.855,0.955,1628.1055,1632.52812,1750.84875,531.8293,-2.7288,1,1626.9912,0.556,1840.9368,0.352,1840.9368,0.352,1,0.394,1,0,30417,0.773,0.576,0.452,404.0,403.9,0.3792,1065.4,0.0,1,1,0.927,1006.2,1,1,0.65,1167.4,1,54.226,0.078,0.922,0.2,1.0,1.0,0.32,0.0,0.5,0.0,0.601,0.319,0.5,0.503,0.0,0.402,0.0,0,0,0.421,0.8,0.58,0.847,0.067,0.348,0.456,0.0,0.576,0.423,0.0,1.0,0.813
37484,2026.08.14 15:35:00,XPTUSDm,PULLBACK,BUY,4,1745.26,1729.28,1764.54,1.21,0.614,1740.78425,1743.793,1734.165,1,0.247,1.264,0.0343,1717.8755,1743.338,1760.432,1716.476,1,0.002,0.4,0,1740.78425,0.76,0.784,0,0.0,0.0,1743.60075,0.0,0.0,0,0,0,1.0,0.755,0.282,0.755,1.0,0,0.68,2,0.332,1740.1825,1730.5545,0.091,0.995,0.0,2,0.25,0,0.68,0.9,3.0,0.3,0.386,1,1734.165,5,0.6,0.818,0.1,0.226,0.088,0.855,0.955,1628.1055,1632.52812,1750.84875,531.8293,-2.7288,1,1626.9912,0.556,1840.9368,0.352,1840.9368,0.352,1,0.394,1,0,30417,0.773,0.576,0.452,411.0,403.7,0.3858,1065.4,0.0,1,1,0.927,1006.2,1,1,0.65,1167.4,1,54.241,0.078,0.922,0.2,1.0,1.0,0.21,0.0,0.5,0.0,0.65,0.338,0.5,0.505,0.0,0.399,0.0,0,0,0.408,0.8,0.468,0.847,0.067,0.348,0.456,0.0,0.576,0.423,0.0,1.0,0.813
37488,2026.08.14 17:34:40,XPTUSDm,BREAKOUT,BUY,3,1754.42,1747.53,1780.13,3.73,0.519,1740.61775,1747.4525,1737.989,0,0.6,1.52,0.9795,1717.85375,1743.338,1760.432,1716.476,1,0.007,0.45,0,1740.61775,0.703,0.144,0,0.0,0.0,0.0,0.0,0.0,0,0,0,1.0,1.0,0.2913,1.0,0.588,2,0.612,0,0.686,1744.82375,1750.08125,0.57,0.059,0.0,2,0.0,0,0.612,1.085,3.0,0.362,0.474,1,1744.82375,2,0.55,0.0,0.124,0.3,0.137,0.872,0.778,1600.76628,1632.52812,1750.84875,576.6112,44.7819,2,1626.9912,0.553,1840.9368,0.351,1751.7928,0.341,1,0.494,1,0,30419,0.773,0.576,0.452,373.0,393.4,0.3627,1028.4,0.0,1,1,0.927,1006.2,1,1,0.65,1167.4,0,57.083,0.094,0.906,0.3,0.0,0.5,0.99,0.0,0.5,0.0,0.73,0.732,0.5,0.505,0.0,0.279,0.0,0,0,0.402,0.669,0.0,0.792,0.048,0.439,0.641,0.0,0.521,0.423,0.0,1.0,0.859
37489,2026.08.14 17:34:59,XPTUSDm,TREND_CONTINUATION,BUY,3,1754.08,1741.74,1779.79,2.08,0.603,1740.61775,1747.4525,1737.989,0,0.6,1.52,0.9464,1717.85375,1743.338,1760.432,1716.476,1,0.007,0.45,0,1740.61775,0.703,0.144,0,0.0,0.0,0.0,0.0,0.0,0,0,0,1.0,1.0,0.2913,1.0,0.223,2,0.612,0,0.686,1744.82375,1750.08125,0.537,0.026,0.0,2,0.0,0,0.612,1.25,3.0,0.417,0.494,1,1744.82375,2,0.55,0.0,0.233,0.3,0.137,0.872,0.778,1600.76628,1632.52812,1750.84875,576.6112,44.7819,2,1626.9912,0.553,1840.9368,0.351,1751.7928,0.341,1,0.494,1,0,30419,0.773,0.576,0.452,373.0,393.2,0.3627,1028.4,0.0,1,1,0.927,1006.2,1,1,0.65,1167.4,0,57.05,0.094,0.906,0.3,0.0,0.5,0.98,0.0,0.5,0.0,0.839,0.736,0.5,0.505,0.0,0.263,0.0,0,0,0.398,0.588,0.0,0.792,0.048,0.439,0.636,0.0,0.521,0.423,0.0,1.0,0.859
37490,2026.08.14 17:35:00,XPTUSDm,PULLBACK,BUY,3,1754.18,1747.62,1764.25,1.53,0.513,1740.61775,1747.4525,1737.989,0,0.6,1.52,0.9474,1717.85375,1743.338,1760.432,1716.476,1,0.007,0.45,0,1740.61775,0.703,0.144,0,0.0,0.0,0.0,0.0,0.0,0,0,0,1.0,1.0,0.2913,1.0,0.223,2,0.612,0,0.686,1744.82375,1750.08125,0.538,0.027,0.0,2,0.0,0,0.612,1.25,3.0,0.417,0.494,1,1744.82375,2,0.55,0.0,0.233,0.3,0.137,0.872,0.778,1600.76628,1632.52812,1750.84875,576.6112,44.7819,2,1626.9912,0.553,1840.9368,0.351,1751.7928,0.341,1,0.494,1,0,30419,0.773,0.576,0.452,382.0,393.1,0.3715,1028.4,0.0,1,1,0.927,1006.2,1,1,0.65,1167.4,0,57.06,0.094,0.906,0.3,0.0,0.5,0.69,0.0,0.5,0.0,0.8,0.719,0.5,0.523,0.0,0.271,0.0,0,0,0.397,0.588,0.0,0.792,0.048,0.439,0.636,0.0,0.521,0.423,0.0,1.0,0.859
0,2026.08.14 17:50:40,XPTUSDm,BREAKOUT_RETEST,BUY,3,1750.37,1747.28,1755.89,1.79,0.635,1740.61775,1747.4525,1737.989,1,0.6,1.52,0.5876,1717.85375,1743.338,1760.432,1716.476,1,0.003,0.45,0,1740.61775,0.703,0.144,0,0.0,0.0,0.0,0.0,0.0,0,0,0,1.0,1.0,0.2913,1.0,0.39,2,0.612,0,0.686,1744.82375,1750.08125,0.179,0.333,0.0,2,0.0,0,0.612,1.175,3.0,0.392,0.485,1,1740.61775,8,0.741,0.643,0.183,0.3,0.137,0.872,0.778,1600.76628,1632.52812,1750.84875,576.6112,44.7819,2,1626.9912,0.553,1840.9368,0.351,1751.7928,0.341,1,0.494,1,0,30419,0.773,0.576,0.452,371.0,379.9,0.3608,1028.4,0.0,1,1,0.927,1006.2,1,1,0.65,1167.4,0,56.689,0.094,0.906,0.3,0.0,0.5,0.65,0.0,0.5,0.0,0.721,0.438,0.5,0.499,0.0,0.268,0.0,0,0,0.294,0.679,0.0,0.792,0.062,0.391,0.573,0.0,0.535,0.423,0.0,1.0,0.821
37494,2026.08.14 19:34:40,XPTUSDm,BREAKOUT,BUY,3,1753.34,1738.27,1778.46,1.67,0.324,1747.0325,1751.953,1745.14,1,0.133,0.168,0.2307,1745.73875,1743.338,1760.432,1716.476,1,0.006,0.45,0,1747.0325,0.772,0.283,0,0.0,0.0,0.0,0.0,0.0,0,0,0,0.8,0.825,0.274,0.825,0.661,0,0.667,2,0.04,1747.411,1743.626,0.193,0.57,0.0,2,0.4,0,0.667,1.053,3.0,0.351,0.338,0,1745.14,5,0.6,0.614,0.262,0.247,0.14,0.824,0.81,1600.76628,1632.52812,1750.84875,576.6112,44.7819,2,1626.9912,0.553,1840.9368,0.351,1751.7928,0.341,1,0.494,1,0,30421,0.784,0.572,0.451,399.0,366.0,0.3971,1004.7,0.0,1,1,0.927,1006.2,1,1,0.65,1167.4,1,58.319,0.094,0.906,0.3,0.0,1.0,0.22,0.0,0.5,0.0,1.0,0.699,0.5,0.576,0.0,0.289,0.0,0,0,0.407,0.723,0.0,0.944,0.071,0.251,0.516,0.0,0.545,0.423,0.0,1.0,0.813
37495,2026.08.14 19:35:40,XPTUSDm,PULLBACK,BUY,3,1754.91,1750.43,1764.83,2.21,0.549,1747.0325,1751.953,1745.14,1,0.133,0.168,0.3461,1745.73875,1743.338,1760.432,1716.476,1,0.007,0.45,0,1747.0325,0.772,0.283,0,0.0,0.0,0.0,0.0,0.0,0,0,0,0.8,0.825,0.274,0.825,0.622,0,0.667,2,0.04,1747.411,1743.626,0.308,0.685,0.0,2,0.4,0,0.667,1.07,3.0,0.357,0.34,0,1747.0325,8,0.754,0.383,0.273,0.247,0.14,0.824,0.81,1600.76628,1632.52812,1750.84875,576.6112,44.7819,2,1626.9912,0.553,1840.9368,0.351,1751.7928,0.341,1,0.494,1,0,30421,0.784,0.572,0.451,440.0,369.2,0.4379,1004.7,0.0,1,1,0.927,1006.2,1,1,0.65,1167.4,1,58.475,0.094,0.906,0.3,0.0,1.0,0.03,0.0,0.5,0.0,0.666,0.706,0.5,0.48,0.0,0.262,0.0,0,0,0.373,0.716,0.0,1.0,0.071,0.251,0.558,0.0,0.523,0.423,0.0,1.0,0.767
37496,2026.08.14 19:35:59,XPTUSDm,TREND_CONTINUATION,BUY,3,1754.91,1742.85,1780.03,2.08,0.469,1747.0325,1751.953,1745.14,1,0.133,0.168,0.3461,1745.73875,1743.338,1760.432,1716.476,1,0.007,0.45,0,1747.0325,0.772,0.283,0,0.0,0.0,0.0,0.0,0.0,0,0,0,0.8,0.825,0.274,0.825,0.622,0,0.667,2,0.04,1747.411,1743.626,0.308,0.685,0.0,2,0.4,0,0.667,1.07,3.0,0.357,0.34,0,1747.0325,8,0.754,0.383,0.273,0.247,0.14,0.824,0.81,1600.76628,1632.52812,1750.84875,576.6112,44.7819,2,1626.9912,0.553,1840.9368,0.351,1751.7928,0.341,1,0.494,1,0,30421,0.784,0.572,0.451,440.0,370.0,0.4379,1004.7,0.0,1,1,0.927,1006.2,1,1,0.65,1167.4,1,58.475,0.094,0.906,0.3,0.0,1.0,0.03,0.0,0.5,0.0,0.666,0.713,0.5,0.48,0.0,0.262,0.0,0,0,0.376,0.716,0.0,1.0,0.071,0.251,0.558,0.0,0.523,0.423,0.0,1.0,0.767
37500,2026.08.14 19:58:40,XPTUSDm,BREAKOUT_RETEST,BUY,3,1754.75,1750.13,1759.46,1.02,0.496,1747.0325,1751.953,1745.14,1,0.133,0.168,0.3601,1745.73875,1743.338,1760.432,1716.476,1,0.007,0.45,0,1747.0325,0.772,0.283,0,0.0,0.0,0.0,0.0,0.0,0,0,0,0.8,0.825,0.274,0.825,0.622,0,0.667,2,0.04,1747.411,1743.626,0.322,0.699,0.0,2,0.4,0,0.667,1.07,3.0,0.357,0.34,0,1747.0325,8,0.754,0.355,0.273,0.247,0.14,0.824,0.81,1600.76628,1632.52812,1750.84875,576.6112,44.7819,2,1626.9912,0.553,1840.9368,0.351,1751.7928,0.341,1,0.494,1,0,30421,0.784,0.572,0.451,410.0,454.3,0.4081,1004.7,0.0,1,1,0.927,1006.2,1,1,0.65,1167.4,1,58.459,0.094,0.906,0.3,0.0,1.0,0.83,0.0,0.5,0.0,0.325,0.488,0.5,0.527,0.0,0.356,0.0,0,0,0.308,0.716,0.0,1.0,0.071,0.31,0.561,0.0,0.523,0.423,0.0,1.0,0.806
37502,2026.08.14 20:50:20,XPTUSDm,MEAN_REVERSION,BUY,3,1749.86,1742.14,1756.54,0.87,0.605,1746.95025,1751.5785,1745.589,0,0.439,0.068,-0.2124,1745.16125,1743.338,1760.432,1716.476,1,0.002,0.55,0,1746.95025,0.8,0.73,0,0.0,0.0,1754.0375,0.0,0.0,0,0,0,1.0,0.825,0.2445,0.825,0.373,2,0.647,0,0.466,1747.2225,1754.02875,0.241,0.946,0.0,2,0.4,0,0.647,1.182,3.0,0.394,0.401,1,1751.5785,4,0.6,0.519,0.348,0.247,0.233,0.829,0.723,1630.89125,1632.52812,1750.84875,642.1246,65.5133,2,1626.9912,0.551,1840.9368,0.35,1751.7928,0.353,-1,0.515,1,0,30422,0.784,0.572,0.451,496.0,459.1,0.514,965.1,0.0,1,1,0.927,1006.2,1,1,0.65,1167.4,0,60.354,0.074,0.926,0.2,0.0,0.5,0.06,0.0,0.5,0.0,0.8,0.493,0.5,0.548,0.0,0.366,0.0,0,0,0.315,0.628,0.0,0.597,0.071,0.223,0.446,0.0,0.575,0.423,0.0,1.0,0.845
0,2026.08.16 22:10:00,XPTUSDm,BREAKOUT_RETEST,BUY,1,1751.76,1748.82,1755.53,1.29,0.589,1747.47125,1750.322,1745.254,1,0.029,0.23,-0.0942,1745.16125,1748.222,1760.432,1716.476,1,0.002,0.4,0,1747.47125,0.758,0.529,0,0.0,0.0,0.0,0.0,0.0,0,0,0,1.0,1.0,0.2105,1.0,0.899,0,0.694,1,0.088,1747.47125,1743.67025,0.094,0.294,-0.0942,1,0.45,0,0.694,0.946,3.0,0.315,0.331,0,1750.322,4,0.6,0.812,0.51,0.3,0.157,0.831,0.887,1626.9912,1632.52812,1750.84875,666.5951,24.4705,2,1626.9912,0.55,1840.9368,0.348,1751.7928,0.355,1,0.503,1,0,30423,0.784,0.572,0.451,521.0,814.0,0.5325,978.4,0.0,1,1,0.927,1006.2,1,1,0.65,1167.4,0,59.724,0.076,0.924,0.2,0.0,0.5,0.99,0.0,0.5,0.0,0.593,0.471,0.5,0.496,0.0,0.398,0.0,0,0,0.325,0.76,0.0,0.696,0.071,0.194,0.483,0.0,0.56,0.423,0.0,1.0,0.637
37504,2026.08.16 22:12:40,XPTUSDm,BREAKOUT,BUY,1,1752.47,1737.79,1776.93,1.67,0.395,1747.47125,1750.322,1745.254,1,0.029,0.23,0.004,1745.16125,1748.222,1760.432,1716.476,1,0.001,0.4,0,1747.47125,0.758,0.529,0,0.0,0.0,0.0,0.0,0.0,0,0,0,1.0,1.0,0.2105,1.0,1.0,0,0.726,1,0.088,1747.47125,1743.67025,0.004,0.392,0.0,2,0.15,0,0.726,0.9,3.0,0.3,0.379,1,0.0,0,0.0,0.992,0.06,0.3,0.053,0.831,0.887,1626.9912,1632.52812,1750.84875,666.5951,24.4705,2,1626.9912,0.55,1840.9368,0.348,1751.7928,0.355,1,0.503,1,0,30423,0.784,0.572,0.451,496.0,765.0,0.5069,978.4,0.0,1,1,0.927,1006.2,1,1,0.65,1167.4,0,59.797,0.076,0.924,0.2,0.0,0.5,0.99,0.0,0.5,0.0,0.593,0.478,0.5,0.496,0.0,0.441,0.0,0,0,0.338,0.76,0.0,0.713,0.071,0.264,0.497,0.0,0.565,0.423,0.0,1.0,0.737
37505,2026.08.16 22:12:59,XPTUSDm,TREND_CONTINUATION,BUY,1,1752.4,1740.66,1776.86,2.08,0.569,1747.47125,1750.322,1745.254,1,0.029,0.23,-0.0032,1745.16125,1748.222,1760.432,1716.476,1,0.001,0.4,0,1747.47125,0.758,0.529,0,0.0,0.0,0.0,0.0,0.0,0,0,0,1.0,1.0,0.2105,1.0,1.0,0,0.726,1,0.088,1747.47125,1743.67025,0.003,0.385,0.0,2,0.15,0,0.726,0.9,3.0,0.3,0.379,1,0.0,0,0.0,0.994,0.06,0.3,0.053,0.831,0.887,1626.9912,1632.52812,1750.84875,666.5951,24.4705,2,1626.9912,0.55,1840.9368,0.348,1751.7928,0.355,1,0.503,1,0,30423,0.784,0.572,0.451,496.0,761.8,0.5069,978.4,0.0,1,1,0.927,1006.2,1,1,0.65,1167.4,0,59.79,0.076,0.924,0.2,0.0,0.5,0.98,0.0,0.5,0.0,0.593,0.489,0.5,0.496,0.0,0.441,0.0,0,0,0.332,0.76,0.0,0.475,0.071,0.264,0.496,0.0,0.565,0.423,0.0,1.0,0.737
0,2026.08.16 22:44:40,XPTUSDm,PULLBACK,BUY,1,1756.96,1752.78,1766.72,2.34,0.493,1747.47125,1750.322,1745.254,0,0.029,0.23,0.3269,1745.16125,1748.222,1760.432,1716.476,1,0.003,0.4,0,1747.47125,0.758,0.529,0,0.0,0.0,0.0,0.0,0.0,0,0,0,1.0,1.0,0.2105,1.0,0.382,0,0.726,1,0.088,1747.47125,1752.53925,0.327,0.191,0.0,2,0.15,0,0.726,1.178,3.0,0.393,0.411,1,1747.47125,8,0.752,0.346,0.245,0.3,0.053,0.831,0.763,1626.9912,1632.52812,1750.84875,666.5951,24.4705,2,1626.9912,0.55,1840.9368,0.348,1751.7928,0.355,1,0.503,1,0,30423,0.784,0.572,0.451,629.0,661.5,0.6429,978.4,0.0,1,1,0.927,1006.2,1,1,0.65,1167.4,0,60.256,0.076,0.924,0.2,0.0,0.5,0.76,0.0,0.5,0.0,0.784,0.622,0.5,0.512,0.0,0.311,0.0,0,0,0.351,0.743,0.0,1.0,0.071,0.166,0.606,0.0,0.53,0.423,0.0,1.0,0.844
37508,2026.08.16 23:00:40,XPTUSDm,ANCHORED_PULLBACK,BUY,1,1759.2,1745.16,1773.22,1.0,0.255,1747.4065,1749.209,1744.162,0,0.927,0.027,0.6847,1746.605,1748.222,1760.432,1716.476,1,0.006,0.35,0,1747.4065,0.794,0.639,0,0.0,0.0,1748.04875,0.0,0.0,0,0,0,1.0,0.825,0.1254,0.825,0.252,0,0.72,1,0.317,1747.046,1756.0585,0.722,0.215,0.0,2,0.4,0,0.72,1.237,3.0,0.412,0.4,1,1747.4065,8,0.759,0.0,0.384,0.247,0.14,0.772,0.938,1626.9912,1632.52812,1750.84875,666.5951,24.4705,2,1626.9912,0.55,1840.9368,0.348,1751.7928,0.355,1,0.503,1,0,30424,0.784,0.572,0.451,521.0,558.1,0.5419,961.5,0.0,1,1,0.927,1006.2,1,1,0.65,1167.4,0,61.55,0.076,0.924,0.2,0.0,0.5,0.71,0.0,0.5,0.0,0.56,0.72,0.5,0.456,0.0,0.3,0.0,0,0,0.389,0.408,0.0,0.821,0.071,0.201,0.733,0.0,0.579,0.423,0.0,1.0,0.783
37510,2026.08.17 00:12:40,XPTUSDm,BREAKOUT,BUY,1,1758.91,1751.39,1783.74,3.3,0.445,1747.4065,1752.093,1744.162,0,0.034,0.329,0.6569,1746.605,1748.222,1760.432,1716.476,1,0.006,0.55,0,1747.4065,0.763,0.667,0,0.0,0.0,1747.93675,0.0,0.0,0,0,0,0.8,0.825,0.0786,0.825,0.351,0,0.723,3,0.311,1752.4535,1756.419,0.149,0.251,0.0,2,0.0,0,0.723,1.192,3.0,0.397,0.418,1,1747.4065,8,0.753,0.703,0.195,0.247,0.0,0.476,0.932,1626.9912,1632.52812,1750.84875,669.6943,3.0992,2,1626.9912,0.549,1840.9368,0.346,1751.7928,0.359,1,0.506,1,0,30425,0.784,0.572,0.451,498.0,535.1,0.5015,993.1,0.0,1,1,0.927,1006.2,1,1,0.65,1167.4,0,59.564,0.076,0.924,0.2,0.0,0.5,0.95,0.0,0.5,0.0,0.325,0.624,0.5,0.557,0.0,0.406,0.0,0,0,0.404,0.731,0.0,1.0,0.054,0.361,0.637,0.0,0.565,0.423,0.0,1.0,0.844
37511,2026.08.17 00:12:59,XPTUSDm,TREND_CONTINUATION,BUY,1,1758.91,1746.99,1783.74,2.08,0.492,1747.4065,1752.093,1744.162,0,0.034,0.329,0.6569,1746.605,1748.222,1760.432,1716.476,1,0.006,0.55,0,1747.4065,0.763,0.667,0,0.0,0.0,1747.93675,0.0,0.0,0,0,0,0.8,0.825,0.0786,0.825,0.351,0,0.723,3,0.311,1752.4535,1756.419,0.149,0.251,0.0,2,0.0,0,0.723,1.192,3.0,0.397,0.418,1,1747.4065,8,0.753,0.703,0.195,0.247,0.0,0.476,0.932,1626.9912,1632.52812,1750.84875,669.6943,3.0992,2,1626.9912,0.549,1840.9368,0.346,1751.7928,0.359,1,0.506,1,0,30425,0.784,0.572,0.451,498.0,534.6,0.5015,993.1,0.0,1,1,0.927,1006.2,1,1,0.65,1167.4,0,59.564,0.076,0.924,0.2,0.0,0.5,0.94,0.0,0.5,0.0,0.325,0.614,0.5,0.557,0.0,0.406,0.0,0,0,0.398,0.731,0.0,1.0,0.054,0.361,0.637,0.0,0.565,0.423,0.0,1.0,0.844
37514,2026.08.17 01:00:40,XPTUSDm,PULLBACK,BUY,1,1759.5,1753.0,1766.46,1.07,0.634,1747.98825,1754.8775,1745.962,1,0.072,0.166,0.5371,1744.98225,1748.222,1760.432,1716.476,1,0.005,0.55,0,1747.98825,0.709,0.155,0,0.0,0.0,0.0,0.0,0.0,0,0,0,1.0,1.0,0.0942,1.0,0.47,2,0.591,3,0.323,1756.09325,1758.52475,0.257,0.495,0.0,2,0.15,0,0.591,1.139,3.0,0.38,0.376,1,1747.98825,8,0.742,0.486,0.219,0.3,0.053,0.621,0.926,1626.9912,1632.52812,1750.84875,669.6943,3.0992,2,1626.9912,0.549,1840.9368,0.346,1751.7928,0.359,1,0.506,1,0,30426,0.784,0.572,0.451,603.0,512.8,0.5908,1020.7,0.0,1,1,0.927,1006.2,1,1,0.65,1167.4,0,58.008,0.076,0.924,0.2,0.0,0.5,0.0,0.0,0.5,0.0,0.377,0.608,0.5,0.51,0.0,0.528,0.0,0,0,0.429,0.592,0.0,0.88,0.054,0.24,0.57,0.0,0.544,0.423,0.0,1.0,0.806
0,2026.08.17 02:00:00,XPTUSDm,BREAKOUT_RETEST,BUY,1,1762.68,1757.23,1772.76,1.85,0.824,1756.145,1760.978,1751.312,1,0.04,0.766,-0.0401,1746.7705,1753.106,1760.432,1716.476,1,0.003,0.45,0,1756.145,0.781,0.619,0,0.0,0.0,1756.60175,0.0,0.0,0,0,0,1.0,0.825,0.0911,0.825,1.0,2,0.457,0,0.429,1756.145,1763.126,0.04,0.714,0.0725,0,0.3,2,0.802,1.35,3.0,0.45,0.465,1,1751.312,5,0.6,0.92,0.12,0.947,0.191,0.783,0.936,1626.9912,1632.52812,1750.84875,669.6943,3.0992,2,1626.9912,0.549,1840.9368,0.346,1751.7928,0.359,1,0.506,1,0,30427,0.784,0.572,0.451,695.0,635.9,0.671,1035.7,0.0,1,1,0.927,1006.2,1,1,0.65,1167.4,0,57.475,0.076,0.924,0.2,0.0,0.5,0.18,0.0,0.5,0.0,0.48,0.567,0.5,0.51,0.0,0.602,0.0,0,0,0.434,0.892,0.0,0.952,0.05,0.632,0.462,0.0,0.526,0.423,0.0,1.0,0.876
0,2026.08.17 02:12:40,XPTUSDm,BREAKOUT,BUY,1,1761.06,1755.84,1769.22,1.56,0.415,1756.145,1760.978,1751.312,1,0.04,0.766,-0.0623,1746.7705,1753.106,1760.432,1716.476,1,0.002,0.45,0,1756.145,0.781,0.619,0,0.0,0.0,1756.60175,0.0,0.0,0,0,0,1.0,0.825,0.0911,0.825,0.692,0,0.757,0,0.429,1756.145,1763.126,0.062,0.736,0.0,2,0.0,0,0.757,1.039,3.0,0.346,0.462,1,1751.312,5,0.6,0.875,0.092,0.247,0.086,0.783,0.936,1626.9912,1632.52812,1750.84875,669.6943,3.0992,2,1626.9912,0.549,1840.9368,0.346,1751.7928,0.359,1,0.506,1,0,30427,0.784,0.572,0.451,556.0,637.4,0.5368,1035.7,0.0,1,1,0.927,1006.2,1,1,0.65,1167.4,0,57.319,0.076,0.924,0.2,0.0,0.5,0.9,0.0,0.5,0.0,0.801,0.589,0.5,0.527,0.0,0.546,0.0,0,0,0.43,0.814,0.0,0.792,0.05,0.407,0.46,0.0,0.587,0.423,0.0,1.0,0.816
37516,2026.08.17 02:50:40,XPTUSDm,MEAN_REVERSION,BUY,1,1758.5,1750.21,1766.44,0.96,0.673,1756.145,1760.978,1751.312,1,0.04,0.766,-0.2998,1746.7705,1753.106,1760.432,1716.476,1,0.0,0.45,0,1756.145,0.781,0.619,0,0.0,0.0,1756.60175,0.0,0.0,0,0,0,1.0,0.825,0.0911,0.825,0.352,0,0.757,0,0.429,1756.145,1744.331,0.3,0.841,0.0,2,0.0,0,0.757,1.192,3.0,0.397,0.48,1,1760.978,4,0.6,0.4,0.194,0.247,0.086,0.783,0.919,1626.9912,1632.52812,1750.84875,669.6943,3.0992,2,1626.9912,0.549,1840.9368,0.346,1751.7928,0.359,1,0.506,1,0,30427,0.784,0.572,0.451,546.0,528.3,0.5272,1035.7,0.0,1,1,0.927,1006.2,1,1,0.65,1167.4,0,57.072,0.076,0.924,0.2,0.0,0.5,0.3,0.0,0.5,0.0,0.789,0.4,0.5,0.529,0.0,0.398,0.0,0,0,0.378,0.814,0.0,0.88,0.036,0.441,0.456,0.0,0.547,0.423,0.0,1.0,0.847
37518,2026.08.17 03:02:40,XPTUSDm,TREND_CONTINUATION,BUY,1,1762.2,1750.53,1786.51,2.08,0.516,1756.61375,1758.845,1752.5975,1,0.018,0.385,-0.1073,1744.97625,1753.106,1760.432,1716.476,1,0.003,0.35,0,1756.61375,0.76,0.841,0,0.0,0.0,0.0,0.0,0.0,0,0,0,0.8,1.0,0.0856,1.0,0.886,0,0.675,0,0.474,1755.275,1749.92,0.03,0.581,0.0,2,0.0,0,0.675,0.951,3.0,0.317,0.436,1,1752.5975,5,0.6,0.939,0.034,0.3,0.095,0.778,0.935,1626.9912,1632.52812,1750.84875,669.6943,3.0992,2,1626.9912,0.549,1840.9368,0.346,1751.7928,0.359,1,0.506,1,0,30428,0.784,0.572,0.451,663.0,547.7,0.6818,972.4,0.0,1,1,0.927,1006.2,1,1,0.65,1167.4,0,61.166,0.076,0.924,0.2,0.0,0.5,0.04,0.0,0.5,0.0,0.683,0.642,0.5,0.525,0.0,0.391,0.0,0,0,0.399,0.818,0.0,0.99,0.054,0.266,0.507,0.0,0.583,0.423,0.0,1.0,0.738
37520,2026.08.17 03:14:20,XPTUSDm,SWEEP_REVERSAL,BUY,1,1753.15,1743.43,1760.99,0.81,0.142,1756.61375,1758.845,1752.5975,0,0.018,0.385,-0.8066,1744.97625,1753.106,1760.432,1716.476,1,0.004,0.35,0,1756.61375,0.76,0.841,0,0.0,0.0,0.0,0.0,0.0,0,0,0,0.8,1.0,0.0856,1.0,0.214,0,0.675,0,0.474,1755.275,1749.92,0.669,0.118,0.0,2,0.0,0,0.675,1.254,3.0,0.418,0.472,1,1756.61375,8,0.752,0.0,0.236,0.3,0.095,0.778,0.935,1626.9912,1632.52812,1750.84875,669.6943,3.0992,2,1626.9912,0.549,1840.9368,0.346,1751.7928,0.359,1,0.506,1,0,30428,0.784,0.572,0.451,438.0,541.8,0.4504,972.4,0.0,1,1,0.927,1006.2,1,1,0.65,1167.4,0,60.236,0.076,0.924,0.2,0.0,0.5,0.79,0.0,0.5,0.0,0.83,0.577,0.5,0.477,0.0,0.259,0.0,0,0,0.293,0.753,0.0,0.88,0.054,0.272,0.371,0.0,0.538,0.423,0.0,1.0,0.846
37522,2026.08.17 04:02:20,XPTUSDm,PULLBACK,BUY,1,1756.18,1752.15,1760.36,1.04,0.491,1756.38425,1758.683,1752.2465,0,0.409,0.369,-0.4428,1745.11275,1753.106,1760.432,1716.476,1,0.001,0.35,0,1756.38425,0.747,0.82,0,0.0,0.0,1749.1175,0.0,0.0,0,0,0,1.0,0.825,0.1164,0.825,0.258,0,0.707,0,0.696,1755.9245,1747.18925,0.394,0.53,0.0,2,0.25,0,0.707,1.234,3.0,0.411,0.468,1,1756.38425,8,0.749,0.212,0.323,0.247,0.227,0.782,0.947,1631.96269,1632.52812,1752.14787,706.7338,37.0396,2,1623.39115,0.546,1837.67962,0.343,1751.96423,0.377,1,0.533,1,0,30429,0.784,0.572,0.451,398.0,424.9,0.4212,944.9,0.0,1,1,0.927,1006.2,1,1,0.65,1167.4,1,62.314,0.074,0.926,0.2,0.0,1.0,0.93,0.0,0.5,0.0,0.87,0.731,0.5,0.526,0.0,0.331,0.0,0,0,0.429,0.778,0.0,0.857,0.054,0.246,0.566,0.0,0.523,0.423,0.0,1.0,0.846
37524,2026.08.17 04:50:40,XPTUSDm,MEAN_REVERSION,BUY,1,1753.05,1745.49,1760.22,0.95,0.651,1756.38425,1758.683,1752.2465,0,0.409,0.369,-0.7593,1745.11275,1753.106,1760.432,1716.476,1,0.004,0.35,0,1756.38425,0.747,0.82,0,0.0,0.0,1749.1175,0.0,0.0,0,0,0,1.0,0.825,0.1164,0.825,0.126,0,0.707,0,0.696,1755.9245,1747.18925,0.711,0.214,0.0,2,0.25,0,0.707,1.293,3.0,0.431,0.475,1,1756.38425,8,0.749,0.0,0.362,0.247,0.227,0.782,0.947,1631.96269,1632.52812,1752.14787,706.7338,37.0396,2,1623.39115,0.546,1837.67962,0.343,1751.96423,0.377,1,0.533,1,0,30429,0.784,0.572,0.451,384.0,383.8,0.4064,944.9,0.0,1,1,0.927,1006.2,1,1,0.65,1167.4,1,61.983,0.074,0.926,0.2,0.0,1.0,0.47,0.0,0.5,0.0,1.0,0.56,0.5,0.536,0.0,0.243,0.0,0,0,0.294,0.75,0.0,1.0,0.054,0.224,0.566,0.0,0.528,0.423,0.0,1.0,0.846
37526,2026.08.17 05:14:20,XPTUSDm,SWEEP_REVERSAL,BUY,1,1751.24,1742.25,1760.42,1.02,0.306,1756.38425,1757.7635,1749.488,0,0.879,0.041,-1.0211,1745.11275,1753.106,1760.432,1716.476,1,0.007,0.45,0,1756.38425,0.761,0.028,0,0.0,0.0,0.0,0.0,0.0,0,0,0,1.0,0.825,0.1143,0.825,0.127,2,0.592,0,0.805,1755.9245,1746.7295,0.97,0.052,0.0,2,0.4,0,0.592,1.293,3.0,0.431,0.443,1,1756.38425,8,0.752,0.0,0.422,0.247,0.301,0.826,0.879,1631.96269,1632.52812,1752.14787,706.7338,37.0396,2,1623.39115,0.546,1837.67962,0.343,1751.96423,0.377,1,0.533,1,0,30430,0.784,0.578,0.447,404.0,407.3,0.4492,899.4,0.0,1,1,0.927,1006.2,1,1,0.65,1167.4,1,64.912,0.074,0.926,0.2,0.0,1.0,0.5,0.0,0.5,0.0,0.771,0.419,0.5,0.484,0.0,0.238,0.0,0,0,0.289,0.351,0.0,0.785,0.054,0.361,0.384,0.0,0.556,0.423,0.0,1.0,0.784
0,2026.08.17 05:21:40,XPTUSDm,BREAKOUT_RETEST,BUY,1,1754.57,1751.87,1760.16,2.07,0.601,1756.38425,1757.7635,1749.488,1,0.879,0.041,-0.622,1745.11275,1753.106,1760.432,1716.476,1,0.003,0.45,0,1756.38425,0.761,0.028,0,0.0,0.0,0.0,0.0,0.0,0,0,0,1.0,0.825,0.1143,0.825,0.493,2,0.592,0,0.805,1755.9245,1746.7295,0.571,0.451,0.0,2,0.4,0,0.592,1.128,3.0,0.376,0.423,1,1756.38425,8,0.752,0.0,0.312,0.247,0.301,0.826,0.879,1631.96269,1632.52812,1752.14787,706.7338,37.0396,2,1623.39115,0.546,1837.67962,0.343,1751.96423,0.377,1,0.533,1,0,30430,0.784,0.578,0.447,378.0,399.0,0.4203,899.4,0.0,1,1,0.927,1006.2,1,1,0.65,1167.4,1,65.283,0.074,0.926,0.2,0.0,1.0,0.99,0.0,0.5,0.0,0.439,0.615,0.5,0.404,0.0,0.252,0.0,0,0,0.291,0.514,0.0,1.0,0.054,0.333,0.448,0.0,0.547,0.423,0.0,1.0,0.707
37528,2026.08.17 05:42:40,XPTUSDm,TREND_CONTINUATION,BUY,1,1759.67,1748.88,1782.16,2.08,0.558,1756.38425,1757.7635,1749.488,1,0.879,0.041,-0.0928,1745.11275,1753.106,1760.432,1716.476,1,0.003,0.45,0,1756.38425,0.761,0.028,0,0.0,0.0,0.0,0.0,0.0,0,0,0,1.0,0.825,0.1143,0.825,0.852,2,0.592,0,0.805,1755.9245,1762.82075,0.042,0.808,0.0,2,0.4,0,0.592,0.967,3.0,0.322,0.405,1,1749.488,5,0.6,0.917,0.204,0.247,0.301,0.826,0.919,1631.96269,1632.52812,1752.14787,706.7338,37.0396,2,1623.39115,0.546,1837.67962,0.343,1751.96423,0.377,1,0.533,1,0,30430,0.784,0.578,0.447,412.0,413.8,0.4581,899.4,0.0,1,1,0.927,1006.2,1,1,0.65,1167.4,1,65.85,0.074,0.926,0.2,0.0,1.0,0.64,0.0,0.5,0.0,0.304,0.585,0.5,0.565,0.0,0.414,0.0,0,0,0.386,0.663,0.0,0.914,0.054,0.338,0.526,0.0,0.585,0.423,0.0,1.0,0.677
37529,2026.08.17 06:06:20,XPTUSDm,PULLBACK,BUY,1,1765.26,1758.38,1792.71,3.99,0.432,1753.45625,1755.6,1748.8625,0,0.004,0.331,0.7863,1746.5225,1753.106,1760.432,1716.476,0,0.008,0.55,0,1753.45625,0.781,0.652,0,0.0,0.0,1753.789,0.0,0.0,0,0,0,0.8,0.825,0.0657,0.825,0.078,0,0.683,0,0.59,1753.7625,1757.4375,0.753,0.351,0.0,2,0.25,0,0.683,1.315,3.0,0.438,0.469,1,1753.45625,8,0.756,0.0,0.376,0.247,0.205,0.872,0.824,1631.96269,1632.52812,1752.14787,706.7338,37.0396,2,1623.39115,0.546,1837.67962,0.343,1751.96423,0.377,1,0.533,1,0,30431,0.784,0.578,0.447,461.0,418.3,0.5039,914.9,0.0,1,1,0.927,1006.2,1,1,0.65,1167.4,1,65.35,0.074,0.926,0.2,0.0,1.0,0.08,0.0,0.5,0.0,0.448,0.607,0.5,0.522,0.0,0.56,0.0,0,0,0.445,0.609,0.0,0.973,0.054,0.277,0.827,0.0,0.548,0.423,0.0,1.0,0.866
37531,2026.08.17 06:10:40,XPTUSDm,ANCHORED_PULLBACK,BUY,1,1764.36,1756.52,1777.84,1.72,0.274,1753.45625,1755.6,1748.8625,0,0.004,0.331,0.665,1746.5225,1753.106,1760.432,1716.476,1,0.007,0.55,0,1753.45625,0.781,0.652,0,0.0,0.0,1753.789,0.0,0.0,0,0,0,0.8,0.825,0.0657,0.825,0.078,0,0.683,0,0.59,1753.7625,1757.4375,0.632,0.23,0.0,2,0.25,0,0.683,1.315,3.0,0.438,0.469,1,1753.45625,8,0.756,0.0,0.376,0.247,0.205,0.872,0.824,1631.96269,1632.52812,1752.14787,706.7338,37.0396,2,1623.39115,0.546,1837.67962,0.343,1751.96423,0.377,1,0.533,1,0,30431,0.784,0.578,0.447,482.0,434.4,0.5269,914.9,0.0,1,1,0.927,1006.2,1,1,0.65,1167.4,1,65.252,0.074,0.926,0.2,0.0,1.0,0.04,0.0,0.5,0.0,0.448,0.548,0.5,0.503,0.0,0.492,0.0,0,0,0.376,0.652,0.0,0.901,0.054,0.323,0.741,0.0,0.573,0.423,0.0,1.0,0.845
0,2026.08.17 06:12:40,XPTUSDm,BREAKOUT,BUY,1,1762.12,1758.12,1784.99,5.71,0.457,1753.45625,1755.6,1748.8625,0,0.004,0.331,0.4715,1746.5225,1753.106,1760.432,1716.476,1,0.005,0.55,0,1753.45625,0.781,0.652,0,0.0,0.0,1753.789,0.0,0.0,0,0,0,0.8,0.825,0.0657,0.825,0.078,0,0.683,0,0.59,1753.7625,1757.4375,0.438,0.036,0.0,2,0.25,0,0.683,1.315,3.0,0.438,0.469,1,1753.45625,8,0.756,0.124,0.376,0.247,0.205,0.872,0.824,1631.96269,1632.52812,1752.14787,706.7338,37.0396,2,1623.39115,0.546,1837.67962,0.343,1751.96423,0.377,1,0.533,1,0,30431,0.784,0.578,0.447,435.0,440.1,0.4755,914.9,0.0,1,1,0.927,1006.2,1,1,0.65,1167.4,1,65.007,0.074,0.926,0.2,0.0,1.0,0.66,0.0,0.5,0.0,0.448,0.562,0.5,0.503,0.0,0.492,0.0,0,0,0.384,0.758,0.0,0.766,0.054,0.323,0.707,0.0,0.574,0.423,0.0,1.0,0.845
37534,2026.08.17 07:42:40,XPTUSDm,TREND_CONTINUATION,BUY,1,1771.34,1760.3,1794.32,2.08,0.572,1750.15375,1756.4425,1747.735,0,0.896,0.051,1.8494,1747.11625,1753.106,1765.316,1716.476,0,0.015,0.45,0,1750.15375,0.729,0.24,0,0.0,0.0,1757.02975,0.0,0.0,0,0,0,1.0,0.9783,0.0473,0.978,0.064,2,0.614,1,0.069,1754.99125,1763.215,1.323,0.428,0.0,2,0.15,0,0.614,1.321,3.0,0.44,0.399,1,1750.15375,8,0.746,0.0,0.341,0.293,0.053,0.84,0.904,1631.96269,1632.52812,1752.14787,706.7338,37.0396,2,1623.39115,0.546,1837.67962,0.343,1751.96423,0.377,1,0.533,1,0,30432,0.784,0.578,0.447,419.0,443.3,0.4559,919.0,0.0,1,1,0.927,1006.2,1,1,0.65,1167.4,1,65.717,0.074,0.926,0.2,0.0,1.0,0.84,0.0,0.5,0.0,0.653,0.595,0.5,0.461,0.0,0.368,0.0,0,0,0.343,0.286,0.0,0.416,0.054,0.585,0.859,0.0,0.56,0.4,0.0,1.0,0.819
0,2026.08.17 08:06:40,XPTUSDm,BREAKOUT_RETEST,BUY,2,1764.42,1761.49,1772.33,2.7,0.614,1754.94225,1761.2715,1747.2065,1,0.548,0.116,0.5582,1746.735,1753.106,1765.316,1716.476,1,0.007,0.5,0,1754.94225,0.8,0.591,0,0.0,0.0,1765.39875,0.0,0.0,0,0,0,1.0,1.0,0.0553,1.0,0.735,0,0.655,0,0.392,1759.16175,1763.38125,0.126,0.307,0.0,2,0.15,0,0.655,1.019,3.0,0.34,0.413,1,1754.94225,8,0.76,0.748,0.139,0.3,0.131,0.829,0.756,1631.96269,1632.52812,1750.33887,689.3549,-17.379,1,1623.39115,0.544,1837.67962,0.343,1751.96423,0.387,-1,0.485,1,0,30433,0.784,0.578,0.447,403.0,411.5,0.4129,975.9,0.0,1,1,0.927,1006.2,1,1,0.65,1167.4,1,61.175,0.085,0.915,0.2,1.0,1.0,0.53,0.0,0.5,0.0,0.68,0.26,0.5,0.479,0.0,0.338,0.0,0,0,0.423,0.562,0.825,0.911,0.083,0.671,0.567,0.0,0.563,0.4,0.0,1.0,0.805
0,2026.08.17 08:10:40,XPTUSDm,ANCHORED_PULLBACK,BUY,2,1763.98,1762.47,1766.69,1.79,0.307,1754.94225,1761.2715,1747.2065,1,0.548,0.116,0.5172,1746.735,1753.106,1765.316,1716.476,1,0.007,0.5,0,1754.94225,0.8,0.591,0,0.0,0.0,1765.39875,0.0,0.0,0,0,0,1.0,1.0,0.0553,1.0,0.735,0,0.655,0,0.392,1759.16175,1763.38125,0.085,0.347,0.0,2,0.15,0,0.655,1.019,3.0,0.34,0.413,1,1754.94225,8,0.76,0.83,0.139,0.3,0.131,0.829,0.756,1631.96269,1632.52812,1750.33887,689.3549,-17.379,1,1623.39115,0.544,1837.67962,0.343,1751.96423,0.387,-1,0.485,1,0,30433,0.784,0.578,0.447,399.0,410.0,0.4088,975.9,0.0,1,1,0.927,1006.2,1,1,0.65,1167.4,1,61.129,0.085,0.915,0.2,1.0,1.0,0.78,0.0,0.5,0.0,0.67,0.211,0.5,0.469,0.0,0.341,0.0,0,0,0.451,0.562,0.604,0.911,0.083,0.671,0.563,0.0,0.563,0.4,0.0,1.0,0.805
37536,2026.08.17 08:12:40,XPTUSDm,BREAKOUT,BUY,2,1766.38,1762.1,1790.78,5.69,0.509,1754.94225,1761.2715,1747.2065,0,0.548,0.116,0.7713,1746.735,1753.106,1765.316,1716.476,1,0.01,0.5,0,1754.94225,0.8,0.591,0,0.0,0.0,1765.39875,0.0,0.0,0,0,0,1.0,1.0,0.0553,1.0,0.282,0,0.655,0,0.392,1759.16175,1763.38125,0.339,0.093,0.0,2,0.15,0,0.655,1.223,3.0,0.408,0.437,1,1759.16175,2,0.55,0.322,0.275,0.3,0.131,0.829,0.756,1631.96269,1632.52812,1750.33887,689.3549,-17.379,1,1623.39115,0.544,1837.67962,0.343,1751.96423,0.387,-1,0.485,1,0,30433,0.784,0.578,0.447,391.0,408.8,0.4006,975.9,0.0,1,1,0.927,1006.2,1,1,0.65,1167.4,1,61.375,0.085,0.915,0.2,1.0,1.0,0.93,0.0,0.5,0.0,1.0,0.287,0.5,0.511,0.0,0.398,0.0,0,0,0.44,0.552,0.604,0.781,0.083,0.755,0.435,0.0,0.535,0.4,0.0,1.0,0.797
37538,2026.08.17 08:20:59,XPTUSDm,PULLBACK,BUY,2,1762.95,1758.01,1769.36,1.3,0.642,1754.94225,1761.2715,1747.2065,1,0.548,0.116,0.4066,1746.735,1753.106,1765.316,1716.476,1,0.006,0.5,0,1754.94225,0.8,0.591,0,0.0,0.0,1765.39875,0.0,0.0,0,0,0,1.0,1.0,0.0553,1.0,0.859,0,0.655,0,0.392,1759.16175,1763.38125,0.026,0.458,0.0,2,0.15,0,0.655,0.964,3.0,0.321,0.406,1,1754.94225,8,0.76,0.948,0.102,0.3,0.131,0.829,0.756,1631.96269,1632.52812,1750.33887,689.3549,-17.379,1,1623.39115,0.544,1837.67962,0.343,1751.96423,0.387,-1,0.485,1,0,30433,0.784,0.578,0.447,404.0,399.8,0.414,975.9,0.0,1,1,0.927,1006.2,1,1,0.65,1167.4,1,61.024,0.085,0.915,0.2,1.0,1.0,0.17,0.0,0.5,0.0,0.589,0.197,0.5,0.48,0.0,0.343,0.0,0,0,0.463,0.585,0.268,0.792,0.083,0.664,0.577,0.0,0.584,0.4,0.0,1.0,0.805
37540,2026.08.17 09:00:40,XPTUSDm,MEAN_REVERSION,BUY,2,1756.87,1748.52,1764.71,0.94,0.568,1760.56825,1762.678,1751.426,1,0.045,0.763,-0.7508,1746.735,1753.106,1765.316,1716.476,1,0.0,0.4,0,1760.56825,0.769,0.691,0,0.0,0.0,1751.1095,0.0,0.0,0,0,0,0.8,1.0,0.0559,1.0,0.445,2,0.554,0,0.742,1754.239,1746.50325,0.145,0.596,0.0,2,0.0,0,0.554,1.15,3.0,0.383,0.455,1,1760.56825,8,0.754,0.711,0.166,0.3,0.148,0.717,0.875,1631.96269,1632.52812,1750.33887,689.3549,-17.379,1,1623.39115,0.544,1837.67962,0.343,1751.96423,0.387,-1,0.485,1,0,30434,0.784,0.578,0.447,414.0,427.9,0.3966,1044.0,0.0,1,1,0.927,1006.2,1,1,0.65,1167.4,1,56.463,0.085,0.915,0.2,1.0,1.0,0.48,0.0,0.5,0.0,0.58,0.418,0.5,0.529,0.0,0.358,0.0,0,0,0.351,0.818,0.0,1.0,0.056,0.419,0.564,0.0,0.532,0.4,0.0,1.0,0.86
37542,2026.08.17 09:27:00,XPTUSDm,SWEEP_REVERSAL,BUY,2,1755.72,1745.28,1764.93,0.88,0.153,1760.56825,1762.678,1751.426,0,0.045,0.763,-0.882,1746.735,1753.106,1765.316,1716.476,1,0.002,0.4,0,1760.56825,0.769,0.691,0,0.0,0.0,1751.1095,0.0,0.0,0,0,0,0.8,1.0,0.0559,1.0,0.297,2,0.554,0,0.742,1754.239,1746.50325,0.276,0.465,0.0,2,0.0,0,0.554,1.216,3.0,0.405,0.463,1,1760.56825,8,0.754,0.448,0.211,0.3,0.148,0.717,0.875,1631.96269,1632.52812,1750.33887,689.3549,-17.379,1,1623.39115,0.544,1837.67962,0.343,1751.96423,0.387,-1,0.485,1,0,30434,0.784,0.578,0.447,436.0,435.5,0.4176,1044.0,0.0,1,1,0.927,1006.2,1,1,0.65,1167.4,1,56.352,0.085,0.915,0.2,1.0,1.0,0.45,0.0,0.5,0.0,0.687,0.357,0.5,0.491,0.0,0.382,0.0,0,0,0.386,0.834,0.0,1.0,0.056,0.491,0.564,0.0,0.519,0.4,0.0,1.0,0.937
37544,2026.08.17 12:00:40,XPTUSDm,TREND_CONTINUATION,BUY,2,1762.13,1749.23,1789.0,2.08,0.301,1760.826,1763.962,1753.21,1,0.044,0.289,-0.2657,1749.63625,1753.106,1765.316,1716.476,1,0.005,0.6,0,1760.826,0.778,0.199,0,0.0,0.0,0.0,0.0,0.0,0,0,0,0.34,0.5746,0.0362,0.575,0.39,0,0.698,0,0.193,1760.378,1755.45,0.224,0.234,0.0,2,0.15,0,0.698,1.174,3.0,0.391,0.408,1,1753.21,5,0.6,0.552,0.243,0.172,0.091,0.757,0.935,1630.10283,1632.52812,1750.72213,709.1133,19.7585,2,1630.10283,0.55,1840.34811,0.34,1747.84019,0.398,-1,0.535,1,0,30437,0.784,0.578,0.447,416.0,415.0,0.3871,1074.8,0.0,1,1,0.927,1006.2,1,1,0.65,1167.4,1,55.335,0.074,0.926,0.2,0.0,1.0,0.36,0.0,0.5,0.0,0.841,0.329,0.5,0.556,0.0,0.423,0.0,0,0,0.439,0.751,0.0,1.0,0.042,0.526,0.505,0.0,0.525,0.4,0.0,1.0,0.747
0,2026.08.17 12:01:40,XPTUSDm,MEAN_REVERSION,BUY,2,1760.33,1756.66,1765.35,1.36,0.655,1760.826,1763.962,1753.21,1,0.044,0.289,-0.4667,1749.63625,1753.106,1765.316,1716.476,1,0.003,0.6,0,1760.826,0.778,0.199,0,0.0,0.0,0.0,0.0,0.0,0,0,0,0.34,0.5746,0.0362,0.575,0.06,0,0.698,0,0.193,1760.378,1755.45,0.425,0.033,0.0,2,0.15,0,0.698,1.323,3.0,0.441,0.425,1,1760.826,8,0.756,0.15,0.342,0.172,0.091,0.757,0.935,1630.10283,1632.52812,1750.72213,709.1133,19.7585,2,1630.10283,0.55,1840.34811,0.34,1747.84019,0.398,-1,0.535,1,0,30437,0.784,0.578,0.447,452.0,417.4,0.4205,1074.8,0.0,1,1,0.927,1006.2,1,1,0.65,1167.4,1,55.167,0.074,0.926,0.2,0.0,1.0,0.0,0.0,0.5,0.0,0.879,0.32,0.5,0.5,0.0,0.361,0.0,0,0,0.403,0.603,0.0,1.0,0.042,0.478,0.472,0.0,0.531,0.4,0.0,1.0,0.747
37546,2026.08.17 12:14:40,XPTUSDm,BREAKOUT,BUY,2,1762.69,1756.71,1789.56,4.49,0.204,1760.826,1763.962,1753.21,1,0.044,0.289,-0.2518,1749.63625,1753.106,1765.316,1716.476,1,0.005,0.6,0,1760.826,0.778,0.199,0,0.0,0.0,0.0,0.0,0.0,0,0,0,0.34,0.5746,0.0362,0.575,0.39,0,0.698,0,0.193,1760.378,1755.45,0.21,0.248,0.0,2,0.15,0,0.698,1.174,3.0,0.391,0.408,1,1753.21,5,0.6,0.58,0.243,0.172,0.091,0.757,0.935,1630.10283,1632.52812,1750.72213,709.1133,19.7585,2,1630.10283,0.55,1840.34811,0.34,1747.84019,0.398,-1,0.535,1,0,30437,0.784,0.578,0.447,457.0,429.0,0.4252,1074.8,0.0,1,1,0.927,1006.2,1,1,0.65,1167.4,1,55.387,0.074,0.926,0.2,0.0,1.0,0.04,0.0,0.5,0.0,0.648,0.391,0.5,0.562,0.0,0.37,0.0,0,0,0.382,0.751,0.0,1.0,0.042,0.526,0.507,0.0,0.525,0.4,0.0,1.0,0.747
37548,2026.08.17 13:00:00,XPTUSDm,PULLBACK,BUY,4,1770.68,1765.13,1803.29,5.87,0.409,1760.826,1763.962,1755.002,0,0.411,0.001,0.4935,1749.63625,1753.106,1765.316,1716.476,0,0.012,0.5,0,1760.826,0.788,0.888,0,0.0,0.0,1760.54925,0.0,0.0,0,0,1,0.75,0.72,0.0814,0.72,0.042,0,0.712,3,0.459,1760.826,1765.306,0.494,0.081,-0.1649,1,0.15,0,0.712,1.331,3.0,0.444,0.476,1,1760.826,8,0.758,0.013,0.647,0.216,0.053,0.864,0.916,1630.10283,1632.52812,1750.72213,709.1133,19.7585,2,1630.10283,0.55,1840.34811,0.34,1747.84019,0.398,-1,0.535,1,0,30438,0.784,0.578,0.447,449.0,435.7,0.4131,1086.9,0.0,1,1,0.927,1006.2,1,1,0.65,1167.4,1,55.503,0.074,0.926,0.2,0.0,1.0,0.16,0.0,0.5,0.0,0.454,0.508,0.5,0.463,0.0,0.444,0.0,0,0,0.321,0.386,0.0,0.843,0.042,0.323,0.798,0.0,0.517,0.4,0.0,1.0,0.827
37550,2026.08.17 13:00:20,XPTUSDm,ANCHORED_PULLBACK,BUY,4,1769.22,1757.29,1786.47,1.45,0.388,1760.826,1763.962,1755.002,0,0.411,0.001,0.3592,1749.63625,1753.106,1765.316,1716.476,1,0.011,0.5,0,1760.826,0.788,0.888,0,0.0,0.0,1760.54925,0.0,0.0,0,0,1,0.75,0.72,0.0814,0.72,0.119,0,0.712,3,0.459,1760.826,1765.306,0.359,0.053,0.0,2,0.15,0,0.712,1.296,3.0,0.432,0.472,1,1760.826,8,0.758,0.282,0.324,0.216,0.053,0.864,0.916,1630.10283,1632.52812,1750.72213,709.1133,19.7585,2,1630.10283,0.55,1840.34811,0.34,1747.84019,0.398,-1,0.535,1,0,30438,0.784,0.578,0.447,449.0,436.1,0.4131,1086.9,0.0,1,1,0.927,1006.2,1,1,0.65,1167.4,1,55.369,0.074,0.926,0.2,0.0,1.0,0.12,0.0,0.5,0.0,0.522,0.495,0.5,0.463,0.0,0.476,0.0,0,0,0.332,0.66,0.0,1.0,0.042,0.465,0.708,0.0,0.483,0.4,0.0,1.0,0.86
0,2026.08.17 13:02:40,XPTUSDm,BREAKOUT_RETEST,BUY,4,1767.55,1764.29,1772.76,1.6,0.506,1760.826,1763.962,1755.002,1,0.411,0.001,0.2212,1749.63625,1753.106,1765.316,1716.476,1,0.009,0.5,0,1760.826,0.788,0.888,0,0.0,0.0,1760.54925,0.0,0.0,0,0,1,0.75,0.72,0.0814,0.72,0.144,0,0.712,3,0.459,1760.826,1765.306,0.221,0.191,0.0,2,0.15,0,0.712,1.285,3.0,0.428,0.471,1,1755.002,5,0.6,0.558,0.317,0.216,0.053,0.864,0.916,1630.10283,1632.52812,1750.72213,709.1133,19.7585,2,1630.10283,0.55,1840.34811,0.34,1747.84019,0.398,-1,0.535,1,0,30438,0.784,0.578,0.447,432.0,440.3,0.3975,1086.9,0.0,1,1,0.927,1006.2,1,1,0.65,1167.4,1,55.215,0.074,0.926,0.2,0.0,1.0,0.77,0.0,0.5,0.0,0.574,0.542,0.5,0.463,0.0,0.498,0.0,0,0,0.363,0.675,0.0,1.0,0.042,0.416,0.56,0.0,0.498,0.4,0.0,1.0,0.821
37552,2026.08.17 14:00:40,XPTUSDm,TREND_CONTINUATION,BUY,4,1771.13,1757.71,1799.09,2.08,0.499,1760.87475,1763.876,1756.673,0,0.781,1.533,0.5477,1753.023,1753.106,1765.316,1716.476,0,0.012,0.3,4,1760.87475,0.714,0.505,0,0.0,0.0,1762.29675,0.0,0.0,0,0,1,0.825,0.755,0.1065,0.755,0.12,0,0.754,1,0.044,1760.2745,1772.87975,0.601,0.526,0.0,2,0.0,0,0.754,1.296,3.0,0.432,0.438,1,1760.87475,8,0.743,0.0,0.264,0.226,0.15,0.745,0.933,1630.10283,1632.52812,1750.72213,709.1133,19.7585,2,1630.10283,0.55,1840.34811,0.34,1747.84019,0.398,-1,0.535,1,0,30439,0.784,0.578,0.447,413.0,417.7,0.3693,1118.3,0.0,1,1,0.927,1006.2,1,1,0.65,1167.4,1,53.987,0.074,0.926,0.2,0.0,1.0,0.65,0.0,0.5,0.0,0.426,0.614,0.5,0.509,0.0,0.713,0.0,0,0,0.506,0.562,0.0,1.0,0.028,0.395,0.781,0.0,0.538,0.4,0.0,1.0,0.943
37553,2026.08.17 14:14:40,XPTUSDm,BREAKOUT,BUY,4,1776.98,1765.1,1804.94,2.35,0.528,1760.87475,1763.876,1756.673,0,0.781,1.533,1.07,1753.023,1753.106,1765.316,1716.476,0,0.018,0.3,4,1760.87475,0.714,0.505,0,0.0,0.0,1762.29675,0.0,0.0,0,0,1,0.825,0.755,0.1065,0.755,0.071,0,0.754,1,0.044,1760.2745,1772.87975,1.124,0.004,0.0,2,0.0,0,0.754,1.318,3.0,0.439,0.441,1,1760.87475,8,0.743,0.0,0.279,0.226,0.15,0.745,0.933,1630.10283,1632.52812,1750.72213,709.1133,19.7585,2,1630.10283,0.55,1840.34811,0.34,1747.84019,0.398,-1,0.535,1,0,30439,0.784,0.578,0.447,414.0,424.7,0.3702,1118.3,0.0,1,1,0.927,1006.2,1,1,0.65,1167.4,1,54.51,0.074,0.926,0.2,0.0,1.0,0.65,0.0,0.5,0.0,0.484,0.495,0.5,0.475,0.0,0.599,0.0,0,0,0.385,0.534,0.0,0.535,0.028,0.395,0.834,0.0,0.559,0.4,0.0,1.0,0.943
37556,2026.08.17 15:00:00,XPTUSDm,PULLBACK,BUY,4,1783.49,1766.37,1817.72,2.0,0.686,1762.275,1771.7,1755.75,0,1.5,0.152,1.4998,1749.747,1753.106,1765.316,1716.476,0,0.023,0.55,0,1762.275,0.711,0.371,0,0.0,0.0,1778.68775,0.0,0.0,0,0,1,0.9,0.79,0.15,0.79,0.222,2,0.606,1,0.092,1760.1,1781.125,1.69,0.152,0.7665,0,0.15,2,1.0,1.7,3.0,0.567,0.54,2,1762.275,8,0.742,0.0,0.293,0.937,0.053,0.823,0.905,1630.10283,1632.52812,1750.72213,709.1133,19.7585,2,1630.10283,0.55,1840.34811,0.34,1747.84019,0.398,-1,0.535,1,0,30440,0.771,0.584,0.448,410.0,416.7,0.3593,1141.1,0.0,1,1,0.927,1006.2,1,1,0.65,1167.4,1,53.989,0.074,0.926,0.2,0.0,1.0,0.75,0.0,0.5,0.0,1.0,0.415,0.5,0.482,0.0,0.556,0.0,0,0,0.418,0.26,0.0,0.517,0.042,0.962,0.725,0.0,0.429,0.4,0.0,1.0,0.886
37557,2026.08.17 15:00:20,XPTUSDm,ANCHORED_PULLBACK,BUY,4,1783.69,1775.26,1802.41,2.22,0.524,1762.275,1771.7,1755.75,0,1.5,0.152,1.5173,1749.747,1753.106,1765.316,1716.476,0,0.023,0.55,0,1762.275,0.711,0.371,0,0.0,0.0,1778.68775,0.0,0.0,0,0,1,0.9,0.79,0.15,0.79,0.222,0,0.68,1,0.092,1760.1,1781.125,1.708,0.135,0.0,2,0.15,0,0.68,1.25,3.0,0.417,0.408,1,1762.275,8,0.742,0.0,0.293,0.237,0.053,0.823,0.905,1630.10283,1632.52812,1750.72213,709.1133,19.7585,2,1630.10283,0.55,1840.34811,0.34,1747.84019,0.398,-1,0.535,1,0,30440,0.771,0.584,0.448,410.0,416.6,0.3593,1141.1,0.0,1,1,0.927,1006.2,1,1,0.65,1167.4,1,54.006,0.074,0.926,0.2,0.0,1.0,0.75,0.0,0.5,0.0,1.0,0.426,0.5,0.522,0.0,0.556,0.0,0,0,0.423,0.257,0.0,0.333,0.042,0.587,0.867,0.0,0.495,0.4,0.0,1.0,0.819
37560,2026.08.17 16:00:40,XPTUSDm,TREND_CONTINUATION,BUY,4,1786.48,1773.03,1814.5,2.08,0.558,1761.793,1778.866,1756.102,0,0.023,0.459,1.8192,1752.31625,1753.34625,1764.6275,1714.99,0,0.026,0.7,0,1761.793,0.729,0.0,1,0.0,0.0,0.0,0.0,0.0,0,0,1,0.975,0.825,0.2032,0.825,0.339,2,0.541,3,0.519,1780.492,1775.614,0.151,0.586,0.0,2,0.0,0,0.541,1.198,3.0,0.399,0.433,1,1761.793,8,0.746,0.699,0.198,0.247,0.0,0.748,0.783,1631.96269,1632.52812,1750.598,697.5475,-11.5659,1,1623.39115,0.54,1837.67962,0.341,1751.96423,0.402,-1,0.244,1,0,30441,0.771,0.584,0.448,430.0,425.0,0.3837,1120.6,0.0,1,1,0.927,1006.2,1,1,0.65,1167.4,1,55.243,0.081,0.919,0.2,1.0,1.0,0.22,0.0,0.5,0.0,0.731,0.511,0.5,0.516,0.0,0.316,0.0,0,0,0.288,0.598,0.0,0.475,0.054,0.753,0.855,0.0,0.477,0.4,0.0,1.0,1.004
37562,2026.08.17 16:14:40,XPTUSDm,BREAKOUT,BUY,4,1785.83,1769.02,1813.85,1.67,0.497,1761.793,1778.866,1756.102,0,0.023,0.459,1.788,1752.31625,1753.34625,1764.6275,1714.99,0,0.025,0.7,0,1761.793,0.729,0.0,1,0.0,0.0,0.0,0.0,0.0,0,0,1,0.975,0.825,0.2032,0.825,0.655,2,0.541,3,0.519,1780.492,1775.614,0.119,0.555,0.0,2,0.0,0,0.541,1.055,3.0,0.352,0.417,1,1761.793,8,0.746,0.761,0.104,0.247,0.0,0.748,0.783,1631.96269,1632.52812,1750.598,697.5475,-11.5659,1,1623.39115,0.54,1837.67962,0.341,1751.96423,0.402,-1,0.244,1,0,30441,0.771,0.584,0.448,400.0,442.3,0.3569,1120.6,0.0,1,1,0.927,1006.2,1,1,0.65,1167.4,1,55.185,0.081,0.919,0.2,1.0,1.0,0.99,0.0,0.5,0.0,0.71,0.502,0.5,0.516,0.0,0.364,0.0,0,0,0.302,0.673,0.0,0.428,0.054,0.753,0.796,0.0,0.497,0.4,0.0,1.0,1.053
37564,2026.08.17 17:00:00,XPTUSDm,BREAKOUT_RETEST,BUY,3,1781.65,1773.53,1796.91,1.88,0.474,1780.65025,1785.37,1770.5365,1,0.037,0.32,-0.276,1752.31625,1752.20875,1767.684,1719.0475,0,0.022,0.55,2,1780.65025,0.735,0.514,0,0.0,0.0,0.0,0.0,0.0,0,0,1,0.7,0.86,0.2526,0.86,0.625,2,0.628,2,0.061,1779.976,1774.582,0.216,0.261,0.0,2,0.0,0,0.628,1.069,3.0,0.356,0.387,1,1770.5365,5,0.6,0.567,0.113,0.258,0.0,0.785,0.826,1631.96269,1632.52812,1750.598,697.5475,-11.5659,1,1623.39115,0.54,1837.67962,0.341,1751.96423,0.402,-1,0.244,1,0,30442,0.771,0.584,0.448,412.0,449.1,0.3644,1130.7,0.0,1,1,0.927,1006.2,1,1,0.65,1167.4,1,54.324,0.081,0.919,0.2,1.0,1.0,0.86,0.0,0.5,0.0,0.842,0.422,0.5,0.505,0.0,0.273,0.0,0,0,0.308,0.813,0.0,0.285,0.054,0.418,0.65,0.0,0.481,0.4,0.0,1.0,0.803
37565,2026.08.17 17:00:20,XPTUSDm,PULLBACK,BUY,3,1781.79,1773.53,1815.71,4.1,0.534,1780.65025,1785.37,1770.5365,1,0.037,0.32,-0.2636,1752.31625,1752.20875,1767.684,1719.0475,0,0.023,0.55,2,1780.65025,0.735,0.514,0,0.0,0.0,0.0,0.0,0.0,0,0,1,0.7,0.86,0.2526,0.86,0.625,2,0.628,2,0.061,1779.976,1774.582,0.204,0.273,0.0,2,0.0,0,0.628,1.069,3.0,0.356,0.387,1,1770.5365,5,0.6,0.592,0.113,0.258,0.0,0.785,0.826,1631.96269,1632.52812,1750.598,697.5475,-11.5659,1,1623.39115,0.54,1837.67962,0.341,1751.96423,0.402,-1,0.244,1,0,30442,0.771,0.584,0.448,412.0,449.1,0.3644,1130.7,0.0,1,1,0.927,1006.2,1,1,0.65,1167.4,1,54.336,0.081,0.919,0.2,1.0,1.0,0.87,0.0,0.5,0.0,0.842,0.436,0.5,0.505,0.0,0.273,0.0,0,0,0.299,0.813,0.0,0.285,0.054,0.418,0.65,0.0,0.481,0.4,0.0,1.0,0.803
37568,2026.08.17 17:31:40,XPTUSDm,SWEEP_REVERSAL,BUY,3,1773.92,1762.61,1784.89,0.97,0.102,1780.65025,1785.37,1770.5365,0,0.037,0.32,-0.9702,1752.31625,1752.20875,1767.684,1719.0475,0,0.015,0.55,2,1780.65025,0.735,0.514,0,0.0,0.0,0.0,0.0,0.0,0,0,1,0.7,0.86,0.2526,0.86,0.262,2,0.628,2,0.061,1779.976,1765.1425,0.911,0.401,0.0,2,0.0,0,0.628,1.232,3.0,0.411,0.407,1,1780.65025,8,0.747,0.0,0.222,0.258,0.0,0.785,0.841,1631.96269,1632.52812,1750.598,697.5475,-11.5659,1,1623.39115,0.54,1837.67962,0.341,1751.96423,0.402,-1,0.244,1,0,30442,0.771,0.584,0.448,424.0,404.7,0.375,1130.7,0.0,1,1,0.927,1006.2,1,1,0.65,1167.4,1,53.64,0.081,0.919,0.2,1.0,1.0,0.0,0.0,0.5,0.0,0.68,0.361,0.5,0.516,0.0,0.377,0.0,0,0,0.389,0.629,0.627,0.891,0.054,0.576,0.65,0.0,0.481,0.4,0.0,1.0,0.883
37570,2026.08.17 18:01:40,XPTUSDm,MEAN_REVERSION,BUY,3,1776.22,1767.26,1784.18,0.89,0.619,1780.2605,1782.583,1773.293,0,0.538,0.209,-0.7106,1752.31625,1752.20875,1767.684,1719.0475,0,0.018,0.5,0,1780.2605,0.74,0.43,0,0.0,0.0,0.0,0.0,0.0,0,0,1,0.75,0.72,0.2942,0.72,0.473,0,0.662,0,0.418,1779.796,1768.648,0.669,0.326,0.0,2,0.4,0,0.662,1.137,3.0,0.379,0.397,1,1780.2605,8,0.748,0.0,0.318,0.216,0.224,0.85,0.877,1631.96269,1632.52812,1750.598,697.5475,-11.5659,1,1623.39115,0.54,1837.67962,0.341,1751.96423,0.402,-1,0.244,1,0,30443,0.771,0.584,0.448,392.0,401.7,0.3499,1120.2,0.0,1,1,0.927,1006.2,1,1,0.65,1167.4,1,54.349,0.081,0.919,0.2,1.0,1.0,0.53,0.0,0.5,0.0,0.732,0.537,0.5,0.523,0.0,0.354,0.0,0,0,0.321,0.442,0.0,0.648,0.054,0.425,0.65,0.0,0.476,0.4,0.0,1.0,0.819
0,2026.08.17 19:00:20,XPTUSDm,BREAKOUT_RETEST,BUY,3,1776.54,1773.14,1785.32,2.58,0.588,1781.374,1782.706,1772.05,1,0.069,0.304,-0.774,1752.31625,1752.20875,1767.684,1719.0475,0,0.018,0.6,0,1781.374,0.732,0.235,0,0.0,0.0,0.0,0.0,0.0,0,0,1,1.0,0.755,0.289,0.755,0.588,2,0.583,0,0.595,1771.606,1776.046,0.087,0.305,0.0,2,0.25,0,0.583,1.085,3.0,0.362,0.401,1,1781.374,8,0.746,0.827,0.224,0.226,0.206,0.733,0.667,1631.96269,1632.52812,1750.598,697.5475,-11.5659,1,1623.39115,0.54,1837.67962,0.341,1751.96423,0.402,-1,0.244,1,0,30444,0.771,0.584,0.448,395.0,404.4,0.3481,1134.9,0.0,1,1,0.927,1006.2,1,1,0.65,1167.4,1,53.675,0.081,0.919,0.2,1.0,1.0,0.69,0.0,0.5,0.0,0.992,0.471,0.5,0.543,0.0,0.342,0.0,0,0,0.317,0.708,0.0,0.488,0.054,0.414,0.65,0.0,0.476,0.4,0.0,1.0,0.803
37572,2026.08.17 19:25:40,XPTUSDm,PULLBACK,BUY,3,1779.4,1774.83,1813.45,7.44,0.619,1781.374,1782.706,1772.05,1,0.069,0.304,-0.5185,1752.31625,1752.20875,1767.684,1719.0475,0,0.021,0.6,0,1781.374,0.732,0.235,0,0.0,0.0,0.0,0.0,0.0,0,0,1,1.0,0.755,0.289,0.755,0.541,2,0.583,0,0.595,1771.606,1776.046,0.342,0.049,0.0,2,0.25,0,0.583,1.106,3.0,0.369,0.403,1,1772.05,5,0.6,0.316,0.238,0.226,0.206,0.733,0.667,1631.96269,1632.52812,1750.598,697.5475,-11.5659,1,1623.39115,0.54,1837.67962,0.341,1751.96423,0.402,-1,0.244,1,0,30444,0.771,0.584,0.448,391.0,384.0,0.3445,1134.9,0.0,1,1,0.927,1006.2,1,1,0.65,1167.4,1,53.927,0.081,0.919,0.2,1.0,1.0,0.22,0.0,0.5,0.0,0.983,0.74,0.5,0.535,0.0,0.299,0.0,0,0,0.424,0.699,0.0,0.488,0.054,0.38,0.65,0.0,0.472,0.4,0.0,1.0,0.803
37573,2026.08.17 19:25:59,XPTUSDm,TREND_CONTINUATION,BUY,3,1779.4,1765.78,1807.77,2.08,0.55,1781.374,1782.706,1772.05,1,0.069,0.304,-0.5185,1752.31625,1752.20875,1767.684,1719.0475,0,0.021,0.6,0,1781.374,0.732,0.235,0,0.0,0.0,0.0,0.0,0.0,0,0,1,1.0,0.755,0.289,0.755,0.541,2,0.583,0,0.595,1771.606,1776.046,0.342,0.049,0.0,2,0.25,0,0.583,1.106,3.0,0.369,0.403,1,1772.05,5,0.6,0.316,0.238,0.226,0.206,0.733,0.667,1631.96269,1632.52812,1750.598,697.5475,-11.5659,1,1623.39115,0.54,1837.67962,0.341,1751.96423,0.402,-1,0.244,1,0,30444,0.771,0.584,0.448,391.0,384.1,0.3445,1134.9,0.0,1,1,0.927,1006.2,1,1,0.65,1167.4,1,53.927,0.081,0.919,0.2,1.0,1.0,0.22,0.0,0.5,0.0,0.983,0.744,0.5,0.535,0.0,0.299,0.0,0,0,0.427,0.699,0.0,0.488,0.054,0.38,0.65,0.0,0.472,0.4,0.0,1.0,0.803
37576,2026.08.17 19:54:40,XPTUSDm,SWEEP_REVERSAL,BUY,3,1775.74,1764.39,1785.16,0.83,0.226,1781.374,1782.706,1772.05,0,0.069,0.304,-0.8304,1752.31625,1752.20875,1767.684,1719.0475,0,0.017,0.6,0,1781.374,0.732,0.235,0,0.0,0.0,0.0,0.0,0.0,0,0,1,1.0,0.755,0.289,0.755,0.681,2,0.583,0,0.595,1771.606,1768.498,0.03,0.304,0.0,2,0.25,0,0.583,1.043,3.0,0.348,0.396,1,1781.374,8,0.746,0.939,0.196,0.226,0.206,0.733,0.814,1631.96269,1632.52812,1750.598,697.5475,-11.5659,1,1623.39115,0.54,1837.67962,0.341,1751.96423,0.402,-1,0.244,1,0,30444,0.771,0.584,0.448,379.0,392.1,0.334,1134.9,0.0,1,1,0.927,1006.2,1,1,0.65,1167.4,1,53.605,0.081,0.919,0.2,1.0,1.0,0.95,0.0,0.5,0.0,0.808,0.436,0.5,0.54,0.0,0.333,0.0,0,0,0.333,0.708,0.0,0.659,0.054,0.331,0.65,0.0,0.495,0.4,0.0,1.0,0.93
37578,2026.08.17 20:24:20,XPTUSDm,MEAN_REVERSION,BUY,3,1775.85,1766.99,1783.4,0.85,0.614,1771.7185,1778.068,1769.851,1,0.057,0.462,-0.1082,1752.31625,1752.20875,1767.684,1719.0475,0,0.017,0.55,0,1771.7185,0.779,0.704,0,0.0,0.0,0.0,0.0,0.0,0,0,1,0.8,0.79,0.2213,0.79,0.389,2,0.644,0,0.397,1772.4655,1768.357,0.176,0.195,0.0,2,0.25,0,0.644,1.175,3.0,0.392,0.426,1,1778.068,4,0.6,0.649,0.283,0.237,0.167,0.926,0.815,1631.96269,1632.52812,1750.04187,695.7005,-1.847,1,1623.39115,0.539,1837.67962,0.34,1751.96423,0.402,-1,0.255,1,0,30445,0.771,0.584,0.448,533.0,447.0,0.4812,1107.7,0.0,1,1,0.927,1006.2,1,1,0.65,1167.4,1,54.928,0.074,0.926,0.2,1.0,1.0,0.24,0.0,0.5,0.0,1.0,0.365,0.5,0.568,0.0,0.276,0.0,0,0,0.362,0.775,0.0,1.0,0.054,0.331,0.65,0.0,0.482,0.4,0.0,1.0,0.803
0,2026.08.17 22:05:00,XPTUSDm,BREAKOUT_RETEST,BUY,1,1775.32,1771.97,1779.78,1.33,0.602,1771.258,1775.182,1769.078,1,0.048,0.342,-0.0482,1752.436,1752.20875,1767.684,1719.0475,0,0.017,0.35,0,1771.258,0.783,0.955,0,0.0,0.0,0.0,0.0,0.0,0,0,1,1.0,1.0,0.1326,1.0,0.457,0,0.658,2,0.025,1772.566,1766.026,0.165,0.421,-0.1893,1,0.3,0,0.658,1.144,3.0,0.381,0.372,1,1775.182,4,0.6,0.669,0.583,0.3,0.105,0.924,0.919,1631.96269,1632.52812,1750.04187,695.7005,-1.847,1,1623.39115,0.539,1837.67962,0.34,1751.96423,0.402,-1,0.255,1,0,30446,0.771,0.584,0.448,460.0,1355.0,0.4121,1116.1,0.0,1,1,0.927,1006.2,1,1,0.65,1167.4,1,54.466,0.074,0.926,0.2,1.0,1.0,0.99,0.0,0.5,0.0,0.83,0.553,0.5,0.468,0.0,0.293,0.0,0,0,0.29,0.801,0.0,1.0,0.054,0.187,0.65,0.0,0.482,0.385,0.0,1.0,0.661
37580,2026.08.17 22:09:40,XPTUSDm,PULLBACK,BUY,1,1777.68,1760.94,1811.16,2.0,0.639,1771.258,1775.182,1769.078,1,0.048,0.342,0.0692,1752.436,1752.20875,1767.684,1719.0475,0,0.018,0.35,0,1771.258,0.783,0.955,0,0.0,0.0,0.0,0.0,0.0,0,0,1,1.0,1.0,0.1326,1.0,0.987,0,0.683,2,0.025,1772.566,1766.026,0.048,0.538,0.0,2,0.0,0,0.683,0.906,3.0,0.302,0.395,1,0.0,0,0.0,0.904,0.004,0.3,0.0,0.924,0.919,1631.96269,1632.52812,1750.04187,695.7005,-1.847,1,1623.39115,0.539,1837.67962,0.34,1751.96423,0.402,-1,0.255,1,0,30446,0.771,0.584,0.448,565.0,1125.1,0.5062,1116.1,0.0,1,1,0.927,1006.2,1,1,0.65,1167.4,1,54.678,0.074,0.926,0.2,1.0,1.0,0.81,0.0,0.5,0.0,0.705,0.555,0.5,0.468,0.0,0.348,0.0,0,0,0.313,0.736,0.0,0.77,0.054,0.234,0.65,0.0,0.502,0.385,0.0,1.0,0.764
37581,2026.08.17 22:10:40,XPTUSDm,TREND_CONTINUATION,BUY,1,1778.08,1764.69,1805.98,2.08,0.574,1771.258,1775.182,1769.078,1,0.048,0.342,0.079,1752.436,1752.20875,1767.684,1719.0475,0,0.018,0.35,0,1771.258,0.783,0.955,0,0.0,0.0,0.0,0.0,0.0,0,0,1,1.0,1.0,0.1326,1.0,0.987,0,0.683,2,0.025,1772.566,1766.026,0.038,0.548,0.0,2,0.0,0,0.683,0.906,3.0,0.302,0.395,1,0.0,0,0.0,0.924,0.004,0.3,0.0,0.924,0.919,1631.96269,1632.52812,1750.04187,695.7005,-1.847,1,1623.39115,0.539,1837.67962,0.34,1751.96423,0.402,-1,0.255,1,0,30446,0.771,0.584,0.448,594.0,1078.6,0.5322,1116.1,0.0,1,1,0.927,1006.2,1,1,0.65,1167.4,1,54.713,0.074,0.926,0.2,1.0,1.0,0.69,0.0,0.5,0.0,0.666,0.565,0.5,0.522,0.0,0.371,0.0,0,0,0.344,0.736,0.0,0.77,0.054,0.234,0.65,0.0,0.502,0.385,0.0,1.0,0.764
37584,2026.08.18 01:00:00,XPTUSDm,BREAKOUT,BUY,1,1787.16,1779.03,1812.26,3.09,0.582,1772.31275,1773.896,1768.6185,0,0.709,1.34,0.8145,1770.53125,1752.20875,1758.841,1710.2045,0,0.028,0.25,4,1772.31275,0.724,0.495,0,0.0,0.0,1773.8315,0.0,0.0,0,0,1,0.675,-0.51,-0.0787,0.51,0.159,0,0.724,0,0.188,1772.8405,1764.3965,0.762,1.603,0.0789,0,0.25,2,0.571,1.728,3.0,0.576,0.439,1,1772.31275,8,0.745,0.0,0.352,0.853,0.275,0.867,0.917,1598.93706,1632.52812,1749.443,681.8614,-13.8391,1,1625.15588,0.542,1843.64608,0.337,1756.25,0.399,-1,0.32,1,0,30449,0.771,0.584,0.448,667.0,584.5,0.6644,1003.9,0.0,1,1,0.927,1006.2,1,1,0.65,1167.4,1,61.733,0.104,0.896,0.2,1.0,1.0,0.12,0.0,0.5,0.0,0.357,0.682,0.5,0.495,0.0,0.639,0.0,0,0,0.513,0.565,0.0,0.866,0.036,0.783,0.759,0.0,0.475,0.385,0.0,1.0,0.915
0,2026.08.18 01:00:20,XPTUSDm,ANCHORED_PULLBACK,BUY,1,1787.16,1781.57,1795.34,1.46,0.215,1772.31275,1773.896,1768.6185,0,0.709,1.34,0.8145,1770.53125,1752.20875,1758.841,1710.2045,0,0.028,0.25,4,1772.31275,0.724,0.495,0,0.0,0.0,1773.8315,0.0,0.0,0,0,1,0.675,-0.51,-0.0787,0.51,0.159,0,0.754,0,0.188,1772.8405,1764.3965,0.762,1.603,0.0,2,0.25,0,0.754,1.278,3.0,0.426,0.432,1,1772.31275,8,0.745,0.0,0.352,0.153,0.275,0.867,0.917,1598.93706,1632.52812,1749.443,681.8614,-13.8391,1,1625.15588,0.542,1843.64608,0.337,1756.25,0.399,-1,0.32,1,0,30449,0.771,0.584,0.448,667.0,585.1,0.6644,1003.9,0.0,1,1,0.927,1006.2,1,1,0.65,1167.4,1,61.733,0.104,0.896,0.2,1.0,1.0,0.12,0.0,0.5,0.0,0.425,0.675,0.5,0.512,0.0,0.572,0.0,0,0,0.488,0.564,0.0,0.71,0.036,0.344,0.84,0.0,0.528,0.385,0.0,1.0,0.877
37586,2026.08.18 02:22:40,XPTUSDm,MEAN_REVERSION,BUY,1,1762.07,1753.79,1774.64,1.52,0.665,1772.4035,1777.664,1768.312,0,0.652,0.2,-1.44,1770.53125,1752.20875,1776.527,1723.469,1,0.005,0.4,0,1770.0655,0.67,0.537,0,0.0,0.0,1762.9155,0.0,0.0,0,0,0,0.75,-0.72,-0.0967,0.72,0.107,0,0.749,2,0.007,1771.819,1765.974,1.383,0.819,0.0,2,0.15,0,0.749,1.302,3.0,0.434,0.433,1,1770.0655,8,0.734,0.0,0.328,0.216,0.053,0.92,0.953,1598.93706,1632.52812,1749.443,681.8614,-13.8391,1,1625.15588,0.542,1843.64608,0.337,1756.25,0.399,-1,0.32,1,0,30450,0.777,0.583,0.448,457.0,485.6,0.4415,1035.0,0.0,1,1,0.927,1006.2,1,1,0.65,1167.4,1,57.456,0.104,0.896,0.2,1.0,1.0,0.77,0.0,0.5,0.0,0.801,0.266,0.5,0.453,0.0,0.494,0.0,0,0,0.474,0.429,0.0,0.664,0.054,0.444,0.331,0.0,0.527,0.37,0.0,1.0,0.758
37588,2026.08.18 02:27:40,XPTUSDm,SWEEP_REVERSAL,BUY,1,1763.31,1752.96,1775.32,1.16,0.166,1772.4035,1777.664,1768.312,0,0.652,0.2,-1.3858,1770.53125,1752.20875,1776.527,1723.469,1,0.006,0.4,0,1770.0655,0.67,0.537,0,0.0,0.0,1762.9155,0.0,0.0,0,0,0,0.75,-0.72,-0.0967,0.72,0.107,0,0.749,2,0.007,1771.819,1765.974,1.329,0.765,0.0,2,0.15,0,0.749,1.302,3.0,0.434,0.433,1,1770.0655,8,0.734,0.0,0.328,0.216,0.053,0.92,0.953,1598.93706,1632.52812,1749.443,681.8614,-13.8391,1,1625.15588,0.542,1843.64608,0.337,1756.25,0.399,-1,0.32,1,0,30450,0.777,0.583,0.448,525.0,488.7,0.5072,1035.0,0.0,1,1,0.927,1006.2,1,1,0.65,1167.4,1,57.576,0.104,0.896,0.2,1.0,1.0,0.18,0.0,0.5,0.0,0.945,0.303,0.5,0.459,0.0,0.505,0.0,0,0,0.458,0.537,0.0,0.974,0.054,0.444,0.333,0.0,0.523,0.37,0.0,1.0,0.758
0,2026.08.18 03:00:20,XPTUSDm,ANCHORED_PULLBACK,BUY,1,1763.81,1762.4,1785.25,15.18,0.351,1772.39175,1782.34,1760.913,0,0.156,0.584,-1.2746,1770.53125,1752.20875,1776.527,1723.469,1,0.006,0.7,0,1772.39175,0.675,0.047,0,0.0,0.0,1754.1025,0.0,0.0,0,0,0,0.825,-0.755,-0.1271,0.755,0.417,0,0.665,3,0.536,1760.14775,1752.49525,0.132,0.582,0.0,2,0.0,0,0.665,1.162,3.0,0.387,0.425,1,1772.39175,8,0.735,0.735,0.175,0.226,0.0,0.447,0.878,1598.93706,1632.52812,1749.443,681.8614,-13.8391,1,1625.15588,0.542,1843.64608,0.337,1756.25,0.399,-1,0.32,1,0,30451,0.777,0.583,0.448,508.0,542.4,0.4739,1071.9,0.0,1,1,0.927,1006.2,1,1,0.65,1167.4,0,55.643,0.104,0.896,0.2,1.0,0.5,0.81,0.0,0.5,0.0,0.585,0.801,0.5,0.518,0.0,0.337,0.0,0,0,0.471,0.774,0.0,0.968,0.036,0.982,0.449,0.0,0.506,0.37,0.0,1.0,0.897
37590,2026.08.18 04:22:40,XPTUSDm,MEAN_REVERSION,BUY,1,1755.78,1747.56,1777.33,2.62,0.558,1753.8685,1773.106,1751.56,1,0.095,1.144,-0.2247,1770.53125,1752.20875,1767.684,1714.626,1,0.001,0.7,2,1753.8685,0.685,0.303,0,0.0,0.0,0.0,0.0,0.0,0,0,0,0.9,-0.79,-0.1749,0.79,0.591,2,0.471,3,0.789,1753.8685,1766.95,0.225,1.498,0.0,2,0.0,0,0.471,1.084,3.0,0.361,0.468,1,1773.106,4,0.6,0.551,0.123,0.237,0.0,1.0,0.934,1626.9912,1632.52812,1761.653,733.0096,51.1482,2,1626.9912,0.536,1840.9368,0.338,1751.7928,0.41,-1,0.558,1,0,30452,0.777,0.583,0.448,422.0,386.5,0.4107,1027.4,0.0,1,1,0.927,1006.2,1,1,0.65,1167.4,0,57.267,0.083,0.917,0.2,0.0,0.5,0.04,0.0,0.5,0.0,0.847,0.481,0.5,0.547,0.0,0.264,0.0,0,0,0.281,0.809,0.0,0.88,0.036,0.468,0.458,0.0,0.51,0.37,0.0,1.0,0.817
37592,2026.08.18 04:37:40,XPTUSDm,SWEEP_REVERSAL,BUY,1,1755.61,1745.34,1777.19,2.1,0.117,1753.8685,1773.106,1751.56,0,0.095,1.144,-0.2276,1770.53125,1752.20875,1767.684,1714.626,1,0.001,0.7,2,1753.8685,0.685,0.303,0,0.0,0.0,0.0,0.0,0.0,0,0,0,0.9,-0.79,-0.1749,0.79,0.591,2,0.471,3,0.789,1753.8685,1766.95,0.228,1.501,0.0,2,0.0,0,0.471,1.084,3.0,0.361,0.468,1,1773.106,4,0.6,0.545,0.123,0.237,0.0,1.0,0.934,1626.9912,1632.52812,1761.653,733.0096,51.1482,2,1626.9912,0.536,1840.9368,0.338,1751.7928,0.41,-1,0.558,1,0,30452,0.777,0.583,0.448,408.0,392.6,0.3971,1027.4,0.0,1,1,0.927,1006.2,1,1,0.65,1167.4,0,57.251,0.083,0.917,0.2,0.0,0.5,0.08,0.0,0.5,0.0,0.747,0.469,0.5,0.558,0.0,0.274,0.0,0,0,0.296,0.817,0.0,0.88,0.036,0.384,0.468,0.0,0.51,0.37,0.0,1.0,0.893
37594,2026.08.18 07:00:00,XPTUSDm,BREAKOUT,BUY,1,1765.37,1757.11,1788.9,2.85,0.626,1753.35375,1758.125,1750.3175,0,0.778,0.144,0.87,1770.59875,1752.20875,1767.684,1714.626,1,0.01,0.45,0,1753.35375,0.699,0.219,0,0.0,0.0,0.0,0.0,0.0,0,0,0,1.0,-0.72,-0.2574,0.72,0.102,0,0.709,0,0.435,1752.92,1762.89625,0.916,0.144,0.127,0,0.4,2,0.868,1.754,3.0,0.585,0.505,2,1753.35375,8,0.74,0.0,0.429,0.916,0.227,0.711,0.956,1626.9912,1632.52812,1761.653,733.0096,51.1482,2,1626.9912,0.536,1840.9368,0.338,1751.7928,0.41,-1,0.558,1,0,30455,0.777,0.583,0.448,383.0,389.0,0.407,941.0,0.0,1,1,0.927,1006.2,1,1,0.65,1167.4,0,63.546,0.083,0.917,0.2,0.0,0.5,0.6,0.0,0.5,0.0,0.641,0.601,0.5,0.431,0.0,0.651,0.0,0,0,0.451,0.391,0.467,1.0,0.0,0.732,0.644,0.0,0.458,0.37,0.0,1.0,0.798
37596,2026.08.18 08:23:20,XPTUSDm,MEAN_REVERSION,BUY,2,1749.25,1741.42,1756.23,0.89,0.643,1752.50125,1759.0225,1747.719,0,0.01,0.434,-0.7136,1752.87325,1752.20875,1767.684,1714.626,1,0.007,0.65,0,1752.50125,0.685,0.519,0,0.0,0.0,1754.38,0.0,0.0,0,0,0,0.8,-0.93,-0.2086,0.93,0.03,0,0.679,0,0.6,1752.50125,1746.8495,0.714,0.136,0.0,2,0.0,0,0.679,1.337,3.0,0.446,0.517,2,1752.50125,8,0.737,0.0,0.291,0.279,0.12,0.927,0.946,1631.96269,1632.52812,1761.653,758.4109,25.4013,2,1623.39115,0.533,1837.67962,0.336,1751.96423,0.428,1,0.571,1,0,30456,0.777,0.583,0.448,373.0,379.8,0.3813,978.3,0.0,1,1,0.927,1006.2,1,1,0.65,1167.4,-1,59.476,0.079,0.921,0.2,0.0,0.0,0.73,0.0,0.5,0.0,0.383,0.3,0.5,0.5,0.0,0.352,0.0,0,0,0.411,0.648,0.102,0.66,0.054,0.548,0.398,0.0,0.516,0.37,0.0,1.0,0.893
37598,2026.08.18 08:57:40,XPTUSDm,SWEEP_REVERSAL,BUY,2,1746.64,1736.86,1756.9,1.05,0.159,1752.50125,1759.0225,1747.719,0,0.01,0.434,-1.0489,1752.87325,1752.20875,1767.684,1714.626,1,0.01,0.65,0,1752.50125,0.685,0.519,0,0.0,0.0,1754.38,0.0,0.0,0,0,0,0.8,-0.93,-0.2086,0.93,0.03,0,0.679,0,0.6,1752.50125,1746.8495,1.049,0.471,0.0,2,0.0,0,0.679,1.337,3.0,0.446,0.517,2,1752.50125,8,0.737,0.0,0.291,0.279,0.12,0.927,0.946,1631.96269,1632.52812,1761.653,758.4109,25.4013,2,1623.39115,0.533,1837.67962,0.336,1751.96423,0.428,1,0.571,1,0,30456,0.777,0.583,0.448,440.0,410.5,0.4498,978.3,0.0,1,1,0.927,1006.2,1,1,0.65,1167.4,-1,59.21,0.079,0.921,0.2,0.0,0.0,0.1,0.0,0.5,0.0,0.429,0.442,0.5,0.494,0.0,0.38,0.0,0,0,0.335,0.648,0.0,0.22,0.054,0.405,0.323,0.0,0.516,0.385,0.0,1.0,0.896
0,2026.08.18 10:00:00,XPTUSDm,ANCHORED_PULLBACK,BUY,2,1750.24,1748.38,1770.1,10.66,0.352,1759.07375,1763.37,1746.185,0,0.287,0.454,-1.3196,1770.24125,1752.20875,1776.527,1723.469,1,0.006,0.7,2,1749.25375,0.709,0.158,0,0.0,0.0,1741.12725,0.0,0.0,0,0,0,1.0,-1.0,-0.2571,1.0,0.313,2,0.531,3,0.605,1742.5025,1745.57125,0.349,0.04,0.0,2,0.0,0,0.531,1.209,3.0,0.403,0.446,1,1749.25375,8,0.742,0.302,0.206,0.3,0.0,0.773,0.681,1631.96269,1632.52812,1761.653,758.4109,25.4013,2,1623.39115,0.533,1837.67962,0.336,1751.96423,0.428,1,0.571,1,0,30458,0.777,0.583,0.448,427.0,390.7,0.43,993.0,0.0,1,1,0.927,1006.2,1,1,0.65,1167.4,0,58.695,0.079,0.921,0.2,0.0,0.5,0.06,0.0,0.5,0.0,0.613,0.627,0.5,0.525,0.0,0.341,0.0,0,0,0.37,0.798,0.0,0.88,0.1,0.341,0.428,0.0,0.491,0.385,0.0,1.0,0.899
0,2026.08.18 10:23:40,XPTUSDm,MEAN_REVERSION,BUY,2,1749.43,1745.9,1753.03,1.02,0.556,1759.07375,1763.37,1746.185,0,0.287,0.454,-1.3518,1770.24125,1752.20875,1776.527,1723.469,1,0.007,0.7,2,1749.25375,0.709,0.158,0,0.0,0.0,1741.12725,0.0,0.0,0,0,0,1.0,-1.0,-0.2571,1.0,0.313,2,0.531,3,0.605,1742.5025,1745.57125,0.317,0.008,0.0,2,0.0,0,0.531,1.209,3.0,0.403,0.446,1,1749.25375,8,0.742,0.366,0.206,0.3,0.0,0.773,0.681,1631.96269,1632.52812,1761.653,758.4109,25.4013,2,1623.39115,0.533,1837.67962,0.336,1751.96423,0.428,1,0.571,1,0,30458,0.777,0.583,0.448,378.0,400.0,0.3807,993.0,0.0,1,1,0.927,1006.2,1,1,0.65,1167.4,0,58.613,0.079,0.921,0.2,0.0,0.5,0.95,0.0,0.5,0.0,0.552,0.472,0.5,0.544,0.0,0.319,0.0,0,0,0.307,0.798,0.0,0.88,0.1,0.398,0.422,0.0,0.491,0.385,0.0,1.0,0.899
37600,2026.08.18 13:00:00,XPTUSDm,ANCHORED_PULLBACK,BUY,4,1758.82,1748.58,1774.04,1.49,0.689,1747.0755,1750.117,1742.296,0,0.572,0.04,0.7487,1751.62125,1752.20875,1776.527,1723.469,1,0.002,0.45,0,1747.0755,0.719,0.479,0,0.0,0.0,1751.52225,0.0,0.0,0,0,0,1.0,-0.825,-0.1085,0.825,0.123,0,0.705,0,0.789,1747.51,1754.8965,0.704,0.049,0.2454,0,0.4,2,1.0,1.744,3.0,0.581,0.577,2,1747.0755,8,0.744,0.0,0.423,0.947,0.298,0.679,0.881,1631.96269,1632.52812,1761.653,766.5472,8.1363,2,1623.39115,0.53,1837.67962,0.334,1751.96423,0.44,1,0.58,1,0,30461,0.781,0.579,0.451,440.0,412.2,0.4486,980.9,0.0,1,1,0.927,1006.2,1,1,0.65,1167.4,-1,60.292,0.079,0.921,0.2,0.0,0.0,0.0,0.0,0.5,0.0,0.628,0.559,0.5,0.448,0.0,0.471,0.0,0,0,0.358,0.593,0.0,1.0,0.174,0.601,0.627,0.0,0.459,0.385,0.0,1.0,0.805
37602,2026.08.18 14:23:40,XPTUSDm,MEAN_REVERSION,BUY,4,1743.97,1735.17,1751.58,0.86,0.616,1747.47,1752.708,1744.56,0,0.025,0.871,-0.6916,1773.56875,1752.20875,1776.527,1723.469,1,0.011,0.35,0,1747.47,0.735,0.46,0,0.0,0.0,1742.2755,0.0,0.0,0,0,0,0.8,-1.0,-0.1005,1.0,0.146,0,0.667,0,0.551,1748.052,1735.83,0.744,0.366,0.0,2,0.0,0,0.667,1.285,3.0,0.428,0.464,1,1747.47,8,0.747,0.0,0.256,0.3,0.11,0.632,0.963,1631.96269,1632.52812,1761.653,766.5472,8.1363,2,1623.39115,0.53,1837.67962,0.334,1751.96423,0.44,1,0.58,1,0,30462,0.781,0.579,0.451,411.0,395.8,0.3735,1100.4,0.0,1,1,0.927,1006.2,1,1,0.65,1167.4,-1,52.398,0.079,0.921,0.2,0.0,0.0,0.01,0.0,0.5,0.0,0.42,0.401,0.5,0.493,0.0,0.437,0.0,0,0,0.382,0.784,0.391,0.66,0.1,0.349,0.333,0.0,0.49,0.385,0.0,1.0,0.899
37604,2026.08.18 14:49:20,XPTUSDm,SWEEP_REVERSAL,BUY,4,1741.98,1730.98,1751.47,0.86,0.145,1747.47,1752.708,1744.56,0,0.025,0.871,-0.8624,1773.56875,1752.20875,1776.527,1723.469,1,0.013,0.35,0,1747.47,0.735,0.46,0,0.0,0.0,1742.2755,0.0,0.0,0,0,0,0.8,-1.0,-0.1005,1.0,0.076,0,0.667,0,0.551,1748.052,1735.83,0.915,0.195,0.0,2,0.0,0,0.667,1.316,3.0,0.439,0.468,1,1747.47,8,0.747,0.0,0.277,0.3,0.11,0.632,0.963,1631.96269,1632.52812,1761.653,766.5472,8.1363,2,1623.39115,0.53,1837.67962,0.334,1751.96423,0.44,1,0.58,1,0,30462,0.781,0.579,0.451,400.0,400.1,0.3635,1100.4,0.0,1,1,0.927,1006.2,1,1,0.65,1167.4,-1,52.218,0.079,0.921,0.2,0.0,0.0,0.19,0.0,0.5,0.0,0.687,0.566,0.5,0.502,0.0,0.476,0.0,0,0,0.381,0.769,0.0,0.44,0.1,0.349,0.307,0.0,0.49,0.385,0.0,1.0,0.899
37606,2026.08.18 16:23:40,XPTUSDm,MEAN_REVERSION,BUY,4,1733.03,1724.37,1744.25,1.3,0.56,1740.32075,1754.5285,1732.799,0,0.083,0.226,-1.0364,1751.1655,1752.20875,1776.527,1723.469,1,0.021,0.65,0,1740.32075,0.738,0.127,0,0.0,0.0,0.0,0.0,0.0,0,0,0,1.0,-1.0,-0.2351,1.0,0.669,2,0.556,0,0.635,1726.94875,1731.1275,0.199,0.187,0.0,2,0.15,0,0.556,1.049,3.0,0.35,0.425,1,1740.32075,8,0.748,0.603,0.159,0.3,0.179,0.853,0.739,1628.90143,1632.52812,1761.653,717.5882,-48.959,1,1626.9912,0.527,1840.9368,0.334,1751.7928,0.442,1,0.322,1,0,30464,0.781,0.579,0.451,393.0,379.9,0.363,1082.7,0.0,1,1,0.927,1006.2,1,1,0.65,1167.4,-1,52.242,0.116,0.884,0.2,1.0,0.0,0.22,0.0,0.5,0.0,0.922,0.567,0.5,0.54,0.0,0.323,0.0,0,0,0.331,0.531,0.0,0.515,0.1,0.912,0.384,0.0,0.505,0.407,0.0,1.0,0.862
37608,2026.08.18 16:49:20,XPTUSDm,SWEEP_REVERSAL,BUY,4,1731.75,1720.92,1744.17,1.15,0.196,1740.32075,1754.5285,1732.799,0,0.083,0.226,-1.1472,1751.1655,1752.20875,1776.527,1723.469,1,0.022,0.65,0,1740.32075,0.738,0.127,0,0.0,0.0,0.0,0.0,0.0,0,0,0,1.0,-1.0,-0.2351,1.0,0.669,2,0.556,0,0.635,1726.94875,1731.1275,0.088,0.298,0.0,2,0.15,0,0.556,1.049,3.0,0.35,0.425,1,1740.32075,8,0.748,0.824,0.159,0.3,0.179,0.853,0.739,1628.90143,1632.52812,1761.653,717.5882,-48.959,1,1626.9912,0.527,1840.9368,0.334,1751.7928,0.442,1,0.322,1,0,30464,0.781,0.579,0.451,385.0,390.1,0.3556,1082.7,0.0,1,1,0.927,1006.2,1,1,0.65,1167.4,-1,52.124,0.116,0.884,0.2,1.0,0.0,0.49,0.0,0.5,0.0,0.947,0.51,0.5,0.545,0.0,0.301,0.0,0,0,0.29,0.531,0.0,0.515,0.1,0.784,0.371,0.0,0.496,0.407,0.0,1.0,0.862
37610,2026.08.18 18:23:40,XPTUSDm,MEAN_REVERSION,BUY,3,1724.76,1716.37,1731.74,0.83,0.618,1727.93225,1735.305,1723.2405,0,0.358,1.892,-0.6659,1750.609,1752.20875,1776.527,1723.469,0,0.03,0.45,0,1727.93225,0.749,0.899,0,0.0,0.0,1727.4645,0.0,0.0,0,0,-1,1.0,-1.0,-0.2377,1.0,0.12,2,0.649,3,0.649,1727.93225,1745.35875,0.666,2.328,0.0,2,0.0,0,0.649,1.296,3.0,0.432,0.494,1,1727.93225,8,0.75,0.0,0.264,0.3,0.0,0.8,0.947,1628.90143,1632.52812,1761.653,717.5882,-48.959,1,1626.9912,0.527,1840.9368,0.334,1751.7928,0.442,1,0.322,1,0,30466,0.781,0.579,0.451,381.0,386.8,0.3634,1048.6,0.0,1,1,0.927,1006.2,1,1,0.65,1167.4,-1,53.154,0.116,0.884,0.2,1.0,0.0,0.59,0.0,0.5,0.0,0.558,0.535,0.5,0.545,0.0,0.309,0.0,0,0,0.308,0.532,0.0,0.416,0.067,0.534,0.25,0.0,0.5,0.407,0.0,1.0,0.89
37612,2026.08.18 19:44:40,XPTUSDm,SWEEP_REVERSAL,BUY,3,1722.4,1711.86,1731.94,0.9,0.156,1728.07575,1730.8775,1724.4735,0,0.29,0.394,-0.9047,1752.19175,1752.20875,1776.527,1723.469,0,0.032,0.4,0,1728.07575,0.762,0.153,0,0.0,0.0,0.0,0.0,0.0,0,0,-1,0.8,-1.0,-0.2703,1.0,0.041,0,0.718,0,0.605,1727.6755,1719.27025,0.867,0.069,0.0,2,0.0,0,0.718,1.331,3.0,0.444,0.503,2,1728.07575,8,0.752,0.0,0.288,0.3,0.121,0.74,0.955,1628.90143,1632.52812,1761.653,717.5882,-48.959,1,1626.9912,0.527,1840.9368,0.334,1751.7928,0.442,1,0.322,1,0,30467,0.781,0.579,0.451,386.0,356.7,0.3662,1054.1,0.0,1,1,0.927,1006.2,1,1,0.65,1167.4,-1,52.653,0.116,0.884,0.2,1.0,0.0,0.0,0.0,0.5,0.0,1.0,0.587,0.5,0.552,0.0,0.305,0.0,0,0,0.34,0.576,0.0,0.475,0.1,0.258,0.201,0.0,0.494,0.407,0.0,1.0,0.815
37614,2026.08.18 20:43:40,XPTUSDm,MEAN_REVERSION,BUY,3,1718.68,1710.33,1726.44,0.93,0.601,1727.9105,1731.38,1721.357,0,0.347,0.051,-1.4082,1750.8095,1752.20875,1776.527,1723.469,0,0.037,0.65,0,1727.9105,0.711,0.431,0,0.0,0.0,0.0,0.0,0.0,0,0,-1,1.0,-1.0,-0.3301,1.0,0.162,2,0.643,3,0.319,1720.9715,1718.6585,0.743,0.522,0.0,2,0.15,0,0.643,1.277,3.0,0.426,0.444,1,1720.9715,2,0.55,0.0,0.312,0.3,0.053,0.937,0.897,1630.89125,1632.52812,1761.653,705.0225,-12.5657,1,1626.9912,0.526,1840.9368,0.333,1751.7928,0.441,1,0.246,1,0,30468,0.781,0.579,0.451,547.0,492.8,0.524,1043.9,0.0,1,1,0.927,1006.2,1,1,0.65,1167.4,-1,52.808,0.089,0.911,0.2,1.0,0.0,0.18,0.0,0.5,0.0,0.699,0.454,0.5,0.538,0.0,0.358,0.0,0,0,0.332,0.404,0.0,0.475,0.1,0.4,0.162,0.0,0.481,0.407,0.0,1.0,0.815
37616,2026.08.18 22:05:20,XPTUSDm,SWEEP_REVERSAL,BUY,1,1713.88,1703.66,1726.04,1.19,0.211,1721.3755,1725.075,1714.505,0,0.776,0.052,-1.1898,1751.264,1752.20875,1776.527,1727.8905,0,0.042,0.5,0,1721.3755,0.7,0.258,0,0.0,0.0,1715.43325,0.0,0.0,0,0,-1,1.0,-1.0,-0.3649,1.0,0.094,2,0.639,0,0.689,1717.1475,1710.277,0.776,0.103,0.0,2,0.15,0,0.639,1.308,3.0,0.436,0.472,1,1721.3755,8,0.74,0.0,0.332,0.3,0.19,0.769,0.873,1630.89125,1632.52812,1761.653,705.0225,-12.5657,1,1626.9912,0.526,1840.9368,0.333,1751.7928,0.441,1,0.246,1,0,30469,0.781,0.579,0.451,466.0,820.2,0.4561,1021.6,0.0,1,1,0.927,1006.2,1,1,0.65,1167.4,-1,53.49,0.089,0.911,0.2,1.0,0.0,0.96,0.0,0.5,0.0,0.707,0.461,0.5,0.495,0.0,0.372,0.0,0,0,0.32,0.31,0.0,0.475,0.1,0.56,0.181,0.0,0.481,0.407,0.0,1.0,0.754
37618,2026.08.18 22:43:40,XPTUSDm,MEAN_REVERSION,BUY,1,1715.31,1707.14,1728.06,1.56,0.607,1721.3755,1725.075,1714.505,0,0.776,0.052,-1.2475,1751.264,1752.20875,1776.527,1727.8905,0,0.043,0.5,0,1721.3755,0.7,0.258,0,0.0,0.0,1715.43325,0.0,0.0,0,0,-1,1.0,-1.0,-0.3649,1.0,0.094,2,0.639,0,0.689,1717.1475,1710.277,0.834,0.161,0.0,2,0.15,0,0.639,1.308,3.0,0.436,0.472,1,1721.3755,8,0.74,0.0,0.332,0.3,0.19,0.769,0.873,1630.89125,1632.52812,1761.653,705.0225,-12.5657,1,1626.9912,0.526,1840.9368,0.333,1751.7928,0.441,1,0.246,1,0,30469,0.781,0.579,0.451,668.0,527.9,0.6538,1021.6,0.0,1,1,0.927,1006.2,1,1,0.65,1167.4,-1,53.63,0.089,0.911,0.2,1.0,0.0,0.16,0.0,0.5,0.0,0.448,0.678,0.5,0.515,0.0,0.289,0.0,0,0,0.377,0.31,0.0,0.475,0.1,0.56,0.173,0.0,0.506,0.407,0.0,1.0,0.754
37620,2026.08.19 00:00:20,XPTUSDm,NAKED_POC,BUY,1,1712.97,1701.75,1728.58,1.39,0.646,1716.5485,1724.03,1709.067,0,0.048,0.38,-0.826,1751.84125,1752.20875,1776.527,1727.8905,0,0.043,0.65,0,1721.1525,0.78,0.083,0,0.0,0.0,0.0,1717.33925,0.802,0,0,-1,1.0,-1.0,-0.3442,1.0,0.861,0,0.68,3,0.656,1709.067,1703.312,0.107,0.446,0.0,2,0.0,0,0.68,0.407,1.268,0.321,0.413,1,1716.5485,1,0.7,0.785,0.042,0.3,0.0,0.904,0.975,1751.40522,1632.52812,1761.653,675.5412,-29.4813,1,1626.9912,0.525,1840.9368,0.331,1751.7928,0.44,1,0.167,1,0,30471,0.792,0.579,0.454,502.0,461.6,0.4823,1040.9,0.0,1,1,0.927,1006.2,1,1,0.65,1167.4,-1,52.412,0.028,0.972,0.0,1.0,0.0,0.36,0.0,0.5,0.0,0.826,0.449,0.5,0.539,0.0,0.417,0.0,0,0,0.359,0.778,0.0,0.428,0.1,0.653,0.26,0.0,0.489,0.393,0.0,1.0,0.877
37622,2026.08.19 04:48:40,XPTUSDm,MEAN_REVERSION,BUY,1,1718.34,1709.44,1725.57,0.81,0.596,1721.6745,1723.872,1715.961,0,0.017,0.887,-0.6503,1721.277,1752.20875,1776.527,1723.469,0,0.034,0.45,0,1721.6745,0.783,0.401,0,0.0,0.0,0.0,0.0,0.0,0,0,-1,0.8,-1.0,-0.0756,1.0,0.489,2,0.63,0,0.407,1722.114,1709.808,0.69,0.416,0.0,2,0.0,0,0.63,1.13,3.0,0.377,0.446,1,1721.6745,8,0.757,0.0,0.153,0.3,0.081,0.848,0.942,1627.48644,1632.52812,1761.653,660.7508,-14.7903,1,1626.9912,0.524,1840.9368,0.331,1751.7928,0.439,1,0.347,1,0,30475,0.792,0.579,0.454,390.0,399.3,0.3505,1112.6,0.0,1,1,0.927,1006.2,1,1,0.65,1167.4,-1,49.52,0.094,0.906,0.2,1.0,0.0,0.42,0.0,0.5,0.0,0.577,0.612,0.5,0.533,0.0,0.264,0.0,0,0,0.333,0.719,0.0,0.475,0.067,0.397,0.241,0.0,0.442,0.393,0.0,1.0,0.908
37624,2026.08.19 05:06:40,XPTUSDm,SWEEP_REVERSAL,BUY,1,1716.58,1706.43,1724.78,0.81,0.144,1720.768,1724.134,1716.654,0,0.209,0.308,-0.808,1721.277,1753.66375,1764.2325,1717.73,0,0.041,0.5,0,1720.768,0.773,0.615,0,0.0,0.0,1717.671,0.0,0.0,0,0,-1,0.1,0.0,-0.0021,0.302,0.183,0,0.914,0,0.343,1717.776,1711.792,0.513,0.077,0.0,2,0.0,0,0.914,1.268,3.0,0.423,0.506,2,1720.768,8,0.755,0.0,0.245,0.0,0.069,0.696,0.91,1627.48644,1632.52812,1761.653,660.7508,-14.7903,1,1626.9912,0.524,1840.9368,0.331,1751.7928,0.439,1,0.347,1,0,30476,0.792,0.579,0.454,401.0,404.2,0.3952,1014.6,0.0,1,1,0.927,1006.2,1,1,0.65,1167.4,-1,54.129,0.094,0.906,0.2,1.0,0.0,0.48,0.0,0.5,0.0,0.797,0.42,0.5,0.539,0.0,0.281,0.0,0,0,0.322,0.806,0.0,0.393,0.071,0.428,0.171,0.0,0.502,0.393,0.0,1.0,0.799
37626,2026.08.19 06:48:40,XPTUSDm,MEAN_REVERSION,BUY,1,1717.37,1709.88,1724.97,1.01,0.719,1721.0485,1724.797,1714.801,0,0.159,0.108,-0.8119,1721.277,1749.517,1776.934,1726.318,0,0.039,0.6,0,1721.0485,0.73,0.0,2,0.0,0.0,0.0,0.0,0.0,0,0,-1,0.334,0.2824,0.0215,0.282,0.42,0,0.792,3,0.433,1714.3845,1711.469,0.1,0.212,0.0,2,0.4,0,0.792,1.161,3.0,0.387,0.427,1,1721.0485,8,0.746,0.8,0.334,0.085,0.14,0.793,0.913,1627.48644,1632.52812,1761.653,660.7508,-14.7903,1,1626.9912,0.524,1840.9368,0.331,1751.7928,0.439,1,0.347,1,0,30477,0.792,0.579,0.454,392.0,394.1,0.4188,935.9,0.0,1,1,0.927,1006.2,1,1,0.65,1167.4,-1,58.762,0.094,0.906,0.2,1.0,0.0,0.53,0.0,0.5,0.0,0.457,0.588,0.5,0.484,0.0,0.573,0.0,0,0,0.427,0.603,0.0,0.661,0.071,0.501,0.217,0.0,0.483,0.393,0.0,1.0,0.802
0,2026.08.19 07:00:00,XPTUSDm,BREAKOUT_RETEST,BUY,1,1718.55,1715.83,1722.91,1.6,0.47,1714.2415,1718.702,1708.97,1,0.011,0.436,0.0108,1721.277,1749.517,1776.934,1726.318,0,0.039,0.6,0,1714.2415,0.733,0.637,0,0.0,0.0,0.0,0.0,0.0,0,0,-1,0.69,0.6797,0.045,0.68,1.0,0,0.754,0,0.311,1713.836,1719.1075,0.056,0.525,0.0,2,0.0,0,0.754,0.9,3.0,0.3,0.442,1,1718.702,4,0.6,0.889,0.0,0.204,0.062,0.876,0.878,1627.48644,1632.52812,1761.653,660.7508,-14.7903,1,1626.9912,0.524,1840.9368,0.331,1751.7928,0.439,1,0.347,1,0,30478,0.792,0.579,0.454,421.0,391.0,0.4637,907.9,0.0,1,1,0.927,1006.2,1,1,0.65,1167.4,-1,60.704,0.094,0.906,0.2,1.0,0.0,0.06,0.0,0.5,0.0,0.576,0.696,0.5,0.532,0.0,0.543,0.0,0,0,0.494,0.876,0.0,0.684,0.071,0.451,0.35,0.0,0.519,0.393,0.0,1.0,0.803
0,2026.08.19 07:00:40,XPTUSDm,PULLBACK,BUY,1,1716.45,1712.27,1722.51,1.45,0.533,1714.2415,1718.702,1708.97,1,0.011,0.436,-0.2204,1721.277,1749.517,1776.934,1726.318,0,0.041,0.6,0,1714.2415,0.733,0.637,0,0.0,0.0,0.0,0.0,0.0,0,0,-1,0.69,0.6797,0.045,0.68,0.673,0,0.754,0,0.311,1713.836,1709.3755,0.176,0.315,0.0,2,0.0,0,0.754,1.047,3.0,0.349,0.459,1,1708.97,5,0.6,0.648,0.098,0.204,0.062,0.876,0.85,1627.48644,1632.52812,1761.653,660.7508,-14.7903,1,1626.9912,0.524,1840.9368,0.331,1751.7928,0.439,1,0.347,1,0,30478,0.792,0.579,0.454,421.0,392.1,0.4637,907.9,0.0,1,1,0.927,1006.2,1,1,0.65,1167.4,-1,60.473,0.094,0.906,0.2,1.0,0.0,0.06,0.0,0.5,0.0,0.589,0.667,0.5,0.532,0.0,0.592,0.0,0,0,0.496,0.73,0.0,0.556,0.071,0.376,0.35,0.0,0.524,0.393,0.0,1.0,0.88
37628,2026.08.19 07:11:59,XPTUSDm,TREND_CONTINUATION,BUY,1,1717.81,1706.91,1740.51,2.08,0.448,1714.2415,1718.702,1708.97,1,0.011,0.436,-0.0464,1721.277,1749.517,1776.934,1726.318,0,0.039,0.6,0,1714.2415,0.733,0.637,0,0.0,0.0,0.0,0.0,0.0,0,0,-1,0.69,0.6797,0.045,0.68,0.811,0,0.754,0,0.311,1713.836,1709.3755,0.002,0.49,0.0,2,0.0,0,0.754,0.985,3.0,0.328,0.452,1,1708.97,5,0.6,0.996,0.057,0.204,0.062,0.876,0.85,1627.48644,1632.52812,1761.653,660.7508,-14.7903,1,1626.9912,0.524,1840.9368,0.331,1751.7928,0.439,1,0.347,1,0,30478,0.792,0.579,0.454,399.0,411.0,0.4395,907.9,0.0,1,1,0.927,1006.2,1,1,0.65,1167.4,-1,60.623,0.094,0.906,0.2,1.0,0.0,0.61,0.0,0.5,0.0,0.452,0.582,0.5,0.446,0.0,0.564,0.0,0,0,0.409,0.73,0.0,0.77,0.071,0.361,0.35,0.0,0.519,0.393,0.0,1.0,0.803
37630,2026.08.19 08:00:00,XPTUSDm,ANCHORED_PULLBACK,BUY,2,1724.07,1717.7,1739.3,2.39,0.496,1714.65225,1717.6605,1710.9755,0,0.491,0.134,0.5607,1721.70625,1749.517,1776.934,1726.318,0,0.031,0.5,0,1714.65225,0.754,0.674,0,0.0,0.0,1719.0325,0.0,0.0,0,0,-1,0.629,0.4494,0.0337,0.449,0.297,0,0.802,0,0.526,1714.318,1718.66325,0.595,0.144,-0.3165,1,0.4,1,1.0,0.766,3.0,0.255,0.451,1,1714.65225,8,0.751,0.0,0.671,0.135,0.245,0.848,0.71,1751.40522,1632.52812,1761.653,673.1013,12.3505,2,1626.9912,0.523,1840.9368,0.331,1751.7928,0.438,1,0.276,1,0,30479,0.792,0.579,0.454,402.0,411.9,0.4176,962.7,0.0,1,1,0.927,1006.2,1,1,0.65,1167.4,0,57.823,0.006,0.994,0.0,0.0,0.5,0.93,0.0,0.5,0.0,0.796,0.524,0.5,0.375,0.0,0.252,0.0,0,0,0.228,0.417,0.0,0.69,0.071,0.234,0.569,0.0,0.464,0.393,0.0,1.0,0.709
37632,2026.08.19 08:31:20,XPTUSDm,BREAKOUT,BUY,2,1733.41,1718.66,1757.48,1.63,0.457,1714.65225,1717.6605,1710.9755,0,0.491,0.134,1.5018,1721.70625,1749.517,1776.934,1726.318,1,0.021,0.5,0,1714.65225,0.754,0.674,0,0.0,0.0,1719.0325,0.0,0.0,0,0,-1,0.629,0.4494,0.0337,0.449,0.028,0,0.827,0,0.526,1714.318,1721.6715,1.536,0.773,0.0,2,0.4,0,0.827,1.337,3.0,0.446,0.475,1,1714.65225,8,0.751,0.0,0.452,0.135,0.245,0.848,0.935,1751.40522,1632.52812,1761.653,673.1013,12.3505,2,1626.9912,0.523,1840.9368,0.331,1751.7928,0.438,1,0.276,1,0,30479,0.792,0.579,0.454,430.0,398.3,0.4467,962.7,0.0,1,1,0.927,1006.2,1,1,0.65,1167.4,0,58.793,0.006,0.994,0.0,0.0,0.5,0.06,0.0,0.5,0.0,1.0,0.608,0.5,0.516,0.0,0.383,0.0,0,0,0.373,0.485,0.0,0.505,0.071,0.368,0.72,0.0,0.513,0.393,0.0,1.0,0.848
37634,2026.08.19 09:00:40,XPTUSDm,PULLBACK,BUY,2,1731.92,1718.5,1762.28,2.26,0.453,1714.3205,1719.671,1710.159,0,1.162,0.105,1.344,1721.70625,1749.517,1776.934,1726.318,1,0.021,0.4,0,1714.3205,0.72,0.376,0,0.0,0.0,1729.051,0.0,0.0,0,0,0,0.9,0.79,0.0592,0.79,0.143,0,0.732,1,0.337,1713.726,1726.2105,1.403,0.169,0.0,2,0.15,0,0.732,1.286,3.0,0.429,0.446,1,1714.3205,8,0.744,0.0,0.317,0.237,0.053,0.75,0.871,1751.40522,1632.52812,1761.653,673.1013,12.3505,2,1626.9912,0.523,1840.9368,0.331,1751.7928,0.438,1,0.276,1,0,30480,0.796,0.577,0.453,400.0,400.9,0.3953,1011.9,0.0,1,1,0.927,1006.2,1,1,0.65,1167.4,0,55.79,0.006,0.994,0.0,0.0,0.5,0.29,0.0,0.5,0.0,1.0,0.478,0.5,0.513,0.0,0.414,0.0,0,0,0.333,0.452,0.0,0.606,0.071,0.449,0.426,0.0,0.51,0.393,0.0,1.0,0.786
37636,2026.08.19 09:11:59,XPTUSDm,TREND_CONTINUATION,BUY,2,1732.74,1718.39,1758.04,1.76,0.53,1714.3205,1719.671,1710.159,0,1.162,0.105,1.4359,1721.70625,1749.517,1776.934,1726.318,1,0.02,0.4,0,1714.3205,0.72,0.376,0,0.0,0.0,1729.051,0.0,0.0,0,0,0,0.9,0.79,0.0592,0.79,0.277,0,0.732,1,0.337,1713.726,1730.9665,1.495,0.209,0.0,2,0.15,0,0.732,1.225,3.0,0.408,0.439,1,1714.3205,8,0.744,0.0,0.277,0.237,0.053,0.75,0.9,1751.40522,1632.52812,1761.653,673.1013,12.3505,2,1626.9912,0.523,1840.9368,0.331,1751.7928,0.438,1,0.276,1,0,30480,0.796,0.577,0.453,389.0,400.5,0.3844,1011.9,0.0,1,1,0.927,1006.2,1,1,0.65,1167.4,0,55.872,0.006,0.994,0.0,0.0,0.5,0.78,0.0,0.5,0.0,0.882,0.451,0.5,0.523,0.0,0.399,0.0,0,0,0.346,0.481,0.0,0.827,0.071,0.449,0.426,0.0,0.51,0.393,0.0,1.0,0.786
0,2026.08.19 10:00:00,XPTUSDm,BREAKOUT_RETEST,BUY,2,1734.24,1731.21,1746.12,3.92,0.84,1728.62,1732.75,1713.87,1,0.05,0.066,0.1673,1721.70625,1749.517,1776.934,1726.318,1,0.019,0.8,2,1728.62,0.682,0.162,0,0.0,0.0,0.0,0.0,0.0,0,0,0,0.975,0.825,0.0848,0.825,0.765,1,0.239,3,0.754,1728.62,1731.57,0.167,0.125,0.9275,0,0.45,2,1.0,1.456,3.0,0.485,0.553,2,1713.87,5,0.6,0.665,0.251,0.947,0.157,0.855,0.84,1751.40522,1632.52812,1761.653,673.1013,12.3505,2,1626.9912,0.523,1840.9368,0.331,1751.7928,0.438,1,0.276,1,0,30481,0.796,0.577,0.453,393.0,403.5,0.3891,1010.0,0.0,1,1,0.927,1006.2,1,1,0.65,1167.4,0,56.123,0.006,0.994,0.0,0.0,0.5,0.75,0.0,0.5,0.0,0.551,0.537,0.5,0.524,0.0,0.372,0.0,0,0,0.328,0.619,0.0,0.431,0.071,0.403,0.51,0.0,0.431,0.393,0.0,1.0,0.865
37638,2026.08.19 10:31:20,XPTUSDm,BREAKOUT,BUY,2,1735.61,1720.46,1760.86,1.67,0.408,1728.62,1732.75,1713.87,1,0.05,0.066,0.298,1721.70625,1749.517,1776.934,1726.318,1,0.018,0.8,2,1728.62,0.682,0.162,0,0.0,0.0,0.0,0.0,0.0,0,0,0,0.975,0.825,0.0848,0.825,0.159,2,0.539,3,0.754,1728.62,1731.57,0.298,0.006,0.0,2,0.15,0,0.539,1.279,3.0,0.426,0.462,1,1713.87,5,0.6,0.404,0.312,0.247,0.053,0.855,0.84,1751.40522,1632.52812,1761.653,673.1013,12.3505,2,1626.9912,0.523,1840.9368,0.331,1751.7928,0.438,1,0.276,1,0,30481,0.796,0.577,0.453,398.0,414.5,0.3941,1010.0,0.0,1,1,0.927,1006.2,1,1,0.65,1167.4,0,56.258,0.006,0.994,0.0,0.0,0.5,0.85,0.0,0.5,0.0,0.703,0.554,0.5,0.537,0.0,0.3,0.0,0,0,0.314,0.576,0.0,0.572,0.071,0.355,0.533,0.0,0.473,0.393,0.0,1.0,0.809
37640,2026.08.19 11:00:40,XPTUSDm,PULLBACK,BUY,2,1735.86,1731.63,1765.84,7.08,0.53,1728.62575,1734.28,1722.9715,1,0.032,1.038,0.3236,1721.70625,1749.517,1776.934,1726.318,1,0.018,0.45,0,1728.62575,0.728,0.728,0,0.0,0.0,0.0,0.0,0.0,0,0,0,0.7,0.685,0.0771,0.685,0.535,0,0.769,3,0.698,1732.39525,1722.34325,0.054,0.952,0.0,2,0.25,0,0.769,1.109,3.0,0.37,0.433,1,1728.62575,8,0.746,0.893,0.24,0.206,0.088,0.493,0.953,1751.40522,1632.52812,1761.653,673.1013,12.3505,2,1626.9912,0.523,1840.9368,0.331,1751.7928,0.438,1,0.276,1,0,30482,0.796,0.577,0.453,400.0,379.8,0.4002,999.4,0.0,1,1,0.927,1006.2,1,1,0.65,1167.4,0,56.879,0.006,0.994,0.0,0.0,0.5,0.0,0.0,0.5,0.0,0.693,0.436,0.5,0.492,0.0,0.285,0.0,0,0,0.3,0.8,0.0,0.36,0.048,0.358,0.532,0.0,0.484,0.393,0.0,1.0,0.848
37642,2026.08.19 11:11:59,XPTUSDm,TREND_CONTINUATION,BUY,2,1739.77,1727.78,1764.76,2.08,0.452,1728.62575,1734.28,1722.9715,0,0.032,1.038,0.6958,1721.70625,1749.517,1776.934,1726.318,1,0.014,0.45,0,1728.62575,0.728,0.728,0,0.0,0.0,0.0,0.0,0.0,0,0,0,0.7,0.685,0.0771,0.685,0.227,0,0.769,3,0.698,1732.39525,1722.34325,0.319,1.324,0.0,2,0.25,0,0.769,1.248,3.0,0.416,0.449,1,1732.39525,2,0.55,0.363,0.332,0.206,0.088,0.493,0.953,1751.40522,1632.52812,1761.653,673.1013,12.3505,2,1626.9912,0.523,1840.9368,0.331,1751.7928,0.438,1,0.276,1,0,30482,0.796,0.577,0.453,419.0,400.0,0.4192,999.4,0.0,1,1,0.927,1006.2,1,1,0.65,1167.4,0,57.27,0.006,0.994,0.0,0.0,0.5,0.1,0.0,0.5,0.0,0.375,0.477,0.5,0.498,0.0,0.344,0.0,0,0,0.301,0.679,0.0,0.36,0.048,0.496,0.579,0.0,0.491,0.37,0.0,1.0,0.939
37644,2026.08.19 12:31:20,XPTUSDm,BREAKOUT,BUY,2,1739.14,1734.99,1763.82,5.94,0.529,1728.765,1734.43,1725.16,0,0.388,1.327,0.6337,1721.70625,1749.517,1776.934,1726.318,1,0.015,0.45,0,1728.765,0.723,0.022,0,0.0,0.0,0.0,0.0,0.0,0,0,0,1.0,0.895,0.1461,0.895,0.311,0,0.687,0,0.782,1731.855,1720.525,0.321,1.469,0.0,2,0.0,0,0.687,1.21,3.0,0.403,0.518,2,1731.855,2,0.55,0.359,0.207,0.269,0.156,0.855,0.957,1632.96574,1632.52812,1761.653,691.0881,17.9868,2,1626.9912,0.52,1840.9368,0.33,1751.7928,0.44,1,0.463,1,0,30483,0.796,0.577,0.453,412.0,434.5,0.4174,987.0,0.0,1,1,0.927,1006.2,1,1,0.65,1167.4,0,57.927,0.079,0.921,0.2,0.0,0.5,0.85,0.0,0.5,0.0,0.279,0.401,0.5,0.502,0.0,0.446,0.0,0,0,0.388,0.656,0.0,0.352,0.048,0.307,0.567,0.0,0.493,0.37,0.0,1.0,0.939
37646,2026.08.19 13:00:00,XPTUSDm,ANCHORED_PULLBACK,BUY,4,1755.49,1746.42,1770.42,1.65,0.764,1735.55125,1737.5755,1726.7795,0,1.463,0.071,1.6021,1721.24875,1749.517,1764.28,1717.882,1,0.002,0.4,0,1735.55125,0.761,0.57,0,0.0,0.0,1749.32075,0.0,0.0,0,0,0,1.0,0.93,0.2292,0.93,0.256,1,0.265,3,0.471,1736.226,1751.74525,1.532,0.071,0.1576,0,0.15,2,1.0,1.685,3.0,0.562,0.599,2,1735.55125,8,0.752,0.0,0.283,0.979,0.053,0.929,0.926,1632.96574,1632.52812,1761.653,691.0881,17.9868,2,1626.9912,0.52,1840.9368,0.33,1751.7928,0.44,1,0.463,1,0,30484,0.796,0.577,0.453,443.0,424.2,0.4576,968.0,0.0,1,1,0.927,1006.2,1,1,0.65,1167.4,0,60.753,0.079,0.921,0.2,0.0,0.5,0.06,0.0,0.5,0.0,0.314,0.527,0.5,0.429,0.0,0.744,0.0,0,0,0.443,0.427,0.0,1.0,0.071,0.956,0.669,0.0,0.444,0.407,0.0,1.0,0.843
37647,2026.08.19 13:00:40,XPTUSDm,PULLBACK,BUY,4,1759.14,1752.78,1768.71,1.51,0.496,1735.55125,1737.5755,1726.7795,0,1.463,0.071,1.9792,1721.24875,1749.517,1764.28,1717.882,1,0.005,0.4,0,1735.55125,0.761,0.57,0,0.0,0.0,1749.32075,0.0,0.0,0,0,0,1.0,0.93,0.2292,0.93,0.075,2,0.565,3,0.471,1736.226,1751.74525,1.91,0.306,0.0,2,0.15,0,0.565,1.316,3.0,0.439,0.447,1,1735.55125,8,0.752,0.0,0.337,0.279,0.053,0.929,0.926,1632.96574,1632.52812,1761.653,691.0881,17.9868,2,1626.9912,0.52,1840.9368,0.33,1751.7928,0.44,1,0.463,1,0,30484,0.796,0.577,0.453,443.0,424.3,0.4576,968.0,0.0,1,1,0.927,1006.2,1,1,0.65,1167.4,0,61.13,0.079,0.921,0.2,0.0,0.5,0.09,0.0,0.5,0.0,0.374,0.544,0.5,0.444,0.0,0.635,0.0,0,0,0.414,0.245,0.0,1.0,0.071,0.405,0.821,0.0,0.506,0.407,0.0,1.0,0.785
37650,2026.08.19 13:11:59,XPTUSDm,TREND_CONTINUATION,BUY,4,1765.19,1752.56,1789.39,1.92,0.582,1735.55125,1737.5755,1726.7795,0,1.463,0.071,2.6269,1721.24875,1749.517,1764.28,1717.882,1,0.012,0.4,0,1735.55125,0.761,0.57,0,0.0,0.0,1749.32075,0.0,0.0,0,0,0,1.0,0.93,0.2292,0.93,0.075,2,0.565,3,0.471,1736.226,1751.74525,2.557,0.954,0.0,2,0.15,0,0.565,1.316,3.0,0.439,0.447,1,1735.55125,8,0.752,0.0,0.337,0.279,0.053,0.929,0.926,1632.96574,1632.52812,1761.653,691.0881,17.9868,2,1626.9912,0.52,1840.9368,0.33,1751.7928,0.44,1,0.463,1,0,30484,0.796,0.577,0.453,421.0,428.3,0.4349,968.0,0.0,1,1,0.927,1006.2,1,1,0.65,1167.4,0,61.755,0.079,0.921,0.2,0.0,0.5,0.69,0.0,0.5,0.0,0.374,0.64,0.5,0.44,0.0,0.627,0.0,0,0,0.467,0.245,0.0,0.88,0.071,0.48,0.843,0.0,0.506,0.385,0.0,1.0,0.793
37652,2026.08.19 14:31:20,XPTUSDm,BREAKOUT,BUY,4,1782.72,1774.14,1811.0,3.3,0.52,1736.349,1754.904,1727.69,0,0.118,0.774,3.7197,1721.954,1749.517,1776.934,1730.536,0,0.026,0.55,2,1736.349,0.614,0.0,1,0.0,0.0,1768.12975,0.0,0.0,0,0,0,1.0,0.965,0.4077,0.965,0.135,2,0.516,3,0.926,1770.985,1758.615,0.658,1.752,0.0,2,0.0,0,0.516,1.598,3.72,0.43,0.479,1,1770.985,2,0.55,0.0,0.259,0.29,0.0,0.386,0.94,1632.96574,1632.52812,1761.653,691.0881,17.9868,2,1626.9912,0.52,1840.9368,0.33,1751.7928,0.44,1,0.463,1,0,30485,0.796,0.577,0.453,429.0,415.6,0.3792,1131.3,0.0,1,1,0.927,1006.2,1,1,0.65,1167.4,0,54.391,0.079,0.921,0.2,0.0,0.5,0.12,0.0,0.5,0.0,0.688,0.638,0.5,0.459,0.0,0.569,0.0,0,0,0.448,0.503,0.0,0.891,0.048,1.0,0.855,0.0,0.486,0.385,0.0,1.0,0.997
37654,2026.08.19 15:00:00,XPTUSDm,ANCHORED_PULLBACK,BUY,4,1782.5,1776.59,1801.25,3.17,0.803,1735.64925,1775.952,1731.48,0,0.164,0.647,3.7022,1724.6765,1750.4945,1778.464,1731.131,1,0.024,0.8,2,1774.56225,0.637,0.278,0,0.0,0.0,1780.04475,0.0,0.0,0,0,0,1.0,1.0,0.5799,1.0,0.338,1,0.31,3,0.9,1780.12125,1785.68025,0.164,0.647,1.5001,0,0.0,2,1.0,2.033,3.702,0.549,0.66,3,1774.56225,8,0.727,0.673,0.198,1.0,0.0,0.483,0.943,1632.96574,1632.52812,1761.653,691.0881,17.9868,2,1626.9912,0.52,1840.9368,0.33,1751.7928,0.44,1,0.463,1,0,30486,0.796,0.577,0.453,426.0,427.0,0.3703,1150.4,0.0,1,1,0.927,1006.2,1,1,0.65,1167.4,0,53.467,0.079,0.921,0.2,0.0,0.5,0.39,0.0,0.5,0.0,0.705,0.482,0.5,0.532,0.0,0.4,0.0,0,0,0.331,0.757,0.0,1.0,0.0,1.0,0.437,0.0,0.411,0.4,0.0,1.0,1.0
37656,2026.08.19 15:01:40,XPTUSDm,PULLBACK,BUY,4,1783.19,1777.75,1790.02,1.26,0.68,1735.64925,1775.952,1731.48,0,0.164,0.647,3.7552,1724.6765,1750.4945,1778.464,1731.131,0,0.025,0.8,2,1774.56225,0.637,0.278,0,0.0,0.0,1780.04475,0.0,0.0,0,0,0,1.0,1.0,0.5799,1.0,0.442,1,0.347,3,0.9,1780.12125,1785.68025,0.111,0.594,0.0,2,0.0,3,1.0,2.192,3.755,0.584,0.679,3,1774.56225,8,0.727,0.779,0.167,0.7,0.0,0.483,0.943,1632.96574,1632.52812,1761.653,691.0881,17.9868,2,1626.9912,0.52,1840.9368,0.33,1751.7928,0.44,1,0.463,1,0,30486,0.796,0.577,0.453,434.0,424.4,0.3773,1150.4,0.0,1,1,0.927,1006.2,1,1,0.65,1167.4,0,53.527,0.079,0.921,0.2,0.0,0.5,0.28,0.0,0.5,0.0,0.604,0.453,0.5,0.528,0.0,0.4,0.0,0,0,0.347,0.551,0.0,1.0,0.0,0.737,0.437,0.0,0.41,0.4,0.0,1.0,0.974
37658,2026.08.19 15:13:20,XPTUSDm,TREND_CONTINUATION,BUY,4,1784.27,1770.46,1813.03,2.08,0.801,1735.64925,1775.952,1731.48,0,0.164,0.647,3.8656,1724.6765,1750.4945,1778.464,1731.131,0,0.026,0.8,2,1774.56225,0.637,0.278,0,0.0,0.0,1780.04475,0.0,0.0,0,0,0,1.0,1.0,0.5799,1.0,0.442,1,0.347,3,0.9,1780.12125,1785.68025,0.0,0.483,0.0,2,0.0,3,1.0,2.257,3.866,0.584,0.686,3,1774.56225,8,0.727,1.0,0.167,0.7,0.0,0.483,0.943,1632.96574,1632.52812,1761.653,691.0881,17.9868,2,1626.9912,0.52,1840.9368,0.33,1751.7928,0.44,1,0.463,1,0,30486,0.796,0.577,0.453,415.0,417.5,0.3607,1150.4,0.0,1,1,0.927,1006.2,1,1,0.65,1167.4,0,53.621,0.079,0.921,0.2,0.0,0.5,0.55,0.0,0.5,0.0,0.744,0.551,0.5,0.524,0.0,0.42,0.0,0,0,0.355,0.457,0.0,1.0,0.0,0.804,0.713,0.0,0.41,0.4,0.0,1.0,0.974
37660,2026.08.19 16:31:20,XPTUSDm,BREAKOUT,BUY,4,1808.33,1784.85,1837.68,1.25,0.497,1778.4175,1791.31,1759.795,0,1.098,2.318,2.1554,1716.8125,1752.82325,1782.109,1732.5485,0,0.043,0.55,0,1778.4175,0.723,0.581,0,0.0,0.0,1789.37875,0.0,0.0,0,0,1,1.0,1.0,0.673,1.0,0.281,2,0.531,2,0.131,1774.12,1784.1475,2.521,1.667,0.0,2,0.0,0,0.531,1.223,3.0,0.408,0.387,1,1778.4175,8,0.745,0.0,0.216,0.3,0.0,0.758,0.836,1625.79537,1632.52812,1749.443,544.206,-146.8821,1,1626.9912,0.518,1840.9368,0.329,1751.7928,0.445,-1,0.171,1,0,30487,0.796,0.577,0.453,461.0,450.1,0.3927,1173.9,0.0,1,1,0.927,1006.2,1,1,0.65,1167.4,0,54.597,0.211,0.789,0.2,1.0,0.5,0.25,0.0,0.5,0.0,0.395,0.536,0.5,0.477,0.0,0.354,0.0,0,0,0.306,0.344,0.0,0.238,0.0,1.0,0.855,0.0,0.474,0.4,0.0,1.0,0.899
37662,2026.08.19 17:00:00,XPTUSDm,ANCHORED_PULLBACK,BUY,3,1805.03,1796.67,1824.96,2.38,0.376,1780.28275,1790.627,1764.0275,0,1.623,0.179,1.6231,1719.79625,1752.00125,1781.5225,1727.8475,0,0.039,0.45,0,1774.37175,0.772,0.222,0,0.0,0.0,1804.68375,0.0,0.0,0,0,1,1.0,0.825,0.6758,0.825,0.2,2,0.508,0,0.52,1775.8495,1795.06025,1.984,0.419,-0.4004,1,0.4,0,0.508,1.26,3.0,0.42,0.384,1,1780.28275,1,0.7,0.0,0.7,0.247,0.244,0.837,0.903,1625.79537,1632.52812,1749.443,544.206,-146.8821,1,1626.9912,0.518,1840.9368,0.329,1751.7928,0.445,-1,0.171,1,0,30488,0.796,0.577,0.453,482.0,456.4,0.3926,1227.7,0.0,1,1,0.927,1006.2,1,1,0.65,1167.4,0,51.936,0.211,0.789,0.2,1.0,0.5,0.15,0.0,0.5,0.0,1.0,0.54,0.5,0.441,0.0,0.271,0.0,0,0,0.265,0.165,0.0,0.295,0.0,0.817,0.435,0.0,0.472,0.4,0.0,1.0,0.764
37664,2026.08.19 17:01:40,XPTUSDm,PULLBACK,BUY,3,1808.72,1783.93,1845.55,1.49,0.47,1780.28275,1790.627,1764.0275,0,1.623,0.179,1.9196,1719.79625,1752.00125,1781.5225,1727.8475,0,0.042,0.45,0,1774.37175,0.772,0.222,0,0.0,0.0,1804.68375,0.0,0.0,0,0,1,1.0,0.825,0.6758,0.825,0.644,2,0.599,0,0.52,1775.8495,1795.06025,2.281,0.716,0.0,2,0.4,0,0.599,1.06,3.0,0.353,0.383,1,1780.28275,1,0.7,0.0,0.267,0.247,0.244,0.837,0.903,1625.79537,1632.52812,1749.443,544.206,-146.8821,1,1626.9912,0.518,1840.9368,0.329,1751.7928,0.445,-1,0.171,1,0,30488,0.796,0.577,0.453,487.0,456.6,0.3967,1227.7,0.0,1,1,0.927,1006.2,1,1,0.65,1167.4,0,52.237,0.211,0.789,0.2,1.0,0.5,0.16,0.0,0.5,0.0,0.993,0.609,0.5,0.441,0.0,0.338,0.0,0,0,0.333,0.357,0.0,0.348,0.0,1.0,0.435,0.0,0.487,0.4,0.0,1.0,0.819
37666,2026.08.19 17:13:20,XPTUSDm,TREND_CONTINUATION,BUY,3,1803.5,1783.55,1834.19,1.54,0.561,1780.28275,1790.627,1764.0275,0,1.623,0.179,1.5254,1719.79625,1752.00125,1781.5225,1727.8475,0,0.038,0.45,0,1774.37175,0.772,0.222,0,0.0,0.0,1804.68375,0.0,0.0,0,0,1,1.0,0.825,0.6758,0.825,0.065,2,0.599,0,0.52,1775.8495,1795.06025,1.886,0.322,0.0,2,0.4,0,0.599,1.321,3.0,0.44,0.413,1,1780.28275,1,0.7,0.0,0.441,0.247,0.244,0.837,0.903,1625.79537,1632.52812,1749.443,544.206,-146.8821,1,1626.9912,0.518,1840.9368,0.329,1751.7928,0.445,-1,0.171,1,0,30488,0.796,0.577,0.453,449.0,458.7,0.3657,1227.7,0.0,1,1,0.927,1006.2,1,1,0.65,1167.4,0,51.812,0.211,0.789,0.2,1.0,0.5,0.53,0.0,0.5,0.0,0.545,0.423,0.5,0.485,0.0,0.344,0.0,0,0,0.329,0.226,0.0,0.348,0.0,1.0,0.863,0.0,0.472,0.4,0.0,1.0,0.819
37668,2026.08.19 18:31:20,XPTUSDm,BREAKOUT,BUY,3,1804.1,1782.22,1835.38,1.43,0.408,1779.096,1800.808,1770.6,1,0.063,0.389,1.6481,1719.79625,1752.00125,1781.5225,1727.8475,0,0.038,0.8,0,1779.096,0.771,0.197,0,0.0,0.0,0.0,0.0,0.0,0,0,1,1.0,1.0,0.7149,1.0,0.873,2,0.489,3,0.89,1800.808,1794.2,0.087,0.441,0.0,2,0.0,0,0.489,0.957,3.0,0.319,0.432,1,1779.096,8,0.754,0.826,0.038,0.3,0.0,0.691,0.904,1625.79537,1632.52812,1749.443,544.206,-146.8821,1,1626.9912,0.518,1840.9368,0.329,1751.7928,0.445,-1,0.171,1,0,30489,0.796,0.577,0.453,438.0,421.4,0.35,1251.4,0.0,1,1,0.927,1006.2,1,1,0.65,1167.4,0,50.881,0.211,0.789,0.2,1.0,0.5,0.06,0.0,0.5,0.0,0.822,0.428,0.5,0.549,0.0,0.419,0.0,0,0,0.375,0.712,0.0,0.342,0.0,0.515,0.715,0.0,0.5,0.4,0.0,1.0,0.891
37670,2026.08.19 19:00:00,XPTUSDm,BREAKOUT_RETEST,BUY,3,1813.83,1807.31,1822.38,1.31,0.626,1800.6325,1810.725,1796.045,1,0.4,1.103,0.6811,1714.95375,1753.99625,1784.6725,1728.8975,0,0.043,0.4,0,1802.4675,0.733,0.745,0,0.0,0.0,1809.7915,0.0,0.0,0,0,1,1.0,1.0,0.6832,1.0,0.168,2,0.612,2,0.309,1801.55,1795.1275,0.611,1.103,0.0,2,0.0,0,0.612,1.274,3.0,0.425,0.454,1,1802.4675,8,0.747,0.0,0.25,0.3,0.0,0.908,0.903,1625.79537,1632.52812,1749.443,544.206,-146.8821,1,1626.9912,0.518,1840.9368,0.329,1751.7928,0.445,-1,0.171,1,0,30490,0.803,0.567,0.458,431.0,447.7,0.3303,1304.8,0.0,1,1,0.927,1006.2,1,1,0.65,1167.4,0,49.543,0.211,0.789,0.2,1.0,0.5,0.66,0.0,0.5,0.0,0.853,0.717,0.5,0.503,0.0,0.28,0.0,0,0,0.393,0.686,0.0,0.38,0.0,0.489,0.436,0.0,0.483,0.4,0.0,1.0,0.922
37672,2026.08.19 19:01:40,XPTUSDm,PULLBACK,BUY,3,1813.61,1807.33,1852.75,6.23,0.653,1800.6325,1810.725,1796.045,1,0.4,1.103,0.6628,1714.95375,1753.99625,1784.6725,1728.8975,0,0.042,0.4,0,1802.4675,0.733,0.745,0,0.0,0.0,1809.7915,0.0,0.0,0,0,1,1.0,1.0,0.6832,1.0,0.168,2,0.612,2,0.309,1801.55,1795.1275,0.592,1.085,0.0,2,0.0,0,0.612,1.274,3.0,0.425,0.454,1,1802.4675,8,0.747,0.0,0.25,0.3,0.0,0.908,0.903,1625.79537,1632.52812,1749.443,544.206,-146.8821,1,1626.9912,0.518,1840.9368,0.329,1751.7928,0.445,-1,0.171,1,0,30490,0.803,0.567,0.458,433.0,451.1,0.3319,1304.8,0.0,1,1,0.927,1006.2,1,1,0.65,1167.4,0,49.526,0.211,0.789,0.2,1.0,0.5,0.66,0.0,0.5,0.0,0.853,0.748,0.5,0.503,0.0,0.28,0.0,0,0,0.412,0.686,0.0,0.38,0.0,0.489,0.436,0.0,0.483,0.4,0.0,1.0,0.922
37673,2026.08.19 19:03:40,XPTUSDm,ANCHORED_PULLBACK,BUY,3,1816.5,1805.88,1838.53,2.07,0.499,1800.6325,1810.725,1796.045,0,0.4,1.103,0.9042,1714.95375,1753.99625,1784.6725,1728.8975,0,0.045,0.4,0,1802.4675,0.733,0.745,0,0.0,0.0,1809.7915,0.0,0.0,0,0,1,1.0,1.0,0.6832,1.0,0.09,2,0.612,2,0.309,1801.55,1795.1275,0.834,1.326,0.0,2,0.0,0,0.612,1.31,3.0,0.437,0.458,1,1802.4675,8,0.747,0.0,0.273,0.3,0.0,0.908,0.903,1625.79537,1632.52812,1749.443,544.206,-146.8821,1,1626.9912,0.518,1840.9368,0.329,1751.7928,0.445,-1,0.171,1,0,30490,0.803,0.567,0.458,407.0,454.9,0.3119,1304.8,0.0,1,1,0.927,1006.2,1,1,0.65,1167.4,0,49.748,0.211,0.789,0.2,1.0,0.5,0.93,0.0,0.5,0.0,0.711,0.723,0.5,0.521,0.0,0.348,0.0,0,0,0.429,0.543,0.0,0.475,0.0,0.548,0.858,0.0,0.493,0.4,0.0,1.0,0.962
37676,2026.08.19 19:13:20,XPTUSDm,TREND_CONTINUATION,BUY,3,1820.63,1804.97,1853.25,2.08,0.592,1800.6325,1810.725,1796.045,0,0.4,1.103,1.2023,1714.95375,1753.99625,1784.6725,1728.8975,0,0.048,0.4,0,1802.4675,0.733,0.745,0,0.0,0.0,1809.7915,0.0,0.0,0,0,1,1.0,1.0,0.6832,1.0,0.09,2,0.612,2,0.309,1801.55,1795.1275,1.132,1.624,0.0,2,0.0,0,0.612,1.31,3.0,0.437,0.458,1,1802.4675,8,0.747,0.0,0.273,0.3,0.0,0.908,0.903,1625.79537,1632.52812,1749.443,544.206,-146.8821,1,1626.9912,0.518,1840.9368,0.329,1751.7928,0.445,-1,0.171,1,0,30490,0.803,0.567,0.458,431.0,448.9,0.3303,1304.8,0.0,1,1,0.927,1006.2,1,1,0.65,1167.4,0,50.064,0.211,0.789,0.2,1.0,0.5,0.67,0.0,0.5,0.0,0.448,0.577,0.5,0.501,0.0,0.351,0.0,0,0,0.337,0.533,0.0,0.38,0.0,0.587,0.858,0.0,0.493,0.375,0.0,1.0,0.975
37678,2026.08.19 20:31:20,XPTUSDm,BREAKOUT,BUY,3,1823.45,1809.36,1857.05,2.38,0.516,1802.0745,1810.176,1796.919,0,1.119,0.242,1.1679,1716.12875,1752.41375,1785.675,1725.2,0,0.049,0.45,0,1802.0745,0.781,0.017,0,0.0,0.0,0.0,0.0,0.0,0,0,1,1.0,1.0,0.7271,1.0,0.244,0,0.662,3,0.72,1805.0205,1816.8045,0.949,0.072,0.0,2,0.15,0,0.662,1.24,3.0,0.413,0.464,1,1802.0745,8,0.756,0.0,0.287,0.3,0.053,0.692,0.907,1625.79537,1627.91638,1751.63625,579.4648,35.2589,2,1626.9912,0.518,1840.9368,0.33,1751.7928,0.445,-1,0.028,1,0,30491,0.803,0.567,0.458,568.0,657.1,0.4226,1343.9,0.0,1,1,0.927,1006.2,1,1,0.65,1167.4,0,48.816,0.077,0.923,0.2,0.0,0.5,0.78,0.0,0.5,0.0,1.0,0.629,0.5,0.531,0.0,0.364,0.0,0,0,0.382,0.297,0.0,0.475,0.0,0.427,0.86,0.0,0.491,0.375,0.0,1.0,0.831
37680,2026.08.19 22:05:00,XPTUSDm,PULLBACK,BUY,1,1826.92,1806.81,1867.14,2.0,0.735,1801.88675,1815.9725,1797.1915,0,0.25,0.05,1.5509,1716.21875,1752.41375,1785.675,1725.2,0,0.052,0.7,0,1801.88675,0.77,0.342,0,0.0,0.0,0.0,0.0,0.0,0,0,1,1.0,0.825,0.7049,0.825,0.084,2,0.585,3,0.892,1819.32625,1822.00925,0.25,0.05,0.412,0,0.4,2,1.0,1.762,3.0,0.587,0.602,2,1801.88675,8,0.754,0.5,0.435,0.947,0.14,0.757,0.898,1625.79537,1627.91638,1751.63625,579.4648,35.2589,2,1626.9912,0.518,1840.9368,0.33,1751.7928,0.445,-1,0.028,1,0,30492,0.803,0.567,0.458,424.0,1243.7,0.3162,1340.7,0.0,1,1,0.927,1006.2,1,1,0.65,1167.4,0,49.192,0.077,0.923,0.2,0.0,0.5,0.99,0.0,0.5,0.0,0.785,0.497,0.5,0.46,0.0,0.326,0.0,0,0,0.27,0.358,0.0,0.421,0.0,1.0,0.74,0.0,0.437,0.375,0.0,1.0,0.966
37681,2026.08.19 22:05:20,XPTUSDm,TREND_CONTINUATION,BUY,1,1826.83,1810.74,1860.35,2.08,0.571,1801.88675,1815.9725,1797.1915,0,0.25,0.05,1.5442,1716.21875,1752.41375,1785.675,1725.2,0,0.052,0.7,0,1801.88675,0.77,0.342,0,0.0,0.0,0.0,0.0,0.0,0,0,1,1.0,0.825,0.7049,0.825,0.084,2,0.593,3,0.892,1819.32625,1822.00925,0.243,0.043,0.0,2,0.4,0,0.593,1.312,3.0,0.437,0.448,1,1801.88675,8,0.754,0.513,0.435,0.247,0.14,0.757,0.898,1625.79537,1627.91638,1751.63625,579.4648,35.2589,2,1626.9912,0.518,1840.9368,0.33,1751.7928,0.445,-1,0.028,1,0,30492,0.803,0.567,0.458,424.0,1235.4,0.3162,1340.7,0.0,1,1,0.927,1006.2,1,1,0.65,1167.4,0,49.185,0.077,0.923,0.2,0.0,0.5,0.98,0.0,0.5,0.0,0.935,0.489,0.5,0.509,0.0,0.278,0.0,0,0,0.271,0.377,0.0,0.493,0.0,0.647,0.862,0.0,0.486,0.375,0.0,1.0,0.895
37684,2026.08.19 22:31:20,XPTUSDm,BREAKOUT,BUY,1,1823.49,1805.58,1857.01,1.87,0.507,1801.88675,1815.9725,1797.1915,0,0.25,0.05,1.2362,1716.21875,1752.41375,1785.675,1725.2,0,0.049,0.7,0,1801.88675,0.77,0.342,0,0.0,0.0,0.0,0.0,0.0,0,0,1,1.0,0.825,0.7049,0.825,0.469,2,0.593,3,0.892,1819.32625,1822.00925,0.065,0.265,0.0,2,0.4,0,0.593,1.139,3.0,0.38,0.427,1,1801.88675,8,0.754,0.871,0.319,0.247,0.14,0.757,0.898,1625.79537,1627.91638,1751.63625,579.4648,35.2589,2,1626.9912,0.518,1840.9368,0.33,1751.7928,0.445,-1,0.028,1,0,30492,0.803,0.567,0.458,503.0,451.2,0.3752,1340.7,0.0,1,1,0.927,1006.2,1,1,0.65,1167.4,0,48.936,0.077,0.923,0.2,0.0,0.5,0.02,0.0,0.5,0.0,0.923,0.341,0.5,0.555,0.0,0.311,0.0,0,0,0.386,0.463,0.0,0.493,0.0,0.522,0.862,0.0,0.483,0.375,0.0,1.0,0.895
0,2026.08.19 23:00:40,XPTUSDm,BREAKOUT_RETEST,BUY,1,1825.13,1821.22,1836.11,2.81,0.571,1819.66675,1823.1405,1807.856,1,0.043,0.362,0.0102,1714.8805,1753.506,1781.298,1719.538,0,0.051,0.55,2,1819.66675,0.735,0.824,0,0.0,0.0,0.0,0.0,0.0,0,0,1,1.0,0.825,0.6427,0.825,1.0,2,0.601,2,0.053,1817.5825,1823.83525,0.17,0.309,0.0,2,0.25,0,0.601,0.9,3.0,0.3,0.324,0,1807.856,5,0.6,0.66,0.1,0.247,0.088,0.796,0.824,1625.79537,1627.91638,1751.63625,579.4648,35.2589,2,1626.9912,0.518,1840.9368,0.33,1751.7928,0.445,-1,0.028,1,0,30493,0.803,0.567,0.458,533.0,478.3,0.4085,1304.7,0.0,1,1,0.927,1006.2,1,1,0.65,1167.4,0,50.412,0.077,0.923,0.2,0.0,0.5,0.04,0.0,0.5,0.0,1.0,0.599,0.5,0.564,0.0,0.31,0.0,0,0,0.352,0.72,0.0,0.477,0.0,0.339,0.65,0.0,0.511,0.375,0.0,1.0,0.783
0,2026.08.20 00:01:40,XPTUSDm,ANCHORED_PULLBACK,BUY,1,1815.88,1815.84,1819.26,83.78,0.253,1819.25525,1822.0955,1815.6035,0,0.219,0.299,-0.657,1722.5225,1753.506,1781.298,1719.538,0,0.046,0.4,0,1820.87825,0.745,0.364,0,0.0,0.0,1819.6,0.0,0.0,0,0,1,0.8,1.0,0.5247,1.0,0.095,0,0.726,2,0.234,1819.661,1811.95175,0.689,0.074,0.0,2,0.15,0,0.726,1.307,3.0,0.436,0.444,1,1819.25525,1,0.7,0.0,0.332,0.3,0.053,0.83,0.89,1623.59524,1628.591,1749.57088,571.9702,-7.4946,1,1626.9912,0.518,1840.9368,0.329,1751.7928,0.445,-1,0.054,1,0,30494,0.803,0.567,0.458,486.0,460.2,0.3877,1253.4,0.0,1,1,0.927,1006.2,1,1,0.65,1167.4,0,51.736,0.084,0.916,0.2,1.0,0.5,0.12,0.0,0.5,0.0,0.827,0.257,0.5,0.536,0.0,0.322,0.0,0,0,0.435,0.464,0.0,0.475,0.0,0.222,0.65,0.0,0.49,0.375,0.0,1.0,0.895
37686,2026.08.20 00:16:40,XPTUSDm,PULLBACK,BUY,1,1824.65,1805.85,1862.25,2.0,0.579,1819.25525,1822.0955,1815.6035,1,0.219,0.299,-0.0212,1722.5225,1753.506,1781.298,1719.538,0,0.052,0.4,0,1820.87825,0.745,0.364,0,0.0,0.0,1819.6,0.0,0.0,0,0,1,0.8,1.0,0.5247,1.0,1.0,0,0.726,2,0.234,1819.661,1824.12425,0.054,0.41,0.0,2,0.15,0,0.726,0.9,3.0,0.3,0.397,1,0.0,0,0.0,0.893,0.06,0.3,0.053,0.83,0.957,1623.59524,1628.591,1749.57088,571.9702,-7.4946,1,1626.9912,0.518,1840.9368,0.329,1751.7928,0.445,-1,0.054,1,0,30494,0.803,0.567,0.458,566.0,565.1,0.4516,1253.4,0.0,1,1,0.927,1006.2,1,1,0.65,1167.4,0,52.436,0.084,0.916,0.2,1.0,0.5,0.64,0.0,0.5,0.0,0.419,0.554,0.5,0.565,0.0,0.439,0.0,0,0,0.377,0.838,0.0,0.556,0.0,0.233,0.461,0.0,0.51,0.375,0.0,1.0,0.783
37687,2026.08.20 00:16:59,XPTUSDm,TREND_CONTINUATION,BUY,1,1824.58,1809.54,1855.92,2.08,0.504,1819.25525,1822.0955,1815.6035,1,0.219,0.299,-0.0267,1722.5225,1753.506,1781.298,1719.538,0,0.052,0.4,0,1820.87825,0.745,0.364,0,0.0,0.0,1819.6,0.0,0.0,0,0,1,0.8,1.0,0.5247,1.0,1.0,0,0.726,2,0.234,1819.661,1824.12425,0.059,0.415,0.0,2,0.15,0,0.726,0.9,3.0,0.3,0.397,1,0.0,0,0.0,0.882,0.06,0.3,0.053,0.83,0.957,1623.59524,1628.591,1749.57088,571.9702,-7.4946,1,1626.9912,0.518,1840.9368,0.329,1751.7928,0.445,-1,0.054,1,0,30494,0.803,0.567,0.458,566.0,566.4,0.4516,1253.4,0.0,1,1,0.927,1006.2,1,1,0.65,1167.4,0,52.431,0.084,0.916,0.2,1.0,0.5,0.64,0.0,0.5,0.0,0.419,0.56,0.5,0.565,0.0,0.439,0.0,0,0,0.381,0.838,0.0,0.556,0.0,0.233,0.461,0.0,0.51,0.375,0.0,1.0,0.783
37689,2026.08.20 00:41:40,XPTUSDm,SWEEP_REVERSAL,BUY,1,1817.25,1804.72,1827.37,0.81,0.168,1819.25525,1822.0955,1815.6035,0,0.219,0.299,-0.807,1722.5225,1753.506,1781.298,1719.538,0,0.044,0.4,0,1820.87825,0.745,0.364,0,0.0,0.0,1819.6,0.0,0.0,0,0,1,0.8,1.0,0.5247,1.0,0.169,0,0.726,2,0.234,1819.661,1808.70575,0.839,0.035,0.0,2,0.15,0,0.726,1.274,3.0,0.425,0.441,1,1819.25525,1,0.7,0.0,0.309,0.3,0.053,0.83,0.914,1623.59524,1628.591,1749.57088,571.9702,-7.4946,1,1626.9912,0.518,1840.9368,0.329,1751.7928,0.445,-1,0.054,1,0,30494,0.803,0.567,0.458,811.0,829.7,0.647,1253.4,0.0,1,1,0.927,1006.2,1,1,0.65,1167.4,0,51.846,0.084,0.916,0.2,1.0,0.5,0.6,0.0,0.5,0.0,0.448,0.504,0.5,0.55,0.0,0.511,0.0,0,0,0.372,0.481,0.0,0.475,0.0,0.248,0.65,0.0,0.49,0.375,0.0,1.0,0.895
37690,2026.08.20 00:54:40,XPTUSDm,MEAN_REVERSION,BUY,1,1819.58,1809.55,1827.61,0.8,0.634,1819.25525,1822.0955,1815.6035,0,0.219,0.299,-0.6403,1722.5225,1753.506,1781.298,1719.538,0,0.046,0.4,0,1820.87825,0.745,0.364,0,0.0,0.0,1819.6,0.0,0.0,0,0,1,0.8,1.0,0.5247,1.0,0.095,0,0.726,2,0.234,1819.661,1811.95175,0.673,0.058,0.0,2,0.15,0,0.726,1.307,3.0,0.436,0.444,1,1819.25525,1,0.7,0.0,0.332,0.3,0.053,0.83,0.89,1623.59524,1628.591,1749.57088,571.9702,-7.4946,1,1626.9912,0.518,1840.9368,0.329,1751.7928,0.445,-1,0.054,1,0,30494,0.803,0.567,0.458,835.0,850.1,0.6662,1253.4,0.0,1,1,0.927,1006.2,1,1,0.65,1167.4,0,52.032,0.084,0.916,0.2,1.0,0.5,0.65,0.0,0.5,0.0,0.448,0.448,0.5,0.571,0.0,0.534,0.0,0,0,0.416,0.464,0.0,0.475,0.0,0.241,0.65,0.0,0.49,0.375,0.0,1.0,0.895
37694,2026.08.20 02:01:40,XPTUSDm,ANCHORED_PULLBACK,BUY,1,1804.83,1799.68,1824.53,3.83,0.426,1819.05075,1824.53,1801.0475,0,0.14,0.434,-1.3747,1717.637,1753.506,1787.474,1719.538,0,0.034,0.75,2,1795.56825,0.76,0.431,0,0.0,0.0,1795.3875,0.0,0.0,0,0,1,1.0,1.0,0.31,1.0,0.451,2,0.523,3,0.813,1795.56825,1805.744,0.348,0.399,0.0,2,0.0,0,0.523,1.147,3.0,0.382,0.475,1,1795.56825,8,0.752,0.304,0.165,0.3,0.0,0.867,0.934,1623.59524,1628.591,1749.57088,571.9702,-7.4946,1,1626.9912,0.518,1840.9368,0.329,1751.7928,0.445,-1,0.054,1,0,30496,0.803,0.567,0.458,452.0,533.7,0.3316,1363.3,0.0,1,1,0.927,1006.2,1,1,0.65,1167.4,1,46.757,0.084,0.916,0.2,1.0,1.0,0.81,0.0,0.5,0.0,0.749,0.65,0.5,0.538,0.0,0.526,0.0,0,0,0.462,0.705,0.0,0.618,0.0,0.401,0.65,0.0,0.494,0.375,0.0,1.0,0.975
0,2026.08.20 02:02:40,XPTUSDm,BREAKOUT_RETEST,BUY,1,1807.62,1803.53,1840.65,8.08,0.637,1819.05075,1824.53,1801.0475,1,0.14,0.434,-1.1598,1717.637,1753.506,1787.474,1719.538,0,0.036,0.75,2,1795.56825,0.76,0.431,0,0.0,0.0,1795.3875,0.0,0.0,0,0,1,1.0,1.0,0.31,1.0,0.146,2,0.523,3,0.813,1795.56825,1805.744,0.563,0.184,0.0,2,0.0,0,0.523,1.284,3.0,0.428,0.491,1,1795.56825,8,0.752,0.0,0.256,0.3,0.0,0.867,0.934,1623.59524,1628.591,1749.57088,571.9702,-7.4946,1,1626.9912,0.518,1840.9368,0.329,1751.7928,0.445,-1,0.054,1,0,30496,0.803,0.567,0.458,438.0,529.8,0.3213,1363.3,0.0,1,1,0.927,1006.2,1,1,0.65,1167.4,1,46.962,0.084,0.916,0.2,1.0,1.0,0.99,0.0,0.5,0.0,0.899,0.704,0.5,0.538,0.0,0.416,0.0,0,0,0.45,0.583,0.0,0.57,0.0,0.39,0.65,0.0,0.494,0.375,0.0,1.0,0.895
37696,2026.08.20 02:16:40,XPTUSDm,PULLBACK,BUY,1,1807.43,1786.98,1848.33,2.0,0.663,1819.05075,1824.53,1801.0475,1,0.14,0.434,-1.2052,1717.637,1753.506,1787.474,1719.538,0,0.036,0.75,2,1795.56825,0.76,0.431,0,0.0,0.0,1795.3875,0.0,0.0,0,0,1,1.0,1.0,0.31,1.0,0.146,2,0.523,3,0.813,1795.56825,1805.744,0.517,0.229,0.0,2,0.0,0,0.523,1.284,3.0,0.428,0.491,1,1795.56825,8,0.752,0.0,0.256,0.3,0.0,0.867,0.934,1623.59524,1628.591,1749.57088,571.9702,-7.4946,1,1626.9912,0.518,1840.9368,0.329,1751.7928,0.445,-1,0.054,1,0,30496,0.803,0.567,0.458,481.0,490.1,0.3528,1363.3,0.0,1,1,0.927,1006.2,1,1,0.65,1167.4,1,46.948,0.084,0.916,0.2,1.0,1.0,0.52,0.0,0.5,0.0,0.736,0.586,0.5,0.525,0.0,0.403,0.0,0,0,0.37,0.583,0.0,0.57,0.0,0.39,0.65,0.0,0.494,0.375,0.0,1.0,0.895
37697,2026.08.20 02:16:59,XPTUSDm,TREND_CONTINUATION,BUY,1,1807.42,1791.06,1841.5,2.08,0.6,1819.05075,1824.53,1801.0475,1,0.14,0.434,-1.206,1717.637,1753.506,1787.474,1719.538,0,0.036,0.75,2,1795.56825,0.76,0.431,0,0.0,0.0,1795.3875,0.0,0.0,0,0,1,1.0,1.0,0.31,1.0,0.276,2,0.523,3,0.813,1795.56825,1805.744,0.517,0.23,0.0,2,0.0,0,0.523,1.226,3.0,0.409,0.484,1,1795.56825,8,0.752,0.0,0.217,0.3,0.0,0.867,0.934,1623.59524,1628.591,1749.57088,571.9702,-7.4946,1,1626.9912,0.518,1840.9368,0.329,1751.7928,0.445,-1,0.054,1,0,30496,0.803,0.567,0.458,481.0,490.3,0.3528,1363.3,0.0,1,1,0.927,1006.2,1,1,0.65,1167.4,1,46.947,0.084,0.916,0.2,1.0,1.0,0.52,0.0,0.5,0.0,0.64,0.591,0.5,0.525,0.0,0.429,0.0,0,0,0.384,0.611,0.0,0.57,0.0,0.39,0.65,0.0,0.494,0.375,0.0,1.0,0.895
37700,2026.08.20 02:42:40,XPTUSDm,SWEEP_REVERSAL,BUY,1,1804.78,1799.4,1824.25,3.62,0.119,1819.05075,1824.53,1801.0475,0,0.14,0.434,-1.4282,1717.637,1753.506,1787.474,1719.538,0,0.034,0.75,2,1795.56825,0.76,0.431,0,0.0,0.0,1795.3875,0.0,0.0,0,0,1,1.0,1.0,0.31,1.0,0.451,2,0.523,3,0.813,1795.56825,1805.744,0.294,0.452,0.0,2,0.0,0,0.523,1.147,3.0,0.382,0.475,1,1819.05075,1,0.7,0.411,0.165,0.3,0.0,0.867,0.934,1623.59524,1628.591,1749.57088,571.9702,-7.4946,1,1626.9912,0.518,1840.9368,0.329,1751.7928,0.445,-1,0.054,1,0,30496,0.803,0.567,0.458,520.0,468.8,0.3814,1363.3,0.0,1,1,0.927,1006.2,1,1,0.65,1167.4,1,46.753,0.084,0.916,0.2,1.0,1.0,0.0,0.0,0.5,0.0,1.0,0.614,0.5,0.538,0.0,0.405,0.0,0,0,0.392,0.705,0.0,0.618,0.0,0.401,0.65,0.0,0.494,0.375,0.0,1.0,0.975
37702,2026.08.20 02:54:40,XPTUSDm,MEAN_REVERSION,BUY,1,1806.67,1795.76,1824.61,1.64,0.564,1819.05075,1824.53,1801.0475,1,0.14,0.434,-1.316,1717.637,1753.506,1787.474,1719.538,0,0.035,0.75,2,1795.56825,0.76,0.431,0,0.0,0.0,1795.3875,0.0,0.0,0,0,1,1.0,1.0,0.31,1.0,0.276,2,0.523,3,0.813,1795.56825,1805.744,0.406,0.34,0.0,2,0.0,0,0.523,1.226,3.0,0.409,0.484,1,1795.56825,8,0.752,0.187,0.217,0.3,0.0,0.867,0.934,1623.59524,1628.591,1749.57088,571.9702,-7.4946,1,1626.9912,0.518,1840.9368,0.329,1751.7928,0.445,-1,0.054,1,0,30496,0.803,0.567,0.458,556.0,535.5,0.4078,1363.3,0.0,1,1,0.927,1006.2,1,1,0.65,1167.4,1,46.892,0.084,0.916,0.2,1.0,1.0,0.4,0.0,0.5,0.0,0.859,0.692,0.5,0.52,0.0,0.317,0.0,0,0,0.398,0.597,0.0,0.57,0.0,0.39,0.65,0.0,0.494,0.375,0.0,1.0,0.895
37704,2026.08.20 03:00:00,XPTUSDm,BREAKOUT,BUY,1,1804.63,1797.35,1839.07,4.73,0.39,1799.844,1813.828,1793.22,1,0.053,0.48,-0.0526,1804.307,1753.506,1787.474,1719.538,0,0.033,0.7,0,1799.844,0.76,0.178,0,0.0,0.0,0.0,0.0,0.0,0,0,1,1.0,0.825,0.1565,0.825,1.0,2,0.621,0,0.317,1799.108,1793.956,0.001,0.375,0.0,2,0.25,0,0.621,0.9,3.0,0.3,0.36,1,1793.22,5,0.6,0.998,0.1,0.247,0.151,0.779,0.825,1623.59524,1628.591,1749.57088,571.9702,-7.4946,1,1626.9912,0.518,1840.9368,0.329,1751.7928,0.445,-1,0.054,1,0,30497,0.803,0.567,0.458,551.0,561.5,0.4,1377.6,0.0,1,1,0.927,1006.2,1,1,0.65,1167.4,1,46.257,0.084,0.916,0.2,1.0,1.0,0.54,0.0,0.5,0.0,0.821,0.638,0.5,0.534,0.0,0.312,0.0,0,0,0.368,0.864,0.0,0.654,0.0,0.415,0.65,0.0,0.503,0.375,0.0,1.0,0.863
37706,2026.08.20 05:38:40,XPTUSDm,SWEEP_REVERSAL,BUY,1,1796.92,1785.6,1806.33,0.83,0.233,1802.0355,1804.974,1798.444,0,0.017,0.386,-0.8306,1804.307,1753.506,1787.474,1719.538,0,0.035,0.5,0,1802.0355,0.772,0.467,0,0.0,0.0,0.0,0.0,0.0,0,0,1,0.5,-0.545,-0.1187,0.545,0.048,0,0.818,0,0.376,1802.362,1794.1995,0.859,0.139,0.0,2,0.25,0,0.818,1.328,3.0,0.443,0.469,1,1802.0355,8,0.754,0.0,0.386,0.164,0.163,0.801,0.876,1628.1055,1628.591,1749.57088,547.0313,-24.939,1,1626.9912,0.518,1840.9368,0.329,1751.7928,0.445,-1,0.096,1,0,30499,0.803,0.567,0.458,429.0,424.0,0.3788,1132.4,0.0,1,1,0.927,1006.2,1,1,0.65,1167.4,1,55.59,0.097,0.903,0.2,1.0,1.0,0.35,0.0,0.5,0.0,0.484,0.354,0.5,0.564,0.0,0.345,0.0,0,0,0.395,0.638,0.0,0.246,0.0,0.232,0.476,0.0,0.505,0.375,0.0,1.0,0.801
37708,2026.08.20 07:18:40,XPTUSDm,MEAN_REVERSION,BUY,1,1798.35,1789.33,1807.04,0.96,0.683,1802.556,1805.874,1800.186,0,0.027,0.363,-0.7705,1804.3385,1753.506,1787.474,1713.362,0,0.036,0.3,0,1802.556,0.733,0.938,0,0.0,0.0,0.0,0.0,0.0,0,0,1,0.6,-0.79,-0.2044,0.79,0.131,0,0.758,2,0.511,1803.03,1790.706,0.813,0.281,0.0,2,0.0,0,0.758,1.291,3.0,0.43,0.502,2,1802.556,8,0.747,0.0,0.261,0.237,0.0,0.783,0.96,1628.1055,1628.591,1749.57088,547.0313,-24.939,1,1626.9912,0.518,1840.9368,0.329,1751.7928,0.445,-1,0.096,1,0,30501,0.799,0.568,0.457,448.0,439.7,0.3974,1127.3,0.0,1,1,0.927,1006.2,1,1,0.65,1167.4,1,55.971,0.097,0.903,0.2,1.0,1.0,0.18,0.0,0.5,0.0,0.66,0.378,0.5,0.52,0.0,0.381,0.0,0,0,0.381,0.672,0.0,0.57,0.0,0.331,0.473,0.0,0.506,0.375,0.0,1.0,0.822
37710,2026.08.20 08:39:40,XPTUSDm,SWEEP_REVERSAL,BUY,2,1798.76,1787.73,1807.94,0.83,0.189,1803.504,1804.926,1795.446,0,0.2,0.63,-0.8327,1805.784,1753.506,1787.474,1713.362,0,0.037,0.5,0,1803.504,0.714,0.912,0,0.0,0.0,1797.767,0.0,0.0,0,0,1,0.975,-0.65,-0.1759,0.65,0.376,2,0.623,3,0.313,1794.972,1790.232,0.059,0.371,0.0,2,0.25,0,0.623,1.181,3.0,0.394,0.37,1,1803.504,8,0.743,0.882,0.287,0.195,0.088,0.602,0.924,1625.79537,1628.591,1749.57088,568.7435,21.7123,2,1626.9912,0.518,1840.9368,0.33,1751.7928,0.445,-1,0.132,1,0,30502,0.799,0.568,0.457,444.0,412.6,0.4026,1102.9,0.0,1,1,0.927,1006.2,1,1,0.65,1167.4,0,57.248,0.076,0.924,0.2,0.0,0.5,0.0,0.0,0.5,0.0,0.529,0.318,0.5,0.513,0.0,0.368,0.0,0,0,0.411,0.75,0.0,0.828,0.0,0.366,0.434,0.0,0.507,0.375,0.0,1.0,0.901
37712,2026.08.20 11:00:00,XPTUSDm,ANCHORED_PULLBACK,BUY,2,1823.72,1817.69,1841.79,3.0,0.653,1799.31,1803.06,1794.06,0,1.661,0.053,1.7947,1798.94125,1747.33,1818.354,1731.89,0,0.064,0.3,0,1799.31,0.786,0.433,0,0.0,0.0,1815.501,0.0,0.0,0,0,1,1.0,-0.755,-0.0702,0.755,0.036,0,0.702,3,0.559,1799.31,1818.81,1.795,0.053,0.1533,0,0.4,2,0.991,1.784,3.0,0.595,0.57,2,1799.31,8,0.757,0.0,0.449,0.926,0.14,0.838,0.962,1625.79537,1628.591,1749.57088,568.7435,21.7123,2,1626.9912,0.518,1840.9368,0.33,1751.7928,0.445,-1,0.132,1,0,30505,0.799,0.568,0.457,432.0,423.7,0.3859,1119.4,0.0,1,1,0.927,1006.2,1,1,0.65,1167.4,-1,58.63,0.076,0.924,0.2,0.0,0.0,0.12,0.0,0.5,0.0,1.0,0.546,0.5,0.525,0.0,0.428,0.0,0,0,0.356,0.265,0.0,0.613,0.0,0.997,0.746,0.0,0.449,0.375,0.0,1.0,0.798
37714,2026.08.20 12:05:40,XPTUSDm,TREND_CONTINUATION,BUY,2,1787.95,1773.44,1804.34,1.13,0.367,1799.69475,1813.674,1794.5445,0,0.021,0.508,-1.3558,1804.163,1747.33,1824.53,1738.066,1,0.03,0.65,0,1799.69475,0.728,0.056,0,0.0,0.0,1809.7625,0.0,0.0,0,0,0,0.45,0.685,0.0507,0.685,0.078,2,0.616,3,0.507,1799.69475,1792.33725,1.356,0.747,0.0,2,0.0,0,0.616,1.315,3.0,0.438,0.459,1,1799.69475,8,0.746,0.0,0.277,0.206,0.0,0.709,0.925,1628.1055,1628.591,1749.57088,546.6429,-22.1007,1,1626.9912,0.518,1840.9368,0.332,1751.7928,0.444,-1,0.143,1,0,30506,0.799,0.568,0.457,465.0,462.4,0.3845,1209.2,0.0,1,1,0.927,1006.2,1,1,0.65,1167.4,-1,51.318,0.095,0.905,0.2,1.0,0.0,0.36,0.0,0.5,0.0,0.288,0.252,0.5,0.479,0.0,0.401,0.0,0,0,0.453,0.637,1.0,0.44,0.0,0.519,0.335,0.0,0.478,0.375,0.0,1.0,0.905
0,2026.08.20 12:18:00,XPTUSDm,BREAKOUT_RETEST,BUY,2,1799.74,1796.11,1803.9,1.15,0.377,1799.69475,1813.674,1794.5445,1,0.021,0.508,-0.3444,1804.163,1747.33,1824.53,1738.066,1,0.04,0.65,0,1799.69475,0.728,0.056,0,0.0,0.0,1809.7625,0.0,0.0,0,0,0,0.45,0.685,0.0507,0.685,0.214,2,0.616,3,0.507,1799.69475,1792.33725,0.344,0.264,0.0,2,0.0,0,0.616,1.254,3.0,0.418,0.452,1,1799.69475,8,0.746,0.311,0.236,0.206,0.0,0.709,0.925,1628.1055,1628.591,1749.57088,546.6429,-22.1007,1,1626.9912,0.518,1840.9368,0.332,1751.7928,0.444,-1,0.143,1,0,30506,0.799,0.568,0.457,421.0,449.1,0.3482,1209.2,0.0,1,1,0.927,1006.2,1,1,0.65,1167.4,-1,52.293,0.095,0.905,0.2,1.0,0.0,0.93,0.0,0.5,0.0,0.241,0.572,0.5,0.468,0.0,0.386,0.0,0,0,0.338,0.755,0.357,0.748,0.0,0.542,0.464,0.0,0.471,0.375,0.0,1.0,0.83
37716,2026.08.20 15:08:40,XPTUSDm,BREAKOUT,BUY,4,1826.69,1810.16,1862.45,2.16,0.28,1805.5925,1815.652,1799.191,0,0.7,0.068,1.1836,1801.41175,1802.914,1824.53,1738.066,1,0.014,0.45,0,1805.5925,0.781,0.525,0,0.0,0.0,1805.892,0.0,0.0,0,0,0,0.202,0.4373,0.019,0.437,0.077,0,0.761,0,0.531,1804.678,1818.3955,1.248,0.288,0.0,2,0.15,0,0.761,1.315,3.0,0.438,0.477,1,1805.5925,8,0.756,0.0,0.337,0.131,0.159,0.717,0.917,1628.1055,1628.591,1749.57088,546.6429,-22.1007,1,1626.9912,0.518,1840.9368,0.332,1751.7928,0.444,-1,0.143,1,0,30509,0.799,0.568,0.457,417.0,440.0,0.2916,1430.2,0.0,1,1,0.927,1006.2,1,1,0.65,1167.4,0,46.097,0.095,0.905,0.2,1.0,0.5,0.99,0.0,0.5,0.0,0.682,0.792,0.5,0.491,0.0,0.381,0.0,0,0,0.475,0.473,0.0,0.624,0.0,0.463,0.863,0.0,0.477,0.36,0.0,1.0,0.782
37718,2026.08.20 15:11:40,XPTUSDm,PULLBACK,BUY,4,1828.81,1810.25,1871.72,2.31,0.219,1805.5925,1815.652,1799.191,0,0.7,0.068,1.3255,1801.41175,1802.914,1824.53,1738.066,0,0.015,0.45,0,1805.5925,0.781,0.525,0,0.0,0.0,1805.892,0.0,0.0,0,0,0,0.202,0.4373,0.019,0.437,0.077,0,0.761,0,0.531,1804.678,1818.3955,1.389,0.43,0.0,2,0.15,0,0.761,1.315,3.0,0.438,0.477,1,1805.5925,8,0.756,0.0,0.337,0.131,0.159,0.717,0.917,1628.1055,1628.591,1749.57088,546.6429,-22.1007,1,1626.9912,0.518,1840.9368,0.332,1751.7928,0.444,-1,0.143,1,0,30509,0.799,0.568,0.457,426.0,438.5,0.2979,1430.2,0.0,1,1,0.927,1006.2,1,1,0.65,1167.4,0,46.246,0.095,0.905,0.2,1.0,0.5,0.63,0.0,0.5,0.0,0.578,0.744,0.5,0.466,0.0,0.407,0.0,0,0,0.449,0.415,0.0,0.49,0.0,0.504,0.88,0.0,0.482,0.36,0.0,1.0,0.806
37720,2026.08.20 16:00:00,XPTUSDm,ANCHORED_PULLBACK,BUY,4,1833.78,1820.4,1858.52,1.85,0.67,1804.9405,1814.086,1785.343,0,0.228,0.306,1.6537,1802.3275,1804.8445,1821.592,1734.505,0,0.017,0.55,0,1804.9405,0.743,0.12,0,0.0,0.0,1824.7975,0.0,0.0,0,0,1,0.75,0.72,0.1018,0.72,0.201,2,0.575,0,0.424,1825.8445,1833.6835,0.228,0.306,0.8376,0,0.0,2,1.0,1.709,3.0,0.57,0.558,2,1804.9405,8,0.749,0.544,0.24,0.916,0.085,0.447,0.914,1628.1055,1748.69625,1750.43438,6.9646,-539.6782,1,1626.9912,0.518,1840.9368,0.333,1751.7928,0.444,-1,0.02,1,0,30510,0.792,0.568,0.459,459.0,431.9,0.313,1466.4,0.0,1,1,0.927,1006.2,1,1,0.65,1167.4,0,45.445,0.575,0.425,17.6,1.0,0.5,0.03,0.0,0.5,0.0,0.929,0.58,0.5,0.513,0.0,0.439,0.0,0,0,0.378,0.579,0.0,0.517,0.0,1.0,0.745,0.0,0.417,0.36,0.0,1.0,0.978
37722,2026.08.20 16:05:40,XPTUSDm,TREND_CONTINUATION,BUY,4,1834.52,1816.92,1871.18,2.08,0.46,1804.9405,1814.086,1785.343,0,0.228,0.306,1.7308,1802.3275,1804.8445,1821.592,1734.505,0,0.017,0.55,0,1804.9405,0.743,0.12,0,0.0,0.0,1824.7975,0.0,0.0,0,0,1,0.75,0.72,0.1018,0.72,0.185,2,0.602,0,0.424,1825.8445,1833.6835,0.305,0.229,0.0,2,0.0,0,0.602,1.267,3.0,0.422,0.407,1,1825.8445,2,0.55,0.39,0.245,0.216,0.085,0.447,0.914,1628.1055,1748.69625,1750.43438,6.9646,-539.6782,1,1626.9912,0.518,1840.9368,0.333,1751.7928,0.444,-1,0.02,1,0,30510,0.792,0.568,0.459,420.0,425.1,0.2864,1466.4,0.0,1,1,0.927,1006.2,1,1,0.65,1167.4,0,45.495,0.575,0.425,17.6,1.0,0.5,0.59,0.0,0.5,0.0,1.0,0.601,0.5,0.523,0.0,0.467,0.0,0,0,0.405,0.556,0.0,0.475,0.0,1.0,0.866,0.0,0.484,0.36,0.0,1.0,0.908
37724,2026.08.20 17:08:40,XPTUSDm,BREAKOUT,BUY,3,1831.37,1809.45,1868.06,1.67,0.364,1806.50475,1827.132,1795.7,1,0.056,0.726,1.3937,1802.3275,1804.8445,1821.592,1734.505,0,0.015,0.8,0,1806.50475,0.708,0.296,0,0.0,0.0,0.0,0.0,0.0,0,0,1,0.825,0.755,0.1756,0.755,0.623,2,0.592,3,0.881,1827.132,1815.345,0.012,0.791,0.0,2,0.0,0,0.592,1.07,3.0,0.357,0.466,1,1806.50475,8,0.742,0.977,0.113,0.226,0.0,0.667,0.923,1628.1055,1748.69625,1750.43438,6.9646,-539.6782,1,1626.9912,0.518,1840.9368,0.333,1751.7928,0.444,-1,0.02,1,0,30511,0.792,0.568,0.459,441.0,431.4,0.3005,1467.6,0.0,1,1,0.927,1006.2,1,1,0.65,1167.4,0,45.241,0.575,0.425,17.6,1.0,0.5,0.3,0.0,0.5,0.0,0.992,0.493,0.5,0.531,0.0,0.293,0.0,0,0,0.281,0.69,0.0,0.38,0.0,0.83,0.766,0.0,0.483,0.36,0.0,1.0,0.948
37726,2026.08.20 17:11:40,XPTUSDm,PULLBACK,BUY,3,1830.35,1809.2,1874.38,2.08,0.582,1806.50475,1827.132,1795.7,1,0.056,0.726,1.3413,1802.3275,1804.8445,1821.592,1734.505,0,0.015,0.8,0,1806.50475,0.708,0.296,0,0.0,0.0,0.0,0.0,0.0,0,0,1,0.825,0.755,0.1756,0.755,0.623,2,0.592,3,0.881,1827.132,1815.345,0.064,0.739,0.0,2,0.0,0,0.592,1.07,3.0,0.357,0.466,1,1806.50475,8,0.742,0.872,0.113,0.226,0.0,0.667,0.923,1628.1055,1748.69625,1750.43438,6.9646,-539.6782,1,1626.9912,0.518,1840.9368,0.333,1751.7928,0.444,-1,0.02,1,0,30511,0.792,0.568,0.459,416.0,435.6,0.2834,1467.6,0.0,1,1,0.927,1006.2,1,1,0.65,1167.4,0,45.171,0.575,0.425,17.6,1.0,0.5,0.95,0.0,0.5,0.0,1.0,0.498,0.5,0.53,0.0,0.277,0.0,0,0,0.271,0.69,0.0,0.38,0.0,0.761,0.761,0.0,0.483,0.36,0.0,1.0,0.948
37728,2026.08.20 18:00:00,XPTUSDm,BREAKOUT_RETEST,BUY,3,1831.49,1827.06,1839.04,1.71,0.532,1826.14975,1834.99,1819.274,1,0.046,0.62,0.0875,1802.3275,1804.8445,1828.291,1734.505,1,0.015,0.4,0,1826.14975,0.66,0.616,0,0.0,0.0,0.0,0.0,0.0,0,0,0,0.9,0.615,0.2287,0.615,0.858,0,0.757,2,0.286,1827.132,1815.345,0.021,0.82,0.0,2,0.25,0,0.757,0.964,3.0,0.321,0.389,1,1834.99,4,0.6,0.958,0.142,0.185,0.088,0.713,0.947,1628.1055,1748.69625,1750.43438,6.9646,-539.6782,1,1626.9912,0.518,1840.9368,0.333,1751.7928,0.444,-1,0.02,1,0,30512,0.792,0.568,0.459,405.0,400.2,0.2745,1475.4,0.0,1,1,0.927,1006.2,1,1,0.65,1167.4,0,45.012,0.575,0.425,17.6,1.0,0.5,0.38,0.0,0.5,0.0,0.99,0.55,0.5,0.563,0.0,0.295,0.0,0,0,0.317,0.8,0.0,0.559,0.0,0.341,0.541,0.0,0.499,0.36,0.0,1.0,0.845
37730,2026.08.20 18:05:40,XPTUSDm,TREND_CONTINUATION,BUY,3,1830.35,1812.65,1867.23,2.08,0.494,1826.14975,1834.99,1819.274,1,0.046,0.62,0.0136,1802.3275,1804.8445,1828.291,1734.505,1,0.015,0.4,0,1826.14975,0.66,0.616,0,0.0,0.0,0.0,0.0,0.0,0,0,0,0.9,0.615,0.2287,0.615,1.0,0,0.757,2,0.286,1827.132,1815.345,0.053,0.746,0.0,2,0.25,0,0.757,0.9,3.0,0.3,0.382,1,1819.274,5,0.6,0.894,0.1,0.185,0.088,0.713,0.947,1628.1055,1748.69625,1750.43438,6.9646,-539.6782,1,1626.9912,0.518,1840.9368,0.333,1751.7928,0.444,-1,0.02,1,0,30512,0.792,0.568,0.459,400.0,400.1,0.2711,1475.4,0.0,1,1,0.927,1006.2,1,1,0.65,1167.4,0,44.935,0.575,0.425,17.6,1.0,0.5,0.42,0.0,0.5,0.0,0.949,0.51,0.5,0.57,0.0,0.302,0.0,0,0,0.298,0.8,0.0,0.681,0.0,0.341,0.535,0.0,0.499,0.36,0.0,1.0,0.845
37732,2026.08.20 19:08:40,XPTUSDm,BREAKOUT,BUY,3,1830.11,1807.5,1867.8,1.67,0.309,1826.89125,1829.875,1821.35,1,0.074,0.265,-0.0459,1802.3275,1804.8445,1828.291,1734.505,1,0.014,0.5,0,1826.89125,0.765,0.443,0,0.0,0.0,0.0,0.0,0.0,0,0,0,0.65,0.65,0.2345,0.65,0.848,0,0.748,0,0.83,1826.89125,1819.21875,0.046,0.463,0.0,2,0.4,0,0.748,0.968,3.0,0.323,0.456,1,1821.35,5,0.6,0.908,0.206,0.195,0.306,0.896,0.87,1628.1055,1748.69625,1750.43438,6.9646,-539.6782,1,1626.9912,0.518,1840.9368,0.333,1751.7928,0.444,-1,0.02,1,0,30513,0.792,0.568,0.459,391.0,382.5,0.2594,1507.6,0.0,1,1,0.927,1006.2,1,1,0.65,1167.4,0,43.959,0.575,0.425,17.6,1.0,0.5,0.15,0.0,0.5,0.0,1.0,0.711,0.5,0.577,0.0,0.36,0.0,0,0,0.444,0.76,0.0,0.829,0.0,0.204,0.544,0.0,0.495,0.36,0.0,1.0,0.766
37734,2026.08.20 19:15:40,XPTUSDm,PULLBACK,BUY,3,1832.51,1809.9,1877.74,2.0,0.521,1826.89125,1829.875,1821.35,1,0.074,0.265,0.118,1802.3275,1804.8445,1828.291,1734.505,0,0.016,0.5,0,1826.89125,0.765,0.443,0,0.0,0.0,0.0,0.0,0.0,0,0,0,0.65,0.65,0.2345,0.65,0.551,0,0.748,0,0.83,1826.89125,1834.1375,0.118,0.363,0.0,2,0.4,0,0.748,1.102,3.0,0.367,0.471,1,1821.35,5,0.6,0.764,0.295,0.195,0.306,0.896,0.917,1628.1055,1748.69625,1750.43438,6.9646,-539.6782,1,1626.9912,0.518,1840.9368,0.333,1751.7928,0.444,-1,0.02,1,0,30513,0.792,0.568,0.459,384.0,385.6,0.2547,1507.6,0.0,1,1,0.927,1006.2,1,1,0.65,1167.4,0,44.118,0.575,0.425,17.6,1.0,0.5,0.56,0.0,0.5,0.0,0.984,0.644,0.5,0.544,0.0,0.389,0.0,0,0,0.405,0.586,0.0,0.693,0.0,0.184,0.65,0.0,0.482,0.36,0.0,1.0,0.865
37736,2026.08.20 20:00:00,XPTUSDm,ANCHORED_PULLBACK,BUY,3,1845.15,1838.62,1871.26,4.0,0.463,1827.6215,1831.608,1822.496,0,0.783,0.037,0.8577,1801.57675,1802.191,1826.614,1728.922,0,0.025,0.4,0,1827.6215,0.766,0.582,0,0.0,0.0,1838.14225,0.0,0.0,0,0,1,1.0,0.685,0.21,0.685,0.019,0,0.753,1,0.035,1827.6215,1840.1505,0.858,0.037,0.0384,2,0.4,0,0.753,1.341,3.0,0.447,0.387,1,1827.6215,8,0.753,0.0,0.454,0.206,0.14,0.787,0.974,1628.1055,1604.65387,1749.06025,597.0907,590.126,2,1626.9912,0.518,1849.8512,0.324,1751.7928,0.444,-1,0.01,1,0,30514,0.792,0.568,0.459,443.0,426.6,0.2901,1527.1,0.0,1,1,0.927,1006.2,1,1,0.65,1167.4,0,44.38,0.074,0.926,0.2,0.0,0.5,0.12,0.0,0.5,0.0,0.695,0.491,0.5,0.57,0.0,0.42,0.0,0,0,0.344,0.366,0.0,0.596,0.0,0.299,0.873,0.0,0.48,0.36,0.0,1.0,0.84
37738,2026.08.20 20:05:40,XPTUSDm,TREND_CONTINUATION,BUY,3,1842.55,1824.22,1880.73,2.08,0.539,1827.6215,1831.608,1822.496,0,0.783,0.037,0.6901,1801.57675,1802.191,1826.614,1728.922,0,0.024,0.4,0,1827.6215,0.766,0.582,0,0.0,0.0,1838.14225,0.0,0.0,0,0,1,1.0,0.685,0.21,0.685,0.124,0,0.782,1,0.035,1827.6215,1840.1505,0.69,0.13,0.0,2,0.4,0,0.782,1.294,3.0,0.431,0.389,1,1827.6215,8,0.753,0.0,0.423,0.206,0.14,0.787,0.974,1628.1055,1604.65387,1749.06025,597.0907,590.126,2,1626.9912,0.518,1849.8512,0.324,1751.7928,0.444,-1,0.01,1,0,30514,0.792,0.568,0.459,439.0,432.8,0.2875,1527.1,0.0,1,1,0.927,1006.2,1,1,0.65,1167.4,0,44.21,0.074,0.926,0.2,0.0,0.5,0.29,0.0,0.5,0.0,0.639,0.45,0.5,0.541,0.0,0.359,0.0,0,0,0.336,0.39,0.0,0.497,0.0,0.316,0.874,0.0,0.474,0.36,0.0,1.0,0.84
37740,2026.08.20 20:50:40,XPTUSDm,BREAKOUT_RETEST,BUY,3,1834.91,1830.33,1840.26,1.17,0.575,1827.6215,1831.608,1822.496,1,0.783,0.037,0.2088,1801.57675,1802.191,1826.614,1728.922,0,0.019,0.4,0,1827.6215,0.766,0.582,0,0.0,0.0,1838.14225,0.0,0.0,0,0,1,1.0,0.685,0.21,0.685,0.33,0,0.782,1,0.035,1827.6215,1836.164,0.209,0.351,0.0,2,0.4,0,0.782,1.201,3.0,0.4,0.378,1,1822.496,5,0.6,0.582,0.361,0.206,0.14,0.787,0.974,1628.1055,1604.65387,1749.06025,597.0907,590.126,2,1626.9912,0.518,1849.8512,0.324,1751.7928,0.444,-1,0.01,1,0,30514,0.792,0.568,0.459,410.0,392.1,0.2685,1527.1,0.0,1,1,0.927,1006.2,1,1,0.65,1167.4,0,43.71,0.074,0.926,0.2,0.0,0.5,0.06,0.0,0.5,0.0,1.0,0.366,0.5,0.582,0.0,0.361,0.0,0,0,0.4,0.541,0.005,0.882,0.0,0.236,0.652,0.0,0.474,0.36,0.0,1.0,0.8
37742,2026.08.20 22:05:00,XPTUSDm,BREAKOUT,BUY,1,1837.68,1831.19,1875.85,5.88,0.429,1827.1575,1830.23,1820.398,0,0.325,0.084,0.4056,1802.16175,1803.60475,1835.4445,1736.3875,1,0.019,0.4,0,1827.1575,0.777,0.395,0,0.0,0.0,0.0,0.0,0.0,0,0,0,0.75,0.895,0.1919,0.895,0.199,0,0.655,3,0.326,1827.1575,1831.459,0.406,0.124,0.0472,2,0.15,0,0.655,1.26,3.0,0.42,0.418,1,1827.1575,8,0.755,0.189,0.3,0.269,0.053,0.71,0.873,1628.1055,1604.65387,1749.06025,597.0907,590.126,2,1626.9912,0.518,1849.8512,0.324,1751.7928,0.444,-1,0.01,1,0,30515,0.792,0.568,0.459,433.0,1059.7,0.2836,1526.8,0.0,1,1,0.927,1006.2,1,1,0.65,1167.4,0,43.901,0.074,0.926,0.2,0.0,0.5,0.99,0.0,0.5,0.0,0.943,0.295,0.5,0.509,0.0,0.315,0.0,0,0,0.402,0.504,0.0,0.605,0.0,0.274,0.8,0.0,0.469,0.36,0.0,1.0,0.876
37743,2026.08.20 22:05:40,XPTUSDm,TREND_CONTINUATION,BUY,1,1838.44,1820.12,1876.61,2.08,0.48,1827.1575,1830.23,1820.398,0,0.325,0.084,0.4554,1802.16175,1803.60475,1835.4445,1736.3875,1,0.02,0.4,0,1827.1575,0.777,0.395,0,0.0,0.0,0.0,0.0,0.0,0,0,0,0.75,0.895,0.1919,0.895,0.423,0,0.674,3,0.326,1827.1575,1831.459,0.455,0.174,0.0,2,0.15,0,0.674,1.16,3.0,0.387,0.411,1,1827.1575,8,0.755,0.089,0.233,0.269,0.053,0.71,0.873,1628.1055,1604.65387,1749.06025,597.0907,590.126,2,1626.9912,0.518,1849.8512,0.324,1751.7928,0.444,-1,0.01,1,0,30515,0.792,0.568,0.459,433.0,1040.7,0.2836,1526.8,0.0,1,1,0.927,1006.2,1,1,0.65,1167.4,0,43.951,0.074,0.926,0.2,0.0,0.5,0.99,0.0,0.5,0.0,0.82,0.319,0.5,0.509,0.0,0.335,0.0,0,0,0.395,0.556,0.0,0.605,0.0,0.274,0.81,0.0,0.469,0.36,0.0,1.0,0.876
37746,2026.08.20 22:15:40,XPTUSDm,PULLBACK,BUY,1,1840.23,1831.25,1886.03,5.1,0.411,1827.1575,1830.23,1820.398,0,0.325,0.084,0.5687,1802.16175,1803.60475,1835.4445,1736.3875,0,0.021,0.4,0,1827.1575,0.777,0.395,0,0.0,0.0,0.0,0.0,0.0,0,0,0,0.75,0.895,0.1919,0.895,0.23,0,0.674,3,0.326,1827.1575,1831.459,0.569,0.287,0.0,2,0.15,0,0.674,1.246,3.0,0.415,0.421,1,1827.1575,8,0.755,0.0,0.291,0.269,0.053,0.71,0.873,1628.1055,1604.65387,1749.06025,597.0907,590.126,2,1626.9912,0.518,1849.8512,0.324,1751.7928,0.444,-1,0.01,1,0,30515,0.792,0.568,0.459,439.0,663.9,0.2875,1526.8,0.0,1,1,0.927,1006.2,1,1,0.65,1167.4,0,44.068,0.074,0.926,0.2,0.0,0.5,0.7,0.0,0.5,0.0,0.814,0.56,0.5,0.572,0.0,0.32,0.0,0,0,0.336,0.458,0.053,0.475,0.0,0.292,0.863,0.0,0.475,0.36,0.0,1.0,0.905
37748,2026.08.20 23:00:00,XPTUSDm,ANCHORED_PULLBACK,BUY,1,1850.26,1842.89,1875.19,3.38,0.739,1822.8155,1836.049,1817.94,0,0.715,0.073,1.4493,1800.07425,1805.98275,1838.5605,1737.2075,0,0.026,0.65,2,1822.8155,0.8,0.231,0,0.0,0.0,1841.83625,0.0,0.0,0,0,1,1.0,0.93,0.245,0.93,0.181,2,0.428,3,0.389,1833.9595,1844.407,0.715,0.027,0.5452,0,0.15,2,1.0,1.719,3.0,0.573,0.553,2,1833.9595,2,0.55,0.0,0.306,0.979,0.053,0.61,0.838,1628.1055,1604.65387,1749.06025,597.0907,590.126,2,1626.9912,0.518,1849.8512,0.324,1751.7928,0.444,-1,0.01,1,0,30516,0.792,0.568,0.459,544.0,545.5,0.3583,1518.3,0.0,1,1,0.927,1006.2,1,1,0.65,1167.4,0,44.976,0.074,0.926,0.2,0.0,0.5,0.48,0.0,0.5,0.0,0.889,0.597,0.5,0.504,0.0,0.242,0.0,0,0,0.306,0.36,0.0,0.457,0.0,0.925,0.745,0.0,0.432,0.36,0.0,1.0,0.912
37750,2026.08.21 00:10:59,XPTUSDm,BREAKOUT_RETEST,BUY,1,1847.2,1833.62,1861.16,1.03,0.595,1827.9215,1843.556,1822.71,1,0.02,0.381,0.8159,1801.914,1803.259,1829.768,1731.306,0,0.025,0.7,2,1827.9215,0.743,0.014,0,0.0,0.0,0.0,1834.806,0.761,0,0,1,1.0,0.965,0.2316,0.965,0.326,2,0.565,0,0.697,1838.3445,1842.8115,0.113,0.188,0.0,2,0.0,0,0.565,0.327,0.816,0.401,0.36,1,1834.806,6,0.65,0.774,0.202,0.29,0.139,0.75,0.762,1628.1055,1628.5895,1749.43813,484.8074,-112.2833,1,1626.9912,0.518,1849.8512,0.318,1751.7928,0.444,-1,0.012,1,0,30517,0.792,0.568,0.459,718.0,594.8,0.4842,1482.8,0.0,1,1,0.927,1006.2,1,1,0.65,1167.4,0,45.846,0.19,0.81,0.3,1.0,0.5,0.04,0.0,0.5,0.0,0.39,0.439,0.5,0.573,0.0,0.548,0.0,0,0,0.427,0.667,0.0,0.475,0.0,0.587,0.727,0.0,0.472,0.36,0.0,1.0,0.865
37751,2026.08.21 00:26:20,XPTUSDm,BREAKOUT,BUY,1,1851.41,1833.46,1888.48,2.07,0.492,1827.9215,1843.556,1822.71,0,0.02,0.381,1.1106,1801.914,1803.259,1829.768,1731.306,0,0.028,0.7,2,1827.9215,0.743,0.014,0,0.0,0.0,0.0,1834.806,0.761,0,0,1,1.0,0.965,0.2316,0.965,0.533,2,0.565,0,0.697,1845.7895,1842.8115,0.094,0.106,0.0,2,0.0,0,0.565,0.411,1.111,0.37,0.368,1,1834.806,6,0.65,0.811,0.14,0.29,0.139,0.733,0.762,1628.1055,1628.5895,1749.43813,484.8074,-112.2833,1,1626.9912,0.518,1849.8512,0.318,1751.7928,0.444,-1,0.012,1,0,30517,0.792,0.568,0.459,702.0,689.4,0.4734,1482.8,0.0,1,1,0.927,1006.2,1,1,0.65,1167.4,0,46.13,0.19,0.81,0.3,1.0,0.5,0.44,0.0,0.5,0.0,0.39,0.541,0.5,0.679,0.0,0.615,0.0,0,0,0.474,0.698,0.0,0.475,0.0,0.587,0.841,0.0,0.472,0.36,0.0,1.0,0.905
37752,2026.08.21 00:26:20,XPTUSDm,PULLBACK,BUY,1,1851.41,1833.46,1895.89,2.48,0.479,1827.9215,1843.556,1822.71,0,0.02,0.381,1.1106,1801.914,1803.259,1829.768,1731.306,0,0.028,0.7,2,1827.9215,0.743,0.014,0,0.0,0.0,0.0,1834.806,0.761,0,0,1,1.0,0.965,0.2316,0.965,0.533,2,0.565,0,0.697,1845.7895,1842.8115,0.094,0.106,0.0,2,0.0,0,0.565,0.411,1.111,0.37,0.368,1,1834.806,6,0.65,0.811,0.14,0.29,0.139,0.733,0.762,1628.1055,1628.5895,1749.43813,484.8074,-112.2833,1,1626.9912,0.518,1849.8512,0.318,1751.7928,0.444,-1,0.012,1,0,30517,0.792,0.568,0.459,702.0,689.5,0.4734,1482.8,0.0,1,1,0.927,1006.2,1,1,0.65,1167.4,0,46.13,0.19,0.81,0.3,1.0,0.5,0.44,0.0,0.5,0.0,0.39,0.541,0.5,0.679,0.0,0.615,0.0,0,0,0.474,0.698,0.0,0.475,0.0,0.587,0.841,0.0,0.472,0.36,0.0,1.0,0.905
37753,2026.08.21 00:27:00,XPTUSDm,TREND_CONTINUATION,BUY,1,1851.43,1832.91,1888.5,2.0,0.562,1827.9215,1843.556,1822.71,0,0.02,0.381,1.1491,1801.914,1803.259,1829.768,1731.306,0,0.028,0.7,2,1827.9215,0.743,0.014,0,0.0,0.0,0.0,1834.806,0.761,0,0,1,1.0,0.965,0.2316,0.965,0.533,2,0.565,0,0.697,1845.7895,1842.8115,0.056,0.145,0.0,2,0.0,0,0.565,0.425,1.149,0.37,0.37,1,1834.806,6,0.65,0.888,0.14,0.29,0.139,0.733,0.762,1628.1055,1628.5895,1749.43813,484.8074,-112.2833,1,1626.9912,0.518,1849.8512,0.318,1751.7928,0.444,-1,0.012,1,0,30517,0.792,0.568,0.459,647.0,688.4,0.4363,1482.8,0.0,1,1,0.927,1006.2,1,1,0.65,1167.4,0,46.131,0.19,0.81,0.3,1.0,0.5,0.81,0.0,0.5,0.0,0.39,0.468,0.5,0.679,0.0,0.615,0.0,0,0,0.469,0.698,0.0,0.475,0.0,0.587,0.848,0.0,0.472,0.36,0.0,1.0,0.905
37754,2026.08.21 01:03:40,XPTUSDm,ANCHORED_PULLBACK,BUY,1,1856.17,1842.82,1880.37,1.81,0.47,1845.39225,1849.909,1838.2945,0,0.089,0.59,0.3004,1801.914,1803.259,1829.768,1731.306,0,0.031,0.45,0,1845.39225,0.77,0.646,0,0.0,0.0,1847.3785,1834.806,0.438,0,0,1,0.8,1.0,0.2136,1.0,0.11,0,0.681,2,0.052,1844.747,1851.84475,0.343,0.124,0.0,2,0.0,0,0.681,0.432,0.997,0.433,0.329,0,1845.39225,8,0.754,0.314,0.267,0.3,0.0,0.819,0.963,1628.1055,1628.5895,1749.43813,484.8074,-112.2833,1,1626.9912,0.518,1849.8512,0.318,1751.7928,0.444,-1,0.012,1,0,30518,0.792,0.568,0.459,621.0,577.7,0.4084,1520.6,0.0,1,1,0.927,1006.2,1,1,0.65,1167.4,0,45.297,0.19,0.81,0.3,1.0,0.5,0.28,0.0,0.5,0.0,0.436,0.497,0.5,0.551,0.0,0.587,0.0,0,0,0.402,0.708,0.0,0.673,0.0,0.345,0.848,0.0,0.475,0.36,0.0,1.0,0.986
37760,2026.08.21 02:26:20,XPTUSDm,BREAKOUT,BUY,1,1872.76,1853.43,1912.52,2.06,0.501,1844.4705,1851.796,1832.959,0,0.946,0.552,1.3787,1802.03725,1805.71625,1835.034,1726.1395,0,0.038,0.45,0,1844.4705,0.698,0.309,0,0.0,0.0,0.0,1834.806,1.817,0,0,1,1.0,0.825,0.1571,0.825,0.098,0,0.681,0,0.522,1845.517,1867.4935,1.313,0.069,0.0,2,0.25,0,0.681,0.865,1.986,0.435,0.404,1,1844.4705,8,0.74,0.0,0.371,0.247,0.192,0.841,0.94,1628.1055,1628.5895,1749.43813,484.8074,-112.2833,1,1626.9912,0.518,1849.8512,0.318,1751.7928,0.444,-1,0.012,1,0,30519,0.792,0.568,0.459,636.0,623.4,0.3999,1590.6,0.0,1,1,0.927,1006.2,1,1,0.65,1167.4,0,44.346,0.19,0.81,0.3,1.0,0.5,0.48,0.0,0.5,0.0,0.791,0.525,0.5,0.498,0.0,0.438,0.0,0,0,0.34,0.434,0.0,0.486,0.0,0.674,0.866,0.0,0.484,0.36,0.0,1.0,0.921
37761,2026.08.21 02:26:20,XPTUSDm,PULLBACK,BUY,1,1872.76,1853.43,1920.48,2.47,0.475,1844.4705,1851.796,1832.959,0,0.946,0.552,1.3787,1802.03725,1805.71625,1835.034,1726.1395,0,0.038,0.45,0,1844.4705,0.698,0.309,0,0.0,0.0,0.0,1834.806,1.817,0,0,1,1.0,0.825,0.1571,0.825,0.098,0,0.681,0,0.522,1845.517,1867.4935,1.313,0.069,0.0,2,0.25,0,0.681,0.865,1.986,0.435,0.404,1,1844.4705,8,0.74,0.0,0.371,0.247,0.192,0.841,0.94,1628.1055,1628.5895,1749.43813,484.8074,-112.2833,1,1626.9912,0.518,1849.8512,0.318,1751.7928,0.444,-1,0.012,1,0,30519,0.792,0.568,0.459,636.0,624.1,0.3999,1590.6,0.0,1,1,0.927,1006.2,1,1,0.65,1167.4,0,44.346,0.19,0.81,0.3,1.0,0.5,0.48,0.0,0.5,0.0,0.791,0.525,0.5,0.498,0.0,0.438,0.0,0,0,0.34,0.434,0.0,0.486,0.0,0.674,0.866,0.0,0.484,0.36,0.0,1.0,0.921
37763,2026.08.21 02:27:00,XPTUSDm,TREND_CONTINUATION,BUY,1,1871.63,1852.54,1911.39,2.08,0.557,1844.4705,1851.796,1832.959,0,0.946,0.552,1.3209,1802.03725,1805.71625,1835.034,1726.1395,0,0.038,0.45,0,1844.4705,0.698,0.309,0,0.0,0.0,0.0,1834.806,1.817,0,0,1,1.0,0.825,0.1571,0.825,0.098,0,0.681,0,0.522,1845.517,1867.4935,1.255,0.127,0.0,2,0.25,0,0.681,0.84,1.928,0.435,0.401,1,1844.4705,8,0.74,0.0,0.371,0.247,0.192,0.841,0.94,1628.1055,1628.5895,1749.43813,484.8074,-112.2833,1,1626.9912,0.518,1849.8512,0.318,1751.7928,0.444,-1,0.012,1,0,30519,0.792,0.568,0.459,615.0,625.7,0.3867,1590.6,0.0,1,1,0.927,1006.2,1,1,0.65,1167.4,0,44.275,0.19,0.81,0.3,1.0,0.5,0.66,0.0,0.5,0.0,0.791,0.53,0.5,0.498,0.0,0.438,0.0,0,0,0.343,0.434,0.0,0.486,0.0,0.674,0.866,0.0,0.484,0.36,0.0,1.0,0.921
37766,2026.08.21 04:00:00,XPTUSDm,BREAKOUT_RETEST,BUY,1,1871.32,1866.99,1879.32,1.85,0.747,1866.6805,1875.1,1848.906,1,0.029,0.807,0.0291,1798.89475,1801.11175,1848.9865,1727.1235,0,0.046,0.7,0,1866.6805,0.735,0.53,0,0.0,0.0,0.0,1834.806,2.237,0,0,1,1.0,1.0,0.3223,1.0,0.944,1,0.26,2,0.015,1865.745,1874.1645,0.094,0.489,0.0,2,0.3,3,1.0,1.137,2.237,0.508,0.457,1,1875.1,4,0.6,0.812,0.137,0.7,0.105,0.941,0.907,1628.1055,1752.55312,1752.615,0.2371,-484.5703,1,1626.9912,0.518,1912.252,0.309,1751.7928,0.444,-1,0.047,1,0,30521,0.801,0.566,0.458,422.0,444.1,0.2923,1443.8,0.0,1,1,0.927,1006.2,1,1,0.65,1167.4,0,48.755,0.576,0.424,200.0,0.79,0.5,0.99,0.0,0.5,0.0,0.729,0.706,0.5,0.536,0.0,0.388,0.0,0,0,0.439,0.607,0.0,0.344,0.0,0.51,0.65,0.0,0.464,0.36,0.0,1.0,0.887
37768,2026.08.21 04:26:40,XPTUSDm,BREAKOUT,BUY,1,1875.64,1869.66,1911.73,6.03,0.391,1866.6805,1875.1,1848.906,1,0.029,0.807,0.3144,1798.89475,1801.11175,1848.9865,1727.1235,0,0.049,0.7,0,1866.6805,0.735,0.53,0,0.0,0.0,0.0,1834.806,2.237,0,0,1,1.0,1.0,0.3223,1.0,0.588,2,0.56,2,0.015,1865.745,1874.1645,0.379,0.204,0.0,2,0.0,0,0.56,0.912,2.522,0.362,0.366,1,1866.6805,8,0.747,0.242,0.124,0.3,0.0,0.941,0.907,1628.1055,1752.55312,1752.615,0.2371,-484.5703,1,1626.9912,0.518,1912.252,0.309,1751.7928,0.444,-1,0.047,1,0,30521,0.801,0.566,0.458,442.0,434.1,0.3061,1443.8,0.0,1,1,0.927,1006.2,1,1,0.65,1167.4,0,49.054,0.576,0.424,200.0,0.79,0.5,0.52,0.0,0.5,0.0,0.958,0.643,0.5,0.555,0.0,0.301,0.0,0,0,0.372,0.668,0.0,0.523,0.0,0.384,0.739,0.0,0.492,0.36,0.0,1.0,0.945
37769,2026.08.21 04:26:59,XPTUSDm,PULLBACK,BUY,1,1875.63,1869.66,1918.94,7.25,0.631,1866.6805,1875.1,1848.906,1,0.029,0.807,0.3137,1798.89475,1801.11175,1848.9865,1727.1235,0,0.049,0.7,0,1866.6805,0.735,0.53,0,0.0,0.0,0.0,1834.806,2.237,0,0,1,1.0,1.0,0.3223,1.0,0.588,2,0.56,2,0.015,1865.745,1874.1645,0.379,0.205,0.0,2,0.0,0,0.56,0.912,2.521,0.362,0.366,1,1866.6805,8,0.747,0.243,0.124,0.3,0.0,0.941,0.907,1628.1055,1752.55312,1752.615,0.2371,-484.5703,1,1626.9912,0.518,1912.252,0.309,1751.7928,0.444,-1,0.047,1,0,30521,0.801,0.566,0.458,442.0,434.3,0.3061,1443.8,0.0,1,1,0.927,1006.2,1,1,0.65,1167.4,0,49.054,0.576,0.424,200.0,0.79,0.5,0.52,0.0,0.5,0.0,0.958,0.646,0.5,0.555,0.0,0.301,0.0,0,0,0.374,0.668,0.0,0.523,0.0,0.384,0.739,0.0,0.492,0.36,0.0,1.0,0.945
37770,2026.08.21 04:27:00,XPTUSDm,TREND_CONTINUATION,BUY,1,1875.49,1858.16,1911.58,2.08,0.565,1866.6805,1875.1,1848.906,1,0.029,0.807,0.3116,1798.89475,1801.11175,1848.9865,1727.1235,0,0.049,0.7,0,1866.6805,0.735,0.53,0,0.0,0.0,0.0,1834.806,2.237,0,0,1,1.0,1.0,0.3223,1.0,0.588,2,0.56,2,0.015,1865.745,1874.1645,0.376,0.207,0.0,2,0.0,0,0.56,0.911,2.519,0.362,0.366,1,1866.6805,8,0.747,0.247,0.124,0.3,0.0,0.941,0.907,1628.1055,1752.55312,1752.615,0.2371,-484.5703,1,1626.9912,0.518,1912.252,0.309,1751.7928,0.444,-1,0.047,1,0,30521,0.801,0.566,0.458,431.0,434.4,0.2985,1443.8,0.0,1,1,0.927,1006.2,1,1,0.65,1167.4,0,49.044,0.576,0.424,200.0,0.79,0.5,0.66,0.0,0.5,0.0,0.958,0.676,0.5,0.555,0.0,0.301,0.0,0,0,0.392,0.668,0.0,0.523,0.0,0.384,0.739,0.0,0.492,0.36,0.0,1.0,0.945
37774,2026.08.21 06:00:00,XPTUSDm,ANCHORED_PULLBACK,BUY,1,1876.41,1865.25,1898.17,1.95,0.506,1868.77175,1871.3775,1864.677,0,0.113,0.169,0.2255,1798.89475,1801.11175,1848.9865,1727.1235,0,0.053,0.45,0,1868.77175,0.771,0.904,0,0.0,0.0,1869.21125,1834.806,2.797,0,0,1,1.0,1.0,0.4145,1.0,0.423,2,0.627,0,0.819,1870.26075,1873.98325,0.113,0.169,-0.2994,1,0.15,0,0.627,1.081,2.797,0.387,0.463,1,1864.677,5,0.6,0.775,0.533,0.3,0.216,0.802,0.918,1628.1055,1752.55312,1752.615,0.2371,-484.5703,1,1626.9912,0.518,1912.252,0.309,1751.7928,0.444,-1,0.047,1,0,30523,0.801,0.566,0.458,466.0,453.9,0.3528,1321.0,0.0,1,1,0.927,1006.2,1,1,0.65,1167.4,0,53.672,0.576,0.424,200.0,0.79,0.5,0.24,0.0,0.5,0.0,0.629,0.438,0.5,0.554,0.0,0.409,0.0,0,0,0.367,0.634,0.0,0.619,0.0,0.109,0.71,0.0,0.504,0.36,0.0,1.0,0.848
0,2026.08.21 06:00:40,XPTUSDm,BREAKOUT_RETEST,BUY,1,1875.17,1871.21,1879.39,1.06,0.628,1868.77175,1871.3775,1864.677,1,0.113,0.169,0.1316,1798.89475,1801.11175,1848.9865,1727.1235,0,0.053,0.45,0,1868.77175,0.771,0.904,0,0.0,0.0,1869.21125,1834.806,2.797,0,0,1,1.0,1.0,0.4145,1.0,0.826,0,0.702,0,0.819,1870.26075,1873.98325,0.019,0.263,0.0,2,0.15,0,0.702,0.881,2.703,0.326,0.459,1,1864.677,5,0.6,0.962,0.112,0.3,0.216,0.802,0.918,1628.1055,1752.55312,1752.615,0.2371,-484.5703,1,1626.9912,0.518,1912.252,0.309,1751.7928,0.444,-1,0.047,1,0,30523,0.801,0.566,0.458,466.0,454.7,0.3528,1321.0,0.0,1,1,0.927,1006.2,1,1,0.65,1167.4,0,53.578,0.576,0.424,200.0,0.79,0.5,0.24,0.0,0.5,0.0,0.535,0.418,0.5,0.554,0.0,0.409,0.0,0,0,0.379,0.699,0.0,0.557,0.0,0.17,0.65,0.0,0.525,0.36,0.0,1.0,0.913
37776,2026.08.21 06:26:40,XPTUSDm,BREAKOUT,BUY,1,1872.35,1852.54,1905.38,1.67,0.417,1868.77175,1871.3775,1864.677,1,0.113,0.169,-0.0607,1798.89475,1801.11175,1848.9865,1727.1235,0,0.051,0.45,0,1868.77175,0.771,0.904,0,0.0,0.0,1869.21125,1834.806,2.797,0,0,1,1.0,1.0,0.4145,1.0,0.912,0,0.702,0,0.819,1868.3995,1873.98325,0.033,0.455,0.0,2,0.15,0,0.702,0.786,2.511,0.313,0.467,1,1834.806,6,0.65,0.935,0.086,0.3,0.216,0.956,0.918,1628.1055,1752.55312,1752.615,0.2371,-484.5703,1,1626.9912,0.518,1912.252,0.309,1751.7928,0.444,-1,0.047,1,0,30523,0.801,0.566,0.458,438.0,461.9,0.3316,1321.0,0.0,1,1,0.927,1006.2,1,1,0.65,1167.4,0,53.365,0.576,0.424,200.0,0.79,0.5,0.91,0.0,0.5,0.0,0.419,0.497,0.5,0.514,0.0,0.499,0.0,0,0,0.356,0.838,0.0,0.857,0.0,0.204,0.461,0.0,0.525,0.36,0.0,1.0,0.792
37777,2026.08.21 06:26:59,XPTUSDm,PULLBACK,BUY,1,1872.35,1852.54,1911.98,2.0,0.657,1868.77175,1871.3775,1864.677,1,0.113,0.169,-0.0607,1798.89475,1801.11175,1848.9865,1727.1235,0,0.051,0.45,0,1868.77175,0.771,0.904,0,0.0,0.0,1869.21125,1834.806,2.797,0,0,1,1.0,1.0,0.4145,1.0,0.912,0,0.702,0,0.819,1868.3995,1873.98325,0.033,0.455,0.0,2,0.15,0,0.702,0.786,2.511,0.313,0.467,1,1834.806,6,0.65,0.935,0.086,0.3,0.216,0.956,0.918,1628.1055,1752.55312,1752.615,0.2371,-484.5703,1,1626.9912,0.518,1912.252,0.309,1751.7928,0.444,-1,0.047,1,0,30523,0.801,0.566,0.458,438.0,461.1,0.3316,1321.0,0.0,1,1,0.927,1006.2,1,1,0.65,1167.4,0,53.365,0.576,0.424,200.0,0.79,0.5,0.9,0.0,0.5,0.0,0.419,0.505,0.5,0.514,0.0,0.499,0.0,0,0,0.357,0.838,0.0,0.857,0.0,0.204,0.461,0.0,0.525,0.36,0.0,1.0,0.792
37778,2026.08.21 06:27:00,XPTUSDm,TREND_CONTINUATION,BUY,1,1872.33,1856.48,1905.36,2.08,0.595,1868.77175,1871.3775,1864.677,1,0.113,0.169,-0.0599,1798.89475,1801.11175,1848.9865,1727.1235,0,0.051,0.45,0,1868.77175,0.771,0.904,0,0.0,0.0,1869.21125,1834.806,2.797,0,0,1,1.0,1.0,0.4145,1.0,0.912,0,0.702,0,0.819,1868.3995,1873.98325,0.032,0.454,0.0,2,0.15,0,0.702,0.786,2.511,0.313,0.467,1,1834.806,6,0.65,0.936,0.086,0.3,0.216,0.956,0.918,1628.1055,1752.55312,1752.615,0.2371,-484.5703,1,1626.9912,0.518,1912.252,0.309,1751.7928,0.444,-1,0.047,1,0,30523,0.801,0.566,0.458,435.0,460.2,0.3293,1321.0,0.0,1,1,0.927,1006.2,1,1,0.65,1167.4,0,53.363,0.576,0.424,200.0,0.79,0.5,0.99,0.0,0.5,0.0,0.419,0.529,0.5,0.514,0.0,0.499,0.0,0,0,0.371,0.838,0.0,0.857,0.0,0.204,0.461,0.0,0.525,0.36,0.0,1.0,0.792
37782,2026.08.21 08:00:00,XPTUSDm,ANCHORED_PULLBACK,BUY,2,1882.23,1873.58,1903.31,2.44,0.585,1870.627,1872.942,1866.46,0,0.474,0.103,0.5463,1868.1475,1804.1305,1880.35,1736.878,1,0.057,0.35,0,1870.627,0.799,0.753,0,0.0,0.0,1877.43225,1834.806,3.337,0,0,0,1.0,1.0,0.3295,1.0,0.125,2,0.565,0,0.346,1870.164,1879.424,0.582,0.139,0.0449,2,0.15,0,0.565,1.439,3.337,0.431,0.437,1,1870.627,8,0.76,0.0,0.322,0.3,0.122,0.853,0.941,1628.1055,1627.16875,1749.67037,468.3679,468.1308,2,1626.9912,0.518,1912.252,0.315,1751.7928,0.444,-1,0.084,1,0,30525,0.801,0.566,0.458,459.0,468.7,0.3576,1283.7,0.0,1,1,0.927,1006.2,1,1,0.65,1167.4,0,55.685,0.075,0.925,0.3,0.0,0.5,0.87,0.0,0.5,0.0,1.0,0.525,0.5,0.52,0.0,0.479,0.0,0,0,0.363,0.567,0.0,0.473,0.0,0.21,0.833,0.0,0.495,0.36,0.0,1.0,0.876
37784,2026.08.21 08:26:40,XPTUSDm,BREAKOUT,BUY,2,1902.73,1877.06,1934.82,1.25,0.503,1870.627,1872.942,1866.46,0,0.474,0.103,2.1269,1868.1475,1804.1305,1880.35,1736.878,0,0.073,0.35,0,1870.627,0.799,0.753,0,0.0,0.0,1877.43225,1834.806,3.337,0,0,0,1.0,1.0,0.3295,1.0,0.052,0,0.686,0,0.346,1870.164,1879.424,2.163,1.442,0.0,2,0.15,0,0.686,0.956,2.163,0.442,0.411,1,1870.627,8,0.76,0.0,0.344,0.3,0.122,0.853,0.941,1628.1055,1627.16875,1749.67037,468.3679,468.1308,2,1626.9912,0.518,1912.252,0.315,1751.7928,0.444,-1,0.084,1,0,30525,0.801,0.566,0.458,480.0,471.6,0.3739,1283.7,0.0,1,1,0.927,1006.2,1,1,0.65,1167.4,0,57.281,0.075,0.925,0.3,0.0,0.5,0.46,0.0,0.5,0.0,0.611,0.95,0.5,0.438,0.0,0.41,0.0,0,0,0.565,0.405,0.0,0.333,0.0,0.435,0.861,0.0,0.511,0.44,0.0,1.0,0.881
37785,2026.08.21 08:26:59,XPTUSDm,PULLBACK,BUY,2,1902.6,1880.95,1941.11,1.78,0.493,1870.627,1872.942,1866.46,0,0.474,0.103,2.1167,1868.1475,1804.1305,1880.35,1736.878,0,0.073,0.35,0,1870.627,0.799,0.753,0,0.0,0.0,1877.43225,1834.806,3.337,0,0,0,1.0,1.0,0.3295,1.0,0.052,0,0.686,0,0.346,1870.164,1879.424,2.153,1.431,0.0,2,0.15,0,0.686,0.952,2.153,0.442,0.41,1,1870.627,8,0.76,0.0,0.344,0.3,0.122,0.853,0.941,1628.1055,1627.16875,1749.67037,468.3679,468.1308,2,1626.9912,0.518,1912.252,0.315,1751.7928,0.444,-1,0.084,1,0,30525,0.801,0.566,0.458,480.0,472.0,0.3739,1283.7,0.0,1,1,0.927,1006.2,1,1,0.65,1167.4,0,57.271,0.075,0.925,0.3,0.0,0.5,0.46,0.0,0.5,0.0,0.611,0.951,0.5,0.438,0.0,0.41,0.0,0,0,0.566,0.405,0.0,0.333,0.0,0.435,0.861,0.0,0.511,0.44,0.0,1.0,0.881
37786,2026.08.21 08:27:00,XPTUSDm,TREND_CONTINUATION,BUY,2,1902.25,1880.59,1934.34,1.48,0.578,1870.627,1872.942,1866.46,0,0.474,0.103,2.1175,1868.1475,1804.1305,1880.35,1736.878,0,0.073,0.35,0,1870.627,0.799,0.753,0,0.0,0.0,1877.43225,1834.806,3.337,0,0,0,1.0,1.0,0.3295,1.0,0.052,0,0.686,0,0.346,1870.164,1879.424,2.154,1.432,0.0,2,0.15,0,0.686,0.952,2.154,0.442,0.41,1,1870.627,8,0.76,0.0,0.344,0.3,0.122,0.853,0.941,1628.1055,1627.16875,1749.67037,468.3679,468.1308,2,1626.9912,0.518,1912.252,0.315,1751.7928,0.444,-1,0.084,1,0,30525,0.801,0.566,0.458,444.0,472.1,0.3459,1283.7,0.0,1,1,0.927,1006.2,1,1,0.65,1167.4,0,57.244,0.075,0.925,0.3,0.0,0.5,0.84,0.0,0.5,0.0,0.611,0.949,0.5,0.438,0.0,0.41,0.0,0,0,0.565,0.405,0.0,0.333,0.0,0.435,0.861,0.0,0.511,0.44,0.0,1.0,0.881
37790,2026.08.21 10:00:00,XPTUSDm,BREAKOUT_RETEST,BUY,2,1885.6,1874.28,1906.53,1.85,0.866,1871.09525,1889.3495,1864.37,1,0.114,0.37,0.6537,1869.78075,1806.94975,1882.621,1731.2785,1,0.049,0.65,2,1871.09525,0.716,0.628,0,0.0,0.0,1882.695,1834.806,3.071,0,0,0,1.0,1.0,0.2367,1.0,0.28,2,0.544,3,0.644,1882.62425,1886.46725,0.114,0.37,0.7087,0,0.3,2,1.0,1.713,3.071,0.558,0.554,2,1871.09525,8,0.743,0.772,0.336,1.0,0.105,0.551,0.903,1628.1055,1627.16875,1749.67037,468.3679,468.1308,2,1626.9912,0.518,1912.252,0.315,1751.7928,0.444,-1,0.084,1,0,30527,0.801,0.566,0.458,469.0,471.7,0.3124,1501.4,0.0,1,1,0.927,1006.2,1,1,0.65,1167.4,0,47.834,0.075,0.925,0.3,0.0,0.5,0.57,0.0,0.5,0.0,1.0,0.506,0.5,0.557,0.0,0.472,0.0,0,0,0.359,0.768,0.0,0.868,0.0,0.826,0.437,0.0,0.425,0.417,0.0,1.0,0.853
37792,2026.08.21 10:03:40,XPTUSDm,ANCHORED_PULLBACK,BUY,2,1883.84,1878.19,1889.35,0.98,0.478,1871.09525,1889.3495,1864.37,1,0.114,0.37,0.5498,1869.78075,1806.94975,1882.621,1731.2785,1,0.048,0.65,2,1871.09525,0.716,0.628,0,0.0,0.0,1882.695,1834.806,3.071,0,0,0,1.0,1.0,0.2367,1.0,0.28,2,0.546,3,0.644,1882.62425,1874.93825,0.218,0.294,0.0,2,0.0,0,0.546,1.21,2.967,0.408,0.427,1,1871.09525,8,0.743,0.564,0.216,0.3,0.0,0.551,0.823,1628.1055,1627.16875,1749.67037,468.3679,468.1308,2,1626.9912,0.518,1912.252,0.315,1751.7928,0.444,-1,0.084,1,0,30527,0.801,0.566,0.458,449.0,464.1,0.299,1501.4,0.0,1,1,0.927,1006.2,1,1,0.65,1167.4,0,47.717,0.075,0.925,0.3,0.0,0.5,0.71,0.0,0.5,0.0,1.0,0.494,0.5,0.557,0.0,0.422,0.0,0,0,0.34,0.774,0.0,0.693,0.0,0.548,0.436,0.0,0.472,0.417,0.0,1.0,0.784
37794,2026.08.21 10:26:40,XPTUSDm,BREAKOUT,BUY,2,1881.76,1874.41,1891.29,1.3,0.404,1871.09525,1889.3495,1864.37,1,0.114,0.37,0.3893,1869.78075,1806.94975,1882.621,1731.2785,1,0.047,0.65,2,1871.09525,0.716,0.628,0,0.0,0.0,1882.695,1834.806,3.071,0,0,0,1.0,1.0,0.2367,1.0,0.369,2,0.546,3,0.644,1882.62425,1874.93825,0.379,0.133,0.0,2,0.0,0,0.546,1.108,2.806,0.395,0.415,1,1871.09525,8,0.743,0.243,0.189,0.3,0.0,0.551,0.823,1628.1055,1627.16875,1749.67037,468.3679,468.1308,2,1626.9912,0.518,1912.252,0.315,1751.7928,0.444,-1,0.084,1,0,30527,0.801,0.566,0.458,482.0,480.4,0.321,1501.4,0.0,1,1,0.927,1006.2,1,1,0.65,1167.4,0,47.579,0.075,0.925,0.3,0.0,0.5,0.28,0.0,0.5,0.0,0.637,0.576,0.5,0.478,0.0,0.351,0.0,0,0,0.33,0.818,0.769,0.528,0.0,0.755,0.436,0.0,0.472,0.417,0.0,1.0,0.784
37795,2026.08.21 10:26:59,XPTUSDm,PULLBACK,BUY,2,1881.76,1874.41,1891.29,1.3,0.644,1871.09525,1889.3495,1864.37,1,0.114,0.37,0.3893,1869.78075,1806.94975,1882.621,1731.2785,1,0.047,0.65,2,1871.09525,0.716,0.628,0,0.0,0.0,1882.695,1834.806,3.071,0,0,0,1.0,1.0,0.2367,1.0,0.369,2,0.546,3,0.644,1882.62425,1874.93825,0.379,0.133,0.0,2,0.0,0,0.546,1.108,2.806,0.395,0.415,1,1871.09525,8,0.743,0.243,0.189,0.3,0.0,0.551,0.823,1628.1055,1627.16875,1749.67037,468.3679,468.1308,2,1626.9912,0.518,1912.252,0.315,1751.7928,0.444,-1,0.084,1,0,30527,0.801,0.566,0.458,482.0,480.6,0.321,1501.4,0.0,1,1,0.927,1006.2,1,1,0.65,1167.4,0,47.579,0.075,0.925,0.3,0.0,0.5,0.28,0.0,0.5,0.0,0.637,0.581,0.5,0.478,0.0,0.351,0.0,0,0,0.332,0.818,0.769,0.528,0.0,0.755,0.436,0.0,0.472,0.417,0.0,1.0,0.784
37798,2026.08.21 10:42:40,XPTUSDm,TREND_CONTINUATION,BUY,2,1884.14,1866.12,1921.68,2.08,0.584,1871.09525,1889.3495,1864.37,1,0.114,0.37,0.5784,1869.78075,1806.94975,1882.621,1731.2785,1,0.049,0.65,2,1871.09525,0.716,0.628,0,0.0,0.0,1882.695,1834.806,3.071,0,0,0,1.0,1.0,0.2367,1.0,0.28,2,0.546,3,0.644,1882.62425,1874.93825,0.189,0.322,0.0,2,0.0,0,0.546,1.222,2.995,0.408,0.429,1,1871.09525,8,0.743,0.621,0.216,0.3,0.0,0.551,0.823,1628.1055,1627.16875,1749.67037,468.3679,468.1308,2,1626.9912,0.518,1912.252,0.315,1751.7928,0.444,-1,0.084,1,0,30527,0.801,0.566,0.458,436.0,446.8,0.2904,1501.4,0.0,1,1,0.927,1006.2,1,1,0.65,1167.4,0,47.737,0.075,0.925,0.3,0.0,0.5,0.63,0.0,0.5,0.0,1.0,0.721,0.5,0.546,0.0,0.359,0.0,0,0,0.44,0.774,0.0,0.693,0.0,0.686,0.436,0.0,0.472,0.417,0.0,1.0,0.784
0,2026.08.21 12:00:20,XPTUSDm,BREAKOUT_RETEST,BUY,2,1887.59,1883.29,1893.78,1.44,0.521,1883.5,1888.904,1871.92,1,0.014,0.445,-0.0551,1875.78425,1806.94975,1892.7105,1741.368,1,0.053,0.55,0,1883.5,0.752,0.676,0,0.0,0.0,0.0,1834.806,3.275,0,0,0,0.8,0.825,0.137,0.825,0.967,2,0.645,3,0.561,1881.956,1888.132,0.053,0.378,0.0,2,0.25,0,0.645,1.019,3.342,0.305,0.424,1,1888.904,4,0.6,0.895,0.11,0.247,0.088,0.888,0.8,1628.1055,1597.54437,1750.97825,559.8609,91.493,2,1626.9912,0.519,1912.252,0.318,1751.7928,0.444,-1,0.094,1,0,30529,0.801,0.566,0.458,488.0,483.0,0.3405,1433.2,0.0,1,1,0.927,1006.2,1,1,0.65,1167.4,0,50.25,0.075,0.925,0.2,0.0,0.5,0.5,0.0,0.5,0.0,0.589,0.535,0.5,0.543,0.0,0.418,0.0,0,0,0.351,0.8,0.0,0.603,0.0,0.371,0.545,0.0,0.504,0.417,0.0,1.0,0.833
37800,2026.08.21 12:26:40,XPTUSDm,BREAKOUT,BUY,2,1881.79,1875.54,1888.55,1.08,0.343,1883.5,1888.904,1871.92,1,0.014,0.445,-0.4717,1875.78425,1806.94975,1892.7105,1741.368,1,0.049,0.55,0,1883.5,0.752,0.676,0,0.0,0.0,0.0,1834.806,3.275,0,0,0,0.8,0.825,0.137,0.825,0.804,2,0.645,3,0.561,1877.324,1872.692,0.041,0.282,0.0,2,0.25,0,0.645,0.964,2.926,0.329,0.411,1,1883.5,8,0.75,0.919,0.159,0.247,0.088,0.835,0.833,1628.1055,1597.54437,1750.97825,559.8609,91.493,2,1626.9912,0.519,1912.252,0.318,1751.7928,0.444,-1,0.094,1,0,30529,0.801,0.566,0.458,505.0,477.7,0.3524,1433.2,0.0,1,1,0.927,1006.2,1,1,0.65,1167.4,0,49.845,0.075,0.925,0.2,0.0,0.5,0.18,0.0,0.5,0.0,0.339,0.254,0.5,0.533,0.0,0.408,0.0,0,0,0.471,0.8,0.0,0.603,0.0,0.337,0.516,0.0,0.503,0.417,0.0,1.0,0.91
37801,2026.08.21 12:32:00,XPTUSDm,PULLBACK,BUY,2,1881.59,1875.18,1888.19,1.03,0.567,1883.5,1888.904,1871.92,1,0.014,0.445,-0.4605,1875.78425,1806.94975,1892.7105,1741.368,1,0.049,0.55,0,1883.5,0.752,0.676,0,0.0,0.0,0.0,1834.806,3.275,0,0,0,0.8,0.825,0.137,0.825,0.804,2,0.645,3,0.561,1877.324,1872.692,0.03,0.294,0.0,2,0.25,0,0.645,0.967,2.937,0.329,0.411,1,1883.5,8,0.75,0.941,0.159,0.247,0.088,0.835,0.833,1628.1055,1597.54437,1750.97825,559.8609,91.493,2,1626.9912,0.519,1912.252,0.318,1751.7928,0.444,-1,0.094,1,0,30529,0.801,0.566,0.458,469.0,478.1,0.3272,1433.2,0.0,1,1,0.927,1006.2,1,1,0.65,1167.4,0,49.831,0.075,0.925,0.2,0.0,0.5,0.67,0.0,0.5,0.0,0.435,0.402,0.5,0.538,0.0,0.408,0.0,0,0,0.383,0.8,0.0,0.603,0.0,0.337,0.518,0.0,0.503,0.417,0.0,1.0,0.91
37804,2026.08.21 12:48:40,XPTUSDm,TREND_CONTINUATION,BUY,2,1889.76,1872.56,1925.59,2.08,0.507,1883.5,1888.904,1871.92,1,0.014,0.445,0.1054,1875.78425,1806.94975,1892.7105,1741.368,1,0.054,0.55,0,1883.5,0.752,0.676,0,0.0,0.0,0.0,1834.806,3.275,0,0,0,0.8,0.825,0.137,0.825,0.323,2,0.645,3,0.561,1881.956,1888.132,0.213,0.218,0.0,2,0.25,0,0.645,1.407,3.503,0.402,0.469,1,1871.92,5,0.6,0.574,0.303,0.247,0.088,0.888,0.8,1628.1055,1597.54437,1750.97825,559.8609,91.493,2,1626.9912,0.519,1912.252,0.318,1751.7928,0.444,-1,0.094,1,0,30529,0.801,0.566,0.458,475.0,478.1,0.3314,1433.2,0.0,1,1,0.927,1006.2,1,1,0.65,1167.4,0,50.401,0.075,0.925,0.2,0.0,0.5,0.46,0.0,0.5,0.0,0.551,0.607,0.5,0.52,0.0,0.484,0.0,0,0,0.414,0.791,0.0,0.536,0.0,0.371,0.556,0.0,0.484,0.417,0.0,1.0,0.786
37806,2026.08.21 13:00:00,XPTUSDm,ANCHORED_PULLBACK,BUY,4,1892.9,1880.98,1917.25,2.04,0.521,1883.45125,1885.7575,1874.995,0,0.311,0.215,0.311,1873.3475,1806.94975,1892.7105,1741.368,1,0.055,0.35,0,1883.45125,0.747,0.602,0,0.0,0.0,1885.3695,1834.806,3.637,0,0,0,0.8,1.0,0.1157,1.0,0.125,2,0.594,1,0.447,1882.6825,1891.9075,0.364,0.267,-0.4253,1,0.15,0,0.594,1.568,3.637,0.431,0.488,1,1883.45125,8,0.749,0.273,0.622,0.3,0.053,0.986,0.92,1628.1055,1597.54437,1750.97825,559.8609,91.493,2,1626.9912,0.519,1912.252,0.318,1751.7928,0.444,-1,0.094,1,0,30530,0.816,0.56,0.456,490.0,490.2,0.335,1462.7,0.0,1,1,0.927,1006.2,1,1,0.65,1167.4,0,49.6,0.075,0.925,0.2,0.0,0.5,0.42,0.0,0.5,0.0,0.598,0.675,0.5,0.507,0.0,0.41,0.0,0,0,0.421,0.682,0.0,0.524,0.0,0.26,0.786,0.0,0.484,0.417,0.0,1.0,0.809
37808,2026.08.21 14:26:40,XPTUSDm,BREAKOUT,BUY,4,1913.08,1883.32,1951.21,1.28,0.491,1877.3695,1887.49,1871.92,0,0.758,0.247,2.0553,1873.536,1807.08625,1903.06,1741.42,0,0.067,0.5,2,1877.3695,0.69,0.319,0,0.0,0.0,1892.52775,1834.806,3.752,0,0,0,1.0,1.0,0.1461,1.0,0.082,2,0.64,1,0.095,1878.148,1900.7245,2.004,0.524,0.0,2,0.15,0,0.64,0.9,2.055,0.438,0.365,1,1877.3695,8,0.738,0.0,0.335,0.3,0.053,0.885,0.868,1628.1055,1597.54437,1750.97825,559.8609,91.493,2,1626.9912,0.519,1912.252,0.318,1751.7928,0.444,-1,0.094,1,0,30531,0.816,0.56,0.456,436.0,443.5,0.2858,1525.4,0.0,1,1,0.927,1006.2,1,1,0.65,1167.4,0,48.886,0.075,0.925,0.2,0.0,0.5,0.57,0.0,0.5,0.0,0.764,0.635,0.5,0.464,0.0,0.471,0.0,0,0,0.408,0.329,0.0,0.333,0.0,0.49,0.859,0.0,0.49,0.391,0.0,1.0,0.845
37810,2026.08.21 14:32:00,XPTUSDm,PULLBACK,BUY,4,1911.0,1895.58,1956.76,2.97,0.479,1877.3695,1887.49,1871.92,0,0.758,0.247,1.9045,1873.536,1807.08625,1903.06,1741.42,0,0.065,0.5,2,1877.3695,0.69,0.319,0,0.0,0.0,1892.52775,1834.806,3.752,0,0,0,1.0,1.0,0.1461,1.0,0.082,2,0.64,1,0.095,1878.148,1900.7245,1.853,0.373,0.0,2,0.15,0,0.64,0.834,1.905,0.438,0.357,1,1877.3695,8,0.738,0.0,0.335,0.3,0.053,0.885,0.868,1628.1055,1597.54437,1750.97825,559.8609,91.493,2,1626.9912,0.519,1912.252,0.318,1751.7928,0.444,-1,0.094,1,0,30531,0.816,0.56,0.456,458.0,447.6,0.3003,1525.4,0.0,1,1,0.927,1006.2,1,1,0.65,1167.4,0,48.749,0.075,0.925,0.2,0.0,0.5,0.3,0.0,0.5,0.0,0.852,0.606,0.5,0.502,0.0,0.55,0.0,0,0,0.434,0.329,0.0,0.416,0.0,0.506,0.859,0.0,0.49,0.391,0.0,1.0,0.845
37812,2026.08.21 14:38:40,XPTUSDm,BREAKOUT_RETEST,BUY,4,1891.26,1883.89,1900.21,1.21,0.615,1877.3695,1887.49,1871.92,1,0.758,0.247,0.5874,1873.536,1807.08625,1903.06,1741.42,1,0.052,0.5,2,1877.3695,0.69,0.319,0,0.0,0.0,1892.52775,1834.806,3.752,0,0,0,1.0,1.0,0.1461,1.0,0.371,2,0.64,1,0.095,1878.148,1888.2685,0.536,0.127,0.0,2,0.15,0,0.64,1.332,3.378,0.394,0.415,1,1877.3695,8,0.738,0.0,0.249,0.3,0.053,0.885,0.672,1628.1055,1597.54437,1750.97825,559.8609,91.493,2,1626.9912,0.519,1912.252,0.318,1751.7928,0.444,-1,0.094,1,0,30531,0.816,0.56,0.456,493.0,461.4,0.3232,1525.4,0.0,1,1,0.927,1006.2,1,1,0.65,1167.4,0,47.455,0.075,0.925,0.2,0.0,0.5,0.12,0.0,0.5,0.0,0.591,0.363,0.5,0.442,0.0,0.475,0.0,0,0,0.405,0.583,0.693,0.616,0.0,0.416,0.63,0.0,0.481,0.391,0.0,1.0,0.772
37814,2026.08.21 14:48:40,XPTUSDm,TREND_CONTINUATION,BUY,4,1895.16,1876.86,1933.29,2.08,0.584,1877.3695,1887.49,1871.92,0,0.758,0.247,0.8549,1873.536,1807.08625,1903.06,1741.42,1,0.055,0.5,2,1877.3695,0.69,0.319,0,0.0,0.0,1892.52775,1834.806,3.752,0,0,0,1.0,1.0,0.1461,1.0,0.322,2,0.64,1,0.095,1878.148,1888.2685,0.804,0.14,0.0,2,0.15,0,0.64,1.464,3.645,0.402,0.431,1,1877.3695,8,0.738,0.0,0.263,0.3,0.053,0.885,0.672,1628.1055,1597.54437,1750.97825,559.8609,91.493,2,1626.9912,0.519,1912.252,0.318,1751.7928,0.444,-1,0.094,1,0,30531,0.816,0.56,0.456,475.0,471.9,0.3114,1525.4,0.0,1,1,0.927,1006.2,1,1,0.65,1167.4,0,47.711,0.075,0.925,0.2,0.0,0.5,0.39,0.0,0.5,0.0,0.459,0.281,0.5,0.453,0.0,0.533,0.0,0,0,0.48,0.555,0.873,0.528,0.0,0.468,0.435,0.0,0.48,0.391,0.0,1.0,0.81
37815,2026.08.21 15:00:40,XPTUSDm,ANCHORED_PULLBACK,BUY,4,1888.81,1882.7,1897.86,1.48,0.483,1878.855,1897.86,1877.95,1,0.224,0.883,0.338,1874.265,1799.67225,1908.72,1742.552,1,0.052,0.55,2,1878.855,0.682,0.582,0,0.0,0.0,1887.60125,1834.806,3.251,0,0,0,1.0,1.0,0.1724,1.0,0.83,2,0.471,0,0.489,1881.57,1873.425,0.172,0.67,0.0,2,0.0,0,0.471,0.987,3.033,0.325,0.405,1,1878.855,8,0.736,0.656,0.051,0.3,0.098,0.89,0.867,1628.1055,1597.54437,1750.97825,559.8609,91.493,2,1626.9912,0.519,1912.252,0.318,1751.7928,0.444,-1,0.094,1,0,30532,0.816,0.56,0.456,443.0,465.3,0.271,1634.5,0.0,1,1,0.927,1006.2,1,1,0.65,1167.4,0,44.136,0.075,0.925,0.2,0.0,0.5,0.9,0.0,0.5,0.0,0.4,0.45,0.5,0.459,0.0,0.462,0.0,0,0,0.352,0.818,0.0,0.475,0.0,0.519,0.437,0.0,0.494,0.391,0.0,1.0,0.919
37818,2026.08.21 15:20:59,XPTUSDm,SWEEP_REVERSAL,BUY,4,1882.31,1865.97,1902.43,1.23,0.125,1878.855,1897.86,1877.95,0,0.224,0.883,-0.0682,1874.265,1799.67225,1908.72,1742.552,1,0.048,0.55,2,1878.855,0.682,0.582,0,0.0,0.0,1887.60125,1834.806,3.251,0,0,0,1.0,1.0,0.1724,1.0,0.531,2,0.471,0,0.489,1881.57,1873.425,0.234,0.264,0.0,2,0.0,0,0.471,0.973,2.627,0.37,0.404,1,1897.86,4,0.6,0.531,0.141,0.3,0.098,0.89,0.867,1628.1055,1597.54437,1750.97825,559.8609,91.493,2,1626.9912,0.519,1912.252,0.318,1751.7928,0.444,-1,0.094,1,0,30532,0.816,0.56,0.456,457.0,451.3,0.2796,1634.5,0.0,1,1,0.927,1006.2,1,1,0.65,1167.4,0,43.739,0.075,0.925,0.2,0.0,0.5,0.31,0.0,0.5,0.0,0.826,0.362,0.5,0.545,0.0,0.422,0.0,0,0,0.415,0.787,0.0,0.704,0.0,0.604,0.523,0.0,0.475,0.391,0.0,1.0,0.95
37820,2026.08.21 16:06:40,XPTUSDm,MEAN_REVERSION,BUY,4,1887.56,1875.47,1910.24,1.88,0.536,1878.855,1897.86,1877.95,1,0.006,0.604,0.251,1874.6775,1799.67225,1908.72,1742.552,1,0.055,0.55,2,1878.855,0.679,0.453,0,0.0,0.0,0.0,1834.806,3.159,0,0,0,0.8,0.825,0.1456,0.825,0.81,2,0.498,0,0.424,1881.57,1873.425,0.071,0.61,0.0,2,0.25,0,0.498,1.04,3.165,0.329,0.37,1,1877.95,5,0.6,0.857,0.157,0.247,0.172,0.869,0.887,1628.1055,1598.21037,1752.53225,541.8333,-18.0275,1,1626.9912,0.518,1921.1664,0.321,1751.7928,0.444,-1,0.11,1,0,30533,0.816,0.56,0.456,491.0,467.9,0.3248,1511.7,0.0,1,1,0.927,1006.2,1,1,0.65,1167.4,0,47.639,0.093,0.907,0.2,1.0,0.5,0.12,0.0,0.5,0.0,0.714,0.61,0.5,0.53,0.0,0.332,0.0,0,0,0.358,0.8,0.0,0.526,0.0,0.61,0.505,0.0,0.505,0.391,0.0,1.0,0.919
37822,2026.08.21 16:29:40,XPTUSDm,BREAKOUT,BUY,4,1887.11,1864.43,1924.9,1.67,0.333,1878.855,1897.86,1877.95,1,0.006,0.604,0.259,1874.6775,1799.67225,1908.72,1742.552,1,0.055,0.55,2,1878.855,0.679,0.453,0,0.0,0.0,0.0,1834.806,3.159,0,0,0,0.8,0.825,0.1456,0.825,0.81,2,0.498,0,0.424,1881.57,1873.425,0.079,0.618,0.0,2,0.25,0,0.498,1.042,3.173,0.329,0.37,1,1877.95,5,0.6,0.841,0.157,0.247,0.172,0.869,0.887,1628.1055,1598.21037,1752.53225,541.8333,-18.0275,1,1626.9912,0.518,1921.1664,0.321,1751.7928,0.444,-1,0.11,1,0,30533,0.816,0.56,0.456,434.0,461.5,0.2871,1511.7,0.0,1,1,0.927,1006.2,1,1,0.65,1167.4,0,47.609,0.093,0.907,0.2,1.0,0.5,0.99,0.0,0.5,0.0,0.577,0.628,0.5,0.516,0.0,0.304,0.0,0,0,0.353,0.8,0.0,0.526,0.0,0.61,0.506,0.0,0.505,0.391,0.0,1.0,0.919
37824,2026.08.21 16:32:40,XPTUSDm,PULLBACK,BUY,4,1890.29,1867.61,1913.33,1.02,0.562,1878.855,1897.86,1877.95,1,0.006,0.604,0.4515,1874.6775,1799.67225,1908.72,1742.552,1,0.057,0.55,2,1878.855,0.679,0.453,0,0.0,0.0,0.0,1834.806,3.159,0,0,0,0.8,0.825,0.1456,0.825,0.59,2,0.498,0,0.424,1881.57,1873.425,0.272,0.811,0.0,2,0.25,0,0.498,1.216,3.365,0.361,0.391,1,1878.855,8,0.736,0.456,0.223,0.247,0.172,0.869,0.887,1628.1055,1598.21037,1752.53225,541.8333,-18.0275,1,1626.9912,0.518,1921.1664,0.321,1751.7928,0.444,-1,0.11,1,0,30533,0.816,0.56,0.456,461.0,457.8,0.305,1511.7,0.0,1,1,0.927,1006.2,1,1,0.65,1167.4,0,47.819,0.093,0.907,0.2,1.0,0.5,0.39,0.0,0.5,0.0,0.609,0.525,0.5,0.479,0.0,0.281,0.0,0,0,0.272,0.731,0.0,0.449,0.0,0.554,0.537,0.0,0.485,0.391,0.0,1.0,0.872
37826,2026.08.21 16:38:40,XPTUSDm,BREAKOUT_RETEST,BUY,4,1890.56,1885.29,1912.15,4.1,0.512,1878.855,1897.86,1877.95,1,0.006,0.604,0.4879,1874.6775,1799.67225,1908.72,1742.552,1,0.057,0.55,2,1878.855,0.679,0.453,0,0.0,0.0,0.0,1834.806,3.159,0,0,0,0.8,0.825,0.1456,0.825,0.59,2,0.498,0,0.424,1881.57,1873.425,0.308,0.847,0.0,2,0.25,0,0.498,1.229,3.402,0.361,0.392,1,1878.855,8,0.736,0.383,0.223,0.247,0.172,0.869,0.887,1628.1055,1598.21037,1752.53225,541.8333,-18.0275,1,1626.9912,0.518,1921.1664,0.321,1751.7928,0.444,-1,0.11,1,0,30533,0.816,0.56,0.456,433.0,456.0,0.2864,1511.7,0.0,1,1,0.927,1006.2,1,1,0.65,1167.4,0,47.837,0.093,0.907,0.2,1.0,0.5,0.99,0.0,0.5,0.0,0.572,0.517,0.5,0.458,0.0,0.28,0.0,0,0,0.26,0.731,0.0,0.449,0.0,0.554,0.542,0.0,0.485,0.391,0.0,1.0,0.872
37828,2026.08.21 16:48:40,XPTUSDm,TREND_CONTINUATION,BUY,4,1888.41,1870.27,1926.2,2.08,0.481,1878.855,1897.86,1877.95,1,0.006,0.604,0.3364,1874.6775,1799.67225,1908.72,1742.552,1,0.056,0.55,2,1878.855,0.679,0.453,0,0.0,0.0,0.0,1834.806,3.159,0,0,0,0.8,0.825,0.1456,0.825,0.67,2,0.498,0,0.424,1881.57,1873.425,0.157,0.696,0.0,2,0.25,0,0.498,1.136,3.25,0.35,0.381,1,1878.855,8,0.736,0.686,0.199,0.247,0.172,0.869,0.887,1628.1055,1598.21037,1752.53225,541.8333,-18.0275,1,1626.9912,0.518,1921.1664,0.321,1751.7928,0.444,-1,0.11,1,0,30533,0.816,0.56,0.456,447.0,456.2,0.2957,1511.7,0.0,1,1,0.927,1006.2,1,1,0.65,1167.4,0,47.695,0.093,0.907,0.2,1.0,0.5,0.77,0.0,0.5,0.0,0.594,0.467,0.5,0.522,0.0,0.343,0.0,0,0,0.314,0.8,0.0,0.526,0.0,0.61,0.52,0.0,0.505,0.391,0.0,1.0,0.919
0,2026.08.21 18:01:40,XPTUSDm,ANCHORED_PULLBACK,BUY,3,1879.84,1875.35,1883.54,0.82,0.445,1883.54075,1887.882,1875.7265,0,0.312,1.117,-0.5572,1874.6775,1799.67225,1908.72,1773.7085,1,0.05,0.35,0,1883.54075,0.675,0.795,0,0.0,0.0,1879.8775,1834.806,2.686,0,0,0,1.0,1.0,0.0702,1.0,0.15,0,0.661,1,0.499,1882.6725,1893.0915,0.5,1.19,0.0,2,0.0,0,0.661,1.142,2.671,0.428,0.463,1,1883.54075,8,0.735,0.001,0.255,0.3,0.0,0.82,0.921,1628.1055,1598.21037,1752.53225,541.8333,-18.0275,1,1626.9912,0.518,1921.1664,0.321,1751.7928,0.444,-1,0.11,1,0,30535,0.816,0.56,0.456,471.0,435.5,0.312,1509.6,0.0,1,1,0.927,1006.2,1,1,0.65,1167.4,0,47.195,0.093,0.907,0.2,1.0,0.5,0.0,0.0,0.5,0.0,0.848,0.43,0.5,0.544,0.0,0.35,0.0,0,0,0.346,0.747,0.0,0.748,0.0,0.319,0.435,0.0,0.48,0.391,0.0,1.0,0.95
37830,2026.08.21 18:30:40,XPTUSDm,MEAN_REVERSION,BUY,3,1877.87,1865.79,1887.97,0.84,0.612,1883.54075,1887.882,1875.7265,0,0.312,1.117,-0.6691,1874.6775,1799.67225,1908.72,1773.7085,1,0.049,0.35,0,1883.54075,0.675,0.795,0,0.0,0.0,1879.8775,1834.806,2.686,0,0,0,1.0,1.0,0.0702,1.0,0.15,0,0.661,1,0.499,1882.6725,1893.0915,0.612,1.302,0.0,2,0.0,0,0.661,1.094,2.559,0.428,0.458,1,1883.54075,8,0.735,0.0,0.255,0.3,0.0,0.82,0.921,1628.1055,1598.21037,1752.53225,541.8333,-18.0275,1,1626.9912,0.518,1921.1664,0.321,1751.7928,0.444,-1,0.11,1,0,30535,0.816,0.56,0.456,443.0,412.1,0.2935,1509.6,0.0,1,1,0.927,1006.2,1,1,0.65,1167.4,0,47.064,0.093,0.907,0.2,1.0,0.5,0.06,0.0,0.5,0.0,0.94,0.342,0.5,0.553,0.0,0.349,0.0,0,0,0.4,0.747,0.0,0.968,0.0,0.319,0.49,0.0,0.48,0.391,0.0,1.0,0.95
0,2026.08.21 18:48:40,XPTUSDm,BREAKOUT_RETEST,BUY,3,1881.13,1876.6,1888.32,1.59,0.629,1883.54075,1887.882,1875.7265,1,0.312,1.117,-0.4763,1874.6775,1799.67225,1908.72,1773.7085,1,0.051,0.35,0,1883.54075,0.675,0.795,0,0.0,0.0,1879.8775,1834.806,2.686,0,0,0,1.0,1.0,0.0702,1.0,0.264,0,0.661,1,0.499,1882.6725,1893.0915,0.419,1.109,0.0,2,0.0,0,0.661,1.129,2.752,0.41,0.462,1,1883.54075,8,0.735,0.162,0.221,0.3,0.0,0.82,0.921,1628.1055,1598.21037,1752.53225,541.8333,-18.0275,1,1626.9912,0.518,1921.1664,0.321,1751.7928,0.444,-1,0.11,1,0,30535,0.816,0.56,0.456,478.0,453.1,0.3166,1509.6,0.0,1,1,0.927,1006.2,1,1,0.65,1167.4,0,47.28,0.093,0.907,0.2,1.0,0.5,0.34,0.0,0.5,0.0,0.803,0.599,0.5,0.547,0.0,0.381,0.0,0,0,0.376,0.77,0.0,0.748,0.0,0.306,0.435,0.0,0.48,0.391,0.0,1.0,0.872
37832,2026.08.21 20:48:40,XPTUSDm,MEAN_REVERSION,BUY,3,1877.68,1865.83,1887.81,0.85,0.649,1874.82875,1883.255,1872.8225,1,0.233,0.417,-0.1147,1873.853,1799.67225,1898.3345,1773.7085,1,0.05,0.65,2,1874.82875,0.776,0.446,0,0.0,0.0,0.0,1834.806,3.044,0,0,0,0.365,-0.5997,-0.0393,0.6,0.396,0,0.668,3,0.479,1875.63125,1872.42125,0.169,0.048,0.0,2,0.0,0,0.668,1.01,2.587,0.391,0.455,1,1883.255,4,0.6,0.662,0.181,0.18,0.0,0.879,0.827,1628.1055,1598.21037,1752.53225,604.0333,62.1999,2,1626.9912,0.518,1921.1664,0.321,1751.7928,0.443,-1,0.114,1,0,30537,0.816,0.56,0.456,455.0,468.3,0.3072,1481.1,0.0,1,1,0.927,1006.2,1,1,0.65,1167.4,0,47.955,0.076,0.924,0.2,0.0,0.5,0.89,0.0,0.5,0.0,0.806,0.379,0.5,0.562,0.0,0.412,0.0,0,0,0.406,0.809,0.0,0.792,0.0,0.275,0.495,0.0,0.493,0.391,0.0,1.0,0.69
0,2026.08.21 20:51:40,XPTUSDm,SWEEP_REVERSAL,BUY,3,1878.88,1864.07,1891.26,0.84,0.107,1874.82875,1883.255,1872.8225,0,0.233,0.417,-0.8358,1873.853,1799.67225,1898.3345,1773.7085,1,0.042,0.65,2,1874.82875,0.776,0.446,0,0.0,0.0,0.0,1834.806,3.044,0,0,0,0.365,-0.5997,-0.0393,0.6,0.154,0,0.668,3,0.479,1875.63125,1872.42125,0.89,0.673,0.0,2,0.0,0,0.668,0.797,1.866,0.427,0.43,1,1874.82875,8,0.755,0.0,0.254,0.18,0.0,0.879,0.827,1628.1055,1598.21037,1752.53225,604.0333,62.1999,2,1626.9912,0.518,1921.1664,0.321,1751.7928,0.443,-1,0.114,1,0,30537,0.816,0.56,0.456,1643.0,525.1,1.1093,1481.1,0.0,1,1,0.927,1006.2,1,1,0.65,1167.4,0,48.036,0.076,0.924,0.2,0.0,0.5,0.0,0.0,0.5,0.0,0.622,0.29,0.5,0.551,0.0,0.39,0.0,0,0,0.447,0.68,0.0,0.66,0.0,0.265,0.409,0.0,0.49,0.391,0.0,1.0,0.837
37834,2026.08.24 01:28:40,XPTUSDm,MEAN_REVERSION,BUY,1,1872.35,1861.07,1881.74,0.83,0.674,1875.872,1880.576,1872.512,0,0.061,0.606,-0.6659,1872.36375,1799.67225,1887.949,1773.7085,1,0.047,0.3,0,1875.872,0.741,0.611,0,0.0,0.0,1871.45875,1834.806,3.163,0,0,0,0.975,-0.825,-0.121,0.825,0.091,0,0.746,0,0.718,1876.544,1867.808,0.714,0.094,0.0,2,0.0,0,0.746,0.98,2.246,0.436,0.499,1,1875.872,8,0.748,0.0,0.273,0.247,0.144,0.864,0.896,1600.8145,1598.21037,1752.53225,623.9729,3.904,2,1628.8216,0.501,1919.2656,0.346,1919.2656,0.346,1,0.11,1,0,30541,0.814,0.561,0.453,587.0,586.5,0.4162,1410.4,0.0,1,1,0.927,1006.2,1,1,0.65,1167.4,1,49.981,0.095,0.905,0.2,0.0,1.0,0.42,0.0,0.5,0.0,0.392,0.482,0.5,0.54,0.0,0.606,0.0,0,0,0.415,0.8,0.0,0.748,0.0,0.188,0.434,0.0,0.49,0.391,0.0,1.0,0.856
0,2026.08.24 05:38:40,XPTUSDm,MEAN_REVERSION,BUY,1,1880.91,1876.55,1885.54,1.06,0.737,1880.1895,1886.989,1873.39,1,0.008,0.519,-0.2704,1877.195,1873.76375,1908.72,1798.8575,1,0.002,0.45,0,1880.1895,0.8,0.617,0,0.0,0.0,0.0,1834.806,3.179,0,0,0,0.282,0.342,0.029,0.342,0.269,0,0.852,2,0.157,1880.945,1887.7445,0.323,0.798,0.0,2,0.25,0,0.852,1.188,2.9,0.41,0.423,1,1880.945,2,0.55,0.354,0.319,0.103,0.088,0.714,0.895,1629.78413,1598.21037,1752.53225,617.4639,-6.509,1,1626.7401,0.507,1918.9665,0.357,1918.9665,0.357,1,0.123,1,0,30545,0.814,0.561,0.453,459.0,437.8,0.3207,1431.3,0.0,1,1,0.927,1006.2,1,1,0.65,1167.4,-1,49.851,0.081,0.919,0.2,1.0,0.0,0.28,0.0,0.5,0.0,0.41,0.405,0.5,0.539,0.0,0.335,0.0,0,0,0.353,0.8,0.0,1.0,0.0,0.34,0.5,0.0,0.496,0.391,0.0,1.0,0.828
37836,2026.08.24 06:48:40,XPTUSDm,BREAKOUT,BUY,1,1893.34,1884.75,1926.04,3.81,0.352,1881.88625,1883.4125,1876.29,0,0.032,0.512,0.5569,1877.195,1873.76375,1908.72,1798.8575,1,0.012,0.35,0,1881.88625,0.799,0.943,0,0.0,0.0,0.0,1834.806,3.412,0,0,0,0.468,0.5126,0.046,0.513,0.071,0,0.709,0,0.63,1881.3775,1870.69375,0.596,1.413,0.0,2,0.0,0,0.709,0.621,1.413,0.439,0.446,1,1881.88625,8,0.76,0.0,0.279,0.154,0.126,0.944,0.977,1629.78413,1598.21037,1752.53225,617.4639,-6.509,1,1626.7401,0.507,1918.9665,0.357,1918.9665,0.357,1,0.123,1,0,30546,0.814,0.561,0.453,417.0,432.1,0.3188,1308.0,0.0,1,1,0.927,1006.2,1,1,0.65,1167.4,-1,55.5,0.081,0.919,0.2,1.0,0.0,0.99,0.0,0.5,0.0,0.345,0.61,0.5,0.512,0.0,0.507,0.0,0,0,0.423,0.694,0.539,0.664,0.0,0.228,0.836,0.0,0.505,0.391,0.0,1.0,0.902
37837,2026.08.24 06:48:59,XPTUSDm,PULLBACK,BUY,1,1893.26,1884.75,1912.89,2.31,0.298,1881.88625,1883.4125,1876.29,0,0.032,0.512,0.5507,1877.195,1873.76375,1908.72,1798.8575,1,0.012,0.35,0,1881.88625,0.799,0.943,0,0.0,0.0,0.0,1834.806,3.412,0,0,0,0.468,0.5126,0.046,0.513,0.071,0,0.709,0,0.63,1881.3775,1870.69375,0.59,1.406,0.0,2,0.0,0,0.709,0.618,1.406,0.439,0.446,1,1881.88625,8,0.76,0.0,0.279,0.154,0.126,0.944,0.977,1629.78413,1598.21037,1752.53225,617.4639,-6.509,1,1626.7401,0.507,1918.9665,0.357,1918.9665,0.357,1,0.123,1,0,30546,0.814,0.561,0.453,417.0,432.1,0.3188,1308.0,0.0,1,1,0.927,1006.2,1,1,0.65,1167.4,-1,55.494,0.081,0.919,0.2,1.0,0.0,0.98,0.0,0.5,0.0,0.345,0.616,0.5,0.512,0.0,0.507,0.0,0,0,0.426,0.694,0.539,0.664,0.0,0.228,0.835,0.0,0.505,0.391,0.0,1.0,0.902
37838,2026.08.24 06:49:00,XPTUSDm,TREND_CONTINUATION,BUY,1,1893.34,1877.64,1926.04,2.08,0.351,1881.88625,1883.4125,1876.29,0,0.032,0.512,0.5538,1877.195,1873.76375,1908.72,1798.8575,1,0.012,0.35,0,1881.88625,0.799,0.943,0,0.0,0.0,0.0,1834.806,3.412,0,0,0,0.468,0.5126,0.046,0.513,0.071,0,0.709,0,0.63,1881.3775,1870.69375,0.593,1.409,0.0,2,0.0,0,0.709,0.619,1.409,0.439,0.446,1,1881.88625,8,0.76,0.0,0.279,0.154,0.126,0.944,0.977,1629.78413,1598.21037,1752.53225,617.4639,-6.509,1,1626.7401,0.507,1918.9665,0.357,1918.9665,0.357,1,0.123,1,0,30546,0.814,0.561,0.453,421.0,432.0,0.3219,1308.0,0.0,1,1,0.927,1006.2,1,1,0.65,1167.4,-1,55.5,0.081,0.919,0.2,1.0,0.0,0.91,0.0,0.5,0.0,0.345,0.596,0.5,0.512,0.0,0.507,0.0,0,0,0.414,0.694,0.539,0.664,0.0,0.228,0.835,0.0,0.505,0.391,0.0,1.0,0.902
37839,2026.08.24 07:01:40,XPTUSDm,ANCHORED_PULLBACK,BUY,1,1900.24,1891.64,1922.92,2.64,0.248,1880.14975,1887.605,1878.1165,0,1.25,0.02,1.0835,1877.195,1873.76375,1908.72,1798.8575,1,0.015,0.35,0,1880.14975,0.754,0.394,0,0.0,0.0,1888.1825,1834.806,4.714,0,0,0,0.714,0.5061,0.0408,0.506,0.035,0,0.699,1,0.289,1880.8275,1893.027,1.035,0.155,0.0,2,0.4,0,0.699,0.482,1.084,0.445,0.298,0,1880.14975,8,0.751,0.0,0.449,0.152,0.14,0.724,0.975,1629.78413,1598.21037,1752.53225,617.4639,-6.509,1,1626.7401,0.507,1918.9665,0.357,1918.9665,0.357,1,0.123,1,0,30547,0.814,0.561,0.453,506.0,452.1,0.3648,1387.1,0.0,1,1,0.927,1006.2,1,1,0.65,1167.4,-1,52.831,0.081,0.919,0.2,1.0,0.0,0.12,0.0,0.5,0.0,0.468,0.664,0.5,0.417,0.0,0.549,0.0,0,0,0.443,0.318,0.0,0.79,0.0,0.303,0.861,0.0,0.498,0.391,0.0,1.0,0.81
37844,2026.08.24 07:44:40,XPTUSDm,BREAKOUT_RETEST,BUY,1,1891.14,1885.82,1896.7,1.05,0.455,1880.14975,1887.605,1878.1165,1,1.25,0.02,0.4787,1877.195,1873.76375,1908.72,1798.8575,1,0.009,0.35,0,1880.14975,0.754,0.394,0,0.0,0.0,1888.1825,1834.806,4.714,0,0,0,0.714,0.5061,0.0408,0.506,0.388,0,0.699,1,0.289,1880.8275,1893.027,0.43,0.45,0.0,2,0.4,0,0.699,1.468,3.748,0.392,0.413,1,1880.14975,8,0.751,0.14,0.344,0.152,0.14,0.724,0.975,1629.78413,1598.21037,1752.53225,617.4639,-6.509,1,1626.7401,0.507,1918.9665,0.357,1918.9665,0.357,1,0.123,1,0,30547,0.814,0.561,0.453,435.0,439.9,0.3136,1387.1,0.0,1,1,0.927,1006.2,1,1,0.65,1167.4,-1,52.175,0.081,0.919,0.2,1.0,0.0,0.42,0.0,0.5,0.0,0.889,0.352,0.5,0.528,0.0,0.373,0.0,0,0,0.396,0.542,0.0,1.0,0.0,0.283,0.432,0.0,0.498,0.391,0.0,1.0,0.772
37846,2026.08.24 09:01:40,XPTUSDm,ANCHORED_PULLBACK,BUY,2,1882.93,1873.96,1890.41,0.83,0.468,1878.8205,1890.406,1875.413,1,0.025,1.434,-0.0069,1877.195,1873.79525,1908.72,1798.9565,1,0.003,0.55,2,1878.8205,0.778,0.641,0,0.0,0.0,1875.58975,1834.806,2.82,0,0,0,0.975,0.825,0.1217,0.825,0.987,2,0.613,0,0.485,1877.4575,1874.7315,0.087,0.275,0.0,2,0.0,0,0.613,0.914,3.026,0.302,0.434,1,1890.406,4,0.6,0.826,0.004,0.247,0.097,0.911,0.556,1629.78413,1598.21037,1752.53225,603.1564,-14.3075,1,1626.7401,0.507,1918.9665,0.364,1918.9665,0.364,1,0.131,1,0,30549,0.814,0.561,0.453,421.0,467.7,0.2901,1451.1,0.0,1,1,0.927,1006.2,1,1,0.65,1167.4,-1,49.31,0.087,0.913,0.2,1.0,0.0,0.81,0.0,0.5,0.0,0.66,0.49,0.5,0.537,0.0,0.413,0.0,0,0,0.332,0.814,0.0,0.792,0.0,0.343,0.544,0.0,0.52,0.391,0.0,1.0,0.841
37848,2026.08.24 09:15:40,XPTUSDm,SWEEP_REVERSAL,BUY,2,1879.66,1865.15,1894.66,1.03,0.138,1878.8205,1890.406,1875.413,0,0.025,1.434,-0.235,1877.195,1873.79525,1908.72,1798.9565,1,0.001,0.55,2,1878.8205,0.778,0.641,0,0.0,0.0,1875.58975,1834.806,2.82,0,0,0,0.975,0.825,0.1217,0.825,0.411,2,0.613,0,0.485,1877.4575,1874.7315,0.141,0.047,0.0,2,0.0,0,0.613,1.087,2.798,0.388,0.454,1,1890.406,4,0.6,0.718,0.177,0.247,0.097,0.911,0.556,1629.78413,1598.21037,1752.53225,603.1564,-14.3075,1,1626.7401,0.507,1918.9665,0.364,1918.9665,0.364,1,0.131,1,0,30549,0.814,0.561,0.453,425.0,433.0,0.2929,1451.1,0.0,1,1,0.927,1006.2,1,1,0.65,1167.4,-1,49.085,0.087,0.913,0.2,1.0,0.0,0.77,0.0,0.5,0.0,0.832,0.462,0.5,0.543,0.0,0.387,0.0,0,0,0.34,0.914,0.0,1.0,0.0,0.385,0.461,0.0,0.504,0.391,0.0,1.0,0.95
37850,2026.08.24 09:38:40,XPTUSDm,MEAN_REVERSION,BUY,2,1879.41,1867.8,1894.71,1.32,0.607,1878.8205,1890.406,1875.413,0,0.025,1.434,-0.2557,1877.195,1873.79525,1908.72,1798.9565,1,0.001,0.55,2,1878.8205,0.778,0.641,0,0.0,0.0,1875.58975,1834.806,2.82,0,0,0,0.975,0.825,0.1217,0.825,0.411,2,0.613,0,0.485,1877.4575,1874.7315,0.162,0.026,0.0,2,0.0,0,0.613,1.079,2.778,0.388,0.453,1,1890.406,4,0.6,0.676,0.177,0.247,0.097,0.911,0.556,1629.78413,1598.21037,1752.53225,603.1564,-14.3075,1,1626.7401,0.507,1918.9665,0.364,1918.9665,0.364,1,0.131,1,0,30549,0.814,0.561,0.453,430.0,433.3,0.2963,1451.1,0.0,1,1,0.927,1006.2,1,1,0.65,1167.4,-1,49.068,0.087,0.913,0.2,1.0,0.0,0.81,0.0,0.5,0.0,0.802,0.506,0.5,0.549,0.0,0.392,0.0,0,0,0.325,0.914,0.0,1.0,0.0,0.372,0.461,0.0,0.504,0.391,0.0,1.0,0.95
37852,2026.08.24 09:44:40,XPTUSDm,BREAKOUT_RETEST,BUY,2,1881.34,1876.99,1894.64,3.05,0.594,1878.8205,1890.406,1875.413,1,0.025,1.434,-0.1179,1877.195,1873.79525,1908.72,1798.9565,1,0.002,0.55,2,1878.8205,0.778,0.641,0,0.0,0.0,1875.58975,1834.806,2.82,0,0,0,0.975,0.825,0.1217,0.825,0.952,2,0.613,0,0.485,1877.4575,1874.7315,0.024,0.164,0.0,2,0.0,0,0.613,0.896,2.915,0.307,0.432,1,1890.406,4,0.6,0.952,0.015,0.247,0.097,0.911,0.556,1629.78413,1598.21037,1752.53225,603.1564,-14.3075,1,1626.7401,0.507,1918.9665,0.364,1918.9665,0.364,1,0.131,1,0,30549,0.814,0.561,0.453,423.0,431.6,0.2915,1451.1,0.0,1,1,0.927,1006.2,1,1,0.65,1167.4,-1,49.201,0.087,0.913,0.2,1.0,0.0,0.81,0.0,0.5,0.0,0.881,0.454,0.5,0.539,0.0,0.355,0.0,0,0,0.332,0.814,0.0,0.832,0.0,0.331,0.544,0.0,0.52,0.391,0.0,1.0,0.841
37854,2026.08.24 10:00:40,XPTUSDm,PULLBACK,BUY,2,1883.37,1861.41,1912.89,1.34,0.526,1877.42625,1889.73,1873.8075,1,0.032,0.328,0.1211,1877.195,1873.79525,1908.72,1798.9565,1,0.004,0.55,2,1877.42625,0.727,0.0,2,0.0,0.0,0.0,1834.806,2.942,0,0,0,0.7,0.685,0.0904,0.685,0.746,2,0.636,0,0.51,1877.42625,1873.08375,0.121,0.418,0.0,2,0.25,0,0.636,1.025,3.032,0.338,0.417,1,1873.8075,5,0.6,0.758,0.176,0.206,0.189,0.901,0.929,1629.78413,1598.21037,1752.53225,603.1564,-14.3075,1,1626.7401,0.507,1918.9665,0.364,1918.9665,0.364,1,0.131,1,0,30550,0.817,0.565,0.456,417.0,419.3,0.2848,1464.2,0.0,1,1,0.927,1006.2,1,1,0.65,1167.4,0,48.898,0.087,0.913,0.2,1.0,0.5,0.69,0.0,0.5,0.0,0.901,0.603,0.5,0.563,0.0,0.333,0.0,0,0,0.364,0.8,0.0,0.939,0.0,0.188,0.519,0.0,0.51,0.391,0.0,1.0,0.764
37855,2026.08.24 10:00:59,XPTUSDm,TREND_CONTINUATION,BUY,2,1882.68,1865.11,1919.29,2.08,0.442,1877.42625,1889.73,1873.8075,1,0.032,0.328,0.074,1877.195,1873.79525,1908.72,1798.9565,1,0.003,0.55,2,1877.42625,0.727,0.0,2,0.0,0.0,0.0,1834.806,2.942,0,0,0,0.7,0.685,0.0904,0.685,0.746,2,0.636,0,0.51,1877.42625,1873.08375,0.074,0.371,0.0,2,0.25,0,0.636,1.009,2.985,0.338,0.416,1,1873.8075,5,0.6,0.852,0.176,0.206,0.189,0.901,0.929,1629.78413,1598.21037,1752.53225,603.1564,-14.3075,1,1626.7401,0.507,1918.9665,0.364,1918.9665,0.364,1,0.131,1,0,30550,0.817,0.565,0.456,417.0,419.3,0.2848,1464.2,0.0,1,1,0.927,1006.2,1,1,0.65,1167.4,0,48.851,0.087,0.913,0.2,1.0,0.5,0.62,0.0,0.5,0.0,0.901,0.612,0.5,0.563,0.0,0.333,0.0,0,0,0.369,0.8,0.0,0.939,0.0,0.188,0.516,0.0,0.51,0.391,0.0,1.0,0.764
37858,2026.08.24 10:54:20,XPTUSDm,BREAKOUT,BUY,2,1882.7,1860.74,1919.31,1.67,0.314,1877.42625,1889.73,1873.8075,1,0.032,0.328,0.0563,1877.195,1873.79525,1908.72,1798.9565,1,0.003,0.55,2,1877.42625,0.727,0.0,2,0.0,0.0,0.0,1834.806,2.942,0,0,0,0.7,0.685,0.0904,0.685,0.746,2,0.636,0,0.51,1877.42625,1873.08375,0.056,0.353,0.0,2,0.25,0,0.636,1.003,2.967,0.338,0.415,1,1873.8075,5,0.6,0.887,0.176,0.206,0.189,0.901,0.929,1629.78413,1598.21037,1752.53225,603.1564,-14.3075,1,1626.7401,0.507,1918.9665,0.364,1918.9665,0.364,1,0.131,1,0,30550,0.817,0.565,0.456,445.0,438.5,0.3039,1464.2,0.0,1,1,0.927,1006.2,1,1,0.65,1167.4,0,48.852,0.087,0.913,0.2,1.0,0.5,0.32,0.0,0.5,0.0,0.561,0.359,0.5,0.521,0.0,0.352,0.0,0,0,0.381,0.8,0.0,0.939,0.0,0.301,0.514,0.0,0.51,0.391,0.0,1.0,0.764
37860,2026.08.24 11:44:40,XPTUSDm,BREAKOUT_RETEST,BUY,2,1887.16,1882.09,1895.68,1.68,0.511,1878.77475,1885.1895,1873.7855,1,0.019,0.271,0.2441,1877.195,1875.24075,1908.72,1803.4995,1,0.005,0.4,0,1878.77475,0.735,0.829,0,0.0,0.0,0.0,1834.806,2.87,0,0,0,0.75,0.895,0.0579,0.895,0.438,0,0.725,1,0.198,1878.062,1888.75325,0.292,0.433,0.0,2,0.15,0,0.725,1.241,3.229,0.384,0.434,1,1873.7855,5,0.6,0.415,0.229,0.269,0.053,0.847,0.865,1629.78413,1598.21037,1752.53225,603.1564,-14.3075,1,1626.7401,0.507,1918.9665,0.364,1918.9665,0.364,1,0.131,1,0,30551,0.817,0.565,0.456,479.0,487.0,0.3252,1472.9,0.0,1,1,0.927,1006.2,1,1,0.65,1167.4,0,48.868,0.087,0.913,0.2,1.0,0.5,0.54,0.0,0.5,0.0,0.375,0.648,0.5,0.535,0.0,0.373,0.0,0,0,0.398,0.746,0.0,1.0,0.0,0.351,0.559,0.0,0.49,0.391,0.0,1.0,0.799
37862,2026.08.24 12:10:00,XPTUSDm,PULLBACK,BUY,2,1885.63,1864.06,1913.34,1.28,0.469,1878.18725,1881.325,1875.0495,1,0.129,0.494,0.1963,1877.195,1876.64425,1908.72,1798.746,1,0.003,0.35,0,1878.18725,0.729,0.626,0,0.0,0.0,1879.676,1834.806,3.209,0,0,0,0.529,0.4836,0.0161,0.484,0.326,0,0.867,1,0.239,1877.739,1888.497,0.228,0.521,0.0,2,0.25,0,0.867,1.289,3.214,0.401,0.466,1,1875.0495,5,0.6,0.545,0.302,0.145,0.088,0.849,0.948,1629.49675,1598.21037,1752.53225,623.163,20.0066,2,1626.4618,0.496,1917.817,0.375,1917.817,0.375,1,0.141,1,0,30552,0.817,0.565,0.456,462.0,450.3,0.3213,1437.7,0.0,1,1,0.927,1006.2,1,1,0.65,1167.4,1,49.956,0.076,0.924,0.2,0.0,1.0,0.18,0.0,0.5,0.0,0.521,0.479,0.5,0.552,0.0,0.456,0.0,0,0,0.361,0.8,0.0,1.0,0.0,0.206,0.568,0.0,0.5,0.391,0.0,1.0,0.865
37863,2026.08.24 12:10:20,XPTUSDm,TREND_CONTINUATION,BUY,2,1885.63,1868.38,1921.57,2.08,0.375,1878.18725,1881.325,1875.0495,1,0.129,0.494,0.1963,1877.195,1876.64425,1908.72,1798.746,1,0.003,0.35,0,1878.18725,0.729,0.626,0,0.0,0.0,1879.676,1834.806,3.209,0,0,0,0.529,0.4836,0.0161,0.484,0.326,0,0.867,1,0.239,1877.739,1888.497,0.228,0.521,0.0,2,0.25,0,0.867,1.289,3.214,0.401,0.466,1,1875.0495,5,0.6,0.545,0.302,0.145,0.088,0.849,0.948,1629.49675,1598.21037,1752.53225,623.163,20.0066,2,1626.4618,0.496,1917.817,0.375,1917.817,0.375,1,0.141,1,0,30552,0.817,0.565,0.456,462.0,450.4,0.3213,1437.7,0.0,1,1,0.927,1006.2,1,1,0.65,1167.4,1,49.956,0.076,0.924,0.2,0.0,1.0,0.18,0.0,0.5,0.0,0.521,0.479,0.5,0.552,0.0,0.456,0.0,0,0,0.361,0.8,0.0,1.0,0.0,0.206,0.568,0.0,0.5,0.391,0.0,1.0,0.865
37866,2026.08.24 12:54:20,XPTUSDm,BREAKOUT,BUY,2,1889.55,1882.14,1925.49,4.85,0.381,1878.18725,1881.325,1875.0495,0,0.129,0.494,0.478,1877.195,1876.64425,1908.72,1798.746,1,0.006,0.35,0,1878.18725,0.729,0.626,0,0.0,0.0,1879.676,1834.806,3.209,0,0,0,0.529,0.4836,0.0161,0.484,0.163,0,0.867,1,0.239,1877.739,1888.497,0.509,0.239,0.0,2,0.25,0,0.867,1.487,3.495,0.426,0.489,1,1878.18725,8,0.746,0.0,0.351,0.145,0.088,0.849,0.948,1629.49675,1598.21037,1752.53225,623.163,20.0066,2,1626.4618,0.496,1917.817,0.375,1917.817,0.375,1,0.141,1,0,30552,0.817,0.565,0.456,449.0,465.4,0.3123,1437.7,0.0,1,1,0.927,1006.2,1,1,0.65,1167.4,1,50.229,0.076,0.924,0.2,0.0,1.0,0.67,0.0,0.5,0.0,0.382,0.55,0.5,0.476,0.0,0.52,0.0,0,0,0.381,0.877,0.081,1.0,0.0,0.203,0.808,0.0,0.493,0.391,0.0,1.0,0.902
37868,2026.08.24 15:00:00,XPTUSDm,BREAKOUT,BUY,4,1898.7,1875.05,1938.12,1.67,0.254,1889.6545,1893.512,1879.625,0,0.222,0.365,0.32,1877.18825,1878.14575,1908.72,1803.894,1,0.01,0.45,0,1889.6545,0.768,0.438,0,0.0,0.0,1893.315,1834.806,3.798,0,0,0,0.115,0.0,-0.0033,0.136,0.31,2,0.515,0,0.722,1889.6545,1900.4555,0.32,0.365,0.0979,0,0.25,0,0.515,1.532,3.798,0.403,0.477,1,1889.6545,8,0.754,0.36,0.307,0.3,0.232,0.934,0.93,1629.49675,1598.21037,1752.53225,623.163,20.0066,2,1626.4618,0.496,1917.817,0.375,1917.817,0.375,1,0.141,1,0,30555,0.817,0.565,0.456,400.0,400.0,0.2537,1576.9,0.0,1,1,0.927,1006.2,1,1,0.65,1167.4,1,46.377,0.076,0.924,0.2,0.0,1.0,0.81,0.0,0.5,0.0,0.86,0.478,0.5,0.446,0.0,0.478,0.0,0,0,0.338,0.889,0.0,0.982,0.054,0.498,0.788,0.0,0.48,0.391,0.0,1.0,0.851
37870,2026.08.24 16:00:20,XPTUSDm,BREAKOUT_RETEST,BUY,4,1891.87,1883.61,1906.0,1.71,0.288,1889.6545,1895.055,1881.168,1,0.182,0.61,-0.1145,1879.41275,1880.79875,1908.72,1812.99,1,0.005,0.45,0,1889.6545,0.772,0.706,0,0.0,0.0,1892.93,1834.806,3.238,0,0,0,0.22,0.4554,0.0213,0.455,0.888,0,0.779,0,0.768,1890.426,1901.227,0.164,0.857,0.0,2,0.0,0,0.779,1.079,3.405,0.317,0.529,2,1881.168,5,0.6,0.672,0.034,0.137,0.154,0.9,0.902,1628.16675,1598.21037,1752.53225,664.1581,40.995,2,1633.155,0.492,1920.4782,0.394,1920.4782,0.394,1,0.152,1,0,30556,0.817,0.565,0.456,400.0,400.0,0.2566,1558.6,0.0,1,1,0.927,1006.2,1,1,0.65,1167.4,1,46.481,0.076,0.924,0.2,0.0,1.0,0.88,0.0,0.5,0.0,0.485,0.522,0.5,0.493,0.0,0.332,0.0,0,0,0.294,0.806,0.0,1.0,0.117,0.403,0.459,0.0,0.507,0.391,0.0,1.0,0.799
37872,2026.08.24 16:59:40,XPTUSDm,SWEEP_REVERSAL,BUY,4,1880.65,1865.06,1893.65,0.83,0.172,1889.6545,1895.055,1881.168,0,0.182,0.61,-0.8343,1879.41275,1880.79875,1908.72,1812.99,1,0.003,0.45,0,1889.6545,0.772,0.706,0,0.0,0.0,1892.93,1834.806,3.238,0,0,0,0.22,0.4554,0.0213,0.455,0.222,0,0.779,0,0.768,1890.426,1874.2245,0.884,0.156,0.0,2,0.0,0,0.779,1.119,2.685,0.417,0.534,2,1889.6545,8,0.754,0.0,0.233,0.137,0.154,0.9,0.96,1628.16675,1598.21037,1752.53225,664.1581,40.995,2,1633.155,0.492,1920.4782,0.394,1920.4782,0.394,1,0.152,1,0,30556,0.817,0.565,0.456,400.0,400.0,0.2566,1558.6,0.0,1,1,0.927,1006.2,1,1,0.65,1167.4,1,45.761,0.076,0.924,0.2,0.0,1.0,0.0,0.0,0.5,0.0,0.841,0.358,0.5,0.546,0.0,0.339,0.0,0,0,0.385,0.806,0.0,1.0,0.083,0.412,0.473,0.0,0.487,0.391,0.0,1.0,0.902
37874,2026.08.24 17:39:20,XPTUSDm,MEAN_REVERSION,BUY,3,1877.91,1865.68,1893.06,1.24,0.825,1889.057,1894.934,1883.18,0,0.607,0.009,-0.9906,1879.41275,1877.643,1908.72,1812.036,1,0.002,0.45,0,1889.057,0.738,0.523,0,0.0,0.0,1881.799,1834.806,2.771,0,0,0,0.185,0.0,0.0092,0.183,0.053,0,0.936,0,0.809,1886.445,1877.956,0.82,0.265,0.0,2,0.4,0,0.936,1.13,2.557,0.442,0.502,2,1889.057,8,0.748,0.0,0.444,0.0,0.302,0.759,0.933,1628.16675,1598.21037,1752.53225,664.1581,40.995,2,1633.155,0.492,1920.4782,0.394,1920.4782,0.394,1,0.152,1,0,30557,0.817,0.565,0.456,400.0,400.0,0.2616,1529.0,0.0,1,1,0.927,1006.2,1,1,0.65,1167.4,1,46.469,0.076,0.924,0.2,0.0,1.0,0.34,0.0,0.5,0.0,0.594,0.506,0.5,0.436,0.0,0.396,0.0,0,0,0.292,0.575,0.048,1.0,0.125,0.337,0.421,0.0,0.49,0.391,0.0,1.0,0.737
37876,2026.08.24 18:59:40,XPTUSDm,SWEEP_REVERSAL,BUY,3,1877.82,1862.51,1893.21,1.0,0.289,1889.205,1896.432,1878.766,0,0.883,0.061,-1.0048,1879.41275,1878.8265,1908.72,1815.718,1,0.003,0.55,0,1889.205,0.753,0.596,0,0.0,0.0,0.0,1834.806,2.46,0,0,0,0.553,0.4287,0.0398,0.429,0.499,0,0.773,0,0.546,1885.993,1870.736,0.795,0.201,0.0,2,0.4,0,0.773,0.956,2.548,0.375,0.429,1,1889.205,8,0.751,0.0,0.31,0.129,0.249,0.925,0.766,1628.16675,1598.21037,1752.53225,664.1581,40.995,2,1633.155,0.492,1920.4782,0.394,1920.4782,0.394,1,0.152,1,0,30558,0.817,0.565,0.456,400.0,400.0,0.2612,1531.1,0.0,1,1,0.927,1006.2,1,1,0.65,1167.4,1,46.398,0.076,0.924,0.2,0.0,1.0,0.98,0.0,0.5,0.0,0.899,0.578,0.5,0.503,0.0,0.343,0.0,0,0,0.335,0.496,0.296,1.0,0.125,0.404,0.464,0.0,0.485,0.391,0.0,1.0,0.769
37877,2026.08.24 19:00:00,XPTUSDm,BREAKOUT_RETEST,BUY,3,1877.57,1872.95,1890.8,2.86,0.388,1873.145,1886.796,1870.736,1,0.028,0.91,0.0276,1877.18825,1880.37225,1908.72,1820.527,1,0.004,0.5,2,1873.145,0.777,0.183,0,0.0,0.0,0.0,1834.806,2.514,0,0,0,0.589,0.4379,0.0366,0.438,1.0,0,0.651,3,0.527,1873.145,1889.205,0.028,1.014,0.0,2,0.25,0,0.651,0.754,2.514,0.3,0.377,1,1886.796,4,0.6,0.945,0.1,0.131,0.088,0.782,0.833,1628.16675,1598.21037,1752.53225,664.1581,40.995,2,1633.155,0.492,1920.4782,0.394,1920.4782,0.394,1,0.152,1,0,30559,0.817,0.565,0.456,400.0,400.0,0.2595,1541.6,0.0,1,1,0.927,1006.2,1,1,0.65,1167.4,1,46.066,0.076,0.924,0.2,0.0,1.0,0.92,0.0,0.5,0.0,0.845,0.568,0.5,0.567,0.0,0.368,0.0,0,0,0.358,0.8,0.053,1.0,0.117,0.414,0.504,0.0,0.506,0.391,0.0,1.0,0.799
37880,2026.08.24 19:17:40,XPTUSDm,BREAKOUT,BUY,3,1882.1,1875.6,1891.6,1.46,0.282,1873.145,1886.796,1870.736,1,0.028,0.91,0.3214,1877.18825,1880.37225,1908.72,1820.527,1,0.001,0.5,2,1873.145,0.777,0.183,0,0.0,0.0,0.0,1834.806,2.514,0,0,0,0.589,0.4379,0.0366,0.438,0.315,0,0.651,3,0.527,1873.145,1889.205,0.321,0.72,0.0,2,0.25,0,0.651,1.131,2.808,0.403,0.421,1,1873.145,8,0.755,0.357,0.306,0.131,0.088,0.782,0.833,1628.16675,1598.21037,1752.53225,664.1581,40.995,2,1633.155,0.492,1920.4782,0.394,1920.4782,0.394,1,0.152,1,0,30559,0.817,0.565,0.456,400.0,400.0,0.2595,1541.6,0.0,1,1,0.927,1006.2,1,1,0.65,1167.4,1,46.36,0.076,0.924,0.2,0.0,1.0,0.99,0.0,0.5,0.0,0.687,0.588,0.5,0.537,0.0,0.262,0.0,0,0,0.319,0.8,0.0,1.0,0.083,0.333,0.54,0.0,0.485,0.391,0.0,1.0,0.828
37882,2026.08.24 19:48:40,XPTUSDm,PULLBACK,BUY,3,1882.05,1875.6,1891.6,1.48,0.471,1873.145,1886.796,1870.736,1,0.028,0.91,0.3182,1877.18825,1880.37225,1908.72,1820.527,1,0.002,0.5,2,1873.145,0.777,0.183,0,0.0,0.0,0.0,1834.806,2.514,0,0,0,0.589,0.4379,0.0366,0.438,0.315,0,0.651,3,0.527,1873.145,1889.205,0.318,0.724,0.0,2,0.25,0,0.651,1.13,2.805,0.403,0.421,1,1873.145,8,0.755,0.364,0.306,0.131,0.088,0.782,0.833,1628.16675,1598.21037,1752.53225,664.1581,40.995,2,1633.155,0.492,1920.4782,0.394,1920.4782,0.394,1,0.152,1,0,30559,0.817,0.565,0.456,400.0,400.0,0.2595,1541.6,0.0,1,1,0.927,1006.2,1,1,0.65,1167.4,1,46.356,0.076,0.924,0.2,0.0,1.0,0.91,0.0,0.5,0.0,0.605,0.411,0.5,0.514,0.0,0.26,0.0,0,0,0.311,0.8,0.0,1.0,0.083,0.242,0.54,0.0,0.485,0.391,0.0,1.0,0.828
37884,2026.08.24 23:00:00,XPTUSDm,BREAKOUT,BUY,1,1892.91,1880.45,1925.5,2.62,0.522,1876.7425,1879.28,1872.175,0,0.855,0.155,0.9333,1877.18825,1880.37225,1908.72,1826.8265,1,0.007,0.35,0,1876.7425,0.725,0.349,0,0.0,0.0,1883.63175,1834.806,4.15,0,0,0,0.75,-0.72,-0.0791,0.72,0.089,0,0.724,1,0.326,1876.7425,1887.4,0.933,0.116,0.1066,0,0.15,2,0.786,0.548,0.933,0.587,0.386,1,1876.7425,8,0.745,0.0,0.333,0.916,0.053,0.859,0.907,1626.16463,1598.21037,1752.53225,665.2624,1.1043,2,1631.0475,0.496,1841.9877,0.364,1841.9877,0.364,-1,0.131,1,0,30562,0.799,0.567,0.453,400.0,400.0,0.3068,1303.6,0.0,1,1,0.927,1006.2,1,1,0.65,1167.4,0,55.653,0.078,0.922,0.2,0.0,0.5,0.83,0.0,0.5,0.0,0.568,0.667,0.5,0.4,0.0,0.237,0.0,0,0,0.315,0.523,0.0,1.0,0.054,0.536,0.721,0.0,0.445,0.391,0.0,1.0,0.752
37885,2026.08.24 23:00:20,XPTUSDm,ANCHORED_PULLBACK,BUY,1,1893.94,1884.58,1907.14,1.41,0.3,1876.7425,1879.28,1872.175,0,0.855,0.155,1.0124,1877.18825,1880.37225,1908.72,1826.8265,1,0.007,0.35,0,1876.7425,0.725,0.349,0,0.0,0.0,1883.63175,1834.806,4.15,0,0,0,0.75,-0.72,-0.0791,0.72,0.089,0,0.739,1,0.326,1876.7425,1887.4,1.012,0.195,0.0,2,0.15,0,0.739,0.442,1.012,0.437,0.362,1,1876.7425,8,0.745,0.0,0.333,0.216,0.053,0.859,0.907,1626.16463,1598.21037,1752.53225,665.2624,1.1043,2,1631.0475,0.496,1841.9877,0.364,1841.9877,0.364,-1,0.131,1,0,30562,0.799,0.567,0.453,400.0,400.0,0.3068,1303.6,0.0,1,1,0.927,1006.2,1,1,0.65,1167.4,0,55.732,0.078,0.922,0.2,0.0,0.5,0.99,0.0,0.5,0.0,0.677,0.677,0.5,0.455,0.0,0.187,0.0,0,0,0.318,0.504,0.0,1.0,0.054,0.21,0.871,0.0,0.51,0.391,0.0,1.0,0.72
37888,2026.08.25 00:19:40,XPTUSDm,BREAKOUT_RETEST,BUY,1,1887.75,1879.04,1896.72,1.03,0.532,1876.302,1885.924,1872.34,1,0.34,0.108,0.5897,1877.18825,1880.37225,1908.72,1826.8265,1,0.003,0.6,2,1876.302,0.739,0.0,1,0.0,0.0,1891.875,1834.806,4.612,0,0,0,0.825,-0.58,-0.069,0.58,0.117,0,0.69,3,0.822,1888.754,1884.792,0.396,0.083,0.0,2,0.4,4,0.607,2.063,3.875,0.532,0.499,1,1876.302,8,0.748,0.208,0.425,0.174,0.14,0.509,0.869,1631.91413,1598.21037,1752.53225,675.2426,9.9802,2,1627.2225,0.489,1852.4205,0.386,1852.4205,0.386,-1,0.137,1,0,30563,0.799,0.567,0.453,400.0,400.0,0.3167,1263.0,0.0,1,1,0.927,1006.2,1,1,0.65,1167.4,0,57.035,0.074,0.926,0.2,0.0,0.5,0.0,0.0,0.5,0.0,0.299,0.455,0.5,0.524,0.0,0.49,0.0,0,0,0.38,0.451,0.0,0.926,0.054,0.395,0.602,0.0,0.46,0.391,0.0,1.0,0.711
37890,2026.08.25 02:47:40,XPTUSDm,MEAN_REVERSION,BUY,1,1867.31,1855.85,1892.36,2.18,0.779,1888.355,1891.49,1882.712,0,0.818,0.057,-1.7476,1877.18475,1880.37225,1908.72,1833.126,1,0.012,0.35,0,1888.355,0.779,0.758,0,0.0,0.0,1884.73625,1834.806,2.743,0,0,0,0.162,0.0,0.0072,0.168,0.01,0,0.878,0,0.556,1887.728,1873.307,1.704,0.698,0.0,2,0.4,0,0.878,0.892,1.989,0.448,0.426,1,1888.355,8,0.756,0.0,0.457,0.0,0.251,0.748,0.99,1631.91413,1598.21037,1752.53225,675.2426,9.9802,2,1627.2225,0.489,1852.4205,0.386,1852.4205,0.386,-1,0.137,1,0,30565,0.799,0.567,0.453,400.0,400.0,0.2791,1433.1,0.0,1,1,0.927,1006.2,1,1,0.65,1167.4,0,48.84,0.074,0.926,0.2,0.0,0.5,0.18,0.0,0.5,0.0,0.578,0.408,0.5,0.386,0.0,0.454,0.0,0,0,0.352,0.465,0.0,0.819,0.071,0.389,0.285,0.0,0.505,0.391,0.0,1.0,0.737
37892,2026.08.25 03:00:00,XPTUSDm,BREAKOUT,BUY,1,1859.24,1836.65,1896.88,1.67,0.531,1887.464,1895.472,1877.168,0,1.988,0.013,-2.1401,1878.65425,1880.37225,1908.72,1839.4255,1,0.017,0.4,0,1887.464,0.675,0.358,0,0.0,0.0,1861.9975,1834.806,1.357,0,0,0,0.675,0.685,0.0676,0.685,0.078,0,0.695,2,0.379,1888.608,1854.288,2.216,0.063,0.6327,0,0.15,2,1.0,1.304,2.216,0.588,0.515,2,1834.806,6,0.65,0.0,0.337,0.906,0.053,0.703,0.948,1631.91413,1598.21037,1752.53225,675.2426,9.9802,2,1627.2225,0.489,1852.4205,0.386,1852.4205,0.386,-1,0.137,1,0,30566,0.799,0.567,0.453,400.0,400.0,0.2657,1505.7,0.0,1,1,0.927,1006.2,1,1,0.65,1167.4,-1,45.948,0.074,0.926,0.2,0.0,0.0,0.1,0.0,0.5,0.0,0.391,0.366,0.5,0.36,0.0,0.481,0.0,0,0,0.38,0.355,0.0,0.79,0.167,0.956,0.368,0.0,0.43,0.391,0.0,1.0,0.882
37894,2026.08.25 03:08:20,XPTUSDm,SWEEP_REVERSAL,BUY,1,1862.45,1847.39,1891.46,1.93,0.157,1887.464,1895.472,1877.168,0,1.988,0.013,-1.9269,1878.65425,1880.37225,1908.72,1839.4255,1,0.015,0.4,0,1887.464,0.675,0.358,0,0.0,0.0,1861.9975,1834.806,1.357,0,0,0,0.675,0.685,0.0676,0.685,0.112,0,0.73,2,0.379,1888.608,1860.008,2.003,0.103,0.0,2,0.15,0,0.73,0.868,2.003,0.433,0.397,1,1834.806,6,0.65,0.0,0.326,0.206,0.053,0.703,0.907,1631.91413,1598.21037,1752.53225,675.2426,9.9802,2,1627.2225,0.489,1852.4205,0.386,1852.4205,0.386,-1,0.137,1,0,30566,0.799,0.567,0.453,400.0,400.0,0.2657,1505.7,0.0,1,1,0.927,1006.2,1,1,0.65,1167.4,-1,46.161,0.074,0.926,0.2,0.0,0.0,0.79,0.0,0.5,0.0,0.668,0.47,0.5,0.462,0.0,0.448,0.0,0,0,0.336,0.334,0.0,0.532,0.201,0.497,0.289,0.0,0.479,0.391,0.0,1.0,0.81
37896,2026.08.25 03:49:20,XPTUSDm,TREND_CONTINUATION,BUY,1,1857.39,1839.32,1895.03,2.08,0.433,1887.464,1895.472,1877.168,0,1.988,0.013,-2.263,1878.65425,1880.37225,1908.72,1839.4255,1,0.018,0.4,0,1887.464,0.675,0.358,0,0.0,0.0,1861.9975,1834.806,1.357,0,0,0,0.675,0.685,0.0676,0.685,0.02,0,0.73,2,0.379,1888.608,1854.288,2.339,0.06,0.0,2,0.15,0,0.73,1.046,2.339,0.447,0.417,1,1834.806,6,0.65,0.0,0.354,0.206,0.053,0.703,0.948,1631.91413,1598.21037,1752.53225,675.2426,9.9802,2,1627.2225,0.489,1852.4205,0.386,1852.4205,0.386,-1,0.137,1,0,30566,0.799,0.567,0.453,400.0,400.0,0.2657,1505.7,0.0,1,1,0.927,1006.2,1,1,0.65,1167.4,-1,45.825,0.074,0.926,0.2,0.0,0.0,0.0,0.0,0.5,0.0,1.0,0.645,0.5,0.468,0.0,0.325,0.0,0,0,0.357,0.207,0.0,0.532,0.175,0.512,0.278,0.0,0.491,0.391,0.0,1.0,0.81
37898,2026.08.25 04:53:40,XPTUSDm,MEAN_REVERSION,BUY,1,1855.62,1843.98,1890.94,3.03,0.66,1886.9375,1897.76,1866.495,0,0.213,0.709,-2.4279,1880.19825,1880.37225,1908.72,1845.725,1,0.02,0.65,0,1889.3425,0.779,0.0,2,0.0,0.0,0.0,1834.806,1.222,0,0,0,0.32,-0.4486,-0.0204,0.449,0.267,0,0.654,3,0.785,1855.6725,1865.2925,0.279,0.94,0.0,2,0.0,0,0.654,1.063,2.593,0.41,0.463,1,1834.806,6,0.65,0.443,0.22,0.135,0.0,0.617,0.873,1631.91413,1598.21037,1752.53225,653.4316,-21.811,1,1627.2225,0.489,1852.4205,0.385,1852.4205,0.385,-1,0.0,1,0,30567,0.799,0.567,0.453,400.0,400.0,0.275,1454.6,0.0,1,1,0.927,1006.2,1,1,0.65,1167.4,-1,47.312,0.091,0.909,0.2,1.0,0.0,0.99,0.0,0.5,0.0,0.7,0.404,0.5,0.569,0.0,0.238,0.0,0,0,0.323,0.606,0.0,0.66,0.036,0.802,0.272,0.0,0.48,0.391,0.0,1.0,0.837
37900,2026.08.25 08:14:40,XPTUSDm,SWEEP_REVERSAL,BUY,2,1848.54,1836.27,1862.28,1.12,0.126,1858.27725,1860.4785,1851.6735,0,0.025,0.549,-1.1191,1878.4345,1880.37225,1902.4205,1852.0245,0,0.029,0.5,0,1858.27725,0.799,0.785,0,0.0,0.0,1857.4825,1834.806,1.65,0,0,0,0.65,-0.825,-0.3504,0.825,0.074,0,0.65,0,0.568,1852.99425,1846.3905,0.689,0.151,0.0,2,0.0,0,0.65,0.491,1.119,0.439,0.392,1,1834.806,6,0.65,0.0,0.278,0.247,0.114,0.811,0.878,1631.91413,1598.21037,1752.53225,655.235,1.8034,2,1627.2225,0.49,1837.4073,0.377,1837.4073,0.377,-1,0.0,1,0,30571,0.783,0.573,0.452,400.0,400.0,0.3259,1227.5,0.0,1,1,0.927,1006.2,1,1,0.65,1167.4,-1,55.49,0.074,0.926,0.2,0.0,0.0,0.0,0.0,0.5,0.0,0.473,0.406,0.5,0.462,0.0,0.415,0.0,0,0,0.361,0.602,0.0,0.475,0.048,0.358,0.261,0.0,0.503,0.391,0.0,1.0,0.832
37902,2026.08.25 09:07:20,XPTUSDm,MEAN_REVERSION,BUY,2,1847.13,1837.23,1861.08,1.41,0.609,1857.0815,1860.333,1851.043,0,0.456,0.22,-1.1278,1880.93375,1880.37225,1902.4205,1852.0245,0,0.03,0.5,0,1857.0815,0.8,0.599,0,0.0,0.0,1853.0025,1834.806,1.119,0,0,-1,1.0,-0.86,-0.3746,0.86,0.031,0,0.69,0,0.426,1854.759,1845.9335,0.94,0.227,0.0,2,0.15,0,0.69,0.502,1.128,0.445,0.368,1,1834.806,6,0.65,0.0,0.351,0.258,0.138,0.847,0.786,1631.91413,1598.21037,1752.53225,655.235,1.8034,2,1627.2225,0.49,1837.4073,0.377,1837.4073,0.377,-1,0.0,1,0,30572,0.783,0.573,0.452,400.0,400.0,0.3233,1237.1,0.0,1,1,0.927,1006.2,1,1,0.65,1167.4,-1,54.947,0.074,0.926,0.2,0.0,0.0,0.13,0.0,0.5,0.0,0.647,0.442,0.5,0.461,0.0,0.434,0.0,0,0,0.347,0.361,0.0,0.477,0.071,0.398,0.251,0.0,0.523,0.391,0.0,1.0,0.76
37904,2026.08.25 11:07:40,XPTUSDm,MEAN_REVERSION,BUY,2,1850.96,1840.76,1859.46,0.83,0.531,1847.24975,1855.4585,1845.608,1,0.004,0.254,-0.0227,1879.6925,1880.37225,1896.121,1845.725,1,0.026,0.45,0,1847.24975,0.734,0.591,0,0.0,0.0,0.0,1834.806,0.972,0,0,0,1.0,-0.93,-0.2851,0.93,1.0,2,0.583,1,0.059,1847.797,1843.419,0.066,0.278,0.0,2,0.15,0,0.583,0.286,0.953,0.3,0.272,0,1855.4585,4,0.6,0.869,0.06,0.279,0.053,0.862,0.896,1631.91413,1598.21037,1752.53225,655.235,1.8034,2,1627.2225,0.49,1837.4073,0.377,1837.4073,0.377,-1,0.0,1,0,30574,0.783,0.573,0.452,400.0,400.0,0.3138,1274.9,0.0,1,1,0.927,1006.2,1,1,0.65,1167.4,-1,53.619,0.074,0.926,0.2,0.0,0.0,0.31,0.0,0.5,0.0,0.759,0.395,0.5,0.521,0.0,0.353,0.0,0,0,0.361,0.76,0.0,0.634,0.054,0.39,0.475,0.0,0.537,0.391,0.0,1.0,0.675
37906,2026.08.25 12:39:40,XPTUSDm,SWEEP_REVERSAL,BUY,2,1841.1,1828.05,1853.02,0.91,0.15,1849.02,1851.89,1846.15,0,0.007,0.447,-0.9136,1851.9995,1880.37225,1896.121,1845.725,0,0.033,0.35,0,1849.02,0.72,0.747,0,0.0,0.0,0.0,1834.806,1.208,0,0,0,0.8,-0.965,-0.1866,0.965,0.028,0,0.77,0,0.738,1847.38,1842.46,0.788,0.411,0.0,2,0.0,0,0.77,0.407,0.914,0.446,0.452,1,1849.02,8,0.744,0.0,0.292,0.29,0.148,0.959,0.963,1631.91413,1598.21037,1752.53225,685.3311,30.0961,2,1627.2225,0.491,1837.4073,0.366,1837.4073,0.366,-1,0.0,1,0,30575,0.783,0.573,0.452,400.0,400.0,0.3066,1304.7,0.0,1,1,0.927,1006.2,1,1,0.65,1167.4,-1,51.636,0.074,0.926,0.2,0.0,0.0,0.0,0.0,0.5,0.0,0.378,0.446,0.5,0.516,0.0,0.393,0.0,0,0,0.344,0.641,0.0,0.713,0.054,0.237,0.232,0.0,0.491,0.391,0.0,1.0,0.832
37908,2026.08.25 13:07:40,XPTUSDm,MEAN_REVERSION,BUY,4,1838.43,1827.7,1851.41,1.21,0.568,1847.41125,1851.1845,1846.1535,0,0.175,0.326,-0.968,1851.744,1880.37225,1896.121,1845.725,0,0.034,0.3,4,1847.41125,0.737,0.673,0,0.0,0.0,1844.26125,1834.806,0.703,0,0,-1,1.0,-1.0,-0.0607,1.0,0.02,2,0.644,2,0.123,1847.8305,1839.02625,0.999,0.343,0.0,2,0.0,0,0.644,0.447,0.999,0.447,0.335,0,1847.41125,8,0.747,0.0,0.294,0.3,0.15,0.856,0.96,1631.91413,1598.21037,1752.53225,685.3311,30.0961,2,1627.2225,0.491,1837.4073,0.366,1837.4073,0.366,-1,0.0,1,0,30576,0.783,0.573,0.452,400.0,400.0,0.2983,1341.1,0.0,1,1,0.927,1006.2,1,1,0.65,1167.4,-1,50.037,0.074,0.926,0.2,0.0,0.0,0.0,0.0,0.5,0.0,0.591,0.458,0.5,0.512,0.0,0.488,0.0,0,0,0.374,0.637,0.0,0.525,0.054,0.236,0.239,0.0,0.507,0.391,0.0,1.0,0.798
0,2026.08.25 15:00:00,XPTUSDm,ANCHORED_PULLBACK,BUY,4,1858.42,1858.06,1865.35,19.36,0.831,1847.48625,1852.64,1839.3875,0,0.281,0.237,0.4877,1848.92675,1880.37225,1889.8215,1839.4255,1,0.018,0.45,0,1847.48625,0.734,0.658,0,0.0,0.0,1855.1325,0.0,0.0,0,0,0,1.0,-1.0,-0.151,1.0,0.297,2,0.643,0,0.59,1848.2225,1853.37625,0.436,0.073,0.1529,0,0.15,2,1.0,1.666,3.0,0.555,0.59,2,1847.48625,8,0.747,0.128,0.271,1.0,0.17,0.752,0.788,1631.91413,1598.21037,1752.53225,685.3311,30.0961,2,1627.2225,0.491,1837.4073,0.366,1837.4073,0.366,-1,0.0,1,0,30578,0.783,0.573,0.452,400.0,400.0,0.2813,1421.8,0.0,1,1,0.927,1006.2,1,1,0.65,1167.4,-1,48.602,0.074,0.926,0.2,0.0,0.0,0.22,0.0,0.5,0.0,0.685,0.492,0.5,0.477,0.0,0.473,0.0,0,0,0.337,0.622,0.0,0.735,0.054,0.669,0.43,0.0,0.443,0.391,0.0,1.0,0.81
37910,2026.08.25 17:11:20,XPTUSDm,MEAN_REVERSION,BUY,3,1850.79,1845.75,1858.51,1.53,0.559,1854.51475,1858.3685,1842.9535,1,0.056,1.101,-0.6441,1851.401,1877.6395,1891.767,1846.559,1,0.026,0.5,2,1854.51475,0.776,0.624,0,0.0,0.0,0.0,0.0,0.0,0,0,0,0.8,-1.0,-0.0834,1.0,0.312,2,0.568,2,0.092,1853.744,1838.329,0.58,0.706,0.0,2,0.0,0,0.568,1.21,3.0,0.403,0.406,1,1842.9535,5,0.6,0.0,0.206,0.3,0.0,0.887,0.767,1631.91413,1598.21037,1773.71025,792.887,107.5559,2,1627.2225,0.492,1829.9007,0.366,1829.9007,0.366,-1,0.017,1,0,30580,0.794,0.571,0.455,400.0,400.0,0.3335,1199.3,0.0,1,1,0.927,1006.2,1,1,0.65,1167.4,-1,56.983,0.087,0.913,0.2,0.0,0.0,0.0,0.0,0.5,0.0,0.876,0.419,0.5,0.542,0.0,0.386,0.0,0,0,0.366,0.673,0.0,0.605,0.048,0.345,0.458,0.0,0.524,0.391,0.0,1.0,0.78
37912,2026.08.25 19:00:00,XPTUSDm,PULLBACK,BUY,3,1859.23,1841.92,1899.1,2.3,0.306,1853.022,1854.662,1850.07,0,0.135,0.32,0.1914,1851.401,1879.2165,1895.103,1849.713,1,0.021,0.35,0,1851.71,0.754,0.763,0,0.0,0.0,0.0,0.0,0.0,0,0,0,0.412,0.647,0.0452,0.647,0.311,0,0.703,0,0.49,1852.694,1859.254,0.22,0.349,-0.2635,1,0.0,0,0.703,1.21,3.0,0.403,0.497,1,1851.71,8,0.751,0.56,0.507,0.194,0.098,0.949,0.921,1631.91413,1598.21037,1773.71025,792.887,107.5559,2,1627.2225,0.492,1829.9007,0.366,1829.9007,0.366,-1,0.017,1,0,30582,0.794,0.571,0.455,400.0,400.0,0.3467,1153.8,0.0,1,1,0.927,1006.2,1,1,0.65,1167.4,-1,59.962,0.087,0.913,0.2,0.0,0.0,0.92,0.0,0.5,0.0,0.735,0.659,0.5,0.522,0.0,0.323,0.0,0,0,0.381,0.822,0.0,0.748,0.054,0.081,0.581,0.0,0.509,0.391,0.0,1.0,0.777
37914,2026.08.25 19:20:40,XPTUSDm,TREND_CONTINUATION,BUY,3,1864.8,1850.95,1893.64,2.08,0.37,1853.022,1854.662,1850.07,0,0.135,0.32,0.6741,1851.401,1879.2165,1895.103,1849.713,1,0.016,0.35,0,1851.71,0.754,0.763,0,0.0,0.0,0.0,0.0,0.0,0,0,0,0.412,0.647,0.0452,0.647,0.054,0,0.766,0,0.49,1852.694,1859.254,0.703,0.134,0.0,2,0.0,0,0.766,1.326,3.0,0.442,0.526,2,1853.022,1,0.7,0.0,0.284,0.194,0.098,0.949,0.921,1631.91413,1598.21037,1773.71025,792.887,107.5559,2,1627.2225,0.492,1829.9007,0.366,1829.9007,0.366,-1,0.017,1,0,30582,0.794,0.571,0.455,400.0,400.0,0.3467,1153.8,0.0,1,1,0.927,1006.2,1,1,0.65,1167.4,-1,60.444,0.087,0.913,0.2,0.0,0.0,0.81,0.0,0.5,0.0,0.418,0.617,0.5,0.516,0.0,0.35,0.0,0,0,0.365,0.685,0.0,0.66,0.054,0.241,0.729,0.0,0.511,0.391,0.0,1.0,0.828
37916,2026.08.25 20:39:40,XPTUSDm,BREAKOUT,BUY,3,1863.38,1856.36,1890.93,3.92,0.425,1853.45825,1856.204,1848.359,0,0.755,0.028,0.5374,1854.835,1879.2165,1895.103,1849.713,1,0.018,0.5,0,1853.45825,0.72,0.349,0,0.0,0.0,0.0,0.0,0.0,0,0,0,0.75,0.72,0.0781,0.72,0.363,0,0.722,1,0.013,1852.2815,1857.38075,0.644,0.181,0.0,2,0.15,0,0.722,1.187,3.0,0.396,0.399,1,1853.45825,8,0.744,0.0,0.251,0.216,0.053,0.81,0.889,1631.91413,1598.21037,1773.71025,793.8092,0.9222,2,1627.2225,0.492,1829.9007,0.366,1829.9007,0.366,-1,0.031,1,0,30583,0.794,0.571,0.455,400.0,400.0,0.363,1101.9,0.0,1,1,0.927,1006.2,1,1,0.65,1167.4,-1,63.164,0.087,0.913,0.2,0.0,0.0,0.0,0.0,0.5,0.0,0.7,0.386,0.5,0.479,0.0,0.484,0.0,0,0,0.406,0.461,0.383,0.753,0.054,0.329,0.691,0.0,0.496,0.391,0.0,1.0,0.81
0,2026.08.25 20:50:40,XPTUSDm,BREAKOUT_RETEST,BUY,3,1858.95,1855.64,1864.13,1.57,0.486,1853.45825,1856.204,1848.359,1,0.755,0.028,0.1354,1854.835,1879.2165,1895.103,1849.713,1,0.022,0.5,0,1853.45825,0.72,0.349,0,0.0,0.0,0.0,0.0,0.0,0,0,0,0.75,0.72,0.0781,0.72,0.282,0,0.722,1,0.013,1852.2815,1857.38075,0.242,0.221,0.0,2,0.15,0,0.722,1.223,3.0,0.408,0.403,1,1848.359,5,0.6,0.516,0.276,0.216,0.053,0.81,0.889,1631.91413,1598.21037,1773.71025,793.8092,0.9222,2,1627.2225,0.492,1829.9007,0.366,1829.9007,0.366,-1,0.031,1,0,30583,0.794,0.571,0.455,400.0,400.0,0.363,1101.9,0.0,1,1,0.927,1006.2,1,1,0.65,1167.4,-1,62.762,0.087,0.913,0.2,0.0,0.0,0.0,0.0,0.5,0.0,1.0,0.378,0.5,0.57,0.0,0.378,0.0,0,0,0.395,0.557,0.156,0.753,0.054,0.324,0.529,0.0,0.513,0.391,0.0,1.0,0.772
37918,2026.08.25 22:05:00,XPTUSDm,PULLBACK,BUY,1,1865.24,1848.84,1899.1,2.06,0.581,1853.165,1859.54,1847.64,0,0.194,0.194,0.7384,1854.835,1879.2165,1895.103,1854.252,1,0.016,0.7,0,1853.165,0.749,0.165,0,0.0,0.0,0.0,0.0,0.0,0,0,0,0.55,0.755,0.1344,0.755,0.555,0,0.724,3,0.477,1859.115,1863.365,0.194,0.194,0.3708,0,0.15,2,1.0,1.55,3.0,0.517,0.551,2,1853.165,8,0.75,0.611,0.193,0.926,0.053,0.661,0.934,1631.91413,1598.21037,1773.71025,793.8092,0.9222,2,1627.2225,0.492,1829.9007,0.366,1829.9007,0.366,-1,0.031,1,0,30584,0.794,0.571,0.455,400.0,1588.0,0.3658,1093.6,0.0,1,1,0.927,1006.2,1,1,0.65,1167.4,-1,63.809,0.087,0.913,0.2,0.0,0.0,0.99,0.0,0.5,0.0,0.552,0.339,0.5,0.4,0.0,0.339,0.0,0,0,0.352,0.57,0.0,0.701,0.054,0.776,0.587,0.0,0.445,0.391,0.0,1.0,0.896
37919,2026.08.25 22:05:20,XPTUSDm,TREND_CONTINUATION,BUY,1,1865.31,1852.19,1892.65,2.08,0.402,1853.165,1859.54,1847.64,0,0.194,0.194,0.7448,1854.835,1879.2165,1895.103,1854.252,1,0.016,0.7,0,1853.165,0.749,0.165,0,0.0,0.0,0.0,0.0,0.0,0,0,0,0.55,0.755,0.1344,0.755,0.552,0,0.74,3,0.477,1859.115,1863.365,0.201,0.188,0.0,2,0.15,0,0.74,1.102,3.0,0.367,0.433,1,1853.165,8,0.75,0.599,0.194,0.226,0.053,0.661,0.934,1631.91413,1598.21037,1773.71025,793.8092,0.9222,2,1627.2225,0.492,1829.9007,0.366,1829.9007,0.366,-1,0.031,1,0,30584,0.794,0.571,0.455,400.0,1576.0,0.3658,1093.6,0.0,1,1,0.927,1006.2,1,1,0.65,1167.4,-1,63.815,0.087,0.913,0.2,0.0,0.0,0.99,0.0,0.5,0.0,0.657,0.355,0.5,0.455,0.0,0.292,0.0,0,0,0.34,0.582,0.0,0.574,0.054,0.458,0.632,0.0,0.498,0.391,0.0,1.0,0.828
37922,2026.08.25 22:39:40,XPTUSDm,BREAKOUT,BUY,1,1868.65,1862.02,1895.99,4.12,0.38,1853.165,1859.54,1847.64,0,0.194,0.194,1.0502,1854.835,1879.2165,1895.103,1854.252,1,0.013,0.7,0,1853.165,0.749,0.165,0,0.0,0.0,0.0,0.0,0.0,0,0,0,0.55,0.755,0.1344,0.755,0.061,0,0.74,3,0.477,1859.115,1863.365,0.506,0.117,0.0,2,0.15,0,0.74,1.323,3.0,0.441,0.459,1,1859.115,2,0.55,0.0,0.342,0.226,0.053,0.661,0.934,1631.91413,1598.21037,1773.71025,793.8092,0.9222,2,1627.2225,0.492,1829.9007,0.366,1829.9007,0.366,-1,0.031,1,0,30584,0.794,0.571,0.455,400.0,400.0,0.3658,1093.6,0.0,1,1,0.927,1006.2,1,1,0.65,1167.4,-1,64.121,0.087,0.913,0.2,0.0,0.0,0.92,0.0,0.5,0.0,1.0,0.706,0.5,0.547,0.0,0.185,0.0,0,0,0.362,0.477,0.0,0.883,0.054,0.452,0.727,0.0,0.498,0.391,0.0,1.0,0.828
37924,2026.08.25 23:41:40,XPTUSDm,BREAKOUT_RETEST,BUY,1,1861.92,1856.0,1869.62,1.3,0.566,1853.0575,1860.866,1851.36,1,0.115,0.142,0.4586,1854.835,1880.76675,1891.518,1852.8135,1,0.022,0.7,2,1853.0575,0.731,0.695,0,0.0,0.0,0.0,0.0,0.0,0,0,0,0.9,0.79,0.1982,0.79,0.209,2,0.607,3,0.585,1859.1685,1856.113,0.118,0.17,0.0,2,0.15,0,0.607,1.256,3.0,0.419,0.449,1,1853.0575,8,0.746,0.764,0.297,0.237,0.053,0.803,0.827,1631.91413,1598.21037,1773.71025,793.8092,0.9222,2,1627.2225,0.492,1829.9007,0.366,1829.9007,0.366,-1,0.031,1,0,30585,0.794,0.571,0.455,400.0,400.0,0.3773,1060.3,0.0,1,1,0.927,1006.2,1,1,0.65,1167.4,-1,65.503,0.087,0.913,0.2,0.0,0.0,0.0,0.0,0.5,0.0,0.786,0.417,0.5,0.509,0.0,0.232,0.0,0,0,0.295,0.537,0.534,0.882,0.0,0.396,0.543,0.0,0.498,0.391,0.0,1.0,0.795
37926,2026.08.26 00:05:20,XPTUSDm,PULLBACK,BUY,1,1863.92,1848.7,1896.31,2.13,0.499,1859.29175,1862.9465,1858.295,1,0.024,0.5,0.0619,1854.835,1877.955,1892.312,1851.292,1,0.018,0.35,0,1859.29175,0.71,0.75,0,0.0,0.0,0.0,0.0,0.0,0,0,0,0.65,0.65,0.2329,0.65,0.998,0,0.689,2,0.142,1859.624,1853.31125,0.029,0.651,0.0,2,0.25,0,0.689,0.901,3.0,0.3,0.382,1,0.0,0,0.0,0.942,0.1,0.195,0.088,0.998,0.907,1631.91413,1598.21037,1773.71025,815.1952,21.386,2,1627.2225,0.492,1829.9007,0.365,1829.9007,0.365,-1,0.038,1,0,30586,0.794,0.571,0.455,400.0,400.0,0.3943,1014.4,0.0,1,1,0.927,1006.2,1,1,0.65,1167.4,-1,68.661,0.087,0.913,0.2,0.0,0.0,0.74,0.0,0.5,0.0,0.269,0.523,0.5,0.786,0.0,0.569,0.0,0,0,0.477,0.8,0.088,0.731,0.0,0.208,0.479,0.0,0.512,0.391,0.0,1.0,0.841
37927,2026.08.26 00:05:20,XPTUSDm,TREND_CONTINUATION,BUY,1,1863.92,1851.75,1889.28,2.08,0.41,1859.29175,1862.9465,1858.295,1,0.024,0.5,0.0619,1854.835,1877.955,1892.312,1851.292,1,0.018,0.35,0,1859.29175,0.71,0.75,0,0.0,0.0,0.0,0.0,0.0,0,0,0,0.65,0.65,0.2329,0.65,0.998,0,0.689,2,0.142,1859.624,1853.31125,0.029,0.651,0.0,2,0.25,0,0.689,0.901,3.0,0.3,0.382,1,0.0,0,0.0,0.942,0.1,0.195,0.088,0.998,0.907,1631.91413,1598.21037,1773.71025,815.1952,21.386,2,1627.2225,0.492,1829.9007,0.365,1829.9007,0.365,-1,0.038,1,0,30586,0.794,0.571,0.455,400.0,400.0,0.3943,1014.4,0.0,1,1,0.927,1006.2,1,1,0.65,1167.4,-1,68.661,0.087,0.913,0.2,0.0,0.0,0.73,0.0,0.5,0.0,0.269,0.523,0.5,0.786,0.0,0.569,0.0,0,0,0.477,0.8,0.088,0.731,0.0,0.208,0.479,0.0,0.512,0.391,0.0,1.0,0.841
0,2026.08.26 01:41:40,XPTUSDm,BREAKOUT_RETEST,BUY,1,1863.75,1860.67,1867.56,1.24,0.594,1860.21175,1863.562,1857.606,1,0.312,0.34,-0.045,1854.38125,1878.855,1892.792,1852.972,1,0.019,0.4,0,1860.21175,0.753,0.626,0,0.0,0.0,1854.59775,0.0,0.0,0,0,0,1.0,0.685,0.2004,0.685,0.963,0,0.783,0,0.496,1860.584,1855.74475,0.081,0.39,0.0,2,0.25,0,0.783,0.917,3.0,0.306,0.441,1,1863.562,4,0.6,0.838,0.111,0.206,0.187,0.906,0.785,1631.91413,1598.21037,1773.71025,815.1952,21.386,2,1627.2225,0.492,1829.9007,0.365,1829.9007,0.365,-1,0.038,1,0,30587,0.794,0.571,0.455,400.0,400.0,0.3896,1026.6,0.0,1,1,0.927,1006.2,1,1,0.65,1167.4,-1,67.828,0.087,0.913,0.2,0.0,0.0,0.06,0.0,0.5,0.0,0.304,0.518,0.5,0.502,0.0,0.746,0.0,0,0,0.46,0.8,0.0,0.857,0.0,0.26,0.479,0.0,0.516,0.391,0.0,1.0,0.764
37930,2026.08.26 02:05:20,XPTUSDm,PULLBACK,BUY,1,1876.21,1865.53,1896.79,1.93,0.501,1859.50625,1865.2675,1857.935,0,0.704,0.044,1.1328,1852.6305,1878.855,1892.792,1852.972,1,0.006,0.35,0,1859.50625,0.687,0.63,0,0.0,0.0,1862.11425,0.0,0.0,0,0,0,1.0,0.895,0.0998,0.895,0.035,2,0.624,0,0.621,1861.0775,1871.5525,0.993,0.059,0.0,2,0.15,0,0.624,1.334,3.0,0.445,0.482,1,1859.50625,8,0.737,0.0,0.35,0.269,0.177,0.922,0.951,1631.91413,1598.21037,1773.71025,815.1952,21.386,2,1627.2225,0.492,1829.9007,0.365,1829.9007,0.365,-1,0.038,1,0,30588,0.794,0.571,0.455,400.0,400.0,0.3567,1121.4,0.0,1,1,0.927,1006.2,1,1,0.65,1167.4,-1,63.206,0.087,0.913,0.2,0.0,0.0,0.89,0.0,0.5,0.0,0.427,0.644,0.5,0.454,0.0,0.458,0.0,0,0,0.406,0.387,0.0,1.0,0.0,0.339,0.71,0.0,0.496,0.391,0.0,1.0,0.81
37931,2026.08.26 02:05:20,XPTUSDm,TREND_CONTINUATION,BUY,1,1876.21,1862.75,1904.25,2.08,0.589,1859.50625,1865.2675,1857.935,0,0.704,0.044,1.1328,1852.6305,1878.855,1892.792,1852.972,1,0.006,0.35,0,1859.50625,0.687,0.63,0,0.0,0.0,1862.11425,0.0,0.0,0,0,0,1.0,0.895,0.0998,0.895,0.035,2,0.624,0,0.621,1861.0775,1871.5525,0.993,0.059,0.0,2,0.15,0,0.624,1.334,3.0,0.445,0.482,1,1859.50625,8,0.737,0.0,0.35,0.269,0.177,0.922,0.951,1631.91413,1598.21037,1773.71025,815.1952,21.386,2,1627.2225,0.492,1829.9007,0.365,1829.9007,0.365,-1,0.038,1,0,30588,0.794,0.571,0.455,400.0,400.0,0.3567,1121.4,0.0,1,1,0.927,1006.2,1,1,0.65,1167.4,-1,63.206,0.087,0.913,0.2,0.0,0.0,0.88,0.0,0.5,0.0,0.427,0.644,0.5,0.454,0.0,0.458,0.0,0,0,0.406,0.387,0.0,1.0,0.0,0.339,0.71,0.0,0.496,0.391,0.0,1.0,0.81
37934,2026.08.26 02:39:40,XPTUSDm,BREAKOUT,BUY,1,1882.02,1865.53,1910.06,1.7,0.52,1859.50625,1865.2675,1857.935,0,0.704,0.044,1.6509,1852.6305,1878.855,1892.792,1852.972,1,0.001,0.35,0,1859.50625,0.687,0.63,0,0.0,0.0,1862.11425,0.0,0.0,0,0,0,1.0,0.895,0.0998,0.895,0.035,2,0.624,0,0.621,1861.0775,1871.5525,1.511,0.577,0.0,2,0.15,0,0.624,1.334,3.0,0.445,0.482,1,1859.50625,8,0.737,0.0,0.35,0.269,0.177,0.922,0.951,1631.91413,1598.21037,1773.71025,815.1952,21.386,2,1627.2225,0.492,1829.9007,0.365,1829.9007,0.365,-1,0.038,1,0,30588,0.794,0.571,0.455,400.0,400.0,0.3567,1121.4,0.0,1,1,0.927,1006.2,1,1,0.65,1167.4,-1,63.724,0.087,0.913,0.2,0.0,0.0,0.72,0.0,0.5,0.0,0.773,0.532,0.5,0.394,0.0,0.453,0.0,0,0,0.318,0.432,0.0,1.0,0.0,0.417,0.78,0.0,0.511,0.391,0.0,1.0,0.81
0,2026.08.26 03:01:40,XPTUSDm,ANCHORED_PULLBACK,BUY,1,1878.51,1875.5,1893.91,5.12,0.368,1859.11325,1870.352,1852.37,0,0.955,0.564,1.3379,1854.3785,1878.855,1888.81,1852.972,1,0.004,0.6,0,1859.11325,0.743,0.43,0,0.0,0.0,1879.22975,0.0,0.0,0,0,0,1.0,0.93,0.1117,0.93,0.458,2,0.621,1,0.069,1861.361,1877.09525,1.143,0.225,0.0,2,0.0,0,0.621,1.144,3.0,0.381,0.398,1,1859.11325,8,0.749,0.0,0.162,0.279,0.0,0.807,0.838,1631.91413,1598.21037,1773.71025,815.1952,21.386,2,1627.2225,0.492,1829.9007,0.365,1829.9007,0.365,-1,0.038,1,0,30589,0.794,0.571,0.455,400.0,400.0,0.3476,1150.8,0.0,1,1,0.927,1006.2,1,1,0.65,1167.4,-1,61.793,0.087,0.913,0.2,0.0,0.0,0.32,0.0,0.5,0.0,0.549,0.344,0.5,0.453,0.0,0.38,0.0,0,0,0.381,0.684,0.0,1.0,0.0,0.876,0.685,0.0,0.496,0.391,0.0,1.0,0.888
0,2026.08.26 03:41:40,XPTUSDm,BREAKOUT_RETEST,BUY,1,1869.69,1866.24,1883.34,3.95,0.605,1859.11325,1870.352,1852.37,1,0.955,0.564,0.5715,1854.3785,1878.855,1888.81,1852.972,1,0.011,0.6,0,1859.11325,0.743,0.43,0,0.0,0.0,1879.22975,0.0,0.0,0,0,0,1.0,0.93,0.1117,0.93,0.335,2,0.621,1,0.069,1861.361,1867.355,0.376,0.145,0.0,2,0.0,0,0.621,1.199,3.0,0.4,0.405,1,1859.11325,8,0.749,0.248,0.199,0.279,0.0,0.807,0.875,1631.91413,1598.21037,1773.71025,815.1952,21.386,2,1627.2225,0.492,1829.9007,0.365,1829.9007,0.365,-1,0.038,1,0,30589,0.794,0.571,0.455,400.0,400.0,0.3476,1150.8,0.0,1,1,0.927,1006.2,1,1,0.65,1167.4,-1,61.027,0.087,0.913,0.2,0.0,0.0,0.0,0.0,0.5,0.0,0.843,0.485,0.5,0.487,0.0,0.234,0.0,0,0,0.249,0.528,0.0,0.792,0.0,0.585,0.532,0.0,0.482,0.391,0.0,1.0,0.81
37936,2026.08.26 04:13:40,XPTUSDm,PULLBACK,BUY,1,1870.42,1861.24,1881.1,1.16,0.587,1869.60275,1874.8475,1858.364,1,0.019,0.951,-0.2828,1854.3785,1878.855,1888.81,1852.972,1,0.011,0.55,0,1869.60275,0.8,0.616,0,0.0,0.0,0.0,0.0,0.0,0,0,0,0.8,0.965,0.1243,0.965,0.903,2,0.594,0,0.617,1866.60575,1876.346,0.017,0.882,0.0,2,0.0,0,0.594,0.944,3.0,0.315,0.44,1,1858.364,5,0.6,0.967,0.029,0.29,0.123,0.831,0.634,1631.91413,1598.21037,1752.53225,672.2173,-142.9779,1,1627.2225,0.492,1829.9007,0.365,1829.9007,0.365,-1,0.081,1,0,30590,0.787,0.577,0.456,400.0,400.0,0.3554,1125.6,0.0,1,1,0.927,1006.2,1,1,0.65,1167.4,-1,62.459,0.18,0.82,0.2,1.0,0.0,0.22,0.0,0.5,0.0,0.776,0.484,0.5,0.564,0.0,0.295,0.0,0,0,0.297,0.817,0.0,0.634,0.0,0.582,0.496,0.0,0.509,0.391,0.0,1.0,0.919
37938,2026.08.26 04:47:40,XPTUSDm,BREAKOUT,BUY,1,1867.37,1861.24,1873.6,1.02,0.354,1869.60275,1874.8475,1858.364,1,0.019,0.951,-0.5537,1854.3785,1878.855,1888.81,1852.972,1,0.014,0.55,0,1869.60275,0.8,0.616,0,0.0,0.0,0.0,0.0,0.0,0,0,0,0.8,0.965,0.1243,0.965,0.712,2,0.594,0,0.617,1860.61175,1853.11925,0.245,0.911,0.0,2,0.0,0,0.594,1.03,3.0,0.343,0.456,1,1869.60275,8,0.76,0.51,0.086,0.29,0.123,0.881,0.78,1631.91413,1598.21037,1752.53225,672.2173,-142.9779,1,1627.2225,0.492,1829.9007,0.365,1829.9007,0.365,-1,0.081,1,0,30590,0.787,0.577,0.456,400.0,400.0,0.3554,1125.6,0.0,1,1,0.927,1006.2,1,1,0.65,1167.4,-1,62.188,0.18,0.82,0.2,1.0,0.0,0.0,0.0,0.5,0.0,0.641,0.489,0.5,0.552,0.0,0.248,0.0,0,0,0.271,0.751,0.0,0.713,0.0,0.498,0.456,0.0,0.507,0.391,0.0,1.0,0.919
37940,2026.08.26 05:00:00,XPTUSDm,TREND_CONTINUATION,BUY,1,1867.83,1855.52,1893.48,2.08,0.528,1866.674,1873.388,1859.96,1,0.014,0.741,-0.2772,1854.3785,1878.855,1888.81,1852.972,1,0.015,0.45,0,1866.674,0.747,0.332,0,0.0,0.0,0.0,0.0,0.0,0,0,0,0.8,1.0,0.1291,1.0,0.629,0,0.691,0,0.597,1865.182,1855.484,0.132,0.814,0.0,2,0.0,0,0.691,1.067,3.0,0.356,0.478,1,1859.96,5,0.6,0.736,0.111,0.3,0.119,0.848,0.955,1631.91413,1598.21037,1752.53225,672.2173,-142.9779,1,1627.2225,0.492,1829.9007,0.365,1829.9007,0.365,-1,0.081,1,0,30591,0.787,0.577,0.456,400.0,400.0,0.3899,1025.9,0.0,1,1,0.927,1006.2,1,1,0.65,1167.4,0,68.278,0.18,0.82,0.2,1.0,0.5,0.17,0.0,0.5,0.0,0.886,0.454,0.5,0.56,0.0,0.248,0.0,0,0,0.295,0.818,0.0,0.748,0.0,0.575,0.472,0.0,0.485,0.391,0.0,1.0,0.872
0,2026.08.26 05:13:40,XPTUSDm,MEAN_REVERSION,BUY,1,1866.79,1862.93,1870.67,1.01,0.632,1866.674,1873.388,1859.96,1,0.014,0.741,-0.3786,1854.3785,1878.855,1888.81,1852.972,1,0.016,0.45,0,1866.674,0.747,0.332,0,0.0,0.0,0.0,0.0,0.0,0,0,0,0.8,1.0,0.1291,1.0,0.468,0,0.691,0,0.597,1865.182,1855.484,0.233,0.712,0.0,2,0.0,0,0.691,1.139,3.0,0.38,0.486,1,1866.674,8,0.749,0.534,0.16,0.3,0.119,0.848,0.955,1631.91413,1598.21037,1752.53225,672.2173,-142.9779,1,1627.2225,0.492,1829.9007,0.365,1829.9007,0.365,-1,0.081,1,0,30591,0.787,0.577,0.456,400.0,400.0,0.3899,1025.9,0.0,1,1,0.927,1006.2,1,1,0.65,1167.4,0,68.176,0.18,0.82,0.2,1.0,0.5,0.0,0.0,0.5,0.0,0.589,0.385,0.5,0.504,0.0,0.223,0.0,0,0,0.309,0.815,0.0,0.704,0.0,0.547,0.439,0.0,0.479,0.391,0.0,1.0,0.872
0,2026.08.26 05:41:40,XPTUSDm,BREAKOUT_RETEST,BUY,1,1872.77,1869.65,1877.39,1.48,0.551,1866.674,1873.388,1859.96,1,0.014,0.741,0.2043,1854.3785,1878.855,1888.81,1852.972,1,0.01,0.45,0,1866.674,0.747,0.332,0,0.0,0.0,0.0,0.0,0.0,0,0,0,0.8,1.0,0.1291,1.0,0.429,0,0.691,0,0.597,1869.658,1881.594,0.087,1.25,0.0,2,0.0,0,0.691,1.157,3.0,0.386,0.472,1,1873.388,4,0.6,0.827,0.171,0.3,0.119,0.714,0.939,1631.91413,1598.21037,1752.53225,672.2173,-142.9779,1,1627.2225,0.492,1829.9007,0.365,1829.9007,0.365,-1,0.081,1,0,30591,0.787,0.577,0.456,400.0,400.0,0.3899,1025.9,0.0,1,1,0.927,1006.2,1,1,0.65,1167.4,0,68.759,0.18,0.82,0.2,1.0,0.5,0.65,0.0,0.5,0.0,0.275,0.466,0.5,0.515,0.0,0.307,0.0,0,0,0.297,0.808,0.0,0.88,0.0,0.296,0.514,0.0,0.479,0.391,0.0,1.0,0.872
37942,2026.08.26 06:38:40,XPTUSDm,SWEEP_REVERSAL,BUY,1,1861.89,1852.29,1870.21,0.87,0.212,1866.21125,1871.5875,1862.79,0,0.063,0.776,-0.8671,1854.3785,1878.855,1888.81,1852.972,1,0.022,0.45,2,1866.21125,0.794,0.803,0,0.0,0.0,0.0,0.0,0.0,0,0,0,0.8,0.825,0.1207,0.825,0.175,0,0.703,3,0.609,1866.21125,1876.96375,0.867,1.987,0.0,2,0.25,0,0.703,1.271,3.0,0.424,0.459,1,1866.21125,8,0.759,0.0,0.347,0.247,0.088,0.775,0.871,1631.91413,1598.21037,1752.53225,672.2173,-142.9779,1,1627.2225,0.492,1829.9007,0.365,1829.9007,0.365,-1,0.081,1,0,30592,0.787,0.577,0.456,400.0,400.0,0.4168,959.7,0.0,1,1,0.927,1006.2,1,1,0.65,1167.4,0,72.364,0.18,0.82,0.2,1.0,0.5,0.0,0.0,0.5,0.0,0.309,0.275,0.5,0.542,0.0,0.479,0.0,0,0,0.489,0.659,0.0,0.67,0.0,0.362,0.287,0.0,0.481,0.391,0.0,1.0,0.95
37944,2026.08.26 07:16:59,XPTUSDm,PULLBACK,BUY,1,1870.15,1855.65,1892.81,1.56,0.659,1865.91275,1869.713,1862.957,1,0.411,0.287,0.0245,1854.3785,1878.855,1888.81,1852.972,1,0.013,0.4,0,1865.91275,0.739,0.569,0,0.0,0.0,0.0,0.0,0.0,0,0,0,1.0,1.0,0.0929,1.0,0.956,0,0.711,0,0.937,1866.335,1871.82425,0.019,0.587,0.0,2,0.15,0,0.711,0.92,3.0,0.307,0.477,1,1862.957,5,0.6,0.962,0.073,0.3,0.24,0.781,0.955,1631.91413,1598.21037,1752.53225,672.2173,-142.9779,1,1627.2225,0.492,1829.9007,0.365,1829.9007,0.365,-1,0.081,1,0,30593,0.787,0.577,0.456,400.0,400.0,0.4137,967.0,0.0,1,1,0.927,1006.2,1,1,0.65,1167.4,0,72.673,0.18,0.82,0.2,1.0,0.5,0.96,0.0,0.5,0.0,0.449,0.581,0.5,0.47,0.0,0.504,0.0,0,0,0.391,0.743,0.0,0.794,0.0,0.244,0.495,0.0,0.492,0.391,0.0,1.0,0.764
37945,2026.08.26 07:17:00,XPTUSDm,TREND_CONTINUATION,BUY,1,1870.15,1858.55,1894.33,2.08,0.598,1865.91275,1869.713,1862.957,1,0.411,0.287,0.0245,1854.3785,1878.855,1888.81,1852.972,1,0.013,0.4,0,1865.91275,0.739,0.569,0,0.0,0.0,0.0,0.0,0.0,0,0,0,1.0,1.0,0.0929,1.0,0.956,0,0.711,0,0.937,1866.335,1871.82425,0.019,0.587,0.0,2,0.15,0,0.711,0.92,3.0,0.307,0.477,1,1862.957,5,0.6,0.962,0.073,0.3,0.24,0.781,0.955,1631.91413,1598.21037,1752.53225,672.2173,-142.9779,1,1627.2225,0.492,1829.9007,0.365,1829.9007,0.365,-1,0.081,1,0,30593,0.787,0.577,0.456,400.0,400.0,0.4137,967.0,0.0,1,1,0.927,1006.2,1,1,0.65,1167.4,0,72.673,0.18,0.82,0.2,1.0,0.5,0.95,0.0,0.5,0.0,0.449,0.616,0.5,0.47,0.0,0.504,0.0,0,0,0.412,0.743,0.0,0.794,0.0,0.244,0.495,0.0,0.492,0.391,0.0,1.0,0.764
37946,2026.08.26 07:18:40,XPTUSDm,MEAN_REVERSION,BUY,1,1867.5,1859.76,1873.71,0.8,0.647,1865.91275,1869.713,1862.957,1,0.411,0.287,-0.2495,1854.3785,1878.855,1888.81,1852.972,1,0.016,0.4,0,1865.91275,0.739,0.569,0,0.0,0.0,0.0,0.0,0.0,0,0,0,1.0,1.0,0.0929,1.0,0.376,0,0.711,0,0.937,1866.335,1858.31225,0.293,0.536,0.0,2,0.15,0,0.711,1.181,3.0,0.394,0.508,2,1869.713,4,0.6,0.414,0.247,0.3,0.24,0.781,0.988,1631.91413,1598.21037,1752.53225,672.2173,-142.9779,1,1627.2225,0.492,1829.9007,0.365,1829.9007,0.365,-1,0.081,1,0,30593,0.787,0.577,0.456,400.0,400.0,0.4137,967.0,0.0,1,1,0.927,1006.2,1,1,0.65,1167.4,0,72.399,0.18,0.82,0.2,1.0,0.5,0.49,0.0,0.5,0.0,0.529,0.55,0.5,0.47,0.0,0.432,0.0,0,0,0.344,0.631,0.0,0.75,0.0,0.244,0.45,0.0,0.472,0.391,0.0,1.0,0.795
0,2026.08.26 07:41:40,XPTUSDm,BREAKOUT_RETEST,BUY,1,1869.26,1866.36,1873.71,1.53,0.639,1865.91275,1869.713,1862.957,1,0.411,0.287,-0.0675,1854.3785,1878.855,1888.81,1852.972,1,0.014,0.4,0,1865.91275,0.739,0.569,0,0.0,0.0,0.0,0.0,0.0,0,0,0,1.0,1.0,0.0929,1.0,0.57,0,0.711,0,0.937,1866.335,1871.82425,0.111,0.679,0.0,2,0.15,0,0.711,1.094,3.0,0.365,0.497,1,1869.713,4,0.6,0.778,0.189,0.3,0.24,0.781,0.955,1631.91413,1598.21037,1752.53225,672.2173,-142.9779,1,1627.2225,0.492,1829.9007,0.365,1829.9007,0.365,-1,0.081,1,0,30593,0.787,0.577,0.456,400.0,400.0,0.4137,967.0,0.0,1,1,0.927,1006.2,1,1,0.65,1167.4,0,72.581,0.18,0.82,0.2,1.0,0.5,0.29,0.0,0.5,0.0,0.659,0.458,0.5,0.484,0.0,0.411,0.0,0,0,0.335,0.669,0.0,0.75,0.0,0.244,0.484,0.0,0.474,0.391,0.0,1.0,0.717
37950,2026.08.26 08:51:40,XPTUSDm,SWEEP_REVERSAL,BUY,2,1862.03,1852.2,1870.89,0.9,0.25,1866.2275,1867.895,1862.559,0,0.025,0.568,-0.8343,1851.7155,1878.855,1888.81,1852.972,1,0.021,0.4,0,1866.8945,0.729,0.796,0,0.0,0.0,1863.6495,0.0,0.0,0,0,0,0.8,0.825,0.0661,0.825,0.014,0,0.696,0,0.645,1864.2265,1858.8905,0.631,0.088,0.0,2,0.25,0,0.696,1.344,3.0,0.448,0.482,1,1866.8945,8,0.746,0.0,0.396,0.247,0.216,0.864,0.928,1631.91413,1598.21037,1752.53225,709.8056,37.5883,2,1627.2225,0.492,1829.9007,0.367,1829.9007,0.367,-1,0.094,1,0,30594,0.787,0.577,0.456,400.0,400.0,0.4071,982.6,0.0,1,1,0.927,1006.2,1,1,0.65,1167.4,0,70.695,0.074,0.926,0.2,0.0,0.5,0.0,0.0,0.5,0.0,0.447,0.618,0.5,0.475,0.0,0.309,0.0,0,0,0.337,0.647,0.0,0.676,0.0,0.224,0.294,0.0,0.487,0.391,0.0,1.0,0.95
37952,2026.08.26 09:18:40,XPTUSDm,MEAN_REVERSION,BUY,2,1860.53,1852.54,1869.03,1.06,0.664,1865.02925,1868.312,1861.7465,0,0.418,0.094,-0.851,1851.7155,1878.855,1888.81,1852.972,1,0.022,0.45,0,1865.02925,0.777,0.766,0,0.0,0.0,1858.85175,0.0,0.0,0,0,0,1.0,1.0,0.0655,1.0,0.026,0,0.745,0,0.698,1864.6645,1857.73425,0.814,0.121,0.0,2,0.15,0,0.745,1.338,3.0,0.446,0.521,2,1865.02925,8,0.755,0.0,0.352,0.3,0.192,0.908,0.891,1631.91413,1598.21037,1752.53225,709.8056,37.5883,2,1627.2225,0.492,1829.9007,0.367,1829.9007,0.367,-1,0.094,1,0,30595,0.787,0.577,0.456,400.0,400.0,0.4005,998.8,0.0,1,1,0.927,1006.2,1,1,0.65,1167.4,0,69.397,0.074,0.926,0.2,0.0,0.5,0.0,0.0,0.5,0.0,1.0,0.417,0.5,0.516,0.0,0.358,0.0,0,0,0.348,0.568,0.0,0.968,0.0,0.254,0.283,0.0,0.475,0.391,0.0,1.0,0.872
0,2026.08.26 10:03:40,XPTUSDm,BREAKOUT_RETEST,BUY,2,1862.8,1859.74,1867.04,1.39,0.485,1863.039,1866.9,1858.32,1,0.511,0.332,-0.4163,1854.3785,1878.855,1888.81,1852.972,1,0.02,0.5,0,1863.039,0.733,0.174,0,0.0,0.0,0.0,0.0,0.0,0,0,0,0.73,0.5117,0.0108,0.512,0.689,0,0.802,0,0.663,1864.326,1854.888,0.543,0.384,0.0,2,0.25,0,0.802,1.04,3.0,0.347,0.489,1,1863.039,8,0.747,0.0,0.193,0.154,0.22,0.973,0.802,1631.91413,1598.21037,1752.53225,709.8056,37.5883,2,1627.2225,0.492,1829.9007,0.367,1829.9007,0.367,-1,0.094,1,0,30596,0.787,0.577,0.456,400.0,400.0,0.3928,1018.4,0.0,1,1,0.927,1006.2,1,1,0.65,1167.4,0,68.286,0.074,0.926,0.2,0.0,0.5,0.85,0.0,0.5,0.0,0.847,0.525,0.5,0.491,0.0,0.322,0.0,0,0,0.291,0.8,0.0,0.744,0.0,0.241,0.432,0.0,0.486,0.391,0.0,1.0,0.779
37954,2026.08.26 10:23:40,XPTUSDm,PULLBACK,BUY,2,1866.15,1861.3,1892.81,5.5,0.536,1863.039,1866.9,1858.32,1,0.511,0.332,-0.0873,1854.3785,1878.855,1888.81,1852.972,1,0.016,0.5,0,1863.039,0.733,0.174,0,0.0,0.0,0.0,0.0,0.0,0,0,0,0.73,0.5117,0.0108,0.512,0.826,0,0.802,0,0.663,1864.326,1854.888,0.214,0.713,0.0,2,0.25,0,0.802,0.978,3.0,0.326,0.482,1,1858.32,5,0.6,0.573,0.152,0.154,0.22,0.973,0.802,1631.91413,1598.21037,1752.53225,709.8056,37.5883,2,1627.2225,0.492,1829.9007,0.367,1829.9007,0.367,-1,0.094,1,0,30596,0.787,0.577,0.456,400.0,400.0,0.3928,1018.4,0.0,1,1,0.927,1006.2,1,1,0.65,1167.4,0,68.615,0.074,0.926,0.2,0.0,0.5,0.99,0.0,0.5,0.0,0.831,0.548,0.5,0.545,0.0,0.341,0.0,0,0,0.329,0.8,0.0,0.661,0.0,0.241,0.488,0.0,0.502,0.391,0.0,1.0,0.702
37955,2026.08.26 10:23:59,XPTUSDm,TREND_CONTINUATION,BUY,2,1866.14,1853.92,1891.6,2.08,0.454,1863.039,1866.9,1858.32,1,0.511,0.332,-0.0883,1854.3785,1878.855,1888.81,1852.972,1,0.016,0.5,0,1863.039,0.733,0.174,0,0.0,0.0,0.0,0.0,0.0,0,0,0,0.73,0.5117,0.0108,0.512,0.826,0,0.802,0,0.663,1864.326,1854.888,0.215,0.712,0.0,2,0.25,0,0.802,0.978,3.0,0.326,0.482,1,1858.32,5,0.6,0.571,0.152,0.154,0.22,0.973,0.802,1631.91413,1598.21037,1752.53225,709.8056,37.5883,2,1627.2225,0.492,1829.9007,0.367,1829.9007,0.367,-1,0.094,1,0,30596,0.787,0.577,0.456,400.0,400.0,0.3928,1018.4,0.0,1,1,0.927,1006.2,1,1,0.65,1167.4,0,68.614,0.074,0.926,0.2,0.0,0.5,0.98,0.0,0.5,0.0,0.831,0.558,0.5,0.545,0.0,0.341,0.0,0,0,0.334,0.8,0.0,0.661,0.0,0.241,0.488,0.0,0.502,0.391,0.0,1.0,0.702
37958,2026.08.26 10:47:40,XPTUSDm,BREAKOUT,BUY,2,1866.48,1861.3,1891.94,4.92,0.339,1863.039,1866.9,1858.32,1,0.511,0.332,-0.0549,1854.3785,1878.855,1888.81,1852.972,1,0.016,0.5,0,1863.039,0.733,0.174,0,0.0,0.0,0.0,0.0,0.0,0,0,0,0.73,0.5117,0.0108,0.512,0.826,0,0.802,0,0.663,1864.326,1869.903,0.181,0.729,0.0,2,0.25,0,0.802,0.978,3.0,0.326,0.482,1,1858.32,5,0.6,0.637,0.152,0.154,0.22,0.973,0.887,1631.91413,1598.21037,1752.53225,709.8056,37.5883,2,1627.2225,0.492,1829.9007,0.367,1829.9007,0.367,-1,0.094,1,0,30596,0.787,0.577,0.456,400.0,400.0,0.3928,1018.4,0.0,1,1,0.927,1006.2,1,1,0.65,1167.4,0,68.648,0.074,0.926,0.2,0.0,0.5,0.1,0.0,0.5,0.0,0.504,0.673,0.5,0.496,0.0,0.369,0.0,0,0,0.4,0.8,0.0,0.661,0.0,0.348,0.491,0.0,0.502,0.391,0.0,1.0,0.702
0,2026.08.26 12:00:00,XPTUSDm,ANCHORED_PULLBACK,BUY,2,1870.28,1869.91,1877.84,20.18,0.373,1865.369,1867.324,1858.722,1,0.013,0.142,0.0904,1859.7045,1878.855,1888.81,1852.972,1,0.012,0.55,0,1865.369,0.723,0.0,1,0.0,0.0,1862.88275,0.0,0.0,0,0,0,0.436,-0.4814,-0.0421,0.481,0.787,0,0.696,0,0.543,1865.76,1868.497,0.052,0.22,0.0,2,0.4,4,0.609,1.296,3.0,0.432,0.424,1,1858.722,5,0.6,0.897,0.224,0.144,0.249,0.905,0.889,1631.91413,1598.21037,1752.53225,737.9786,28.173,2,1627.2225,0.492,1829.9007,0.367,1829.9007,0.367,-1,0.097,1,0,30598,0.787,0.577,0.456,400.0,400.0,0.397,1007.6,0.0,1,1,0.927,1006.2,1,1,0.65,1167.4,1,69.76,0.074,0.926,0.2,0.0,1.0,0.96,0.0,0.5,0.0,0.39,0.528,0.5,0.522,0.0,0.435,0.0,0,0,0.347,0.771,0.0,0.777,0.0,0.338,0.539,0.0,0.463,0.391,0.0,1.0,0.739
37960,2026.08.26 12:03:40,XPTUSDm,BREAKOUT_RETEST,BUY,2,1866.95,1861.71,1875.63,1.66,0.345,1865.369,1867.324,1858.722,1,0.013,0.142,-0.2401,1859.7045,1878.855,1888.81,1852.972,1,0.016,0.55,0,1865.369,0.723,0.0,1,0.0,0.0,1862.88275,0.0,0.0,0,0,0,0.436,-0.4814,-0.0421,0.481,0.796,0,0.696,0,0.543,1865.76,1861.459,0.279,0.148,0.0,2,0.4,4,0.609,1.292,3.0,0.431,0.424,1,1858.722,5,0.6,0.442,0.221,0.144,0.249,0.905,0.737,1631.91413,1598.21037,1752.53225,737.9786,28.173,2,1627.2225,0.492,1829.9007,0.367,1829.9007,0.367,-1,0.097,1,0,30598,0.787,0.577,0.456,400.0,400.0,0.397,1007.6,0.0,1,1,0.927,1006.2,1,1,0.65,1167.4,1,69.429,0.074,0.926,0.2,0.0,1.0,0.21,0.0,0.5,0.0,0.39,0.52,0.5,0.522,0.0,0.413,0.0,0,0,0.334,0.773,0.0,0.608,0.0,0.338,0.539,0.0,0.458,0.391,0.0,1.0,0.704
37962,2026.08.26 13:11:40,XPTUSDm,SWEEP_REVERSAL,BUY,4,1853.51,1842.56,1862.3,0.8,0.244,1858.295,1864.21,1853.29,0,0.005,0.327,-0.8022,1859.7045,1878.855,1888.81,1852.972,0,0.027,0.6,0,1858.295,0.8,0.458,0,0.0,0.0,0.0,0.0,0.0,0,0,0,0.694,-0.4924,-0.0391,0.492,0.08,0,0.798,0,0.515,1857.84,1852.38,0.761,0.262,0.0,2,0.25,0,0.798,1.314,3.0,0.438,0.485,1,1858.295,8,0.76,0.0,0.376,0.148,0.191,0.841,0.827,1631.91413,1598.21037,1752.53225,737.9786,28.173,2,1627.2225,0.492,1829.9007,0.367,1829.9007,0.367,-1,0.097,1,0,30599,0.787,0.577,0.456,400.0,400.0,0.3652,1095.1,0.0,1,1,0.927,1006.2,1,1,0.65,1167.4,0,62.65,0.074,0.926,0.2,0.0,0.5,0.0,0.0,0.5,0.0,0.448,0.436,0.5,0.501,0.0,0.659,0.0,0,0,0.452,0.64,0.0,0.991,0.0,0.389,0.216,0.0,0.474,0.391,0.0,1.0,0.76
37964,2026.08.26 13:19:00,XPTUSDm,MEAN_REVERSION,BUY,4,1859.29,1850.53,1868.21,1.02,0.71,1858.295,1864.21,1853.29,1,0.005,0.327,-0.2744,1859.7045,1878.855,1888.81,1852.972,1,0.022,0.6,0,1858.295,0.8,0.458,0,0.0,0.0,0.0,0.0,0.0,0,0,0,0.694,-0.4924,-0.0391,0.492,0.718,0,0.798,0,0.515,1857.84,1852.38,0.233,0.266,0.0,2,0.25,0,0.798,1.027,3.0,0.342,0.451,1,1864.21,4,0.6,0.534,0.185,0.148,0.191,0.841,0.827,1631.91413,1598.21037,1752.53225,737.9786,28.173,2,1627.2225,0.492,1829.9007,0.367,1829.9007,0.367,-1,0.097,1,0,30599,0.787,0.577,0.456,400.0,400.0,0.3652,1095.1,0.0,1,1,0.927,1006.2,1,1,0.65,1167.4,0,63.178,0.074,0.926,0.2,0.0,0.5,0.71,0.0,0.5,0.0,0.365,0.528,0.5,0.5,0.0,0.657,0.0,0,0,0.429,0.8,0.0,0.867,0.0,0.383,0.45,0.0,0.49,0.391,0.0,1.0,0.75
0,2026.08.26 14:00:00,XPTUSDm,ANCHORED_PULLBACK,BUY,4,1859.37,1859.29,1865.06,68.46,0.429,1852.618,1863.79,1849.678,1,0.136,0.645,0.2381,1860.54725,1878.855,1888.81,1852.972,1,0.02,0.6,0,1852.618,0.78,0.141,0,0.0,0.0,1851.8195,0.0,0.0,0,0,0,0.6,-0.79,-0.0754,0.79,0.885,2,0.594,0,0.646,1853.206,1847.914,0.187,0.645,0.0,2,0.0,0,0.594,0.952,3.0,0.317,0.462,1,1849.678,5,0.6,0.626,0.035,0.237,0.129,0.976,0.823,1631.91413,1598.21037,1752.53225,737.9786,28.173,2,1627.2225,0.492,1829.9007,0.367,1829.9007,0.367,-1,0.097,1,0,30600,0.778,0.578,0.457,400.0,400.0,0.3461,1155.8,0.0,1,1,0.927,1006.2,1,1,0.65,1167.4,-1,59.87,0.074,0.926,0.2,0.0,0.0,0.96,0.0,0.5,0.0,0.534,0.456,0.5,0.499,0.0,0.631,0.0,0,0,0.429,0.813,0.0,0.792,0.0,0.654,0.539,0.0,0.472,0.391,0.0,1.0,0.826
37966,2026.08.26 15:11:40,XPTUSDm,SWEEP_REVERSAL,BUY,4,1840.73,1828.91,1858.58,1.51,0.301,1854.5815,1859.611,1846.678,0,0.897,0.046,-1.5101,1860.59975,1878.855,1888.81,1852.972,0,0.036,0.45,0,1854.5815,0.755,0.804,0,0.0,0.0,1850.96375,0.0,0.0,0,0,-1,0.975,-0.65,-0.097,0.65,0.071,0,0.723,0,0.621,1853.863,1843.804,1.449,0.598,0.0,2,0.4,0,0.723,1.318,3.0,0.439,0.46,1,1854.5815,8,0.751,0.0,0.439,0.195,0.264,0.862,0.886,1631.91413,1598.21037,1752.53225,737.9786,28.173,2,1627.2225,0.492,1829.9007,0.367,1829.9007,0.367,-1,0.097,1,0,30601,0.778,0.578,0.457,400.0,400.0,0.3384,1182.1,0.0,1,1,0.927,1006.2,1,1,0.65,1167.4,-1,56.958,0.074,0.926,0.2,0.0,0.0,0.24,0.0,0.5,0.0,0.884,0.423,0.5,0.447,0.0,0.33,0.0,0,0,0.312,0.272,0.0,0.753,0.0,0.489,0.127,0.0,0.475,0.391,0.0,1.0,0.702
37968,2026.08.26 15:19:00,XPTUSDm,MEAN_REVERSION,BUY,4,1841.05,1831.59,1858.58,1.85,0.669,1854.5815,1859.611,1846.678,0,0.897,0.046,-1.483,1860.59975,1878.855,1888.81,1852.972,0,0.035,0.45,0,1854.5815,0.755,0.804,0,0.0,0.0,1850.96375,0.0,0.0,0,0,-1,0.975,-0.65,-0.097,0.65,0.071,0,0.723,0,0.621,1853.863,1843.804,1.422,0.571,0.0,2,0.4,0,0.723,1.318,3.0,0.439,0.46,1,1854.5815,8,0.751,0.0,0.439,0.195,0.264,0.862,0.886,1631.91413,1598.21037,1752.53225,737.9786,28.173,2,1627.2225,0.492,1829.9007,0.367,1829.9007,0.367,-1,0.097,1,0,30601,0.778,0.578,0.457,400.0,400.0,0.3384,1182.1,0.0,1,1,0.927,1006.2,1,1,0.65,1167.4,-1,56.985,0.074,0.926,0.2,0.0,0.0,0.65,0.0,0.5,0.0,0.728,0.481,0.5,0.422,0.0,0.346,0.0,0,0,0.276,0.272,0.0,0.753,0.0,0.489,0.127,0.0,0.475,0.391,0.0,1.0,0.702
0,2026.08.26 17:19:00,XPTUSDm,MEAN_REVERSION,BUY,3,1836.56,1833.12,1841.21,1.35,0.583,1837.2075,1851.98,1830.21,1,0.309,0.878,-0.4252,1860.18475,1878.855,1888.81,1852.972,0,0.042,0.7,0,1837.2075,0.746,0.365,0,0.0,0.0,0.0,0.0,0.0,0,0,-1,1.0,-0.895,-0.255,0.895,0.479,2,0.566,3,0.601,1837.985,1830.9875,0.496,0.144,0.0,2,0.0,0,0.566,1.135,3.0,0.378,0.458,1,1837.2075,8,0.749,0.007,0.156,0.269,0.0,0.872,0.81,1631.91413,1598.21037,1847.83325,1119.1342,381.1555,2,1627.2225,0.493,1829.9007,0.36,1829.9007,0.36,-1,0.0,1,0,30603,0.778,0.578,0.457,400.0,400.0,0.3659,1093.1,0.0,1,1,0.927,1006.2,1,1,0.65,1167.4,-1,61.218,0.132,0.868,0.2,0.0,0.0,0.17,0.0,0.5,0.0,0.874,0.531,0.5,0.534,0.0,0.3,0.0,0,0,0.299,0.591,0.0,0.238,0.0,0.621,0.292,0.0,0.454,0.391,0.0,1.0,0.76
37970,2026.08.26 18:32:40,XPTUSDm,SWEEP_REVERSAL,BUY,3,1835.6,1825.18,1847.07,1.1,0.122,1832.3535,1843.071,1831.639,0,0.041,1.001,-0.0723,1860.18475,1878.82075,1888.032,1851.187,0,0.045,0.4,2,1832.3535,0.7,0.153,0,0.0,0.0,0.0,0.0,0.0,0,0,-1,0.8,-0.93,-0.3429,0.93,0.17,2,0.504,3,0.841,1833.068,1843.7855,0.141,1.17,0.0,2,0.0,0,0.504,1.273,3.0,0.424,0.489,1,1843.071,4,0.6,0.718,0.249,0.279,0.0,0.877,0.892,1631.91413,1598.21037,1847.83325,1119.1342,381.1555,2,1627.2225,0.493,1829.9007,0.36,1829.9007,0.36,-1,0.0,1,0,30604,0.778,0.578,0.457,400.0,400.0,0.384,1041.6,0.0,1,1,0.927,1006.2,1,1,0.65,1167.4,-1,64.149,0.132,0.868,0.2,0.0,0.0,0.0,0.0,0.5,0.0,1.0,0.332,0.5,0.586,0.0,0.379,0.0,0,0,0.428,0.573,0.0,0.523,0.0,0.366,0.343,0.0,0.457,0.391,0.0,1.0,0.832
37972,2026.08.26 19:19:00,XPTUSDm,MEAN_REVERSION,BUY,3,1835.08,1826.77,1841.73,0.8,0.599,1832.604,1837.734,1830.894,1,0.138,0.006,-0.1468,1860.18475,1878.82075,1888.032,1851.187,0,0.046,0.5,2,1832.604,0.753,0.372,0,0.0,0.0,0.0,0.0,0.0,0,0,-1,1.0,-0.79,-0.3703,0.79,0.214,0,0.662,1,0.123,1832.946,1830.552,0.18,0.051,0.0,2,0.4,0,0.662,1.254,3.0,0.418,0.352,1,1837.734,4,0.6,0.641,0.396,0.237,0.14,0.677,0.958,1631.91413,1598.21037,1847.83325,1119.1342,381.1555,2,1627.2225,0.493,1829.9007,0.36,1829.9007,0.36,-1,0.0,1,0,30605,0.778,0.578,0.457,400.0,400.0,0.3853,1038.2,0.0,1,1,0.927,1006.2,1,1,0.65,1167.4,0,64.31,0.132,0.868,0.2,0.0,0.5,0.49,0.0,0.5,0.0,1.0,0.604,0.5,0.551,0.0,0.341,0.0,0,0,0.364,0.497,0.157,0.839,0.0,0.193,0.35,0.0,0.456,0.391,0.0,1.0,0.614
0,2026.08.26 22:14:40,XPTUSDm,ANCHORED_PULLBACK,BUY,1,1844.2,1840.81,1847.78,1.05,0.264,1832.76075,1834.287,1830.624,1,0.468,0.031,0.1472,1863.945,1854.62625,1887.364,1848.849,0,0.021,0.3,0,1832.76075,0.721,0.644,0,0.0,0.0,1827.87675,0.0,0.0,0,0,-1,0.8,-1.0,-0.4375,1.0,0.651,0,0.727,2,0.273,1832.4555,1836.42375,0.178,0.227,0.0,2,0.15,0,0.727,1.057,3.0,0.352,0.421,1,1830.624,5,0.6,0.643,0.165,0.3,0.053,0.831,0.995,1631.91413,1598.21037,1847.83325,1199.9451,80.811,2,1627.2225,0.494,1829.9007,0.342,1829.9007,0.342,-1,0.0,1,0,30607,0.778,0.578,0.457,1000.0,754.0,1.0229,977.6,0.0,1,1,0.927,1006.2,1,1,0.65,1167.4,-1,69.228,0.132,0.868,0.2,0.0,0.0,0.0,0.0,0.5,0.0,0.883,0.623,0.5,0.515,0.0,0.48,0.0,0,0,0.42,0.66,0.194,0.684,0.0,0.237,0.35,0.0,0.481,0.391,0.0,1.0,0.767
37974,2026.08.26 23:00:00,XPTUSDm,BREAKOUT,BUY,1,1842.06,1836.0,1866.11,3.97,0.769,1831.26175,1835.0845,1829.9875,0,0.53,0.089,0.7067,1863.945,1854.62625,1887.364,1848.849,0,0.017,0.3,4,1831.26175,0.769,0.424,0,0.0,0.0,0.0,0.0,0.0,0,0,-1,1.0,-1.0,-0.3769,1.0,0.122,2,0.537,1,0.474,1831.6865,1837.633,0.663,0.044,0.1491,0,0.15,2,1.0,1.745,3.0,0.582,0.596,2,1831.26175,8,0.754,0.0,0.323,1.0,0.202,0.848,0.862,1631.91413,1598.21037,1847.83325,1199.9451,80.811,2,1627.2225,0.494,1829.9007,0.342,1829.9007,0.342,-1,0.0,1,0,30608,0.778,0.578,0.457,400.0,400.0,0.4158,961.9,0.0,1,1,0.927,1006.2,1,1,0.65,1167.4,-1,70.136,0.132,0.868,0.2,0.0,0.0,0.0,0.0,0.5,0.0,1.0,0.493,0.5,0.497,0.0,0.251,0.0,0,0,0.254,0.383,0.0,0.721,0.0,0.91,0.35,0.0,0.416,0.391,0.0,1.0,0.772
37976,2026.08.27 00:00:00,XPTUSDm,PULLBACK,BUY,1,1843.72,1834.35,1871.14,2.93,0.692,1831.26175,1835.0845,1826.5895,0,0.004,0.275,0.9255,1863.945,1854.62625,1887.364,1848.849,0,0.016,0.5,0,1831.26175,0.779,0.0,1,0.0,0.0,0.0,1830.41225,1.018,0,0,-1,1.0,-0.825,-0.2244,0.825,0.904,0,0.733,3,0.742,1839.75675,1842.30525,0.004,0.283,0.3718,0,0.4,2,1.0,0.473,1.018,0.464,0.433,1,1831.26175,8,0.756,0.992,0.189,0.947,0.14,0.759,0.932,1631.91413,1598.21037,1847.83325,1221.3323,21.3872,2,1627.2225,0.493,1829.9007,0.357,1829.9007,0.357,-1,0.0,1,0,30609,0.778,0.578,0.457,400.0,400.0,0.4377,913.9,0.0,1,1,0.927,1006.2,1,1,0.65,1167.4,-1,74.001,0.132,0.868,0.2,0.0,0.0,0.79,0.0,0.5,0.0,0.761,0.496,0.5,0.547,0.0,0.271,0.0,0,0,0.275,0.608,0.0,0.821,0.0,0.853,0.35,0.0,0.429,0.391,0.0,1.0,0.874
37978,2026.08.27 02:00:00,XPTUSDm,PULLBACK,BUY,1,1861.86,1848.03,1897.36,2.57,0.252,1839.10075,1844.034,1836.9865,0,0.467,1.843,1.3843,1863.945,1854.62625,1887.364,1844.9975,1,0.003,0.25,4,1839.10075,0.731,0.104,0,0.0,0.0,1849.26325,1830.41225,2.327,0,0,0,0.49,0.3869,0.0346,0.387,0.074,0,0.716,1,0.077,1846.853,1832.758,0.543,2.072,-0.5257,1,0.25,0,0.716,1.021,2.327,0.439,0.281,0,1846.853,2,0.55,0.0,0.678,0.116,0.238,0.087,0.988,1631.91413,1598.21037,1847.83325,1221.3323,21.3872,2,1627.2225,0.493,1829.9007,0.357,1829.9007,0.357,-1,0.0,1,0,30611,0.785,0.579,0.46,1000.0,784.0,1.0849,921.7,0.0,1,1,0.927,1006.2,1,1,0.65,1167.4,-1,75.344,0.132,0.868,0.2,0.0,0.0,0.5,0.0,0.5,0.0,0.364,0.56,0.5,0.455,0.0,0.481,0.0,0,0,0.365,0.738,0.0,0.64,0.0,0.248,0.672,0.0,0.484,0.391,0.0,1.0,0.893
37979,2026.08.27 02:06:00,XPTUSDm,ANCHORED_PULLBACK,BUY,1,1854.26,1846.5,1868.69,1.86,0.43,1839.10075,1844.034,1836.9865,0,0.467,1.843,1.2107,1863.945,1854.62625,1887.364,1844.9975,1,0.005,0.25,4,1839.10075,0.731,0.104,0,0.0,0.0,1849.26325,1830.41225,2.327,0,0,0,0.49,0.3869,0.0346,0.387,0.088,0,0.759,1,0.077,1846.853,1832.758,0.37,1.899,0.0,2,0.25,0,0.759,0.941,2.153,0.437,0.282,0,1846.853,2,0.55,0.261,0.374,0.116,0.238,0.087,0.988,1631.91413,1598.21037,1847.83325,1221.3323,21.3872,2,1627.2225,0.493,1829.9007,0.357,1829.9007,0.357,-1,0.0,1,0,30611,0.785,0.579,0.46,400.0,814.0,0.434,921.7,0.0,1,1,0.927,1006.2,1,1,0.65,1167.4,-1,74.52,0.132,0.868,0.2,0.0,0.0,0.75,0.0,0.5,0.0,0.433,0.502,0.5,0.448,0.0,0.489,0.0,0,0,0.332,0.832,0.0,0.752,0.0,0.36,0.604,0.0,0.484,0.391,0.0,1.0,0.947
37982,2026.08.27 03:04:40,XPTUSDm,BREAKOUT,BUY,1,1853.91,1849.76,1877.72,5.74,0.417,1839.465,1847.166,1837.2,0,0.084,0.391,1.0965,1863.8545,1854.62625,1887.364,1844.9975,1,0.005,0.55,2,1839.465,0.8,0.677,0,0.0,0.0,1847.02775,1830.41225,1.627,0,0,0,0.75,0.72,0.0782,0.72,0.21,2,0.632,3,0.729,1847.166,1854.414,0.288,0.473,0.0,2,0.0,0,0.632,0.857,2.047,0.419,0.369,1,1839.465,8,0.76,0.424,0.237,0.216,0.0,0.161,0.917,1631.91413,1598.21037,1847.83325,1221.3323,21.3872,2,1627.2225,0.493,1829.9007,0.357,1829.9007,0.357,-1,0.0,1,0,30612,0.785,0.579,0.46,400.0,832.0,0.4199,952.6,0.0,1,1,0.927,1006.2,1,1,0.65,1167.4,-1,72.069,0.132,0.868,0.2,0.0,0.0,0.93,0.0,0.5,0.0,0.604,0.45,0.5,0.509,0.0,0.398,0.0,0,0,0.342,0.819,0.0,0.66,0.0,0.582,0.566,0.0,0.468,0.391,0.0,1.0,0.872
37984,2026.08.27 03:40:40,XPTUSDm,TREND_CONTINUATION,BUY,1,1859.42,1847.99,1883.23,2.08,0.46,1839.465,1847.166,1837.2,0,0.084,0.391,1.6749,1863.8545,1854.62625,1887.364,1844.9975,1,0.001,0.55,2,1839.465,0.8,0.677,0,0.0,0.0,1847.02775,1830.41225,1.627,0,0,0,0.75,0.72,0.0782,0.72,0.052,2,0.632,3,0.729,1847.166,1854.414,0.866,0.106,0.0,2,0.0,0,0.632,1.161,2.625,0.442,0.405,1,1847.166,2,0.55,0.0,0.284,0.216,0.0,0.161,0.917,1631.91413,1598.21037,1847.83325,1221.3323,21.3872,2,1627.2225,0.493,1829.9007,0.357,1829.9007,0.357,-1,0.0,1,0,30612,0.785,0.579,0.46,400.0,400.0,0.4199,952.6,0.0,1,1,0.927,1006.2,1,1,0.65,1167.4,-1,72.648,0.132,0.868,0.2,0.0,0.0,0.44,0.0,0.5,0.0,1.0,0.513,0.5,0.508,0.0,0.267,0.0,0,0,0.267,0.675,0.0,0.88,0.0,0.419,0.723,0.0,0.468,0.391,0.0,1.0,0.872
37986,2026.08.27 04:00:00,XPTUSDm,PULLBACK,BUY,1,1855.34,1850.25,1862.1,1.33,0.782,1839.22675,1851.6455,1838.73,1,0.452,0.733,1.3133,1831.42625,1854.62625,1887.364,1844.9975,1,0.004,0.65,2,1839.22675,0.769,0.438,0,0.0,0.0,1854.85475,1830.41225,2.269,0,0,0,0.825,0.755,0.1907,0.755,0.498,2,0.486,3,0.374,1846.678,1857.6065,0.505,0.679,0.3198,0,0.3,2,1.0,1.192,2.269,0.525,0.424,1,1846.678,2,0.55,0.0,0.271,0.926,0.105,0.268,0.856,1631.91413,1598.21037,1847.83325,1226.2176,4.8853,2,1627.2225,0.493,1829.9007,0.356,1829.9007,0.356,-1,0.068,1,0,30613,0.785,0.579,0.46,400.0,400.0,0.4337,922.4,0.0,1,1,0.927,1006.2,1,1,0.65,1167.4,-1,74.585,0.132,0.868,0.2,0.0,0.0,0.06,0.0,0.5,0.0,0.841,0.321,0.5,0.48,0.0,0.365,0.0,0,0,0.397,0.774,0.0,1.0,0.0,0.87,0.43,0.0,0.421,0.391,0.0,1.0,0.984
37988,2026.08.27 04:00:40,XPTUSDm,BREAKOUT_RETEST,BUY,1,1854.94,1850.25,1862.1,1.53,0.489,1839.22675,1851.6455,1838.73,1,0.452,0.733,1.2699,1831.42625,1854.62625,1887.364,1844.9975,1,0.004,0.65,2,1839.22675,0.769,0.438,0,0.0,0.0,1854.85475,1830.41225,2.269,0,0,0,0.825,0.755,0.1907,0.755,0.498,2,0.502,3,0.374,1846.678,1857.6065,0.462,0.723,0.0,2,0.0,0,0.502,0.835,2.226,0.375,0.303,0,1846.678,2,0.55,0.076,0.151,0.226,0.0,0.268,0.856,1631.91413,1598.21037,1847.83325,1226.2176,4.8853,2,1627.2225,0.493,1829.9007,0.356,1829.9007,0.356,-1,0.068,1,0,30613,0.785,0.579,0.46,400.0,400.0,0.4337,922.4,0.0,1,1,0.927,1006.2,1,1,0.65,1167.4,-1,74.542,0.132,0.868,0.2,0.0,0.0,0.01,0.0,0.5,0.0,0.87,0.307,0.5,0.495,0.0,0.295,0.0,0,0,0.383,0.775,0.0,0.836,0.0,0.587,0.547,0.0,0.464,0.391,0.0,1.0,0.911
0,2026.08.27 05:04:40,XPTUSDm,BREAKOUT,BUY,1,1850.86,1847.03,1872.69,5.71,0.285,1847.33575,1853.7025,1843.9075,1,0.047,0.608,-0.0545,1831.42625,1854.62625,1887.364,1844.9975,1,0.009,0.5,0,1839.49975,0.658,0.919,0,0.0,0.0,0.0,1830.41225,1.986,0,0,0,0.6,0.615,0.2355,0.615,1.0,0,0.709,0,0.743,1846.846,1841.9485,0.002,0.563,0.0,2,0.25,0,0.709,0.565,1.884,0.3,0.421,1,1843.9075,5,0.6,0.997,0.1,0.185,0.236,0.981,0.952,1631.91413,1598.21037,1847.83325,1226.2176,4.8853,2,1627.2225,0.493,1829.9007,0.356,1829.9007,0.356,-1,0.068,1,0,30614,0.785,0.579,0.46,400.0,400.0,0.4582,873.0,0.0,1,1,0.927,1006.2,1,1,0.65,1167.4,-1,78.289,0.132,0.868,0.2,0.0,0.0,0.33,0.0,0.5,0.0,0.755,0.566,0.5,0.546,0.0,0.284,0.0,0,0,0.317,0.8,0.0,0.411,0.0,0.545,0.441,0.0,0.514,0.391,0.0,1.0,0.841
0,2026.08.27 05:31:40,XPTUSDm,SWEEP_REVERSAL,BUY,1,1845.46,1842.63,1851.34,2.07,0.239,1847.33575,1853.7025,1843.9075,0,0.047,0.608,-0.6731,1831.42625,1854.62625,1887.364,1844.9975,0,0.015,0.5,0,1839.49975,0.658,0.919,0,0.0,0.0,0.0,1830.41225,1.986,0,0,0,0.6,0.615,0.2355,0.615,0.011,0,0.709,0,0.743,1846.846,1841.9485,0.617,0.056,0.0,2,0.25,0,0.709,0.567,1.265,0.448,0.421,1,1847.33575,1,0.7,0.0,0.397,0.185,0.236,0.981,0.952,1631.91413,1598.21037,1847.83325,1226.2176,4.8853,2,1627.2225,0.493,1829.9007,0.356,1829.9007,0.356,-1,0.068,1,0,30614,0.785,0.579,0.46,400.0,400.0,0.4582,873.0,0.0,1,1,0.927,1006.2,1,1,0.65,1167.4,-1,77.67,0.132,0.868,0.2,0.0,0.0,0.0,0.0,0.5,0.0,0.574,0.424,0.5,0.495,0.0,0.251,0.0,0,0,0.294,0.654,0.0,0.987,0.0,0.73,0.329,0.0,0.47,0.391,0.0,1.0,0.909
37990,2026.08.27 05:45:20,XPTUSDm,TREND_CONTINUATION,BUY,1,1842.17,1831.69,1864.0,2.08,0.396,1847.33575,1853.7025,1843.9075,0,0.047,0.608,-1.0499,1831.42625,1854.62625,1887.364,1844.9975,0,0.019,0.5,0,1839.49975,0.658,0.919,0,0.0,0.0,0.0,1830.41225,1.986,0,0,0,0.6,0.615,0.2355,0.615,0.317,0,0.709,0,0.743,1846.846,1841.9485,0.994,0.433,0.0,2,0.25,0,0.709,0.423,1.05,0.403,0.404,1,1830.41225,6,0.65,0.0,0.305,0.185,0.236,0.981,0.952,1631.91413,1598.21037,1847.83325,1226.2176,4.8853,2,1627.2225,0.493,1829.9007,0.356,1829.9007,0.356,-1,0.068,1,0,30614,0.785,0.579,0.46,400.0,400.0,0.4582,873.0,0.0,1,1,0.927,1006.2,1,1,0.65,1167.4,-1,77.293,0.132,0.868,0.2,0.0,0.0,0.0,0.0,0.5,0.0,0.33,0.392,0.5,0.529,0.0,0.426,0.0,0,0,0.394,0.603,0.0,0.592,0.0,0.503,0.295,0.0,0.476,0.391,0.0,1.0,0.909
37991,2026.08.27 06:00:40,XPTUSDm,PULLBACK,BUY,1,1840.68,1827.71,1866.63,2.0,0.433,1846.91975,1856.141,1845.0755,0,0.852,0.001,-1.184,1831.42125,1854.62625,1887.364,1844.9975,0,0.021,0.45,0,1846.91975,0.712,0.588,0,0.0,0.0,1841.116,1830.41225,0.914,0,0,-1,0.975,0.65,0.2514,0.65,0.103,2,0.597,0,0.677,1847.5345,1836.469,1.255,0.024,0.0,2,0.4,0,0.597,0.545,1.255,0.435,0.329,0,1830.41225,6,0.65,0.0,0.429,0.195,0.275,0.732,0.912,1631.91413,1598.21037,1847.83325,1226.2176,4.8853,2,1627.2225,0.493,1829.9007,0.356,1829.9007,0.356,-1,0.068,1,0,30615,0.785,0.579,0.46,400.0,400.0,0.4625,864.9,0.0,1,1,0.927,1006.2,1,1,0.65,1167.4,-1,77.849,0.132,0.868,0.2,0.0,0.0,0.22,0.0,0.5,0.0,0.448,0.611,0.5,0.507,0.0,0.479,0.0,0,0,0.41,0.257,0.0,0.854,0.0,0.607,0.132,0.0,0.482,0.391,0.0,1.0,0.775
37992,2026.08.27 06:21:40,XPTUSDm,MEAN_REVERSION,BUY,1,1843.85,1836.93,1850.92,1.02,0.576,1846.91975,1856.141,1845.0755,0,0.852,0.001,-0.8174,1831.42125,1854.62625,1887.364,1844.9975,0,0.017,0.45,0,1846.91975,0.712,0.588,0,0.0,0.0,1841.116,1830.41225,0.914,0,0,-1,0.975,0.65,0.2514,0.65,0.138,2,0.597,0,0.677,1847.5345,1836.469,0.889,0.391,0.0,2,0.4,0,0.597,0.468,1.091,0.429,0.32,0,1846.91975,8,0.742,0.0,0.418,0.195,0.275,0.732,0.912,1631.91413,1598.21037,1847.83325,1226.2176,4.8853,2,1627.2225,0.493,1829.9007,0.356,1829.9007,0.356,-1,0.068,1,0,30615,0.785,0.579,0.46,400.0,400.0,0.4625,864.9,0.0,1,1,0.927,1006.2,1,1,0.65,1167.4,-1,78.215,0.132,0.868,0.2,0.0,0.0,0.99,0.0,0.5,0.0,0.516,0.643,0.5,0.53,0.0,0.639,0.0,0,0,0.5,0.314,0.0,0.955,0.0,0.563,0.175,0.0,0.465,0.391,0.0,1.0,0.775
0,2026.08.27 07:00:00,XPTUSDm,BREAKOUT_RETEST,BUY,1,1840.29,1837.81,1861.33,8.47,0.785,1837.5625,1849.675,1834.375,1,0.0,0.308,-0.1536,1833.69375,1854.62625,1887.364,1844.9975,0,0.022,0.6,2,1837.5625,0.767,0.01,0,0.0,0.0,1837.9935,1830.41225,0.71,0,0,-1,1.0,0.685,0.1802,0.685,0.961,1,0.263,3,0.451,1837.5625,1833.7375,0.154,0.308,0.5112,0,0.55,2,1.0,0.323,0.71,0.456,0.378,1,1830.41225,6,0.65,0.693,0.232,0.906,0.193,0.934,0.933,1631.91413,1598.21037,1847.83325,1226.2176,4.8853,2,1627.2225,0.493,1829.9007,0.356,1829.9007,0.356,-1,0.068,1,0,30616,0.785,0.579,0.46,400.0,400.0,0.4829,828.3,0.0,1,1,0.927,1006.2,1,1,0.65,1167.4,-1,81.239,0.132,0.868,0.2,0.0,0.0,0.22,0.0,0.5,0.0,0.633,0.443,0.5,0.515,0.0,0.759,0.0,0,0,0.492,0.701,0.0,0.725,0.0,1.0,0.35,0.0,0.424,0.391,0.0,1.0,0.826
37996,2026.08.27 07:05:40,XPTUSDm,BREAKOUT,BUY,1,1840.5,1828.08,1861.21,1.67,0.426,1837.5625,1849.675,1834.375,1,0.0,0.308,-0.1283,1833.69375,1854.62625,1887.364,1844.9975,0,0.022,0.6,2,1837.5625,0.767,0.01,0,0.0,0.0,1837.9935,1830.41225,0.71,0,0,-1,1.0,0.685,0.1802,0.685,0.961,2,0.563,3,0.451,1837.5625,1833.7375,0.128,0.334,0.0,2,0.25,0,0.563,0.225,0.735,0.306,0.303,0,1830.41225,6,0.65,0.743,0.112,0.206,0.088,0.934,0.933,1631.91413,1598.21037,1847.83325,1226.2176,4.8853,2,1627.2225,0.493,1829.9007,0.356,1829.9007,0.356,-1,0.068,1,0,30616,0.785,0.579,0.46,400.0,400.0,0.4829,828.3,0.0,1,1,0.927,1006.2,1,1,0.65,1167.4,-1,81.264,0.132,0.868,0.2,0.0,0.0,0.56,0.0,0.5,0.0,0.707,0.45,0.5,0.479,0.0,0.761,0.0,0,0,0.478,0.72,0.0,0.831,0.0,0.797,0.35,0.0,0.498,0.391,0.0,1.0,0.73
37998,2026.08.27 07:31:40,XPTUSDm,SWEEP_REVERSAL,BUY,1,1832.41,1824.13,1841.56,1.1,0.18,1837.5625,1849.675,1834.375,0,0.0,0.308,-1.105,1833.69375,1854.62625,1887.364,1844.9975,0,0.032,0.6,2,1837.5625,0.767,0.01,0,0.0,0.0,1837.9935,1830.41225,0.71,0,0,-1,1.0,0.685,0.1802,0.685,0.062,2,0.563,3,0.451,1837.5625,1833.7375,1.105,0.643,0.0,2,0.25,0,0.563,0.487,1.105,0.441,0.333,0,1837.5625,8,0.753,0.0,0.381,0.206,0.088,0.934,0.933,1631.91413,1598.21037,1847.83325,1226.2176,4.8853,2,1627.2225,0.493,1829.9007,0.356,1829.9007,0.356,-1,0.068,1,0,30616,0.785,0.579,0.46,400.0,400.0,0.4829,828.3,0.0,1,1,0.927,1006.2,1,1,0.65,1167.4,-1,80.288,0.132,0.868,0.2,0.0,0.0,0.2,0.0,0.5,0.0,0.899,0.4,0.5,0.523,0.0,0.455,0.0,0,0,0.399,0.517,0.0,0.486,0.0,0.889,0.134,0.0,0.48,0.391,0.0,1.0,0.835
0,2026.08.27 08:02:00,XPTUSDm,PULLBACK,BUY,2,1834.23,1830.8,1840.04,1.69,0.488,1836.042,1848.696,1832.712,0,0.819,0.35,-0.6828,1832.58625,1853.98875,1887.16,1844.2325,0,0.028,0.6,0,1836.042,0.78,0.512,0,0.0,0.0,1827.6495,0.0,0.0,0,0,-1,1.0,0.72,0.0765,0.72,0.226,2,0.554,0,0.74,1837.374,1831.38,0.839,0.135,0.0,2,0.0,0,0.554,1.248,3.0,0.416,0.491,1,1836.042,8,0.756,0.0,0.232,0.216,0.148,0.917,0.833,1631.91413,1598.21037,1847.83325,1320.0076,93.79,2,1627.2225,0.494,1829.9007,0.345,1829.9007,0.345,1,0.0,1,0,30617,0.785,0.579,0.46,400.0,400.0,0.47,851.1,0.0,1,1,0.927,1006.2,1,1,0.65,1167.4,-1,78.345,0.132,0.868,0.2,0.0,0.0,0.98,0.0,0.5,0.0,1.0,0.559,0.5,0.441,0.0,0.336,0.0,0,0,0.302,0.532,0.043,0.808,0.0,0.938,0.566,0.0,0.464,0.391,0.0,1.0,0.775
0,2026.08.27 08:10:40,XPTUSDm,ANCHORED_PULLBACK,BUY,2,1833.59,1831.86,1836.04,1.42,0.467,1836.042,1848.696,1832.712,0,0.819,0.35,-0.758,1832.58625,1853.98875,1887.16,1844.2325,0,0.029,0.6,0,1836.042,0.78,0.512,0,0.0,0.0,1827.6495,0.0,0.0,0,0,-1,1.0,0.72,0.0765,0.72,0.526,2,0.554,0,0.74,1837.374,1831.38,0.915,0.21,0.0,2,0.0,0,0.554,1.113,3.0,0.371,0.475,1,1836.042,8,0.756,0.0,0.142,0.216,0.148,0.917,0.833,1631.91413,1598.21037,1847.83325,1320.0076,93.79,2,1627.2225,0.494,1829.9007,0.345,1829.9007,0.345,1,0.0,1,0,30617,0.785,0.579,0.46,400.0,400.0,0.47,851.1,0.0,1,1,0.927,1006.2,1,1,0.65,1167.4,-1,78.27,0.132,0.868,0.2,0.0,0.0,0.41,0.0,0.5,0.0,1.0,0.568,0.5,0.43,0.0,0.312,0.0,0,0,0.295,0.603,0.0,0.808,0.0,0.891,0.566,0.0,0.464,0.391,0.0,1.0,0.775
38000,2026.08.27 08:21:40,XPTUSDm,MEAN_REVERSION,BUY,2,1833.84,1827.03,1840.04,0.91,0.599,1836.042,1848.696,1832.712,0,0.819,0.35,-0.7287,1832.58625,1853.98875,1887.16,1844.2325,0,0.028,0.6,0,1836.042,0.78,0.512,0,0.0,0.0,1827.6495,0.0,0.0,0,0,-1,1.0,0.72,0.0765,0.72,0.526,2,0.554,0,0.74,1837.374,1831.38,0.885,0.181,0.0,2,0.0,0,0.554,1.113,3.0,0.371,0.475,1,1836.042,8,0.756,0.0,0.142,0.216,0.148,0.917,0.833,1631.91413,1598.21037,1847.83325,1320.0076,93.79,2,1627.2225,0.494,1829.9007,0.345,1829.9007,0.345,1,0.0,1,0,30617,0.785,0.579,0.46,400.0,400.0,0.47,851.1,0.0,1,1,0.927,1006.2,1,1,0.65,1167.4,-1,78.299,0.132,0.868,0.2,0.0,0.0,0.06,0.0,0.5,0.0,1.0,0.537,0.5,0.443,0.0,0.304,0.0,0,0,0.277,0.603,0.0,0.808,0.0,0.841,0.566,0.0,0.464,0.391,0.0,1.0,0.775
38002,2026.08.27 08:41:40,XPTUSDm,TREND_CONTINUATION,BUY,2,1829.17,1818.96,1840.04,1.06,0.574,1836.042,1848.696,1832.712,0,0.819,0.35,-1.2773,1832.58625,1853.98875,1887.16,1844.2325,0,0.034,0.6,0,1836.042,0.78,0.512,0,0.0,0.0,1827.6495,0.0,0.0,0,0,-1,1.0,0.72,0.0765,0.72,0.161,2,0.554,0,0.74,1837.374,1825.386,1.434,0.025,0.0,2,0.0,0,0.554,1.278,3.0,0.426,0.495,1,1836.042,8,0.756,0.0,0.252,0.216,0.148,0.917,0.833,1631.91413,1598.21037,1847.83325,1320.0076,93.79,2,1627.2225,0.494,1829.9007,0.345,1829.9007,0.345,1,0.0,1,0,30617,0.785,0.579,0.46,400.0,400.0,0.47,851.1,0.0,1,1,0.927,1006.2,1,1,0.65,1167.4,-1,77.751,0.132,0.868,0.2,0.0,0.0,0.0,0.0,0.5,0.0,1.0,0.395,0.5,0.514,0.0,0.322,0.0,0,0,0.346,0.43,0.0,0.57,0.0,0.841,0.136,0.0,0.48,0.391,0.0,1.0,0.775
38004,2026.08.27 09:37:59,XPTUSDm,SWEEP_REVERSAL,BUY,2,1830.69,1821.72,1840.36,1.08,0.189,1836.3555,1842.516,1827.457,0,0.181,0.277,-1.0771,1833.772,1857.1035,1882.915,1839.234,0,0.034,0.55,0,1836.3555,0.8,0.128,0,0.0,0.0,1826.12875,0.0,0.0,0,0,-1,0.675,-0.685,-0.0748,0.685,0.704,0,0.678,0,0.455,1828.826,1824.0345,0.238,0.296,0.0,2,0.15,0,0.678,1.033,3.0,0.344,0.431,1,1836.3555,8,0.76,0.524,0.149,0.206,0.144,0.853,0.917,1631.91413,1598.21037,1847.83325,1320.0076,93.79,2,1627.2225,0.494,1829.9007,0.345,1829.9007,0.345,1,0.0,1,0,30618,0.785,0.579,0.46,400.0,400.0,0.4458,897.4,0.0,1,1,0.927,1006.2,1,1,0.65,1167.4,-1,73.916,0.132,0.868,0.2,0.0,0.0,0.01,0.0,0.5,0.0,0.518,0.393,0.5,0.472,0.0,0.331,0.0,0,0,0.338,0.637,0.0,0.608,0.0,0.526,0.567,0.0,0.473,0.391,0.0,1.0,0.803
0,2026.08.27 10:22:40,XPTUSDm,MEAN_REVERSION,BUY,2,1830.38,1827.27,1839.38,2.9,0.672,1828.9335,1835.376,1824.209,1,0.362,0.005,-0.2733,1833.772,1857.1035,1882.915,1839.234,0,0.033,0.65,0,1828.0745,0.764,0.922,0,0.0,0.0,1829.088,0.0,0.0,0,0,-1,0.75,-0.545,-0.1467,0.545,0.644,0,0.753,0,0.311,1828.504,1824.209,0.227,0.232,0.0,2,0.4,0,0.753,1.06,3.0,0.353,0.399,1,1835.376,4,0.6,0.545,0.267,0.164,0.202,0.869,0.826,1631.91413,1598.21037,1847.83325,1320.0076,93.79,2,1627.2225,0.494,1829.9007,0.345,1829.9007,0.345,1,0.0,1,0,30619,0.785,0.579,0.46,400.0,400.0,0.4281,934.3,0.0,1,1,0.927,1006.2,1,1,0.65,1167.4,-1,70.961,0.132,0.868,0.2,0.0,0.0,0.99,0.0,0.5,0.0,0.862,0.603,0.5,0.531,0.0,0.468,0.0,0,0,0.409,0.613,0.0,0.654,0.0,0.488,0.35,0.0,0.456,0.391,0.0,1.0,0.687
38006,2026.08.27 12:38:40,XPTUSDm,MEAN_REVERSION,BUY,2,1827.6,1819.76,1834.5,0.88,0.677,1826.004,1830.502,1824.274,0,0.012,0.341,-0.2454,1833.00125,1854.8495,1881.935,1836.098,0,0.032,0.45,0,1825.312,0.72,0.935,0,0.0,0.0,1829.80125,0.0,0.0,0,0,-1,0.6,-0.615,-0.2916,0.615,0.507,0,0.713,0,0.799,1825.312,1820.814,0.175,0.284,0.0,2,0.25,0,0.713,1.122,3.0,0.374,0.491,1,1830.502,4,0.6,0.65,0.248,0.185,0.247,0.952,0.949,1631.91413,1751.64575,1847.83325,515.9878,-804.0198,1,1627.2225,0.495,1829.9007,0.333,1747.3281,0.403,-1,0.014,1,0,30621,0.778,0.577,0.458,400.0,400.0,0.4083,979.6,0.0,1,1,0.927,1006.2,1,1,0.65,1167.4,-1,67.392,0.632,0.368,0.4,1.0,0.0,0.0,0.0,0.5,0.0,0.438,0.372,0.5,0.552,0.0,0.459,0.0,0,0,0.426,0.669,0.38,0.543,0.0,0.23,0.319,0.0,0.463,0.391,0.0,1.0,0.76
38008,2026.08.27 13:00:40,XPTUSDm,SWEEP_REVERSAL,BUY,4,1823.49,1813.42,1831.71,0.82,0.308,1827.70875,1829.5625,1823.6305,0,0.174,0.194,-0.8159,1832.37275,1854.28025,1885.904,1839.5225,0,0.035,0.4,0,1827.70875,0.719,0.877,0,0.0,0.0,1827.715,0.0,0.0,0,0,-1,0.975,-0.65,-0.3039,0.65,0.091,0,0.727,0,0.665,1825.1135,1819.923,0.558,0.043,0.0,2,0.4,0,0.727,1.309,3.0,0.436,0.479,1,1827.70875,8,0.744,0.0,0.433,0.195,0.273,0.968,0.893,1631.91413,1751.64575,1847.83325,515.9878,-804.0198,1,1627.2225,0.495,1829.9007,0.333,1747.3281,0.403,-1,0.014,1,0,30622,0.778,0.577,0.458,400.0,400.0,0.3971,1007.3,0.0,1,1,0.927,1006.2,1,1,0.65,1167.4,-1,65.134,0.632,0.368,0.4,1.0,0.0,0.12,0.0,0.5,0.0,0.532,0.404,0.5,0.525,0.0,0.446,0.0,0,0,0.394,0.437,0.0,0.503,0.0,0.287,0.148,0.0,0.45,0.391,0.0,1.0,0.76
0,2026.08.27 14:10:40,XPTUSDm,ANCHORED_PULLBACK,BUY,4,1827.93,1826.9,1833.24,5.15,0.384,1820.823,1827.438,1818.618,1,0.041,0.291,0.2924,1833.6625,1852.354,1872.082,1828.242,0,0.027,0.5,0,1820.823,0.691,0.165,0,0.0,0.0,1819.70975,0.0,0.0,0,0,-1,1.0,-0.86,-0.2659,0.86,0.989,2,0.634,0,0.665,1824.792,1816.413,0.081,0.707,0.0,2,0.15,0,0.634,0.905,3.0,0.302,0.442,1,1827.438,4,0.6,0.838,0.063,0.258,0.186,0.94,0.953,1631.91413,1751.64575,1847.83325,515.9878,-804.0198,1,1627.2225,0.495,1829.9007,0.333,1747.3281,0.403,-1,0.014,1,0,30623,0.778,0.577,0.458,400.0,400.0,0.3764,1062.7,0.0,1,1,0.927,1006.2,1,1,0.65,1167.4,-1,62.155,0.632,0.368,0.4,1.0,0.0,0.96,0.0,0.5,0.0,0.559,0.689,0.5,0.515,0.0,0.548,0.0,0,0,0.487,0.838,0.0,0.517,0.0,0.337,0.539,0.0,0.454,0.391,0.0,1.0,0.731
38010,2026.08.27 16:00:00,XPTUSDm,BREAKOUT,BUY,4,1844.8,1831.15,1873.07,2.07,0.619,1821.336,1831.746,1819.254,0,1.108,0.12,1.7215,1833.58175,1852.354,1872.082,1828.242,1,0.01,0.45,0,1821.336,0.791,0.41,0,0.0,0.0,1840.76225,0.0,0.0,0,0,0,1.0,-0.755,-0.107,0.755,0.155,2,0.581,1,0.11,1828.276,1841.462,1.108,0.059,0.1947,0,0.4,2,1.0,1.73,3.0,0.577,0.477,1,1828.276,2,0.55,0.0,0.413,0.926,0.14,0.57,0.867,1631.91413,1751.64575,1864.58163,580.5619,64.5741,2,1627.2225,0.497,1829.9007,0.315,1747.3281,0.405,-1,0.033,1,0,30625,0.778,0.577,0.458,400.0,400.0,0.3538,1130.6,0.0,1,1,0.927,1006.2,1,1,0.65,1167.4,-1,59.913,0.143,0.857,0.4,0.0,0.0,0.61,0.0,0.5,0.0,0.819,0.441,0.5,0.446,0.0,0.306,0.0,0,0,0.291,0.425,0.0,1.0,0.0,1.0,0.58,0.0,0.411,0.391,0.0,1.0,0.752
38012,2026.08.27 16:10:40,XPTUSDm,ANCHORED_PULLBACK,BUY,4,1844.55,1836.88,1856.82,1.6,0.521,1821.336,1831.746,1819.254,0,1.108,0.12,1.6994,1833.58175,1852.354,1872.082,1828.242,1,0.01,0.45,0,1821.336,0.791,0.41,0,0.0,0.0,1840.76225,0.0,0.0,0,0,0,1.0,-0.755,-0.107,0.755,0.155,2,0.59,1,0.11,1828.276,1841.462,1.086,0.081,0.0,2,0.4,0,0.59,1.28,3.0,0.427,0.322,0,1828.276,2,0.55,0.0,0.413,0.226,0.14,0.57,0.867,1631.91413,1751.64575,1864.58163,580.5619,64.5741,2,1627.2225,0.497,1829.9007,0.315,1747.3281,0.405,-1,0.033,1,0,30625,0.778,0.577,0.458,400.0,400.0,0.3538,1130.6,0.0,1,1,0.927,1006.2,1,1,0.65,1167.4,-1,59.891,0.143,0.857,0.4,0.0,0.0,0.31,0.0,0.5,0.0,0.968,0.445,0.5,0.504,0.0,0.276,0.0,0,0,0.295,0.4,0.0,1.0,0.0,0.423,0.427,0.0,0.451,0.391,0.0,1.0,0.72
38014,2026.08.27 18:00:00,XPTUSDm,BREAKOUT,BUY,3,1849.8,1842.07,1875.89,3.37,0.374,1839.11125,1850.56,1830.7155,1,0.09,0.202,0.6409,1833.58175,1856.016,1866.786,1828.014,1,0.01,0.65,0,1839.11125,0.761,0.32,0,0.0,0.0,0.0,0.0,0.0,0,0,0,0.675,0.685,0.1377,0.685,0.546,2,0.366,0,0.521,1846.74375,1843.69075,0.09,0.202,0.0062,2,0.45,3,0.78,1.704,3.0,0.568,0.485,1,1839.11125,8,0.752,0.819,0.316,0.606,0.262,0.751,0.705,1631.91413,1751.64575,1864.58163,580.5619,64.5741,2,1627.2225,0.497,1829.9007,0.315,1747.3281,0.405,-1,0.033,1,0,30627,0.778,0.577,0.458,400.0,400.0,0.3833,1043.6,0.0,1,1,0.927,1006.2,1,1,0.65,1167.4,-1,65.391,0.143,0.857,0.4,0.0,0.0,0.09,0.0,0.5,0.0,0.42,0.454,0.5,0.381,0.0,0.382,0.0,0,0,0.295,0.432,0.0,1.0,0.0,0.492,0.516,0.0,0.405,0.391,0.0,1.0,0.764
38015,2026.08.27 18:00:20,XPTUSDm,BREAKOUT_RETEST,BUY,3,1849.48,1842.07,1864.48,2.02,0.461,1839.11125,1850.56,1830.7155,1,0.09,0.202,0.6103,1833.58175,1856.016,1866.786,1828.014,1,0.01,0.65,0,1839.11125,0.761,0.32,0,0.0,0.0,0.0,0.0,0.0,0,0,0,0.675,0.685,0.1377,0.685,0.546,0,0.666,0,0.521,1846.74375,1843.69075,0.121,0.171,0.0,2,0.15,0,0.666,1.104,3.0,0.368,0.432,1,1839.11125,8,0.752,0.758,0.196,0.206,0.157,0.751,0.705,1631.91413,1751.64575,1864.58163,580.5619,64.5741,2,1627.2225,0.497,1829.9007,0.315,1747.3281,0.405,-1,0.033,1,0,30627,0.778,0.577,0.458,400.0,400.0,0.3833,1043.6,0.0,1,1,0.927,1006.2,1,1,0.65,1167.4,-1,65.36,0.143,0.857,0.4,0.0,0.0,0.02,0.0,0.5,0.0,0.583,0.442,0.5,0.454,0.0,0.334,0.0,0,0,0.304,0.561,0.0,1.0,0.0,0.461,0.519,0.0,0.455,0.391,0.0,1.0,0.795
38016,2026.08.27 18:02:00,XPTUSDm,PULLBACK,BUY,3,1849.16,1842.07,1870.79,3.05,0.522,1839.11125,1850.56,1830.7155,1,0.09,0.202,0.5796,1833.58175,1856.016,1866.786,1828.014,1,0.01,0.65,0,1839.11125,0.761,0.32,0,0.0,0.0,0.0,0.0,0.0,0,0,0,0.675,0.685,0.1377,0.685,0.546,0,0.666,0,0.521,1846.74375,1843.69075,0.152,0.141,0.0,2,0.15,0,0.666,1.104,3.0,0.368,0.432,1,1839.11125,8,0.752,0.696,0.196,0.206,0.157,0.751,0.705,1631.91413,1751.64575,1864.58163,580.5619,64.5741,2,1627.2225,0.497,1829.9007,0.315,1747.3281,0.405,-1,0.033,1,0,30627,0.778,0.577,0.458,400.0,400.0,0.3833,1043.6,0.0,1,1,0.927,1006.2,1,1,0.65,1167.4,-1,65.33,0.143,0.857,0.4,0.0,0.0,0.02,0.0,0.5,0.0,0.583,0.466,0.5,0.454,0.0,0.334,0.0,0,0,0.29,0.561,0.0,1.0,0.0,0.461,0.515,0.0,0.455,0.391,0.0,1.0,0.795
38020,2026.08.27 18:49:40,XPTUSDm,TREND_CONTINUATION,BUY,3,1843.7,1831.18,1869.79,2.08,0.435,1839.11125,1850.56,1830.7155,1,0.09,0.202,0.0564,1833.58175,1856.016,1866.786,1828.014,1,0.016,0.65,0,1839.11125,0.761,0.32,0,0.0,0.0,0.0,0.0,0.0,0,0,0,0.675,0.685,0.1377,0.685,1.0,0,0.666,0,0.521,1839.8745,1843.69075,0.017,0.382,0.0,2,0.15,0,0.666,0.9,3.0,0.3,0.422,1,1830.7155,5,0.6,0.967,0.06,0.206,0.157,0.86,0.705,1631.91413,1751.64575,1864.58163,580.5619,64.5741,2,1627.2225,0.497,1829.9007,0.315,1747.3281,0.405,-1,0.033,1,0,30627,0.778,0.577,0.458,400.0,400.0,0.3833,1043.6,0.0,1,1,0.927,1006.2,1,1,0.65,1167.4,-1,64.806,0.143,0.857,0.4,0.0,0.0,0.74,0.0,0.5,0.0,0.677,0.608,0.5,0.549,0.0,0.382,0.0,0,0,0.382,0.728,0.0,0.805,0.0,0.47,0.477,0.0,0.491,0.391,0.0,1.0,0.764
38022,2026.08.27 20:00:00,XPTUSDm,BREAKOUT,BUY,3,1851.34,1836.4,1876.25,1.67,0.264,1846.7265,1848.469,1840.105,1,0.008,0.218,0.0616,1837.93275,1854.35825,1868.8255,1831.624,1,0.007,0.6,0,1844.6355,0.749,0.832,0,0.0,0.0,0.0,0.0,0.0,0,0,0,0.55,0.58,0.2969,0.58,0.904,0,0.668,0,0.479,1846.378,1849.863,0.097,0.253,0.0,2,0.4,0,0.668,0.943,3.0,0.314,0.396,1,1840.105,5,0.6,0.807,0.189,0.174,0.236,0.956,0.776,1629.5111,1751.64575,1864.58163,618.9478,38.3859,2,1627.2225,0.501,1829.9007,0.31,1747.3281,0.392,-1,0.066,1,0,30629,0.778,0.577,0.458,400.0,400.0,0.4015,996.3,0.0,1,1,0.927,1006.2,1,1,0.65,1167.4,-1,68.649,0.144,0.856,0.4,0.0,0.0,0.45,0.0,0.5,0.0,0.691,0.618,0.5,0.528,0.0,0.368,0.0,0,0,0.376,0.76,0.0,0.923,0.0,0.283,0.514,0.0,0.502,0.391,0.0,1.0,0.836
0,2026.08.27 20:00:20,XPTUSDm,BREAKOUT_RETEST,BUY,3,1851.34,1848.35,1856.65,1.78,0.391,1846.7265,1848.469,1840.105,1,0.008,0.218,0.0616,1837.93275,1854.35825,1868.8255,1831.624,1,0.007,0.6,0,1844.6355,0.749,0.832,0,0.0,0.0,0.0,0.0,0.0,0,0,0,0.55,0.58,0.2969,0.58,0.904,0,0.668,0,0.479,1846.378,1849.863,0.097,0.253,0.0,2,0.4,0,0.668,0.943,3.0,0.314,0.396,1,1840.105,5,0.6,0.807,0.189,0.174,0.236,0.956,0.776,1629.5111,1751.64575,1864.58163,618.9478,38.3859,2,1627.2225,0.501,1829.9007,0.31,1747.3281,0.392,-1,0.066,1,0,30629,0.778,0.577,0.458,400.0,400.0,0.4015,996.3,0.0,1,1,0.927,1006.2,1,1,0.65,1167.4,-1,68.649,0.144,0.856,0.4,0.0,0.0,0.45,0.0,0.5,0.0,0.691,0.616,0.5,0.528,0.0,0.368,0.0,0,0,0.375,0.76,0.0,0.923,0.0,0.283,0.514,0.0,0.502,0.391,0.0,1.0,0.836
38024,2026.08.27 20:02:00,XPTUSDm,PULLBACK,BUY,3,1849.83,1834.89,1872.83,1.54,0.465,1846.7265,1848.469,1840.105,1,0.008,0.218,-0.09,1837.93275,1854.35825,1868.8255,1831.624,1,0.009,0.6,0,1844.6355,0.749,0.832,0,0.0,0.0,0.0,0.0,0.0,0,0,0,0.55,0.58,0.2969,0.58,0.972,0,0.668,0,0.479,1846.378,1849.863,0.055,0.405,0.0,2,0.4,0,0.668,0.913,3.0,0.304,0.393,1,1840.105,5,0.6,0.89,0.168,0.174,0.236,0.956,0.776,1629.5111,1751.64575,1864.58163,618.9478,38.3859,2,1627.2225,0.501,1829.9007,0.31,1747.3281,0.392,-1,0.066,1,0,30629,0.778,0.577,0.458,400.0,400.0,0.4015,996.3,0.0,1,1,0.927,1006.2,1,1,0.65,1167.4,-1,68.497,0.144,0.856,0.4,0.0,0.0,0.08,0.0,0.5,0.0,0.691,0.49,0.5,0.528,0.0,0.368,0.0,0,0,0.312,0.76,0.0,1.0,0.0,0.283,0.5,0.0,0.491,0.391,0.0,1.0,0.725
38026,2026.08.27 20:49:40,XPTUSDm,TREND_CONTINUATION,BUY,3,1852.42,1840.46,1877.33,2.08,0.376,1846.7265,1848.469,1840.105,1,0.008,0.218,0.17,1837.93275,1854.35825,1868.8255,1831.624,1,0.006,0.6,0,1844.6355,0.749,0.832,0,0.0,0.0,0.0,0.0,0.0,0,0,0,0.55,0.58,0.2969,0.58,0.666,0,0.668,0,0.479,1846.378,1849.863,0.205,0.145,0.0,2,0.4,0,0.668,1.05,3.0,0.35,0.409,1,1844.6355,8,0.75,0.59,0.26,0.174,0.236,0.956,0.776,1629.5111,1751.64575,1864.58163,618.9478,38.3859,2,1627.2225,0.501,1829.9007,0.31,1747.3281,0.392,-1,0.066,1,0,30629,0.778,0.577,0.458,400.0,400.0,0.4015,996.3,0.0,1,1,0.927,1006.2,1,1,0.65,1167.4,-1,68.757,0.144,0.856,0.4,0.0,0.0,0.99,0.0,0.5,0.0,1.0,0.592,0.5,0.536,0.0,0.28,0.0,0,0,0.328,0.732,0.0,1.0,0.0,0.4,0.517,0.0,0.49,0.391,0.0,1.0,0.836
38028,2026.08.27 22:05:30,XPTUSDm,BREAKOUT,BUY,1,1856.69,1842.0,1881.17,1.67,0.283,1846.7265,1849.166,1844.287,1,0.004,0.36,-0.0037,1837.93275,1850.22475,1868.8255,1831.624,1,0.004,0.35,0,1846.7265,0.705,0.529,0,0.0,0.0,0.0,0.0,0.0,0,0,0,0.6,0.79,0.3226,0.79,1.0,0,0.8,2,0.344,1846.378,1850.2115,0.032,0.36,-0.3558,1,0.3,1,1.0,0.45,3.0,0.15,0.41,1,0.0,0,0.0,0.936,0.42,0.237,0.105,0.879,0.919,1629.5111,1751.64575,1864.58163,618.9478,38.3859,2,1627.2225,0.501,1829.9007,0.31,1747.3281,0.392,-1,0.066,1,0,30630,0.766,0.575,0.458,1000.0,406.0,1.0211,979.4,0.0,1,1,0.927,1006.2,1,1,0.65,1167.4,-1,70.382,0.144,0.856,0.4,0.0,0.0,0.0,0.0,0.5,0.0,0.544,0.579,0.5,0.543,0.0,0.258,0.0,0,0,0.314,0.8,0.0,0.811,0.0,0.169,0.485,0.0,0.475,0.391,0.0,1.0,0.645
0,2026.08.27 22:06:00,XPTUSDm,BREAKOUT_RETEST,BUY,1,1856.69,1853.31,1861.61,1.45,0.449,1846.7265,1849.166,1844.287,1,0.004,0.36,-0.0037,1837.93275,1850.22475,1868.8255,1831.624,1,0.004,0.35,0,1846.7265,0.705,0.529,0,0.0,0.0,0.0,0.0,0.0,0,0,0,0.6,0.79,0.3226,0.79,1.0,0,0.8,2,0.344,1846.378,1850.2115,0.032,0.36,0.0,2,0.0,0,0.8,0.9,3.0,0.3,0.458,1,0.0,0,0.0,0.936,0.0,0.237,0.0,0.879,0.919,1629.5111,1751.64575,1864.58163,618.9478,38.3859,2,1627.2225,0.501,1829.9007,0.31,1747.3281,0.392,-1,0.066,1,0,30630,0.766,0.575,0.458,1000.0,412.0,1.0211,979.4,0.0,1,1,0.927,1006.2,1,1,0.65,1167.4,-1,70.382,0.144,0.856,0.4,0.0,0.0,0.0,0.0,0.5,0.0,0.68,0.566,0.5,0.548,0.0,0.286,0.0,0,0,0.318,0.813,0.0,0.99,0.0,0.209,0.485,0.0,0.507,0.391,0.0,1.0,0.764
38029,2026.08.27 22:06:30,XPTUSDm,PULLBACK,BUY,1,1856.77,1842.08,1878.83,1.5,0.516,1846.7265,1849.166,1844.287,1,0.004,0.36,0.0044,1837.93275,1850.22475,1868.8255,1831.624,1,0.004,0.35,0,1846.7265,0.705,0.529,0,0.0,0.0,0.0,0.0,0.0,0,0,0,0.6,0.79,0.3226,0.79,1.0,0,0.8,2,0.344,1846.378,1850.2115,0.04,0.351,0.0,2,0.0,0,0.8,0.9,3.0,0.3,0.458,1,0.0,0,0.0,0.92,0.0,0.237,0.0,0.879,0.919,1629.5111,1751.64575,1864.58163,618.9478,38.3859,2,1627.2225,0.501,1829.9007,0.31,1747.3281,0.392,-1,0.066,1,0,30630,0.766,0.575,0.458,1000.0,418.0,1.0211,979.4,0.0,1,1,0.927,1006.2,1,1,0.65,1167.4,-1,70.39,0.144,0.856,0.4,0.0,0.0,0.02,0.0,0.5,0.0,0.68,0.57,0.5,0.548,0.0,0.286,0.0,0,0,0.32,0.813,0.0,0.871,0.0,0.209,0.487,0.0,0.507,0.391,0.0,1.0,0.764
38032,2026.08.27 22:49:40,XPTUSDm,TREND_CONTINUATION,BUY,1,1857.44,1845.69,1881.92,2.08,0.445,1846.7265,1849.166,1844.287,0,0.004,0.36,0.6855,1837.93275,1850.22475,1868.8255,1831.624,1,0.003,0.35,0,1846.7265,0.705,0.529,0,0.0,0.0,0.0,0.0,0.0,0,0,0,0.6,0.79,0.3226,0.79,0.081,0,0.8,2,0.344,1846.378,1850.2115,0.721,0.33,0.0,2,0.0,0,0.8,1.314,3.0,0.438,0.506,2,1846.7265,8,0.741,0.0,0.276,0.237,0.0,0.879,0.919,1629.5111,1751.64575,1864.58163,618.9478,38.3859,2,1627.2225,0.501,1829.9007,0.31,1747.3281,0.392,-1,0.066,1,0,30630,0.766,0.575,0.458,400.0,400.0,0.4084,979.4,0.0,1,1,0.927,1006.2,1,1,0.65,1167.4,-1,70.458,0.144,0.856,0.4,0.0,0.0,0.99,0.0,0.5,0.0,0.862,0.517,0.5,0.529,0.0,0.186,0.0,0,0,0.244,0.75,0.0,0.88,0.0,0.199,0.629,0.0,0.486,0.391,0.0,1.0,0.872
38034,2026.08.28 00:01:40,XPTUSDm,ANCHORED_PULLBACK,BUY,1,1854.41,1844.19,1868.95,1.42,0.437,1846.52125,1849.795,1843.975,0,0.014,0.485,0.4195,1844.45925,1850.22475,1868.8255,1831.624,1,0.0,0.4,0,1846.52125,0.672,0.0,1,0.0,0.0,1846.97375,0.0,0.0,0,0,0,0.7,0.86,0.3633,0.86,0.256,0,0.744,0,0.963,1846.885,1853.79625,0.38,0.365,0.0,2,0.0,4,0.623,1.535,3.0,0.512,0.556,2,1846.52125,8,0.734,0.239,0.223,0.258,0.193,0.807,0.952,1627.2225,1751.64575,1849.00338,546.7336,-72.2143,1,1627.2225,0.502,1829.9007,0.308,1747.3281,0.394,-1,0.07,1,0,30632,0.766,0.575,0.458,400.0,400.0,0.4315,927.0,0.0,1,1,0.927,1006.2,1,1,0.65,1167.4,-1,74.111,0.202,0.798,0.4,1.0,0.0,0.92,0.0,0.5,0.0,0.23,0.425,0.5,0.526,0.0,0.264,0.0,0,0,0.308,0.777,0.37,0.704,0.0,0.253,0.57,0.0,0.469,0.391,0.0,1.0,0.916
0,2026.08.28 00:06:00,XPTUSDm,BREAKOUT_RETEST,BUY,1,1855.5,1852.72,1859.8,1.54,0.516,1846.52125,1849.795,1843.975,1,0.014,0.485,-0.1102,1844.45925,1850.22475,1868.8255,1831.624,1,0.005,0.4,0,1846.52125,0.672,0.0,1,0.0,0.0,1846.97375,0.0,0.0,0,0,0,0.7,0.86,0.3633,0.86,0.805,0,0.744,0,0.963,1846.885,1842.88375,0.149,0.282,0.0,2,0.0,4,0.623,1.288,3.0,0.429,0.527,2,1849.795,4,0.6,0.701,0.059,0.258,0.193,0.807,0.947,1627.2225,1751.64575,1849.00338,546.7336,-72.2143,1,1627.2225,0.502,1829.9007,0.308,1747.3281,0.394,-1,0.07,1,0,30632,0.766,0.575,0.458,1000.0,406.0,1.0787,927.0,0.0,1,1,0.927,1006.2,1,1,0.65,1167.4,-1,74.229,0.202,0.798,0.4,1.0,0.0,0.0,0.0,0.5,0.0,0.258,0.449,0.5,0.748,0.0,0.38,0.0,0,0,0.407,0.815,0.146,0.792,0.0,0.247,0.458,0.0,0.486,0.391,0.0,1.0,0.812
38035,2026.08.28 00:10:40,XPTUSDm,BREAKOUT,BUY,1,1853.99,1840.09,1877.17,1.67,0.449,1846.52125,1849.795,1843.975,0,0.014,0.485,0.3742,1844.45925,1850.22475,1868.8255,1831.624,1,0.0,0.4,0,1846.52125,0.672,0.0,1,0.0,0.0,1846.97375,0.0,0.0,0,0,0,0.7,0.86,0.3633,0.86,0.256,0,0.744,0,0.963,1846.885,1853.79625,0.335,0.411,0.0,2,0.0,4,0.623,1.535,3.0,0.512,0.556,2,1846.52125,8,0.734,0.33,0.223,0.258,0.193,0.807,0.952,1627.2225,1751.64575,1849.00338,546.7336,-72.2143,1,1627.2225,0.502,1829.9007,0.308,1747.3281,0.394,-1,0.07,1,0,30632,0.766,0.575,0.458,400.0,544.0,0.4315,927.0,0.0,1,1,0.927,1006.2,1,1,0.65,1167.4,-1,74.066,0.202,0.798,0.4,1.0,0.0,0.86,0.0,0.5,0.0,0.23,0.573,0.5,0.647,0.0,0.343,0.0,0,0,0.375,0.868,0.053,0.704,0.0,0.28,0.563,0.0,0.469,0.391,0.0,1.0,0.916
38036,2026.08.28 00:10:59,XPTUSDm,PULLBACK,BUY,1,1851.29,1837.39,1872.83,1.55,0.57,1846.52125,1849.795,1843.975,1,0.014,0.485,0.0829,1844.45925,1850.22475,1868.8255,1831.624,1,0.003,0.4,0,1846.52125,0.672,0.0,1,0.0,0.0,1846.97375,0.0,0.0,0,0,0,0.7,0.86,0.3633,0.86,0.765,0,0.744,0,0.963,1846.885,1842.88375,0.044,0.475,0.0,2,0.0,4,0.623,1.306,3.0,0.435,0.529,2,1843.975,5,0.6,0.913,0.07,0.258,0.193,0.807,0.947,1627.2225,1751.64575,1849.00338,546.7336,-72.2143,1,1627.2225,0.502,1829.9007,0.308,1747.3281,0.394,-1,0.07,1,0,30632,0.766,0.575,0.458,400.0,544.0,0.4315,927.0,0.0,1,1,0.927,1006.2,1,1,0.65,1167.4,-1,73.775,0.202,0.798,0.4,1.0,0.0,0.56,0.0,0.5,0.0,0.247,0.583,0.5,0.741,0.0,0.389,0.0,0,0,0.428,0.815,0.053,0.475,0.0,0.249,0.538,0.0,0.492,0.391,0.0,1.0,0.812
38038,2026.08.28 00:39:40,XPTUSDm,MEAN_REVERSION,BUY,1,1844.1,1836.68,1850.52,0.87,0.691,1846.52125,1849.795,1843.975,0,0.014,0.485,-0.6927,1844.45925,1850.22475,1868.8255,1831.624,1,0.011,0.4,0,1846.52125,0.672,0.0,1,0.0,0.0,1846.97375,0.0,0.0,0,0,0,0.7,0.86,0.3633,0.86,0.035,0,0.744,0,0.963,1846.885,1839.97375,0.732,0.014,0.0,2,0.0,4,0.623,1.634,3.0,0.545,0.568,2,1846.52125,8,0.734,0.0,0.289,0.258,0.193,0.807,0.968,1627.2225,1751.64575,1849.00338,546.7336,-72.2143,1,1627.2225,0.502,1829.9007,0.308,1747.3281,0.394,-1,0.07,1,0,30632,0.766,0.575,0.458,400.0,400.0,0.4315,927.0,0.0,1,1,0.927,1006.2,1,1,0.65,1167.4,-1,72.999,0.202,0.798,0.4,1.0,0.0,0.0,0.0,0.5,0.0,0.23,0.295,0.5,0.515,0.0,0.63,0.0,0,0,0.529,0.581,0.0,0.704,0.0,0.274,0.302,0.0,0.469,0.391,0.0,1.0,0.916
38041,2026.08.28 01:00:40,XPTUSDm,SWEEP_REVERSAL,BUY,1,1841.09,1831.68,1850.2,0.97,0.308,1846.19575,1851.8845,1845.058,0,0.369,0.196,-0.9681,1844.45925,1850.22475,1868.8255,1831.624,1,0.014,0.45,0,1846.19575,0.791,0.357,0,0.0,0.0,1842.53875,0.0,0.0,0,0,0,1.0,0.72,0.2655,0.72,0.046,2,0.629,0,0.748,1846.19575,1840.12775,0.968,0.323,0.0,2,0.4,0,0.629,1.329,3.0,0.443,0.46,1,1846.19575,8,0.758,0.0,0.446,0.216,0.29,0.918,0.881,1627.2225,1751.64575,1849.00338,546.7336,-72.2143,1,1627.2225,0.502,1829.9007,0.308,1747.3281,0.394,-1,0.07,1,0,30633,0.766,0.575,0.458,400.0,538.0,0.4253,940.6,0.0,1,1,0.927,1006.2,1,1,0.65,1167.4,0,71.626,0.202,0.798,0.4,1.0,0.5,0.23,0.0,0.5,0.779,0.374,0.428,0.5,0.649,0.0,0.706,0.0,0,0,0.52,0.431,0.0,0.696,0.0,0.26,0.217,0.0,0.51,0.375,0.0,1.0,0.874
38044,2026.08.28 01:10:00,XPTUSDm,TREND_CONTINUATION,BUY,1,1857.92,1846.63,1881.43,2.08,0.557,1846.19575,1851.8845,1845.058,1,0.369,0.196,0.1833,1844.45925,1850.22475,1868.8255,1831.624,1,0.002,0.45,0,1846.19575,0.791,0.357,0,0.0,0.0,1842.53875,0.0,0.0,0,0,0,1.0,0.72,0.2655,0.72,0.473,2,0.629,0,0.748,1846.19575,1853.4015,0.183,0.583,0.0,2,0.4,0,0.629,1.137,3.0,0.379,0.438,1,1845.058,5,0.6,0.633,0.318,0.216,0.29,0.918,0.851,1627.2225,1751.64575,1849.00338,546.7336,-72.2143,1,1627.2225,0.502,1829.9007,0.308,1747.3281,0.394,-1,0.07,1,0,30633,0.766,0.575,0.458,1000.0,730.0,1.0632,940.6,0.0,1,1,0.927,1006.2,1,1,0.65,1167.4,0,73.415,0.202,0.798,0.4,1.0,0.5,0.54,0.0,0.5,0.0,0.358,0.46,0.5,0.69,0.0,0.7,0.0,0,0,0.511,0.681,0.0,0.928,0.0,0.33,0.483,0.0,0.522,0.375,0.0,1.0,0.796
38046,2026.08.28 02:13:59,XPTUSDm,PULLBACK,BUY,1,1844.49,1840.34,1849.62,1.24,0.476,1846.75975,1853.0215,1840.498,0,1.136,0.007,-0.622,1844.45925,1850.22475,1864.692,1831.624,1,0.01,0.55,0,1845.62125,0.767,0.485,0,0.0,0.0,1837.344,0.0,0.0,0,0,0,1.0,0.755,0.1269,0.755,0.352,0,0.745,0,0.563,1843.34425,1839.92875,0.283,0.056,0.0,2,0.4,0,0.745,1.192,3.0,0.397,0.434,1,1845.62125,8,0.753,0.434,0.354,0.226,0.253,0.784,0.704,1627.2225,1751.64575,1849.00338,546.7336,-72.2143,1,1627.2225,0.502,1829.9007,0.308,1747.3281,0.394,-1,0.07,1,0,30634,0.766,0.575,0.458,400.0,688.0,0.3968,1008.0,0.0,1,1,0.927,1006.2,1,1,0.65,1167.4,0,67.172,0.202,0.798,0.4,1.0,0.5,0.85,0.0,0.5,0.0,0.435,0.496,0.5,0.446,0.0,0.663,0.0,0,0,0.401,0.462,0.0,1.0,0.0,0.609,0.567,0.0,0.505,0.375,0.0,1.0,0.812
0,2026.08.28 02:21:20,XPTUSDm,BREAKOUT_RETEST,BUY,1,1845.3,1842.28,1849.62,1.43,0.597,1846.75975,1853.0215,1840.498,1,1.136,0.007,-0.5416,1844.45925,1850.22475,1864.692,1831.624,1,0.009,0.55,0,1845.62125,0.767,0.485,0,0.0,0.0,1837.344,0.0,0.0,0,0,0,1.0,0.755,0.1269,0.755,0.406,0,0.745,0,0.563,1843.34425,1839.92875,0.203,0.136,0.0,2,0.4,0,0.745,1.167,3.0,0.389,0.431,1,1845.62125,8,0.753,0.594,0.338,0.226,0.253,0.784,0.704,1627.2225,1751.64575,1849.00338,546.7336,-72.2143,1,1627.2225,0.502,1829.9007,0.308,1747.3281,0.394,-1,0.07,1,0,30634,0.766,0.575,0.458,400.0,550.0,0.3968,1008.0,0.0,1,1,0.927,1006.2,1,1,0.65,1167.4,0,67.252,0.202,0.798,0.4,1.0,0.5,0.99,0.0,0.5,0.0,0.791,0.65,0.5,0.481,0.0,0.557,0.0,0,0,0.457,0.517,0.0,1.0,0.0,0.563,0.567,0.0,0.501,0.375,0.0,1.0,0.733
0,2026.08.28 02:39:40,XPTUSDm,MEAN_REVERSION,BUY,1,1848.04,1839.98,1855.62,0.94,0.657,1846.75975,1853.0215,1840.498,0,1.136,0.007,-0.8651,1844.45925,1850.22475,1864.692,1831.624,1,0.012,0.55,0,1845.62125,0.767,0.485,0,0.0,0.0,1837.344,0.0,0.0,0,0,0,1.0,0.755,0.1269,0.755,0.561,0,0.745,0,0.563,1843.34425,1839.92875,0.526,0.187,0.0,2,0.4,0,0.745,1.097,3.0,0.366,0.423,1,1845.62125,8,0.753,0.0,0.292,0.226,0.253,0.784,0.704,1627.2225,1751.64575,1849.00338,546.7336,-72.2143,1,1627.2225,0.502,1829.9007,0.308,1747.3281,0.394,-1,0.07,1,0,30634,0.766,0.575,0.458,1000.0,934.0,0.9921,1008.0,0.0,1,1,0.927,1006.2,1,1,0.65,1167.4,0,67.524,0.202,0.798,0.4,1.0,0.5,0.39,0.0,0.5,0.0,1.0,0.376,0.5,0.489,0.0,0.581,0.0,0,0,0.454,0.505,0.0,0.877,0.0,0.609,0.567,0.0,0.488,0.375,0.0,1.0,0.812
38048,2026.08.28 08:00:20,XPTUSDm,TREND_CONTINUATION,BUY,2,1874.18,1859.77,1904.19,2.08,0.437,1844.48,1871.252,1838.66,1,0.008,0.396,2.1409,1844.89525,1851.90825,1864.181,1832.6225,0,0.015,0.7,2,1844.48,0.703,0.0,1,0.0,0.0,1870.73875,0.0,0.0,0,0,1,0.675,0.685,0.079,0.685,0.495,2,0.476,3,0.828,1870.088,1865.432,0.008,0.396,0.0,2,0.0,0,0.476,1.127,3.0,0.376,0.428,1,1844.48,8,0.741,0.985,0.152,0.206,0.0,0.594,0.945,1631.91413,1751.64575,1864.58163,581.4158,47.636,2,1627.2225,0.509,1822.3941,0.306,1747.3281,0.364,-1,0.103,1,0,30640,0.768,0.576,0.459,400.0,400.0,0.3332,1200.4,0.0,1,1,0.927,1006.2,1,1,0.65,1167.4,1,58.877,0.143,0.857,0.4,0.0,1.0,0.23,0.0,0.5,0.0,1.0,0.458,0.5,0.534,0.0,0.389,0.0,0,0,0.341,0.675,0.0,0.57,0.0,1.0,0.435,0.0,0.458,0.391,0.0,1.0,0.912
38049,2026.08.28 08:00:40,XPTUSDm,ANCHORED_PULLBACK,BUY,2,1876.35,1867.14,1896.36,2.17,0.499,1844.48,1871.252,1838.66,0,0.008,0.396,2.3217,1844.89525,1851.90825,1864.181,1832.6225,0,0.017,0.7,2,1844.48,0.703,0.0,1,0.0,0.0,1870.73875,0.0,0.0,0,0,1,0.675,0.685,0.079,0.685,0.271,2,0.476,3,0.828,1870.088,1865.432,0.188,0.576,0.0,2,0.0,0,0.476,1.228,3.0,0.409,0.44,1,1844.48,8,0.741,0.623,0.219,0.206,0.0,0.594,0.945,1631.91413,1751.64575,1864.58163,581.4158,47.636,2,1627.2225,0.509,1822.3941,0.306,1747.3281,0.364,-1,0.103,1,0,30640,0.768,0.576,0.459,400.0,400.0,0.3332,1200.4,0.0,1,1,0.927,1006.2,1,1,0.65,1167.4,1,59.058,0.143,0.857,0.4,0.0,1.0,0.91,0.0,0.5,0.0,1.0,0.479,0.5,0.534,0.0,0.404,0.0,0,0,0.334,0.506,0.0,0.57,0.0,1.0,0.758,0.0,0.458,0.391,0.0,1.0,0.955
38052,2026.08.28 08:16:40,XPTUSDm,PULLBACK,BUY,2,1878.78,1873.54,1914.79,6.87,0.375,1844.48,1871.252,1838.66,0,0.008,0.396,2.5241,1844.89525,1851.90825,1864.181,1832.6225,0,0.019,0.7,2,1844.48,0.703,0.0,1,0.0,0.0,1870.73875,0.0,0.0,0,0,1,0.675,0.685,0.079,0.685,0.236,2,0.476,3,0.828,1870.088,1882.892,0.391,0.676,0.0,2,0.0,0,0.476,1.244,3.0,0.415,0.442,1,1870.088,2,0.55,0.218,0.229,0.206,0.0,0.594,0.951,1631.91413,1751.64575,1864.58163,581.4158,47.636,2,1627.2225,0.509,1822.3941,0.306,1747.3281,0.364,-1,0.103,1,0,30640,0.768,0.576,0.459,400.0,400.0,0.3332,1200.4,0.0,1,1,0.927,1006.2,1,1,0.65,1167.4,1,59.261,0.143,0.857,0.4,0.0,1.0,0.62,0.0,0.5,0.0,1.0,0.558,0.5,0.496,0.0,0.405,0.0,0,0,0.345,0.499,0.0,0.57,0.0,1.0,0.795,0.0,0.474,0.391,0.0,1.0,0.955
38054,2026.08.28 08:38:40,XPTUSDm,BREAKOUT,BUY,2,1876.43,1858.42,1906.44,1.67,0.412,1844.48,1871.252,1838.66,0,0.008,0.396,2.3283,1844.89525,1851.90825,1864.181,1832.6225,0,0.017,0.7,2,1844.48,0.703,0.0,1,0.0,0.0,1870.73875,0.0,0.0,0,0,1,0.675,0.685,0.079,0.685,0.271,2,0.476,3,0.828,1870.088,1865.432,0.195,0.583,0.0,2,0.0,0,0.476,1.228,3.0,0.409,0.44,1,1844.48,8,0.741,0.61,0.219,0.206,0.0,0.594,0.945,1631.91413,1751.64575,1864.58163,581.4158,47.636,2,1627.2225,0.509,1822.3941,0.306,1747.3281,0.364,-1,0.103,1,0,30640,0.768,0.576,0.459,400.0,400.0,0.3332,1200.4,0.0,1,1,0.927,1006.2,1,1,0.65,1167.4,1,59.065,0.143,0.857,0.4,0.0,1.0,0.82,0.0,0.5,0.0,1.0,0.509,0.5,0.523,0.0,0.437,0.0,0,0,0.337,0.506,0.0,0.333,0.0,1.0,0.759,0.0,0.458,0.391,0.0,1.0,0.955
0,2026.08.28 09:00:00,XPTUSDm,BREAKOUT_RETEST,BUY,2,1874.3,1870.6,1886.89,3.4,0.376,1870.088,1882.892,1852.628,1,0.017,0.395,0.0172,1844.89525,1851.90825,1864.181,1832.6225,0,0.015,0.65,0,1870.088,0.78,0.26,0,0.0,0.0,0.0,0.0,0.0,0,0,1,0.5,0.545,0.1753,0.545,1.0,2,0.648,3,0.835,1872.416,1865.432,0.172,0.395,0.0,2,0.25,0,0.648,0.9,3.0,0.3,0.422,1,1882.892,4,0.6,0.657,0.1,0.164,0.088,0.704,0.932,1631.91413,1751.64575,1864.58163,581.4158,47.636,2,1627.2225,0.509,1822.3941,0.306,1747.3281,0.364,-1,0.103,1,0,30641,0.768,0.576,0.459,400.0,400.0,0.3242,1233.8,0.0,1,1,0.927,1006.2,1,1,0.65,1167.4,1,57.295,0.143,0.857,0.4,0.0,1.0,0.61,0.0,0.5,0.0,0.979,0.623,0.5,0.519,0.0,0.357,0.0,0,0,0.372,0.66,0.0,0.794,0.0,0.884,0.65,0.0,0.478,0.375,0.0,1.0,0.764
38056,2026.08.28 10:00:20,XPTUSDm,TREND_CONTINUATION,BUY,2,1888.26,1872.75,1920.58,2.08,0.451,1871.86875,1884.527,1868.4165,1,0.078,1.502,0.9585,1846.557,1850.259,1863.216,1829.898,0,0.026,0.35,0,1871.86875,0.765,0.383,0,0.0,0.0,0.0,0.0,0.0,0,0,1,0.825,0.58,0.2631,0.58,0.472,2,0.637,2,0.221,1883.37625,1864.96425,0.068,1.493,0.0,2,0.25,0,0.637,1.138,3.0,0.379,0.338,0,1871.86875,8,0.753,0.863,0.258,0.174,0.088,0.45,0.934,1631.91413,1751.64575,1864.58163,581.4158,47.636,2,1627.2225,0.509,1822.3941,0.306,1747.3281,0.364,-1,0.103,1,0,30642,0.768,0.576,0.459,400.0,400.0,0.3094,1292.8,0.0,1,1,0.927,1006.2,1,1,0.65,1167.4,1,55.76,0.143,0.857,0.4,0.0,1.0,0.19,0.0,0.5,0.0,0.738,0.693,0.5,0.512,0.0,0.315,0.0,0,0,0.396,0.658,0.0,0.391,0.0,0.537,0.745,0.0,0.455,0.375,0.0,1.0,0.961
38058,2026.08.28 10:16:40,XPTUSDm,PULLBACK,BUY,2,1889.28,1869.89,1928.06,2.0,0.389,1871.86875,1884.527,1868.4165,0,0.078,1.502,1.0374,1846.557,1850.259,1863.216,1829.898,0,0.027,0.35,0,1871.86875,0.765,0.383,0,0.0,0.0,0.0,0.0,0.0,0,0,1,0.825,0.58,0.2631,0.58,0.152,2,0.637,2,0.221,1883.37625,1864.96425,0.147,1.571,0.0,2,0.25,0,0.637,1.282,3.0,0.427,0.355,1,1871.86875,8,0.753,0.705,0.354,0.174,0.088,0.45,0.934,1631.91413,1751.64575,1864.58163,581.4158,47.636,2,1627.2225,0.509,1822.3941,0.306,1747.3281,0.364,-1,0.103,1,0,30642,0.768,0.576,0.459,400.0,400.0,0.3094,1292.8,0.0,1,1,0.927,1006.2,1,1,0.65,1167.4,1,55.839,0.143,0.857,0.4,0.0,1.0,0.05,0.0,0.5,0.0,0.675,0.488,0.5,0.522,0.0,0.382,0.0,0,0,0.316,0.556,0.0,0.391,0.0,0.59,0.807,0.0,0.467,0.375,0.0,1.0,1.001
38060,2026.08.28 10:38:40,XPTUSDm,BREAKOUT,BUY,2,1890.57,1871.18,1922.89,1.67,0.436,1871.86875,1884.527,1868.4165,0,0.078,1.502,1.1372,1846.557,1850.259,1863.216,1829.898,0,0.028,0.35,0,1871.86875,0.765,0.383,0,0.0,0.0,0.0,0.0,0.0,0,0,1,0.825,0.58,0.2631,0.58,0.152,2,0.637,2,0.221,1883.37625,1864.96425,0.247,1.671,0.0,2,0.25,0,0.637,1.282,3.0,0.427,0.355,1,1871.86875,8,0.753,0.506,0.354,0.174,0.088,0.45,0.934,1631.91413,1751.64575,1864.58163,581.4158,47.636,2,1627.2225,0.509,1822.3941,0.306,1747.3281,0.364,-1,0.103,1,0,30642,0.768,0.576,0.459,400.0,400.0,0.3094,1292.8,0.0,1,1,0.927,1006.2,1,1,0.65,1167.4,1,55.939,0.143,0.857,0.4,0.0,1.0,0.51,0.0,0.5,0.0,0.594,0.528,0.5,0.501,0.0,0.458,0.0,0,0,0.35,0.556,0.0,0.391,0.0,0.614,0.827,0.0,0.467,0.375,0.0,1.0,1.001
38062,2026.08.28 12:00:00,XPTUSDm,BREAKOUT_RETEST,BUY,2,1897.19,1889.35,1908.48,1.44,0.754,1886.697,1896.33,1880.028,1,0.481,1.03,0.481,1845.555,1845.555,1867.896,1831.338,0,0.035,0.55,0,1886.697,0.747,0.531,0,0.0,0.0,0.0,0.0,0.0,0,0,1,0.975,0.825,0.4322,0.825,0.469,2,0.389,0,0.386,1884.474,1895.589,0.646,0.178,0.0313,2,0.3,3,1.0,1.739,3.0,0.58,0.565,2,1886.697,8,0.749,0.0,0.279,0.648,0.182,0.874,0.792,1631.91413,1751.64575,1864.58163,548.5367,-32.8791,1,1627.2225,0.511,1822.3941,0.308,1747.3281,0.359,-1,0.052,1,0,30644,0.768,0.576,0.459,400.0,400.0,0.2963,1349.9,0.0,1,1,0.927,1006.2,1,1,0.65,1167.4,1,54.061,0.173,0.827,0.4,1.0,1.0,0.49,0.0,0.5,0.0,0.365,0.443,0.5,0.461,0.0,0.53,0.0,0,0,0.385,0.489,0.0,0.383,0.0,0.546,0.65,0.0,0.436,0.36,0.0,1.0,0.993
38063,2026.08.28 12:00:20,XPTUSDm,TREND_CONTINUATION,BUY,2,1896.8,1880.6,1930.55,2.08,0.567,1886.697,1896.33,1880.028,1,0.481,1.03,0.4521,1845.555,1845.555,1867.896,1831.338,0,0.035,0.55,0,1886.697,0.747,0.531,0,0.0,0.0,0.0,0.0,0.0,0,0,1,0.975,0.825,0.4322,0.825,0.469,0,0.689,0,0.386,1884.474,1895.589,0.617,0.207,0.0,2,0.0,0,0.689,1.139,3.0,0.38,0.463,1,1886.697,8,0.749,0.0,0.159,0.247,0.077,0.874,0.792,1631.91413,1751.64575,1864.58163,548.5367,-32.8791,1,1627.2225,0.511,1822.3941,0.308,1747.3281,0.359,-1,0.052,1,0,30644,0.768,0.576,0.459,400.0,400.0,0.2963,1349.9,0.0,1,1,0.927,1006.2,1,1,0.65,1167.4,1,54.032,0.173,0.827,0.4,1.0,1.0,0.39,0.0,0.5,0.0,0.508,0.432,0.5,0.505,0.0,0.481,0.0,0,0,0.384,0.616,0.0,0.38,0.0,0.479,0.718,0.0,0.477,0.36,0.0,1.0,0.929
38066,2026.08.28 12:16:40,XPTUSDm,PULLBACK,BUY,2,1895.95,1889.35,1936.45,6.13,0.632,1886.697,1896.33,1880.028,1,0.481,1.03,0.3891,1845.555,1845.555,1867.896,1831.338,0,0.034,0.55,0,1886.697,0.747,0.531,0,0.0,0.0,0.0,0.0,0.0,0,0,1,0.975,0.825,0.4322,0.825,0.469,0,0.689,0,0.386,1884.474,1895.589,0.554,0.27,0.0,2,0.0,0,0.689,1.139,3.0,0.38,0.463,1,1886.697,8,0.749,0.0,0.159,0.247,0.077,0.874,0.792,1631.91413,1751.64575,1864.58163,548.5367,-32.8791,1,1627.2225,0.511,1822.3941,0.308,1747.3281,0.359,-1,0.052,1,0,30644,0.768,0.576,0.459,400.0,400.0,0.2963,1349.9,0.0,1,1,0.927,1006.2,1,1,0.65,1167.4,1,53.97,0.173,0.827,0.4,1.0,1.0,0.0,0.0,0.5,0.0,0.36,0.619,0.5,0.512,0.0,0.493,0.0,0,0,0.422,0.586,0.0,0.523,0.0,0.443,0.706,0.0,0.477,0.36,0.0,1.0,0.929
38068,2026.08.28 12:38:40,XPTUSDm,BREAKOUT,BUY,2,1888.27,1882.68,1922.02,6.04,0.402,1886.697,1896.33,1880.028,1,0.481,1.03,-0.1798,1845.555,1845.555,1867.896,1831.338,0,0.029,0.55,0,1886.697,0.747,0.531,0,0.0,0.0,0.0,0.0,0.0,0,0,1,0.975,0.825,0.4322,0.825,0.965,0,0.689,0,0.386,1884.474,1877.805,0.015,0.479,0.0,2,0.0,0,0.689,0.916,3.0,0.305,0.437,1,1880.028,5,0.6,0.97,0.01,0.247,0.077,0.874,0.881,1631.91413,1751.64575,1864.58163,548.5367,-32.8791,1,1627.2225,0.511,1822.3941,0.308,1747.3281,0.359,-1,0.052,1,0,30644,0.768,0.576,0.459,400.0,400.0,0.2963,1349.9,0.0,1,1,0.927,1006.2,1,1,0.65,1167.4,1,53.401,0.173,0.827,0.4,1.0,1.0,0.01,0.0,0.5,0.0,0.339,0.41,0.5,0.509,0.0,0.411,0.0,0,0,0.371,0.808,0.0,0.47,0.0,0.532,0.65,0.0,0.474,0.375,0.0,1.0,0.969
38070,2026.08.28 12:41:40,XPTUSDm,MEAN_REVERSION,BUY,2,1887.08,1882.68,1900.33,3.01,0.632,1886.697,1896.33,1880.028,1,0.481,1.03,-0.2679,1845.555,1845.555,1867.896,1831.338,0,0.028,0.55,0,1886.697,0.747,0.531,0,0.0,0.0,0.0,0.0,0.0,0,0,1,0.975,0.825,0.4322,0.825,0.965,0,0.689,0,0.386,1884.474,1877.805,0.103,0.391,0.0,2,0.0,0,0.689,0.916,3.0,0.305,0.437,1,1896.33,4,0.6,0.793,0.01,0.247,0.077,0.874,0.881,1631.91413,1751.64575,1864.58163,548.5367,-32.8791,1,1627.2225,0.511,1822.3941,0.308,1747.3281,0.359,-1,0.052,1,0,30644,0.768,0.576,0.459,400.0,400.0,0.2963,1349.9,0.0,1,1,0.927,1006.2,1,1,0.65,1167.4,1,53.312,0.173,0.827,0.4,1.0,1.0,0.11,0.0,0.5,0.0,0.337,0.436,0.5,0.485,0.0,0.373,0.0,0,0,0.333,0.808,0.0,0.47,0.0,0.54,0.65,0.0,0.474,0.375,0.0,1.0,0.969
38072,2026.08.28 12:51:20,XPTUSDm,SWEEP_REVERSAL,BUY,2,1879.86,1866.36,1890.7,0.8,0.139,1886.697,1896.33,1880.028,0,0.481,1.03,-0.8028,1845.555,1845.555,1867.896,1831.338,0,0.022,0.55,0,1886.697,0.747,0.531,0,0.0,0.0,0.0,0.0,0.0,0,0,1,0.975,0.825,0.4322,0.825,0.182,0,0.689,0,0.386,1884.474,1877.805,0.638,0.144,0.0,2,0.0,0,0.689,1.268,3.0,0.423,0.478,1,1886.697,8,0.749,0.0,0.245,0.247,0.077,0.874,0.881,1631.91413,1751.64575,1864.58163,548.5367,-32.8791,1,1627.2225,0.511,1822.3941,0.308,1747.3281,0.359,-1,0.052,1,0,30644,0.768,0.576,0.459,400.0,400.0,0.2963,1349.9,0.0,1,1,0.927,1006.2,1,1,0.65,1167.4,1,52.778,0.173,0.827,0.4,1.0,1.0,0.0,0.0,0.5,0.0,0.345,0.304,0.5,0.521,0.0,0.42,0.0,0,0,0.442,0.524,0.0,0.618,0.0,0.641,0.488,0.0,0.475,0.375,0.0,1.0,1.001
38074,2026.08.28 13:00:40,XPTUSDm,ANCHORED_PULLBACK,BUY,4,1886.61,1879.35,1892.73,0.84,0.447,1886.76325,1892.728,1880.7985,1,0.036,0.766,-0.2858,1846.1925,1850.3395,1864.854,1827.531,0,0.022,0.45,0,1886.76325,0.745,0.556,0,0.0,0.0,1878.09,0.0,0.0,0,0,1,0.7,0.86,0.4291,0.86,0.98,0,0.76,0,0.684,1884.775,1874.171,0.149,0.581,0.0,2,0.0,0,0.76,0.909,3.0,0.303,0.501,2,1892.728,4,0.6,0.702,0.006,0.258,0.137,0.96,0.914,1631.91413,1751.64575,1864.58163,548.5367,-32.8791,1,1627.2225,0.511,1822.3941,0.308,1747.3281,0.359,-1,0.052,1,0,30645,0.768,0.576,0.459,400.0,400.0,0.2753,1453.1,0.0,1,1,0.927,1006.2,1,1,0.65,1167.4,1,49.493,0.173,0.827,0.4,1.0,1.0,0.78,0.0,0.5,0.0,0.387,0.548,0.5,0.51,0.0,0.426,0.0,0,0,0.352,0.88,0.0,0.556,0.0,0.348,0.65,0.0,0.466,0.375,0.0,1.0,0.969
38076,2026.08.28 14:00:00,XPTUSDm,BREAKOUT_RETEST,BUY,4,1889.02,1884.49,1896.49,1.65,0.474,1884.17375,1892.4875,1881.4025,1,0.017,0.423,0.056,1845.0155,1850.3395,1864.854,1827.531,0,0.023,0.5,0,1883.06525,0.771,0.5,0,0.0,0.0,0.0,0.0,0.0,0,0,1,0.75,0.72,0.381,0.72,0.92,2,0.567,0,0.641,1884.728,1878.077,0.019,0.46,-0.0559,1,0.55,0,0.567,0.936,3.0,0.312,0.364,1,1892.4875,4,0.6,0.961,0.544,0.216,0.321,0.921,0.879,1631.91413,1751.64575,1864.58163,548.5367,-32.8791,1,1627.2225,0.511,1822.3941,0.308,1747.3281,0.359,-1,0.052,1,0,30646,0.768,0.576,0.459,400.0,400.0,0.2648,1510.5,0.0,1,1,0.927,1006.2,1,1,0.65,1167.4,1,47.774,0.173,0.827,0.4,1.0,1.0,0.34,0.0,0.5,0.508,0.467,0.461,0.5,0.471,0.0,0.522,0.0,0,0,0.374,0.72,0.0,0.598,0.0,0.194,0.65,0.0,0.456,0.375,0.0,1.0,0.782
38078,2026.08.28 14:00:40,XPTUSDm,TREND_CONTINUATION,BUY,4,1897.06,1878.93,1934.82,2.08,0.474,1884.17375,1892.4875,1881.4025,0,0.017,0.423,0.5883,1845.0155,1850.3395,1864.854,1827.531,0,0.028,0.5,0,1883.06525,0.771,0.5,0,0.0,0.0,0.0,0.0,0.0,0,0,1,0.75,0.72,0.381,0.72,0.575,0,0.67,0,0.641,1884.728,1897.47575,0.552,0.292,0.0,2,0.25,0,0.67,1.091,3.0,0.364,0.452,1,1883.06525,8,0.754,0.0,0.227,0.216,0.216,0.921,0.897,1631.91413,1751.64575,1864.58163,548.5367,-32.8791,1,1627.2225,0.511,1822.3941,0.308,1747.3281,0.359,-1,0.052,1,0,30646,0.768,0.576,0.459,400.0,400.0,0.2648,1510.5,0.0,1,1,0.927,1006.2,1,1,0.65,1167.4,1,48.306,0.173,0.827,0.4,1.0,1.0,0.96,0.0,0.5,0.194,0.435,0.487,0.5,0.471,0.0,0.487,0.0,0,0,0.344,0.703,0.0,0.49,0.0,0.322,0.831,0.0,0.465,0.375,0.0,1.0,1.001
38080,2026.08.28 14:27:40,XPTUSDm,PULLBACK,BUY,4,1858.84,1836.18,1887.07,1.25,0.409,1884.17375,1892.4875,1881.4025,0,0.017,0.423,-1.942,1845.0155,1850.3395,1864.854,1827.531,1,0.003,0.5,0,1883.06525,0.771,0.5,0,0.0,0.0,0.0,0.0,0.0,0,0,1,0.75,0.72,0.381,0.72,0.075,0,0.67,0,0.641,1884.728,1878.077,1.979,1.538,0.0,2,0.25,0,0.67,1.316,3.0,0.439,0.479,1,1883.06525,8,0.754,0.0,0.377,0.216,0.216,0.921,0.879,1631.91413,1751.64575,1864.58163,548.5367,-32.8791,1,1627.2225,0.511,1822.3941,0.308,1747.3281,0.359,-1,0.052,1,0,30646,0.768,0.576,0.459,400.0,400.0,0.2648,1510.5,0.0,1,1,0.927,1006.2,1,1,0.65,1167.4,1,45.776,0.173,0.827,0.4,1.0,1.0,0.03,0.0,0.5,0.635,0.288,0.409,0.5,0.469,0.0,0.383,0.0,0,0,0.348,0.678,0.0,0.998,0.0,0.504,0.277,0.0,0.452,0.391,0.0,1.0,0.95
38082,2026.08.28 14:39:20,XPTUSDm,BREAKOUT,BUY,4,1892.06,1869.4,1929.82,1.67,0.337,1884.17375,1892.4875,1881.4025,1,0.017,0.423,0.2573,1845.0155,1850.3395,1864.854,1827.531,0,0.025,0.5,0,1883.06525,0.771,0.5,0,0.0,0.0,0.0,0.0,0.0,0,0,1,0.75,0.72,0.381,0.72,0.639,0,0.67,0,0.641,1884.728,1897.47575,0.221,0.623,0.0,2,0.25,0,0.67,1.063,3.0,0.354,0.449,1,1883.06525,8,0.754,0.559,0.208,0.216,0.216,0.921,0.897,1631.91413,1751.64575,1864.58163,548.5367,-32.8791,1,1627.2225,0.511,1822.3941,0.308,1747.3281,0.359,-1,0.052,1,0,30646,0.768,0.576,0.459,400.0,400.0,0.2648,1510.5,0.0,1,1,0.927,1006.2,1,1,0.65,1167.4,1,47.975,0.173,0.827,0.4,1.0,1.0,0.99,0.0,0.5,0.0,0.3,0.736,0.5,0.473,0.0,0.413,0.0,0,0,0.449,0.686,0.0,0.637,0.0,0.452,0.65,0.0,0.465,0.391,0.0,1.0,0.91
38083,2026.08.28 14:43:59,XPTUSDm,MEAN_REVERSION,BUY,4,1884.42,1872.34,1896.49,1.0,0.641,1884.17375,1892.4875,1881.4025,0,0.017,0.423,-0.2485,1845.0155,1850.3395,1864.854,1827.531,0,0.02,0.5,0,1883.06525,0.771,0.5,0,0.0,0.0,0.0,0.0,0.0,0,0,1,0.75,0.72,0.381,0.72,0.44,0,0.67,0,0.641,1884.728,1878.077,0.285,0.155,0.0,2,0.25,0,0.67,1.152,3.0,0.384,0.46,1,1892.4875,4,0.6,0.43,0.268,0.216,0.216,0.921,0.879,1631.91413,1751.64575,1864.58163,548.5367,-32.8791,1,1627.2225,0.511,1822.3941,0.308,1747.3281,0.359,-1,0.052,1,0,30646,0.768,0.576,0.459,400.0,400.0,0.2648,1510.5,0.0,1,1,0.927,1006.2,1,1,0.65,1167.4,1,47.469,0.173,0.827,0.4,1.0,1.0,0.51,0.0,0.5,0.0,0.341,0.599,0.5,0.464,0.0,0.394,0.0,0,0,0.356,0.768,0.0,0.784,0.0,0.576,0.65,0.0,0.45,0.391,0.0,1.0,0.99
38084,2026.08.28 15:00:00,XPTUSDm,SWEEP_REVERSAL,BUY,4,1895.34,1878.14,1929.74,2.0,0.562,1883.07025,1895.7285,1879.618,1,0.079,1.016,0.4808,1845.41525,1850.3395,1864.854,1827.531,0,0.024,0.35,0,1883.07025,0.785,0.656,0,0.0,0.0,1882.58525,0.0,0.0,0,1,1,0.8,0.755,0.2767,0.755,0.776,2,0.59,3,0.327,1889.97475,1872.7135,0.079,1.083,0.2922,0,0.55,6,0.75,0.551,3.0,0.184,0.297,0,1883.07025,8,0.757,0.841,0.487,0.527,0.493,0.696,0.901,1631.91413,1751.64575,1864.58163,548.5367,-32.8791,1,1627.2225,0.511,1822.3941,0.308,1747.3281,0.359,-1,0.052,1,0,30647,0.768,0.576,0.459,400.0,400.0,0.2326,1719.9,0.0,1,1,0.927,1006.2,1,1,0.65,1167.4,1,42.324,0.173,0.827,0.4,1.0,1.0,0.99,0.0,0.5,0.0,0.0,0.564,0.5,0.0,0.0,0.0,0.0,0,0,0.038,0.0,0.0,0.0,0.0,0.0,0.5,0.0,0.0,0.0,0.0,0.0,0.0
38088,2026.08.28 16:00:40,XPTUSDm,TREND_CONTINUATION,BUY,4,1863.7,1841.18,1887.07,1.04,0.582,1883.07025,1893.427,1875.015,0,1.301,0.048,-1.2453,1846.384,1850.3395,1869.001,1827.531,1,0.005,0.4,0,1883.07025,0.778,0.695,0,0.0,0.0,1875.489,0.0,0.0,0,0,0,1.0,0.965,0.2021,0.965,0.138,0,0.694,2,0.25,1883.07025,1856.603,1.245,0.165,0.0,2,0.15,0,0.694,1.288,3.0,0.429,0.436,1,1883.07025,8,0.756,0.0,0.318,0.29,0.053,0.826,0.898,1631.91413,1751.64575,1864.58163,496.2189,-52.3178,1,1627.2225,0.514,1822.3941,0.31,1747.3281,0.342,-1,0.121,1,0,30648,0.768,0.576,0.459,400.0,400.0,0.2131,1876.6,0.0,1,1,0.927,1006.2,1,1,0.65,1167.4,1,37.103,0.195,0.805,0.5,1.0,1.0,0.14,0.0,0.5,0.0,0.467,0.419,0.5,0.405,0.0,0.319,0.0,0,0,0.298,0.32,0.0,0.748,0.0,0.46,0.313,0.0,0.426,0.417,0.0,1.0,0.803
38090,2026.08.28 16:43:59,XPTUSDm,MEAN_REVERSION,BUY,4,1844.68,1829.67,1887.07,2.82,0.623,1883.07025,1893.427,1875.015,0,1.301,0.048,-2.2588,1846.384,1850.3395,1869.001,1827.531,1,0.005,0.4,0,1883.07025,0.778,0.695,0,0.0,0.0,1875.489,0.0,0.0,0,0,0,1.0,0.965,0.2021,0.965,0.041,0,0.694,2,0.25,1883.07025,1856.603,2.259,0.848,0.0,2,0.15,0,0.694,1.332,3.0,0.444,0.441,1,1883.07025,8,0.756,0.0,0.348,0.29,0.053,0.826,0.898,1631.91413,1751.64575,1864.58163,496.2189,-52.3178,1,1627.2225,0.514,1822.3941,0.31,1747.3281,0.342,-1,0.121,1,0,30648,0.768,0.576,0.459,400.0,400.0,0.2131,1876.6,0.0,1,1,0.927,1006.2,1,1,0.65,1167.4,1,36.09,0.195,0.805,0.5,1.0,1.0,0.28,0.0,0.5,0.0,0.438,0.605,0.5,0.391,0.0,0.312,0.0,0,0,0.305,0.254,0.0,1.0,0.0,0.538,0.214,0.0,0.445,0.391,0.0,1.0,0.81
38092,2026.08.28 17:00:00,XPTUSDm,SWEEP_REVERSAL,BUY,3,1849.23,1829.31,1886.41,1.87,0.104,1882.4115,1893.167,1859.364,0,1.867,0.324,-1.8667,1846.384,1850.3395,1869.001,1827.531,1,0.003,0.55,0,1882.4115,0.764,0.332,0,0.0,0.0,1842.41875,0.0,0.0,0,0,0,0.282,-0.4232,-0.0173,0.423,0.266,0,0.683,2,0.094,1887.021,1850.145,2.098,0.247,0.0,2,0.0,0,0.683,1.23,3.0,0.41,0.418,1,1882.4115,8,0.753,0.0,0.22,0.127,0.0,0.734,0.806,1631.91413,1751.64575,1864.58163,496.2189,-52.3178,1,1627.2225,0.514,1822.3941,0.31,1747.3281,0.342,-1,0.121,1,0,30649,0.768,0.576,0.459,400.0,400.0,0.2008,1991.8,0.0,1,1,0.927,1006.2,1,1,0.65,1167.4,1,34.232,0.195,0.805,0.5,1.0,1.0,0.45,0.0,0.5,0.0,0.81,0.38,0.5,0.518,0.0,0.431,0.0,0,0,0.4,0.531,0.0,1.0,0.0,0.623,0.568,0.0,0.432,0.391,0.0,1.0,0.704
38094,2026.08.28 18:43:59,XPTUSDm,MEAN_REVERSION,BUY,3,1829.13,1812.78,1845.48,1.0,0.555,1841.4825,1880.595,1836.789,0,0.066,0.219,-0.8001,1843.052,1850.3395,1869.001,1827.531,0,0.012,0.7,2,1841.4825,0.754,0.162,0,0.0,0.0,0.0,0.0,0.0,0,0,0,0.75,-0.72,-0.1326,0.72,0.123,2,0.481,3,0.732,1841.4825,1835.2245,0.8,0.494,0.0,2,0.15,0,0.481,1.295,3.0,0.432,0.425,1,1841.4825,8,0.751,0.0,0.323,0.216,0.053,0.68,0.867,1631.91413,1751.64575,1864.58163,496.2189,-52.3178,1,1627.2225,0.514,1822.3941,0.31,1747.3281,0.342,-1,0.121,1,0,30650,0.768,0.573,0.458,400.0,400.0,0.1957,2043.9,0.0,1,1,0.927,1006.2,1,1,0.65,1167.4,1,32.377,0.195,0.805,0.5,1.0,1.0,0.02,0.0,0.5,0.0,1.0,0.444,0.5,0.542,0.0,0.333,0.0,0,0,0.33,0.267,0.0,1.0,0.0,0.608,0.167,0.0,0.417,0.391,0.0,1.0,0.76
38096,2026.08.28 19:12:40,XPTUSDm,SWEEP_REVERSAL,BUY,3,1826.75,1805.46,1844.01,0.81,0.119,1840.006,1856.332,1823.68,0,0.218,1.752,-0.8106,1840.40875,1833.7515,1869.001,1827.531,0,0.005,0.45,0,1840.006,0.761,0.492,0,0.0,0.0,0.0,0.0,0.0,0,0,-1,0.825,-0.755,-0.2246,0.755,0.356,0,0.721,3,0.883,1829.122,1865.402,0.299,2.004,0.0,2,0.0,0,0.721,1.19,3.0,0.397,0.475,1,1840.006,8,0.752,0.401,0.193,0.226,0.0,0.366,0.939,1631.91413,1751.64575,1864.58163,496.2189,-52.3178,1,1627.2225,0.514,1822.3941,0.31,1747.3281,0.342,-1,0.121,1,0,30651,0.768,0.573,0.458,400.0,400.0,0.1879,2128.8,0.0,1,1,0.927,1006.2,1,1,0.65,1167.4,1,30.973,0.195,0.805,0.5,1.0,1.0,0.02,0.0,0.5,0.0,0.778,0.422,0.5,0.552,0.0,0.366,0.0,0,0,0.359,0.545,0.0,1.0,0.0,0.567,0.215,0.0,0.434,0.391,0.0,1.0,0.832
38098,2026.08.28 20:43:59,XPTUSDm,MEAN_REVERSION,BUY,3,1823.68,1806.63,1844.74,1.24,0.629,1840.74,1848.51,1824.09,0,0.253,0.059,-0.9882,1843.625,1833.7515,1869.001,1827.531,0,0.007,0.55,0,1840.74,0.794,0.057,0,0.0,0.0,0.0,0.0,0.0,0,0,-1,0.9,-0.79,-0.344,0.79,0.154,0,0.656,0,0.65,1825.2,1818.54,0.259,0.053,0.0,2,0.15,0,0.656,1.281,3.0,0.427,0.46,1,1840.74,8,0.759,0.482,0.314,0.237,0.182,0.707,0.859,1631.91413,1751.64575,1864.58163,485.6114,-10.6075,1,1627.2225,0.517,1822.3941,0.297,1747.3281,0.334,-1,0.027,1,0,30652,0.768,0.573,0.458,400.0,400.0,0.1877,2131.1,0.0,1,1,0.927,1006.2,1,1,0.65,1167.4,1,30.795,0.153,0.847,0.5,1.0,1.0,0.98,0.0,0.5,0.0,1.0,0.683,0.5,0.567,0.0,0.23,0.0,0,0,0.372,0.362,0.0,1.0,0.0,0.347,0.189,0.0,0.429,0.391,0.0,1.0,0.76
