ticket,timestamp,symbol,setupType,direction,session,entryPrice,SL,TP,RR,thesis,vpPOC,vpVAH,vpVAL,vpInsideVA,vpDistToHVN,vpDistToLVN,vpPriceVsPOC,vpDailyPOC,vpCompPOC,vpCompVAH,vpCompVAL,vpCompInsideVA,vpDistCompPOC,vpThinnessRatio,vpProfileShape,vpBestHVN,vpBestHVNScore,vpVAOverlapRatio,vpVAOverlapBias,vpRangePOC,vpBreakoutPOC,vpPullbackPOC,vpNearestNakedPOC,vpDistNakedPOC_ATR,vpUpthrust,vpSpring,vpCompPosition,vpMigrationConf,vpDevPOCDir,vpDevPOCSlope,vpMigrationScore,auctAcceptance,auctState,auctBalance,auctProfileShape,auctShapeConf,auctMajorHVN,auctMajorLVN,auctDistHVN,auctDistLVN,auctVAExpRate,auctVAState,auctFailure,auctRegime,auctRegimeConf,auctExpReward,auctExpMoveATR,auctTargetProb,auctTradeQuality,auctTradeGrade,auctTargetPrice,auctTargetType,auctTargetConf,auctProfitZone,auctExhaustion,auctContinuation,auctReversalRisk,auctHVNStrength,auctLVNStrength,vpLTPOC60d,vpLTPOC30d,vpLTPOC10d,vpLTPOCVelocity,vpLTPOCAcceleration,vpLTPOCMigration,vpLTMajorHVNPrice,vpLTMajorHVNStrength,vpLTMajorLVNPrice,vpLTMajorLVNStrength,vpLTNearestZonePrice,vpLTNearestZoneStrength,vpLTNearestZoneDir,vpLTAcceptanceAtPrice,vpLTValid,profilerArchetype,profilerSamples,profilerMigMean,profilerBalMean,profilerTQMean,spreadPoints,avgSpread,spreadToATR,atrProxy,dataQuality,bosConfirmed,bosBullish,bosScore,bosLevel,chochConfirmed,chochBullish,chochScore,chochLevel,trendDirection,structDistATR,ltTransitionScore,ltBalanceStability,ltTrendDuration,ltTrendExhaustion,structureBias,msSpreadScore,msTickVelocity,msTickImbalance,msLiqVacuum,msCompression,ofDeltaProxy,ofCvdProxy,ofAbsorption,ofExhaustion,ofParticipation,ofDivergence,ofBullDiv,ofBearDiv,ofFlowIntensity,liqDensity,liqSweep,liqStopCluster,liqEqualHL,liqSessionLiq,liqPremDisc,smOrderBlock,smFVG,smMitigation,smBreakerBlock,smRejectionBlock,smZoneQuality
7112,2022.06.01 13:40:20,JPMm,MEAN_REVERSION,BUY,4,131.54,130.75,132.26,0.91,0.582,132.12175,132.386,131.7065,0,0.294,0.012,-0.7312,129.78975,125.31875,127.575,116.745,0,0.062,0.45,0,132.12175,0.747,0.631,0,0.0,0.0,0.0,120.41325,11.262,0,0,1,1.0,1.0,0.2581,1.0,0.071,0,0.687,1,0.092,131.8575,131.51775,0.463,0.119,0.0,2,0.15,0,0.767,0.321,0.731,0.439,0.324,0,132.12175,8,0.749,0.073,0.339,0.3,0.053,0.844,0.925,121.92304,121.92354,118.41062,-164.6494,3.3461,-1,121.92304,0.522,163.82127,0.633,131.59186,0.535,1,0.651,1,2,2266,0.8,0.56,0.399,14.0,10.1,0.1418,98.7,0.0,1,1,0.607,104.4,1,0,0.593,166.36,1,27.493,0.039,0.961,0.0,1.0,1.0,0.0,0.0,0.5,0.0,0.874,0.645,0.5,0.511,0.0,0.385,0.0,0,0,0.394,0.443,0.0,0.238,0.0,0.335,0.65,0.0,0.631,0.421,0.0,1.0,0.902
7113,2022.06.01 13:41:20,JPMm,BREAKOUT_RETEST,BUY,4,131.93,131.63,132.26,1.12,0.58,132.12175,132.386,131.7065,1,0.294,0.012,-0.3361,129.78975,125.31875,127.575,116.745,0,0.066,0.45,0,132.12175,0.747,0.631,0,0.0,0.0,0.0,120.41325,11.262,0,0,1,1.0,1.0,0.2581,1.0,0.797,0,0.687,1,0.092,131.8575,131.51775,0.068,0.276,0.0,2,0.15,0,0.767,0.111,0.336,0.331,0.299,0,132.12175,8,0.749,0.863,0.121,0.3,0.053,0.844,0.925,121.92304,121.92354,118.41062,-164.6494,3.3461,-1,121.92304,0.522,163.82127,0.633,131.59186,0.535,1,0.651,1,2,2266,0.8,0.56,0.399,14.0,10.4,0.1418,98.7,0.0,1,1,0.607,104.4,1,0,0.593,166.36,1,27.889,0.039,0.961,0.0,1.0,1.0,0.08,0.0,0.5,0.0,0.646,0.747,0.5,0.511,0.0,0.402,0.0,0,0,0.462,0.717,0.0,0.257,0.0,0.328,0.65,0.0,0.666,0.421,0.0,1.0,0.87
7116,2022.06.01 13:48:40,JPMm,SWEEP_REVERSAL,BUY,4,131.3,130.31,132.22,0.93,0.142,132.12175,132.386,131.7065,0,0.294,0.012,-0.9338,129.78975,125.31875,127.575,116.745,0,0.06,0.45,0,132.12175,0.747,0.631,0,0.0,0.0,0.0,120.41325,11.262,0,0,1,1.0,1.0,0.2581,1.0,0.071,0,0.687,1,0.092,131.8575,131.51775,0.666,0.322,0.0,2,0.15,0,0.767,0.41,0.934,0.439,0.334,0,132.12175,8,0.749,0.0,0.339,0.3,0.053,0.844,0.925,121.92304,121.92354,118.41062,-164.6494,3.3461,-1,121.92304,0.522,163.82127,0.633,131.59186,0.535,1,0.651,1,2,2266,0.8,0.56,0.399,10.0,11.7,0.1013,98.7,0.0,1,1,0.607,104.4,1,0,0.593,166.36,1,27.25,0.039,0.961,0.0,1.0,1.0,0.42,0.0,0.5,0.0,0.613,0.432,0.5,0.537,0.0,0.413,0.0,0,0,0.367,0.443,0.0,0.238,0.0,0.177,0.485,0.0,0.631,0.421,0.0,1.0,0.902
7118,2022.06.01 13:57:40,JPMm,TREND_CONTINUATION,BUY,4,131.02,129.84,132.26,1.05,0.56,132.12175,132.386,131.7065,0,0.294,0.012,-1.2579,129.78975,125.31875,127.575,116.745,0,0.056,0.45,0,132.12175,0.747,0.631,0,0.0,0.0,0.0,120.41325,11.262,0,0,1,1.0,1.0,0.2581,1.0,0.071,0,0.687,1,0.092,131.8575,131.51775,0.99,0.646,0.0,2,0.15,0,0.767,0.553,1.258,0.439,0.351,1,132.12175,8,0.749,0.0,0.339,0.3,0.053,0.844,0.925,121.92304,121.92354,118.41062,-164.6494,3.3461,-1,121.92304,0.522,163.82127,0.633,131.59186,0.535,1,0.651,1,2,2266,0.8,0.56,0.399,14.0,12.1,0.1418,98.7,0.0,1,1,0.607,104.4,1,0,0.593,166.36,1,26.967,0.039,0.961,0.0,1.0,1.0,0.0,0.0,0.5,0.0,0.448,0.375,0.5,0.574,0.0,0.427,0.0,0,0,0.418,0.443,0.0,0.238,0.0,0.267,0.437,0.0,0.631,0.421,0.0,1.0,0.902
0,2022.06.01 14:00:00,JPMm,ANCHORED_PULLBACK,SELL,4,131.25,131.37,130.77,3.98,0.724,132.08475,132.4575,131.6055,0,0.545,0.018,-0.8833,130.785,125.31875,127.575,116.745,0,0.063,0.4,0,131.87175,0.701,0.552,0,0.0,0.0,131.44575,120.41325,11.467,0,0,1,1.0,1.0,0.2677,1.0,0.058,0,0.67,0,0.831,131.8185,131.073,0.602,0.187,0.1825,0,0.15,2,1.0,0.522,0.883,0.591,0.507,2,131.87175,8,0.74,0.0,0.343,1.0,0.219,0.919,0.948,121.92304,121.92354,118.41062,-164.6494,3.3461,-1,121.92304,0.522,163.82127,0.633,131.59186,0.535,1,0.651,1,2,2267,0.8,0.56,0.399,14.0,12.1,0.1481,94.5,0.0,1,1,0.607,104.4,1,0,0.593,166.36,1,28.413,0.039,0.961,0.0,1.0,1.0,0.17,0.0,0.5,0.0,0.433,0.368,0.5,0.405,0.0,0.464,0.0,0,0,0.386,0.507,0.0,0.421,0.0,0.744,0.437,0.0,0.551,0.421,0.0,1.0,0.902
7120,2022.06.01 14:14:40,JPMm,BREAKOUT,BUY,4,130.5,129.08,131.97,1.04,0.521,132.08475,132.4575,131.6055,0,0.545,0.018,-1.7828,130.785,125.31875,127.575,116.745,0,0.054,0.4,0,131.87175,0.701,0.552,0,0.0,0.0,131.44575,120.41325,11.467,0,0,1,1.0,1.0,0.2677,1.0,0.031,0,0.694,0,0.831,131.8185,131.073,1.501,0.712,0.0,2,0.15,0,0.774,0.794,1.783,0.445,0.482,1,131.87175,8,0.74,0.0,0.351,0.3,0.219,0.919,0.948,121.92304,121.92354,118.41062,-164.6494,3.3461,-1,121.92304,0.522,163.82127,0.633,131.59186,0.535,1,0.651,1,2,2267,0.8,0.56,0.399,10.0,12.4,0.1058,94.5,0.0,1,1,0.607,104.4,1,0,0.593,166.36,1,27.619,0.039,0.961,0.0,1.0,1.0,0.59,0.0,0.5,0.0,0.448,0.413,0.5,0.474,0.0,0.454,0.0,0,0,0.376,0.384,0.0,0.333,0.0,0.457,0.402,0.0,0.643,0.421,0.0,1.0,0.837
7121,2022.06.01 14:14:59,JPMm,PULLBACK,BUY,4,130.52,129.1,131.97,1.02,0.51,132.08475,132.4575,131.6055,0,0.545,0.018,-1.7616,130.785,125.31875,127.575,116.745,0,0.054,0.4,0,131.87175,0.701,0.552,0,0.0,0.0,131.44575,120.41325,11.467,0,0,1,1.0,1.0,0.2677,1.0,0.031,0,0.694,0,0.831,131.8185,131.073,1.48,0.691,0.0,2,0.15,0,0.774,0.784,1.762,0.445,0.481,1,131.87175,8,0.74,0.0,0.351,0.3,0.219,0.919,0.948,121.92304,121.92354,118.41062,-164.6494,3.3461,-1,121.92304,0.522,163.82127,0.633,131.59186,0.535,1,0.651,1,2,2267,0.8,0.56,0.399,10.0,12.3,0.1058,94.5,0.0,1,1,0.607,104.4,1,0,0.593,166.36,1,27.64,0.039,0.961,0.0,1.0,1.0,0.59,0.0,0.5,0.0,0.448,0.408,0.5,0.474,0.0,0.454,0.0,0,0,0.379,0.384,0.0,0.476,0.0,0.457,0.403,0.0,0.643,0.421,0.0,1.0,0.837
7124,2022.06.01 15:40:20,JPMm,MEAN_REVERSION,BUY,4,129.4,128.58,131.84,2.98,0.609,132.0715,132.823,131.153,0,1.541,0.236,-2.7077,129.713,125.31875,127.575,115.8425,0,0.039,0.5,0,131.7375,0.709,0.13,0,0.0,0.0,0.0,120.41325,9.522,0,0,1,1.0,0.825,0.1013,0.825,0.402,0,0.674,2,0.1,131.988,130.7355,2.626,1.402,0.0,2,0.4,0,0.754,1.055,2.708,0.39,0.379,1,131.7375,8,0.742,0.0,0.339,0.247,0.14,0.918,0.873,121.92304,121.92354,118.41062,-164.6494,3.3461,-1,121.92304,0.522,163.82127,0.633,131.59186,0.535,1,0.651,1,2,2268,0.8,0.56,0.399,10.0,10.0,0.0977,102.4,0.0,1,1,0.607,104.4,1,0,0.593,166.36,1,24.424,0.039,0.961,0.0,1.0,1.0,0.07,0.0,0.5,0.0,0.909,0.451,0.5,0.471,0.0,0.427,0.0,0,0,0.341,0.261,0.0,0.591,0.0,0.404,0.345,0.0,0.628,0.421,0.0,1.0,0.841
7126,2022.06.01 15:48:40,JPMm,SWEEP_REVERSAL,BUY,4,128.93,127.91,131.84,2.84,0.255,132.0715,132.823,131.153,0,1.541,0.236,-3.1669,129.713,125.31875,127.575,115.8425,0,0.034,0.5,0,131.7375,0.709,0.13,0,0.0,0.0,0.0,120.41325,9.522,0,0,1,1.0,0.825,0.1013,0.825,0.402,0,0.674,2,0.1,131.988,130.7355,3.085,1.862,0.0,2,0.4,0,0.754,1.234,3.167,0.39,0.4,1,131.7375,8,0.742,0.0,0.339,0.247,0.14,0.918,0.873,121.92304,121.92354,118.41062,-164.6494,3.3461,-1,121.92304,0.522,163.82127,0.633,131.59186,0.535,1,0.651,1,2,2268,0.8,0.56,0.399,10.0,10.0,0.0977,102.4,0.0,1,1,0.607,104.4,1,0,0.593,166.36,1,23.965,0.039,0.961,0.0,1.0,1.0,0.0,0.0,0.5,0.0,0.902,0.324,0.5,0.499,0.0,0.408,0.0,0,0,0.418,0.261,0.0,0.591,0.0,0.442,0.331,0.0,0.625,0.421,0.0,1.0,0.841
7128,2022.06.01 15:57:40,JPMm,TREND_CONTINUATION,BUY,4,128.92,127.69,131.84,2.38,0.557,132.0715,132.823,131.153,0,1.541,0.236,-3.1766,129.713,125.31875,127.575,115.8425,0,0.034,0.5,0,131.7375,0.709,0.13,0,0.0,0.0,0.0,120.41325,9.522,0,0,1,1.0,0.825,0.1013,0.825,0.402,0,0.674,2,0.1,131.988,130.7355,3.095,1.871,0.0,2,0.4,0,0.754,1.238,3.177,0.39,0.4,1,131.7375,8,0.742,0.0,0.339,0.247,0.14,0.918,0.873,121.92304,121.92354,118.41062,-164.6494,3.3461,-1,121.92304,0.522,163.82127,0.633,131.59186,0.535,1,0.651,1,2,2268,0.8,0.56,0.399,10.0,10.0,0.0977,102.4,0.0,1,1,0.607,104.4,1,0,0.593,166.36,1,23.955,0.039,0.961,0.0,1.0,1.0,0.21,0.0,0.5,0.0,0.963,0.411,0.5,0.475,0.0,0.334,0.0,0,0,0.33,0.261,0.0,0.591,0.0,0.623,0.33,0.0,0.625,0.421,0.0,1.0,0.841
7130,2022.06.01 16:00:00,JPMm,BREAKOUT_RETEST,SELL,4,128.91,129.76,127.06,2.18,0.636,129.86525,131.9125,128.68,1,0.684,1.281,-0.8827,129.713,125.31875,127.575,115.8425,0,0.033,0.75,0,129.86525,0.724,0.331,0,0.0,0.0,128.815,120.41325,7.852,0,0,1,0.562,-0.6096,-0.0406,0.61,0.31,1,0.262,3,0.503,129.7575,130.6195,0.783,1.58,1.4439,0,0.3,2,1.0,0.874,1.58,0.554,0.486,1,129.86525,8,0.745,0.0,0.327,0.883,0.105,0.932,0.831,122.20806,122.09812,118.41062,-167.0171,-2.3678,-2,122.0627,0.494,163.7031,0.634,130.8291,0.543,1,0.291,1,2,2269,0.8,0.56,0.399,10.0,10.0,0.0924,108.2,0.0,1,1,0.607,104.4,1,0,0.593,166.36,1,22.65,0.031,0.969,0.0,0.0,1.0,0.51,0.0,0.5,0.0,0.897,0.458,0.5,0.489,0.0,0.347,0.0,0,0,0.311,0.505,0.0,0.505,0.0,0.833,0.65,0.0,0.536,0.421,0.0,1.0,0.812
7131,2022.06.01 16:00:20,JPMm,ANCHORED_PULLBACK,SELL,4,128.93,129.14,128.68,1.19,0.489,129.86525,131.9125,128.68,1,0.684,1.281,-0.8643,129.713,125.31875,127.575,115.8425,0,0.033,0.75,0,129.86525,0.724,0.331,0,0.0,0.0,128.815,120.41325,7.852,0,0,1,0.562,-0.6096,-0.0406,0.61,0.31,2,0.562,3,0.503,129.7575,130.6195,0.765,1.561,0.0,2,0.0,0,0.562,0.63,1.561,0.404,0.394,1,129.86525,8,0.745,0.0,0.207,0.183,0.0,0.932,0.831,122.20806,122.09812,118.41062,-167.0171,-2.3678,-2,122.0627,0.494,163.7031,0.634,130.8291,0.543,1,0.291,1,2,2269,0.8,0.56,0.399,10.0,10.0,0.0924,108.2,0.0,1,1,0.607,104.4,1,0,0.593,166.36,1,22.668,0.031,0.969,0.0,0.0,1.0,0.62,0.0,0.5,0.0,1.0,0.466,0.5,0.535,0.0,0.346,0.0,0,0,0.319,0.547,0.0,0.618,0.0,0.55,0.65,0.0,0.623,0.421,0.0,1.0,0.77
7133,2022.06.01 16:14:40,JPMm,BREAKOUT,SELL,4,128.9,129.76,126.19,3.15,0.317,129.86525,131.9125,128.68,1,0.684,1.281,-0.892,129.713,125.31875,127.575,115.8425,0,0.033,0.75,0,129.86525,0.724,0.331,0,0.0,0.0,128.815,120.41325,7.852,0,0,1,0.562,-0.6096,-0.0406,0.61,0.31,2,0.562,3,0.503,129.7575,130.6195,0.792,1.589,0.0,2,0.0,0,0.562,0.641,1.589,0.404,0.395,1,129.86525,8,0.745,0.0,0.207,0.183,0.0,0.932,0.831,122.20806,122.09812,118.41062,-167.0171,-2.3678,-2,122.0627,0.494,163.7031,0.634,130.8291,0.543,1,0.291,1,2,2269,0.8,0.56,0.399,10.0,10.0,0.0924,108.2,0.0,1,1,0.607,104.4,1,0,0.593,166.36,1,22.64,0.031,0.969,0.0,0.0,1.0,0.65,0.0,0.5,0.0,1.0,0.515,0.5,0.526,0.0,0.329,0.0,0,0,0.299,0.547,0.0,0.618,0.0,0.55,0.65,0.0,0.62,0.421,0.0,1.0,0.77
7134,2022.06.01 16:14:59,JPMm,PULLBACK,SELL,4,128.88,129.76,125.63,3.7,0.472,129.86525,131.9125,128.68,1,0.684,1.281,-0.9105,129.713,125.31875,127.575,115.8425,0,0.033,0.75,0,129.86525,0.724,0.331,0,0.0,0.0,128.815,120.41325,7.852,0,0,1,0.562,-0.6096,-0.0406,0.61,0.295,2,0.562,3,0.503,129.7575,130.6195,0.811,1.607,0.0,2,0.0,0,0.562,0.652,1.607,0.406,0.396,1,129.86525,8,0.745,0.0,0.211,0.183,0.0,0.932,0.831,122.20806,122.09812,118.41062,-167.0171,-2.3678,-2,122.0627,0.494,163.7031,0.634,130.8291,0.543,1,0.291,1,2,2269,0.8,0.56,0.399,10.0,10.0,0.0924,108.2,0.0,1,1,0.607,104.4,1,0,0.593,166.36,1,22.622,0.031,0.969,0.0,0.0,1.0,0.51,0.0,0.5,0.0,1.0,0.522,0.5,0.526,0.0,0.329,0.0,0,0,0.302,0.544,0.0,0.618,0.0,0.55,0.65,0.0,0.62,0.421,0.0,1.0,0.77
7138,2022.06.01 18:00:00,JPMm,BREAKOUT_RETEST,SELL,3,130.21,130.57,129.74,1.32,0.361,129.7375,130.426,128.896,1,0.268,0.373,0.3961,130.24,125.31875,127.575,114.94,0,0.041,0.5,0,129.7375,0.732,0.8,0,0.0,0.0,130.226,120.41325,8.213,0,0,1,0.55,-0.58,-0.2962,0.58,0.635,0,0.752,1,0.065,129.814,130.885,0.332,0.566,0.0,2,0.25,0,0.752,0.201,0.566,0.355,0.296,0,129.7375,8,0.746,0.336,0.209,0.174,0.088,0.914,0.912,122.20806,122.09812,118.41062,-167.0171,-2.3678,-2,122.0627,0.494,163.7031,0.634,130.8291,0.543,1,0.291,1,2,2271,0.8,0.558,0.4,10.0,10.0,0.0838,119.3,0.0,1,1,0.607,104.4,1,0,0.593,166.36,1,21.637,0.031,0.969,0.0,0.0,1.0,0.14,0.0,0.5,0.0,1.0,0.552,0.5,0.491,0.0,0.241,0.0,0,0,0.275,0.72,0.0,0.783,0.0,0.569,0.432,0.0,0.613,0.421,0.0,1.0,0.789
7139,2022.06.01 18:00:20,JPMm,MEAN_REVERSION,SELL,3,130.16,130.55,129.74,1.1,0.638,129.7375,130.426,128.896,1,0.268,0.373,0.3542,130.24,125.31875,127.575,114.94,0,0.041,0.5,0,129.7375,0.732,0.8,0,0.0,0.0,130.226,120.41325,8.213,0,0,1,0.55,-0.58,-0.2962,0.58,0.635,0,0.752,1,0.065,129.814,130.885,0.29,0.608,0.0,2,0.25,0,0.752,0.216,0.608,0.355,0.298,0,129.7375,8,0.746,0.42,0.209,0.174,0.088,0.914,0.912,122.20806,122.09812,118.41062,-167.0171,-2.3678,-2,122.0627,0.494,163.7031,0.634,130.8291,0.543,1,0.291,1,2,2271,0.8,0.558,0.4,10.0,10.0,0.0838,119.3,0.0,1,1,0.607,104.4,1,0,0.593,166.36,1,21.595,0.031,0.969,0.0,0.0,1.0,0.05,0.0,0.5,0.0,1.0,0.542,0.5,0.491,0.0,0.241,0.0,0,0,0.269,0.72,0.0,0.783,0.0,0.569,0.432,0.0,0.613,0.421,0.0,1.0,0.789
7140,2022.06.01 18:00:20,JPMm,ANCHORED_PULLBACK,SELL,3,130.16,130.55,129.74,1.1,0.479,129.7375,130.426,128.896,1,0.268,0.373,0.3542,130.24,125.31875,127.575,114.94,0,0.041,0.5,0,129.7375,0.732,0.8,0,0.0,0.0,130.226,120.41325,8.213,0,0,1,0.55,-0.58,-0.2962,0.58,0.635,0,0.752,1,0.065,129.814,130.885,0.29,0.608,0.0,2,0.25,0,0.752,0.216,0.608,0.355,0.298,0,129.7375,8,0.746,0.42,0.209,0.174,0.088,0.914,0.912,122.20806,122.09812,118.41062,-167.0171,-2.3678,-2,122.0627,0.494,163.7031,0.634,130.8291,0.543,1,0.291,1,2,2271,0.8,0.558,0.4,10.0,10.0,0.0838,119.3,0.0,1,1,0.607,104.4,1,0,0.593,166.36,1,21.595,0.031,0.969,0.0,0.0,1.0,0.04,0.0,0.5,0.0,1.0,0.542,0.5,0.491,0.0,0.241,0.0,0,0,0.269,0.72,0.0,0.783,0.0,0.569,0.432,0.0,0.613,0.421,0.0,1.0,0.789
7141,2022.06.01 18:11:40,JPMm,TREND_CONTINUATION,SELL,3,130.05,131.48,127.07,2.08,0.344,129.7375,130.426,128.896,1,0.268,0.373,0.262,130.24,125.31875,127.575,114.94,0,0.04,0.5,0,129.7375,0.732,0.8,0,0.0,0.0,130.226,120.41325,8.213,0,0,1,0.55,-0.58,-0.2962,0.58,0.589,0,0.752,1,0.065,129.814,130.885,0.198,0.7,0.0,2,0.25,0,0.752,0.253,0.7,0.362,0.302,0,130.426,4,0.6,0.604,0.223,0.174,0.088,0.914,0.912,122.20806,122.09812,118.41062,-167.0171,-2.3678,-2,122.0627,0.494,163.7031,0.634,130.8291,0.543,1,0.291,1,2,2271,0.8,0.558,0.4,10.0,10.0,0.0838,119.3,0.0,1,1,0.607,104.4,1,0,0.593,166.36,1,21.503,0.031,0.969,0.0,0.0,1.0,0.0,0.0,0.5,0.0,0.887,0.473,0.5,0.557,0.0,0.336,0.0,0,0,0.318,0.72,0.0,0.929,0.0,0.569,0.459,0.0,0.617,0.421,0.0,1.0,0.75
7142,2022.06.01 18:18:40,JPMm,BREAKOUT,SELL,3,129.98,130.55,127.0,5.28,0.291,129.7375,130.426,128.896,1,0.268,0.373,0.2033,130.24,125.31875,127.575,114.94,0,0.039,0.5,0,129.7375,0.732,0.8,0,0.0,0.0,130.226,120.41325,8.213,0,0,1,0.55,-0.58,-0.2962,0.58,0.589,0,0.752,1,0.065,129.814,130.885,0.139,0.759,0.0,2,0.25,0,0.752,0.274,0.759,0.362,0.305,0,130.426,4,0.6,0.722,0.223,0.174,0.088,0.914,0.912,122.20806,122.09812,118.41062,-167.0171,-2.3678,-2,122.0627,0.494,163.7031,0.634,130.8291,0.543,1,0.291,1,2,2271,0.8,0.558,0.4,10.0,10.0,0.0838,119.3,0.0,1,1,0.607,104.4,1,0,0.593,166.36,1,21.444,0.031,0.969,0.0,0.0,1.0,0.0,0.0,0.5,0.0,0.797,0.436,0.5,0.557,0.0,0.344,0.0,0,0,0.343,0.72,0.0,0.929,0.0,0.569,0.459,0.0,0.617,0.421,0.0,1.0,0.75
7143,2022.06.01 18:18:59,JPMm,PULLBACK,SELL,3,130.04,131.83,126.46,2.0,0.443,129.7375,130.426,128.896,1,0.268,0.373,0.2536,130.24,125.31875,127.575,114.94,0,0.04,0.5,0,129.7375,0.732,0.8,0,0.0,0.0,130.226,120.41325,8.213,0,0,1,0.55,-0.58,-0.2962,0.58,0.589,0,0.752,1,0.065,129.814,130.885,0.189,0.708,0.0,2,0.25,0,0.752,0.256,0.708,0.362,0.303,0,130.426,4,0.6,0.621,0.223,0.174,0.088,0.914,0.912,122.20806,122.09812,118.41062,-167.0171,-2.3678,-2,122.0627,0.494,163.7031,0.634,130.8291,0.543,1,0.291,1,2,2271,0.8,0.558,0.4,10.0,10.0,0.0838,119.3,0.0,1,1,0.607,104.4,1,0,0.593,166.36,1,21.495,0.031,0.969,0.0,0.0,1.0,0.01,0.0,0.5,0.0,0.797,0.43,0.5,0.557,0.0,0.344,0.0,0,0,0.347,0.72,0.0,0.929,0.0,0.569,0.459,0.0,0.617,0.421,0.0,1.0,0.75
7148,2022.06.01 18:27:40,JPMm,SWEEP_REVERSAL,SELL,3,130.71,131.9,129.74,0.82,0.175,129.7375,130.426,128.896,0,0.268,0.373,0.8153,130.24,125.31875,127.575,114.94,0,0.045,0.5,0,129.7375,0.732,0.8,0,0.0,0.0,130.226,120.41325,8.213,0,0,1,0.55,-0.58,-0.2962,0.58,0.091,0,0.752,1,0.065,129.814,130.885,0.751,0.147,0.0,2,0.25,0,0.752,0.356,0.815,0.436,0.314,0,129.7375,8,0.746,0.0,0.373,0.174,0.088,0.914,0.912,122.20806,122.09812,118.41062,-167.0171,-2.3678,-2,122.0627,0.494,163.7031,0.634,130.8291,0.543,1,0.291,1,2,2271,0.8,0.558,0.4,10.0,10.0,0.0838,119.3,0.0,1,1,0.607,104.4,1,0,0.593,166.36,1,22.056,0.031,0.969,0.0,0.0,1.0,0.99,0.0,0.5,0.0,0.533,0.597,0.5,0.517,0.0,0.332,0.0,0,0,0.346,0.577,0.0,0.587,0.0,0.628,0.808,0.0,0.621,0.421,0.0,1.0,0.828
7150,2022.06.02 13:40:00,JPMm,NAKED_POC,BUY,4,129.57,128.87,131.4,2.61,0.648,130.4875,130.89,129.05,1,0.452,0.018,-0.8658,130.24,125.31875,129.38,114.94,0,0.034,0.8,2,130.4875,0.778,0.537,0,0.0,0.0,0.0,130.125,0.569,0,0,1,0.975,-0.65,-0.2709,0.65,0.072,1,0.304,3,1.0,128.8775,129.51,0.452,0.065,0.2825,0,0.7,6,0.7,0.25,0.866,0.289,0.34,0,129.05,5,0.6,0.095,0.559,0.495,0.622,0.929,0.883,130.10509,130.11278,122.06225,-412.5453,-245.5282,-2,122.27795,0.507,163.37045,0.601,131.08348,0.643,1,0.432,1,2,2273,0.8,0.558,0.4,14.0,10.0,0.1146,122.1,0.0,1,1,0.607,104.4,1,0,0.593,166.36,0,20.607,0.062,0.938,0.0,0.0,0.5,0.0,0.0,0.5,0.0,0.0,0.467,0.5,0.0,0.0,0.0,0.0,0,0,0.02,0.0,0.0,0.0,0.0,0.0,0.5,0.0,0.0,0.0,0.0,0.0,0.0
7151,2022.06.02 13:40:20,JPMm,MEAN_REVERSION,BUY,4,129.62,129.07,130.63,1.82,0.595,130.4875,130.89,129.05,1,0.452,0.018,-0.8249,130.24,125.31875,129.38,114.94,0,0.034,0.8,2,130.4875,0.778,0.537,0,0.0,0.0,0.0,130.125,0.569,0,0,1,0.975,-0.65,-0.2709,0.65,0.072,2,0.604,3,1.0,128.8775,129.51,0.493,0.025,0.0,2,0.4,0,0.604,0.362,0.825,0.439,0.374,1,129.05,5,0.6,0.013,0.439,0.195,0.217,0.929,0.883,130.10509,130.11278,122.06225,-412.5453,-245.5282,-2,122.27795,0.507,163.37045,0.601,131.08348,0.643,1,0.432,1,2,2273,0.8,0.558,0.4,14.0,10.1,0.1146,122.1,0.0,1,1,0.607,104.4,1,0,0.593,166.36,0,20.648,0.062,0.938,0.0,0.0,0.5,0.01,0.0,0.5,0.0,0.747,0.485,0.5,0.528,0.0,0.496,0.0,0,0,0.366,0.402,0.0,0.788,0.0,0.328,0.474,0.0,0.612,0.381,0.0,1.0,0.767
7154,2022.06.02 13:41:40,JPMm,BREAKOUT,SELL,4,129.08,130.61,126.03,2.0,0.436,130.4875,130.89,129.05,1,0.452,0.018,-1.1523,130.24,125.31875,129.38,114.94,1,0.031,0.8,2,130.4875,0.778,0.537,0,0.0,0.0,0.0,130.125,0.569,0,0,1,0.975,-0.65,-0.2709,0.65,0.829,2,0.604,3,1.0,128.8775,129.51,0.166,0.352,0.0,2,0.4,0,0.604,0.375,1.152,0.326,0.376,1,130.125,6,0.65,0.668,0.211,0.195,0.217,0.929,0.883,130.10509,130.11278,122.06225,-412.5453,-245.5282,-2,122.27795,0.507,163.37045,0.601,131.08348,0.643,1,0.432,1,2,2273,0.8,0.558,0.4,14.0,10.4,0.1146,122.1,0.0,1,1,0.607,104.4,1,0,0.593,166.36,0,20.206,0.062,0.938,0.0,0.0,0.5,0.0,0.0,0.5,0.0,0.552,0.388,0.5,0.528,0.0,0.518,0.0,0,0,0.433,0.597,0.0,0.74,0.0,0.322,0.405,0.0,0.646,0.381,0.0,1.0,0.809
7155,2022.06.02 13:41:59,JPMm,PULLBACK,SELL,4,129.11,130.61,125.45,2.44,0.595,130.4875,130.89,129.05,1,0.452,0.018,-1.1278,130.24,125.31875,129.38,114.94,1,0.031,0.8,2,130.4875,0.778,0.537,0,0.0,0.0,0.0,130.125,0.569,0,0,1,0.975,-0.65,-0.2709,0.65,0.829,2,0.604,3,1.0,128.8775,129.51,0.19,0.327,0.0,2,0.4,0,0.604,0.367,1.128,0.326,0.375,1,130.125,6,0.65,0.619,0.211,0.195,0.217,0.929,0.883,130.10509,130.11278,122.06225,-412.5453,-245.5282,-2,122.27795,0.507,163.37045,0.601,131.08348,0.643,1,0.432,1,2,2273,0.8,0.558,0.4,14.0,10.4,0.1146,122.1,0.0,1,1,0.607,104.4,1,0,0.593,166.36,0,20.23,0.062,0.938,0.0,0.0,0.5,0.01,0.0,0.5,0.0,0.552,0.38,0.5,0.528,0.0,0.518,0.0,0,0,0.438,0.597,0.0,0.74,0.0,0.322,0.408,0.0,0.646,0.381,0.0,1.0,0.809
7156,2022.06.02 13:42:00,JPMm,TREND_CONTINUATION,SELL,4,129.12,130.61,126.07,2.05,0.522,130.4875,130.89,129.05,1,0.452,0.018,-1.1196,130.24,125.31875,129.38,114.94,1,0.031,0.8,2,130.4875,0.778,0.537,0,0.0,0.0,0.0,130.125,0.569,0,0,1,0.975,-0.65,-0.2709,0.65,0.829,2,0.604,3,1.0,128.8775,129.51,0.199,0.319,0.0,2,0.4,0,0.604,0.365,1.12,0.326,0.375,1,130.125,6,0.65,0.603,0.211,0.195,0.217,0.929,0.883,130.10509,130.11278,122.06225,-412.5453,-245.5282,-2,122.27795,0.507,163.37045,0.601,131.08348,0.643,1,0.432,1,2,2273,0.8,0.558,0.4,14.0,10.5,0.1146,122.1,0.0,1,1,0.607,104.4,1,0,0.593,166.36,0,20.239,0.062,0.938,0.0,0.0,0.5,0.02,0.0,0.5,0.0,0.552,0.361,0.5,0.528,0.0,0.518,0.0,0,0,0.449,0.597,0.0,0.74,0.0,0.322,0.409,0.0,0.646,0.381,0.0,1.0,0.809
7157,2022.06.02 13:42:20,JPMm,SWEEP_REVERSAL,BUY,4,129.08,127.86,130.27,0.97,0.27,130.4875,130.89,129.05,0,0.452,0.018,-1.267,130.24,125.31875,129.38,114.94,1,0.03,0.8,2,130.4875,0.778,0.537,0,0.0,0.0,0.0,130.125,0.569,0,0,1,0.975,-0.65,-0.2709,0.65,0.792,2,0.604,3,1.0,128.8775,129.51,0.051,0.467,0.0,2,0.4,0,0.604,0.42,1.267,0.331,0.381,1,130.125,6,0.65,0.898,0.222,0.195,0.217,0.929,0.883,130.10509,130.11278,122.06225,-412.5453,-245.5282,-2,122.27795,0.507,163.37045,0.601,131.08348,0.643,1,0.432,1,2,2273,0.8,0.558,0.4,14.0,10.5,0.1146,122.1,0.0,1,1,0.607,104.4,1,0,0.593,166.36,0,20.206,0.062,0.938,0.0,0.0,0.5,0.0,0.0,0.5,0.0,0.46,0.352,0.5,0.528,0.0,0.509,0.0,0,0,0.451,0.551,0.0,0.584,0.0,0.322,0.324,0.0,0.646,0.381,0.0,1.0,0.889
7158,2022.06.02 13:43:20,JPMm,BREAKOUT_RETEST,SELL,4,129.4,130.61,128.13,1.05,0.562,130.4875,130.89,129.05,1,0.452,0.018,-0.8904,130.24,125.31875,129.38,114.94,0,0.033,0.8,2,130.4875,0.778,0.537,0,0.0,0.0,0.0,130.125,0.569,0,0,1,0.975,-0.65,-0.2709,0.65,0.072,2,0.604,3,1.0,128.8775,129.51,0.428,0.09,0.0,2,0.4,0,0.604,0.391,0.89,0.439,0.378,1,130.125,6,0.65,0.144,0.439,0.195,0.217,0.929,0.883,130.10509,130.11278,122.06225,-412.5453,-245.5282,-2,122.27795,0.507,163.37045,0.601,131.08348,0.643,1,0.432,1,2,2273,0.8,0.558,0.4,14.0,10.7,0.1146,122.1,0.0,1,1,0.607,104.4,1,0,0.593,166.36,0,20.468,0.062,0.938,0.0,0.0,0.5,0.14,0.0,0.5,0.0,0.747,0.438,0.5,0.528,0.0,0.496,0.0,0,0,0.394,0.402,0.0,0.888,0.0,0.328,0.465,0.0,0.613,0.381,0.0,1.0,0.767
0,2022.06.02 14:00:00,JPMm,ANCHORED_PULLBACK,SELL,4,129.26,129.38,128.59,5.72,0.446,129.1075,130.43,128.59,1,0.132,0.267,0.1322,130.24,125.31875,129.38,114.94,1,0.034,0.8,0,130.4875,0.757,0.561,0,0.0,0.0,129.031,130.125,0.75,0,0,0,0.7,-0.685,-0.2081,0.685,0.627,2,0.621,3,0.938,129.1075,129.5675,0.132,0.267,0.0,2,0.4,0,0.621,0.379,1.064,0.356,0.382,1,128.59,5,0.6,0.736,0.272,0.206,0.217,1.0,0.881,130.10509,130.11278,122.06225,-412.5453,-245.5282,-2,122.27795,0.507,163.37045,0.601,131.08348,0.643,1,0.432,1,2,2274,0.8,0.558,0.4,14.0,12.8,0.1214,115.4,0.0,1,1,0.607,104.4,1,0,0.593,166.36,-1,21.55,0.062,0.938,0.0,0.0,0.0,0.56,0.0,0.5,0.0,0.448,0.489,0.5,0.509,0.0,0.559,0.0,0,0,0.383,0.705,0.0,1.0,0.0,0.316,0.574,0.0,0.629,0.381,0.0,1.0,0.683
7166,2022.06.02 15:40:00,JPMm,NAKED_POC,BUY,4,129.93,128.49,131.63,1.18,0.637,129.06875,130.42,128.6575,1,0.269,0.251,0.6737,130.20875,125.31875,129.38,114.94,0,0.04,0.75,0,129.06875,0.788,0.0,2,0.0,0.0,128.86175,130.125,0.562,0,0,1,0.75,-0.895,-0.1833,0.895,0.137,2,0.558,3,0.828,129.1275,129.89125,0.622,0.054,0.0,2,0.15,0,0.558,0.289,0.674,0.429,0.366,1,129.06875,8,0.758,0.0,0.319,0.269,0.13,0.896,0.827,130.10509,130.11278,122.06225,-412.5453,-245.5282,-2,122.27795,0.507,163.37045,0.601,131.08348,0.643,1,0.432,1,2,2275,0.8,0.558,0.4,10.0,10.0,0.0885,113.0,0.0,1,1,0.607,104.4,1,0,0.593,166.36,-1,22.593,0.062,0.938,0.0,0.0,0.0,0.21,0.0,0.5,0.0,1.0,0.462,0.5,0.525,0.0,0.313,0.0,0,0,0.305,0.428,0.0,1.0,0.0,0.275,0.65,0.0,0.622,0.409,0.0,1.0,0.763
7167,2022.06.02 15:40:40,JPMm,MEAN_REVERSION,SELL,4,129.98,130.53,129.07,1.65,0.549,129.06875,130.42,128.6575,1,0.269,0.251,0.8064,130.20875,125.31875,129.38,114.94,0,0.041,0.75,0,129.06875,0.788,0.0,2,0.0,0.0,128.86175,130.125,0.562,0,0,1,0.75,-0.895,-0.1833,0.895,0.187,2,0.558,3,0.828,130.5375,129.89125,0.493,0.079,0.0,2,0.15,0,0.558,0.34,0.806,0.422,0.355,1,130.42,4,0.6,0.013,0.304,0.269,0.13,0.761,0.827,130.10509,130.11278,122.06225,-412.5453,-245.5282,-2,122.27795,0.507,163.37045,0.601,131.08348,0.643,1,0.432,1,2,2275,0.8,0.558,0.4,10.0,10.0,0.0885,113.0,0.0,1,1,0.607,104.4,1,0,0.593,166.36,-1,22.637,0.062,0.938,0.0,0.0,0.0,0.72,0.0,0.5,0.0,1.0,0.484,0.5,0.525,0.0,0.313,0.0,0,0,0.292,0.438,0.0,1.0,0.0,0.275,0.65,0.0,0.626,0.409,0.0,1.0,0.763
7169,2022.06.02 15:41:40,JPMm,BREAKOUT,SELL,4,130.08,130.53,127.26,6.24,0.364,129.06875,130.42,128.6575,1,0.269,0.251,0.8949,130.20875,125.31875,129.38,114.94,0,0.042,0.75,0,129.06875,0.788,0.0,2,0.0,0.0,128.86175,130.125,0.562,0,0,1,0.75,-0.895,-0.1833,0.895,0.469,2,0.558,3,0.828,130.5375,129.89125,0.405,0.167,0.0,2,0.15,0,0.558,0.34,0.895,0.38,0.355,1,130.42,4,0.6,0.19,0.219,0.269,0.13,0.761,0.827,130.10509,130.11278,122.06225,-412.5453,-245.5282,-2,122.27795,0.507,163.37045,0.601,131.08348,0.643,1,0.432,1,2,2275,0.8,0.558,0.4,10.0,10.0,0.0885,113.0,0.0,1,1,0.607,104.4,1,0,0.593,166.36,-1,22.726,0.062,0.938,0.0,0.0,0.0,0.93,0.0,0.5,0.0,1.0,0.522,0.5,0.525,0.0,0.346,0.0,0,0,0.309,0.497,0.0,1.0,0.0,0.275,0.65,0.0,0.626,0.409,0.0,1.0,0.803
7170,2022.06.02 15:41:59,JPMm,PULLBACK,SELL,4,130.08,130.53,126.69,7.48,0.544,129.06875,130.42,128.6575,1,0.269,0.251,0.8949,130.20875,125.31875,129.38,114.94,0,0.042,0.75,0,129.06875,0.788,0.0,2,0.0,0.0,128.86175,130.125,0.562,0,0,1,0.75,-0.895,-0.1833,0.895,0.469,2,0.558,3,0.828,130.5375,129.89125,0.405,0.167,0.0,2,0.15,0,0.558,0.34,0.895,0.38,0.355,1,130.42,4,0.6,0.19,0.219,0.269,0.13,0.761,0.827,130.10509,130.11278,122.06225,-412.5453,-245.5282,-2,122.27795,0.507,163.37045,0.601,131.08348,0.643,1,0.432,1,2,2275,0.8,0.558,0.4,10.0,10.0,0.0885,113.0,0.0,1,1,0.607,104.4,1,0,0.593,166.36,-1,22.726,0.062,0.938,0.0,0.0,0.0,0.92,0.0,0.5,0.0,1.0,0.53,0.5,0.525,0.0,0.346,0.0,0,0,0.314,0.497,0.0,1.0,0.0,0.275,0.65,0.0,0.626,0.409,0.0,1.0,0.803
7171,2022.06.02 15:42:00,JPMm,TREND_CONTINUATION,SELL,4,130.09,131.45,127.27,2.08,0.463,129.06875,130.42,128.6575,1,0.269,0.251,0.9038,130.20875,125.31875,129.38,114.94,0,0.042,0.75,0,129.06875,0.788,0.0,2,0.0,0.0,128.86175,130.125,0.562,0,0,1,0.75,-0.895,-0.1833,0.895,0.469,2,0.558,3,0.828,130.5375,129.89125,0.396,0.176,0.0,2,0.15,0,0.558,0.343,0.904,0.38,0.356,1,130.5375,2,0.55,0.208,0.219,0.269,0.13,0.761,0.827,130.10509,130.11278,122.06225,-412.5453,-245.5282,-2,122.27795,0.507,163.37045,0.601,131.08348,0.643,1,0.432,1,2,2275,0.8,0.558,0.4,10.0,10.0,0.0885,113.0,0.0,1,1,0.607,104.4,1,0,0.593,166.36,-1,22.735,0.062,0.938,0.0,0.0,0.0,0.93,0.0,0.5,0.0,1.0,0.503,0.5,0.525,0.0,0.346,0.0,0,0,0.298,0.497,0.0,1.0,0.0,0.275,0.65,0.0,0.626,0.409,0.0,1.0,0.803
7175,2022.06.02 15:53:20,JPMm,SWEEP_REVERSAL,SELL,4,130.43,131.56,129.07,1.2,0.168,129.06875,130.42,128.6575,0,0.269,0.251,1.2046,130.20875,125.31875,129.38,114.94,0,0.045,0.75,0,129.06875,0.788,0.0,2,0.0,0.0,128.86175,130.125,0.562,0,0,1,0.75,-0.895,-0.1833,0.895,0.845,2,0.558,3,0.828,130.5375,130.83125,0.095,0.355,0.0,2,0.15,0,0.558,0.389,1.205,0.323,0.361,1,129.06875,8,0.758,0.81,0.106,0.269,0.13,0.761,0.926,130.10509,130.11278,122.06225,-412.5453,-245.5282,-2,122.27795,0.507,163.37045,0.601,131.08348,0.643,1,0.432,1,2,2275,0.8,0.558,0.4,10.0,10.0,0.0885,113.0,0.0,1,1,0.607,104.4,1,0,0.593,166.36,-1,23.035,0.062,0.938,0.0,0.0,0.0,0.99,0.0,0.5,0.0,0.852,0.826,0.5,0.442,0.0,0.263,0.0,0,0,0.434,0.548,0.0,0.5,0.0,0.329,0.65,0.0,0.658,0.409,0.0,1.0,0.891
7176,2022.06.02 16:00:00,JPMm,BREAKOUT_RETEST,SELL,4,130.16,130.53,127.78,6.44,0.518,129.06875,130.42,128.6575,1,0.29,0.458,0.9914,130.20875,129.83125,132.99,120.355,1,0.003,0.75,0,129.06875,0.798,0.667,0,0.0,0.0,0.0,120.41325,8.855,0,0,0,0.8,-0.93,-0.1254,0.93,0.726,2,0.547,3,0.651,130.5375,129.5975,0.343,0.511,0.0,2,0.0,0,0.627,0.338,0.991,0.341,0.382,1,130.5375,2,0.55,0.314,0.082,0.279,0.08,0.833,0.772,130.10509,130.11278,123.28813,-350.1104,62.4349,-1,131.08348,0.501,163.37045,0.593,131.08348,0.668,1,0.689,1,2,2276,0.8,0.558,0.4,10.0,10.0,0.0909,110.1,0.0,1,1,0.607,104.4,1,0,0.593,166.36,-1,23.403,0.142,0.858,0.0,1.0,0.0,0.26,0.0,0.5,0.0,0.673,0.678,0.5,0.533,0.0,0.272,0.0,0,0,0.376,0.76,0.0,0.713,0.0,0.3,0.518,0.0,0.654,0.409,0.0,1.0,0.918
7178,2022.06.02 17:00:00,JPMm,ANCHORED_PULLBACK,BUY,3,130.72,130.41,131.32,1.93,0.522,129.07325,130.199,128.6585,0,0.537,0.207,1.3872,130.20875,129.83125,132.99,120.355,1,0.007,0.65,0,129.07325,0.8,0.136,0,0.0,0.0,130.62075,120.41325,9.154,0,0,0,0.272,0.4164,0.0164,0.416,0.826,0,0.684,3,0.563,130.02125,130.85075,0.537,0.207,-0.1991,1,0.15,0,0.764,0.452,1.387,0.326,0.387,1,130.02125,2,0.55,0.0,0.412,0.125,0.133,0.759,0.915,130.10509,130.11278,123.28813,-350.1104,62.4349,-1,131.08348,0.501,163.37045,0.593,131.08348,0.668,1,0.689,1,2,2277,0.8,0.558,0.4,10.0,10.0,0.0897,111.5,0.0,1,1,0.607,104.4,1,0,0.593,166.36,-1,23.605,0.142,0.858,0.0,1.0,0.0,0.35,0.0,0.5,0.0,0.85,0.512,0.5,0.558,0.0,0.241,0.0,0,0,0.271,0.78,0.036,0.735,0.1,0.363,0.432,0.0,0.647,0.409,0.0,1.0,0.778
7180,2022.06.02 17:40:40,JPMm,MEAN_REVERSION,SELL,3,130.86,131.75,130.02,0.94,0.662,129.07325,130.199,128.6585,0,0.537,0.207,1.6025,130.20875,129.83125,132.99,120.355,1,0.009,0.65,0,129.07325,0.8,0.136,0,0.0,0.0,130.62075,120.41325,9.154,0,0,0,0.272,0.4164,0.0164,0.416,0.078,0,0.686,3,0.563,130.02125,130.85075,0.752,0.008,0.0,2,0.15,0,0.766,0.702,1.602,0.438,0.416,1,130.02125,2,0.55,0.0,0.337,0.125,0.133,0.759,0.915,130.10509,130.11278,123.28813,-350.1104,62.4349,-1,131.08348,0.501,163.37045,0.593,131.08348,0.668,1,0.689,1,2,2277,0.8,0.558,0.4,10.0,10.0,0.0897,111.5,0.0,1,1,0.607,104.4,1,0,0.593,166.36,-1,23.731,0.142,0.858,0.0,1.0,0.0,0.73,0.0,0.5,0.0,1.0,0.495,0.5,0.536,0.0,0.251,0.0,0,0,0.264,0.594,0.0,0.544,0.1,0.418,0.736,0.0,0.609,0.409,0.0,1.0,0.785
7181,2022.06.02 17:41:40,JPMm,BREAKOUT,BUY,3,130.94,130.01,133.73,3.0,0.285,129.07325,130.199,128.6585,0,0.537,0.207,1.5845,130.20875,129.83125,132.99,120.355,1,0.009,0.65,0,129.07325,0.8,0.136,0,0.0,0.0,130.62075,120.41325,9.154,0,0,0,0.272,0.4164,0.0164,0.416,0.078,0,0.686,3,0.563,130.02125,130.85075,0.734,0.01,0.0,2,0.15,0,0.766,0.694,1.585,0.438,0.415,1,130.02125,2,0.55,0.0,0.337,0.125,0.133,0.759,0.915,130.10509,130.11278,123.28813,-350.1104,62.4349,-1,131.08348,0.501,163.37045,0.593,131.08348,0.668,1,0.689,1,2,2277,0.8,0.558,0.4,10.0,10.0,0.0897,111.5,0.0,1,1,0.607,104.4,1,0,0.593,166.36,-1,23.803,0.142,0.858,0.0,1.0,0.0,0.58,0.0,0.5,0.0,1.0,0.47,0.5,0.536,0.0,0.251,0.0,0,0,0.279,0.594,0.0,0.544,0.1,0.418,0.732,0.0,0.609,0.409,0.0,1.0,0.785
7182,2022.06.02 17:41:59,JPMm,PULLBACK,BUY,3,130.95,129.28,133.09,1.28,0.223,129.07325,130.199,128.6585,0,0.537,0.207,1.5935,130.20875,129.83125,132.99,120.355,1,0.009,0.65,0,129.07325,0.8,0.136,0,0.0,0.0,130.62075,120.41325,9.154,0,0,0,0.272,0.4164,0.0164,0.416,0.078,0,0.686,3,0.563,130.02125,130.85075,0.743,0.001,0.0,2,0.15,0,0.766,0.698,1.593,0.438,0.416,1,130.02125,2,0.55,0.0,0.337,0.125,0.133,0.759,0.915,130.10509,130.11278,123.28813,-350.1104,62.4349,-1,131.08348,0.501,163.37045,0.593,131.08348,0.668,1,0.689,1,2,2277,0.8,0.558,0.4,10.0,10.0,0.0897,111.5,0.0,1,1,0.607,104.4,1,0,0.593,166.36,-1,23.812,0.142,0.858,0.0,1.0,0.0,0.65,0.0,0.5,0.0,1.0,0.462,0.5,0.536,0.0,0.251,0.0,0,0,0.284,0.594,0.0,0.544,0.1,0.418,0.734,0.0,0.609,0.409,0.0,1.0,0.785
7183,2022.06.02 17:42:00,JPMm,TREND_CONTINUATION,BUY,3,130.95,129.61,133.74,2.08,0.264,129.07325,130.199,128.6585,0,0.537,0.207,1.5935,130.20875,129.83125,132.99,120.355,1,0.009,0.65,0,129.07325,0.8,0.136,0,0.0,0.0,130.62075,120.41325,9.154,0,0,0,0.272,0.4164,0.0164,0.416,0.078,0,0.686,3,0.563,130.02125,130.85075,0.743,0.001,0.0,2,0.15,0,0.766,0.698,1.593,0.438,0.416,1,130.02125,2,0.55,0.0,0.337,0.125,0.133,0.759,0.915,130.10509,130.11278,123.28813,-350.1104,62.4349,-1,131.08348,0.501,163.37045,0.593,131.08348,0.668,1,0.689,1,2,2277,0.8,0.558,0.4,10.0,10.0,0.0897,111.5,0.0,1,1,0.607,104.4,1,0,0.593,166.36,-1,23.812,0.142,0.858,0.0,1.0,0.0,0.64,0.0,0.5,0.0,1.0,0.434,0.5,0.536,0.0,0.251,0.0,0,0,0.301,0.594,0.0,0.544,0.1,0.418,0.734,0.0,0.609,0.409,0.0,1.0,0.785
7187,2022.06.02 17:53:20,JPMm,SWEEP_REVERSAL,SELL,3,131.01,132.13,130.02,0.89,0.184,129.07325,130.199,128.6585,0,0.537,0.207,1.737,130.20875,129.83125,132.99,120.355,1,0.011,0.65,0,129.07325,0.8,0.136,0,0.0,0.0,130.62075,120.41325,9.154,0,0,0,0.272,0.4164,0.0164,0.416,0.078,0,0.686,3,0.563,130.02125,130.85075,0.887,0.143,0.0,2,0.15,0,0.766,0.761,1.737,0.438,0.423,1,130.02125,2,0.55,0.0,0.337,0.125,0.133,0.759,0.915,130.10509,130.11278,123.28813,-350.1104,62.4349,-1,131.08348,0.501,163.37045,0.593,131.08348,0.668,1,0.689,1,2,2277,0.8,0.558,0.4,10.0,10.0,0.0897,111.5,0.0,1,1,0.607,104.4,1,0,0.593,166.36,-1,23.865,0.142,0.858,0.0,1.0,0.0,0.65,0.0,0.5,0.0,1.0,0.592,0.5,0.53,0.0,0.312,0.0,0,0,0.339,0.594,0.0,0.544,0.1,0.458,0.767,0.0,0.613,0.409,0.0,1.0,0.785
7188,2022.06.02 18:12:20,JPMm,BREAKOUT_RETEST,BUY,3,131.06,130.06,132.16,1.1,0.486,129.9365,131.067,129.072,1,0.898,0.045,0.9371,130.43125,129.83125,132.99,120.355,1,0.01,0.75,0,129.1385,0.768,0.038,0,0.0,0.0,0.0,120.41325,9.739,0,0,0,0.75,0.72,0.0737,0.72,0.352,0,0.67,3,0.368,130.003,131.067,0.876,0.098,0.0,2,0.15,0,0.75,0.662,1.668,0.397,0.404,1,129.9365,1,0.7,0.0,0.254,0.216,0.133,0.922,0.709,130.10509,130.11278,123.28813,-350.1104,62.4349,-1,131.08348,0.501,163.37045,0.593,131.08348,0.668,1,0.689,1,2,2278,0.8,0.558,0.4,10.0,10.0,0.0916,109.2,0.0,1,1,0.607,104.4,1,0,0.593,166.36,-1,24.411,0.142,0.858,0.0,1.0,0.0,0.0,0.0,0.5,0.0,0.7,0.368,0.5,0.474,0.0,0.274,0.0,0,0,0.331,0.431,0.0,0.356,0.1,0.398,0.586,0.0,0.603,0.409,0.0,1.0,0.782
7191,2022.06.02 19:40:40,JPMm,MEAN_REVERSION,SELL,3,131.15,131.99,129.89,1.49,0.595,129.98025,130.878,129.7665,0,0.195,0.601,1.111,130.87625,129.83125,132.99,120.355,1,0.013,0.65,0,129.89475,0.741,0.336,0,0.0,0.0,0.0,120.41325,9.932,0,0,0,0.55,0.755,0.1419,0.755,0.416,2,0.607,3,0.504,131.09175,130.2795,0.055,0.827,0.0,2,0.0,0,0.687,0.462,1.192,0.388,0.399,1,129.89475,8,0.748,0.889,0.175,0.226,0.08,0.882,0.786,130.10509,130.11278,123.28813,-350.1104,62.4349,-1,131.08348,0.501,163.37045,0.593,131.08348,0.668,1,0.689,1,2,2279,0.8,0.558,0.4,10.0,10.0,0.095,105.3,0.0,1,1,0.607,104.4,1,0,0.593,166.36,-1,25.407,0.142,0.858,0.0,1.0,0.0,0.24,0.0,0.5,0.0,0.304,0.587,0.5,0.541,0.0,0.291,0.0,0,0,0.331,0.695,0.0,0.44,0.067,0.319,0.7,0.0,0.623,0.409,0.0,1.0,0.92
7192,2022.06.02 19:41:40,JPMm,BREAKOUT,BUY,3,131.3,130.66,133.93,4.11,0.365,129.98025,130.878,129.7665,0,0.195,0.601,1.1585,130.87625,129.83125,132.99,120.355,1,0.013,0.65,0,129.89475,0.741,0.336,0,0.0,0.0,0.0,120.41325,9.932,0,0,0,0.55,0.755,0.1419,0.755,0.416,2,0.607,3,0.504,131.09175,130.2795,0.103,0.874,0.0,2,0.0,0,0.687,0.481,1.24,0.388,0.401,1,129.89475,8,0.748,0.794,0.175,0.226,0.08,0.882,0.786,130.10509,130.11278,123.28813,-350.1104,62.4349,-1,131.08348,0.501,163.37045,0.593,131.08348,0.668,1,0.689,1,2,2279,0.8,0.558,0.4,10.0,10.0,0.095,105.3,0.0,1,1,0.607,104.4,1,0,0.593,166.36,-1,25.55,0.142,0.858,0.0,1.0,0.0,0.38,0.0,0.5,0.0,0.304,0.581,0.5,0.541,0.0,0.291,0.0,0,0,0.327,0.695,0.0,0.44,0.067,0.319,0.711,0.0,0.623,0.409,0.0,1.0,0.92
7193,2022.06.02 19:41:59,JPMm,PULLBACK,BUY,3,131.29,130.66,133.09,2.85,0.333,129.98025,130.878,129.7665,0,0.195,0.601,1.149,130.87625,129.83125,132.99,120.355,1,0.013,0.65,0,129.89475,0.741,0.336,0,0.0,0.0,0.0,120.41325,9.932,0,0,0,0.55,0.755,0.1419,0.755,0.416,2,0.607,3,0.504,131.09175,130.2795,0.093,0.865,0.0,2,0.0,0,0.687,0.477,1.23,0.388,0.401,1,129.89475,8,0.748,0.813,0.175,0.226,0.08,0.882,0.786,130.10509,130.11278,123.28813,-350.1104,62.4349,-1,131.08348,0.501,163.37045,0.593,131.08348,0.668,1,0.689,1,2,2279,0.8,0.558,0.4,10.0,10.0,0.095,105.3,0.0,1,1,0.607,104.4,1,0,0.593,166.36,-1,25.54,0.142,0.858,0.0,1.0,0.0,0.38,0.0,0.5,0.0,0.304,0.587,0.5,0.541,0.0,0.291,0.0,0,0,0.331,0.695,0.0,0.44,0.067,0.319,0.708,0.0,0.623,0.409,0.0,1.0,0.92
7194,2022.06.02 19:42:00,JPMm,TREND_CONTINUATION,BUY,3,131.28,130.02,133.91,2.08,0.392,129.98025,130.878,129.7665,0,0.195,0.601,1.1395,130.87625,129.83125,132.99,120.355,1,0.013,0.65,0,129.89475,0.741,0.336,0,0.0,0.0,0.0,120.41325,9.932,0,0,0,0.55,0.755,0.1419,0.755,0.416,2,0.607,3,0.504,131.09175,130.2795,0.084,0.855,0.0,2,0.0,0,0.687,0.473,1.221,0.388,0.4,1,129.89475,8,0.748,0.832,0.175,0.226,0.08,0.882,0.786,130.10509,130.11278,123.28813,-350.1104,62.4349,-1,131.08348,0.501,163.37045,0.593,131.08348,0.668,1,0.689,1,2,2279,0.8,0.558,0.4,10.0,10.0,0.095,105.3,0.0,1,1,0.607,104.4,1,0,0.593,166.36,-1,25.531,0.142,0.858,0.0,1.0,0.0,0.38,0.0,0.5,0.0,0.304,0.571,0.5,0.541,0.0,0.291,0.0,0,0,0.321,0.695,0.0,0.44,0.067,0.319,0.706,0.0,0.623,0.409,0.0,1.0,0.92
7195,2022.06.03 13:40:00,JPMm,TREND_CONTINUATION,BUY,4,131.22,130.02,133.72,2.08,0.51,131.04575,131.3135,130.5485,1,0.034,0.272,0.0343,130.87625,129.83125,132.99,120.355,1,0.012,0.5,0,131.04575,0.712,0.51,0,0.0,0.0,0.0,120.41325,10.674,0,0,0,0.9,0.79,0.1425,0.79,1.0,2,0.403,3,0.43,131.12225,131.35175,0.042,0.272,-0.3467,1,0.45,5,1.0,0.3,1.5,0.2,0.374,1,130.5485,5,0.6,0.915,0.48,0.237,0.541,0.825,0.952,123.33524,123.3095,123.28813,-1.2224,348.888,-1,122.45153,0.528,163.98589,0.622,130.40492,0.695,-1,0.76,1,2,2280,0.794,0.558,0.395,14.0,10.0,0.1401,99.9,0.0,1,1,0.607,104.4,1,0,0.593,166.36,-1,26.839,0.5,0.5,0.0,1.0,0.0,0.0,0.0,0.5,0.0,0.379,0.528,0.5,0.539,0.0,0.355,0.0,0,0,0.321,0.497,0.0,0.375,0.1,0.266,0.52,0.0,0.571,0.409,0.0,1.0,0.577
7196,2022.06.03 13:40:40,JPMm,BREAKOUT,BUY,4,131.33,129.83,133.83,1.67,0.368,131.04575,131.3135,130.5485,1,0.034,0.272,0.1444,130.87625,129.83125,132.99,120.355,1,0.014,0.5,0,131.04575,0.712,0.51,0,0.0,0.0,0.0,120.41325,10.674,0,0,0,0.9,0.79,0.1425,0.79,0.592,0,0.703,3,0.43,131.12225,131.35175,0.068,0.162,0.0,2,0.15,0,0.783,0.542,1.5,0.361,0.393,1,130.5485,5,0.6,0.864,0.182,0.237,0.136,0.825,0.952,123.33524,123.3095,123.28813,-1.2224,348.888,-1,122.45153,0.528,163.98589,0.622,130.40492,0.695,-1,0.76,1,2,2280,0.794,0.558,0.395,14.0,10.2,0.1401,99.9,0.0,1,1,0.607,104.4,1,0,0.593,166.36,-1,26.949,0.5,0.5,0.0,1.0,0.0,0.03,0.0,0.5,0.0,0.484,0.562,0.5,0.539,0.0,0.369,0.0,0,0,0.347,0.734,0.0,0.488,0.1,0.264,0.534,0.0,0.616,0.409,0.0,1.0,0.843
7197,2022.06.03 13:40:59,JPMm,BREAKOUT_RETEST,BUY,4,131.25,130.95,131.84,1.95,0.546,131.04575,131.3135,130.5485,1,0.034,0.272,0.0643,130.87625,129.83125,132.99,120.355,1,0.013,0.5,0,131.04575,0.712,0.51,0,0.0,0.0,0.0,120.41325,10.674,0,0,0,0.9,0.79,0.1425,0.79,0.941,0,0.703,3,0.43,131.12225,131.35175,0.012,0.242,0.0,2,0.15,0,0.783,0.463,1.5,0.309,0.384,1,130.5485,5,0.6,0.975,0.078,0.237,0.136,0.825,0.952,123.33524,123.3095,123.28813,-1.2224,348.888,-1,122.45153,0.528,163.98589,0.622,130.40492,0.695,-1,0.76,1,2,2280,0.794,0.558,0.395,14.0,10.2,0.1401,99.9,0.0,1,1,0.607,104.4,1,0,0.593,166.36,-1,26.869,0.5,0.5,0.0,1.0,0.0,0.03,0.0,0.5,0.0,0.412,0.578,0.5,0.539,0.0,0.376,0.0,0,0,0.359,0.76,0.0,0.399,0.1,0.264,0.524,0.0,0.649,0.409,0.0,1.0,0.771
0,2022.06.03 13:41:00,JPMm,PULLBACK,BUY,4,131.26,129.76,133.13,1.25,0.587,131.04575,131.3135,130.5485,1,0.034,0.272,0.0743,130.87625,129.83125,132.99,120.355,1,0.013,0.5,0,131.04575,0.712,0.51,0,0.0,0.0,0.0,120.41325,10.674,0,0,0,0.9,0.79,0.1425,0.79,0.941,0,0.703,3,0.43,131.12225,131.35175,0.002,0.232,0.0,2,0.15,0,0.783,0.463,1.5,0.309,0.384,1,130.5485,5,0.6,0.995,0.078,0.237,0.136,0.825,0.952,123.33524,123.3095,123.28813,-1.2224,348.888,-1,122.45153,0.528,163.98589,0.622,130.40492,0.695,-1,0.76,1,2,2280,0.794,0.558,0.395,14.0,10.2,0.1401,99.9,0.0,1,1,0.607,104.4,1,0,0.593,166.36,-1,26.879,0.5,0.5,0.0,1.0,0.0,0.04,0.0,0.5,0.0,0.412,0.638,0.5,0.539,0.0,0.376,0.0,0,0,0.395,0.76,0.0,0.399,0.1,0.264,0.525,0.0,0.649,0.409,0.0,1.0,0.771
0,2022.06.03 13:41:20,JPMm,MEAN_REVERSION,SELL,4,131.19,131.99,130.55,0.8,0.628,131.04575,131.3135,130.5485,1,0.034,0.272,0.1444,130.87625,129.83125,132.99,120.355,1,0.014,0.5,0,131.04575,0.712,0.51,0,0.0,0.0,0.0,120.41325,10.674,0,0,0,0.9,0.79,0.1425,0.79,0.592,0,0.703,3,0.43,131.12225,131.35175,0.068,0.162,0.0,2,0.15,0,0.783,0.542,1.5,0.361,0.393,1,130.5485,5,0.6,0.864,0.182,0.237,0.136,0.825,0.952,123.33524,123.3095,123.28813,-1.2224,348.888,-1,122.45153,0.528,163.98589,0.622,130.40492,0.695,-1,0.76,1,2,2280,0.794,0.558,0.395,14.0,10.3,0.1401,99.9,0.0,1,1,0.607,104.4,1,0,0.593,166.36,-1,26.809,0.5,0.5,0.0,1.0,0.0,0.05,0.0,0.5,0.0,0.484,0.657,0.5,0.539,0.0,0.369,0.0,0,0,0.404,0.734,0.0,0.488,0.1,0.264,0.534,0.0,0.616,0.409,0.0,1.0,0.843
7206,2022.06.03 14:01:00,JPMm,ANCHORED_PULLBACK,BUY,4,131.39,130.58,133.22,2.26,0.371,131.04575,131.237,130.625,0,0.002,0.236,0.2078,130.87625,129.83125,132.99,122.16,1,0.014,0.4,0,131.04575,0.757,0.614,0,0.0,0.0,130.8775,120.41325,10.893,0,0,0,0.65,0.825,0.1316,0.825,0.22,0,0.689,2,0.364,131.04575,131.35175,0.208,0.104,0.0,2,0.15,0,0.769,0.626,1.5,0.417,0.39,1,130.625,5,0.6,0.584,0.294,0.247,0.136,0.817,0.959,123.33524,123.3095,123.28813,-1.2224,348.888,-1,122.45153,0.528,163.98589,0.622,130.40492,0.695,-1,0.76,1,2,2281,0.794,0.558,0.395,14.0,12.3,0.1424,98.3,0.0,1,1,0.607,104.4,1,0,0.593,166.36,-1,27.461,0.5,0.5,0.0,1.0,0.0,0.57,0.0,0.5,0.0,0.473,0.531,0.5,0.886,0.0,0.594,0.0,0,0,0.522,0.769,0.0,0.575,0.1,0.263,0.573,0.0,0.613,0.409,0.0,1.0,0.887
7209,2022.06.03 14:43:40,JPMm,SWEEP_REVERSAL,BUY,4,130.2,129.22,131.15,0.96,0.168,131.04575,131.237,130.625,0,0.002,0.236,-0.9622,130.87625,129.83125,132.99,122.16,1,0.003,0.4,0,131.04575,0.757,0.614,0,0.0,0.0,130.8775,120.41325,10.893,0,0,0,0.65,0.825,0.1316,0.825,0.049,0,0.689,2,0.364,130.66325,130.2425,0.573,0.145,0.0,2,0.15,0,0.769,0.426,0.962,0.443,0.355,1,131.04575,8,0.751,0.0,0.345,0.247,0.136,0.716,0.955,123.33524,123.3095,123.28813,-1.2224,348.888,-1,122.45153,0.528,163.98589,0.622,130.40492,0.695,-1,0.76,1,2,2281,0.794,0.558,0.395,10.0,10.0,0.1017,98.3,0.0,1,1,0.607,104.4,1,0,0.593,166.36,-1,26.25,0.5,0.5,0.0,1.0,0.0,0.0,0.0,0.5,0.0,0.374,0.347,0.5,0.492,0.0,0.668,0.0,0,0,0.507,0.58,0.145,0.885,0.1,0.292,0.303,0.0,0.608,0.409,0.0,1.0,0.887
7215,2022.06.03 15:40:59,JPMm,BREAKOUT_RETEST,BUY,4,130.9,130.62,131.2,1.07,0.56,131.09975,131.1965,130.616,1,0.153,0.263,-0.3223,130.87625,129.83125,132.99,123.0625,1,0.01,0.45,0,130.71275,0.766,0.419,0,0.0,0.0,130.57025,120.41325,10.921,0,0,0,1.0,0.685,0.1455,0.685,0.548,2,0.644,0,0.55,130.84175,131.35775,0.045,0.6,0.0,2,0.4,0,0.724,0.221,0.6,0.368,0.329,0,131.09975,1,0.7,0.91,0.296,0.206,0.333,0.907,0.959,123.33524,123.3095,123.28813,-1.2224,348.888,-1,122.45153,0.528,163.98589,0.622,130.40492,0.695,-1,0.76,1,2,2282,0.794,0.558,0.395,10.0,10.0,0.1075,93.0,0.0,1,1,0.607,104.4,1,0,0.593,166.36,0,28.495,0.5,0.5,0.0,1.0,0.5,0.98,0.0,0.5,0.0,1.0,0.465,0.5,0.505,0.0,0.403,0.0,0,0,0.334,0.8,0.0,0.606,0.185,0.239,0.544,0.0,0.611,0.409,0.0,1.0,0.803
7217,2022.06.03 15:46:40,JPMm,BREAKOUT,SELL,4,130.61,132.01,128.29,1.67,0.481,131.09975,131.1965,130.616,0,0.153,0.263,-0.5266,130.87625,129.83125,132.99,123.0625,1,0.008,0.45,0,130.71275,0.766,0.419,0,0.0,0.0,130.57025,120.41325,10.921,0,0,0,1.0,0.685,0.1455,0.685,0.652,2,0.644,0,0.55,130.71275,130.229,0.11,0.41,0.0,2,0.4,0,0.724,0.185,0.527,0.352,0.322,0,131.09975,1,0.7,0.779,0.264,0.206,0.333,0.886,0.945,123.33524,123.3095,123.28813,-1.2224,348.888,-1,122.45153,0.528,163.98589,0.622,130.40492,0.695,-1,0.76,1,2,2282,0.794,0.558,0.395,10.0,10.0,0.1075,93.0,0.0,1,1,0.607,104.4,1,0,0.593,166.36,0,28.183,0.5,0.5,0.0,1.0,0.5,0.2,0.0,0.5,0.0,1.0,0.511,0.5,0.547,0.0,0.373,0.0,0,0,0.32,0.799,0.0,0.881,0.17,0.27,0.544,0.0,0.644,0.409,0.0,1.0,0.93
7218,2022.06.03 15:48:59,JPMm,MEAN_REVERSION,BUY,4,130.55,129.81,131.2,0.87,0.596,131.09975,131.1965,130.616,0,0.153,0.263,-0.6987,130.87625,129.83125,132.99,123.0625,1,0.007,0.45,0,130.71275,0.766,0.419,0,0.0,0.0,130.57025,120.41325,10.921,0,0,0,1.0,0.685,0.1455,0.685,0.225,2,0.644,0,0.55,130.71275,130.229,0.283,0.238,0.0,2,0.4,0,0.724,0.291,0.699,0.416,0.334,0,131.09975,1,0.7,0.435,0.393,0.206,0.333,0.886,0.945,123.33524,123.3095,123.28813,-1.2224,348.888,-1,122.45153,0.528,163.98589,0.622,130.40492,0.695,-1,0.76,1,2,2282,0.794,0.558,0.395,10.0,10.0,0.1075,93.0,0.0,1,1,0.607,104.4,1,0,0.593,166.36,0,28.118,0.5,0.5,0.0,1.0,0.5,0.01,0.0,0.5,0.0,1.0,0.491,0.5,0.547,0.0,0.357,0.0,0,0,0.312,0.711,0.0,1.0,0.2,0.27,0.428,0.0,0.62,0.409,0.0,1.0,0.883
7220,2022.06.03 16:00:40,JPMm,PULLBACK,BUY,4,130.96,129.64,133.09,1.62,0.53,130.5775,131.13,130.48,1,0.048,0.618,0.3221,130.87625,129.83125,132.99,123.965,1,0.012,0.5,0,130.7075,0.788,0.566,0,0.0,0.0,130.755,120.41325,11.785,0,0,0,0.75,0.72,0.1659,0.72,0.751,2,0.619,0,0.654,131.0325,131.325,0.197,0.53,0.0,2,0.25,0,0.699,0.179,0.53,0.337,0.359,1,130.5775,1,0.7,0.607,0.175,0.216,0.309,0.955,0.848,122.10485,129.76452,123.28813,-389.1396,-387.9171,-2,130.53408,0.569,164.251,0.605,130.53408,0.758,-1,0.819,1,2,2283,0.794,0.558,0.395,10.0,10.0,0.114,87.7,0.0,1,1,0.607,104.4,1,0,0.593,166.36,0,30.28,0.01,0.99,0.0,0.0,0.5,0.99,0.0,0.5,0.0,0.744,0.423,0.5,0.492,0.0,0.256,0.0,0,0,0.296,0.8,0.0,0.616,0.1,0.279,0.544,0.0,0.645,0.409,0.0,1.0,0.93
7221,2022.06.03 16:01:40,JPMm,TREND_CONTINUATION,BUY,4,131.07,130.02,133.26,2.08,0.445,130.5775,131.13,130.48,1,0.048,0.618,0.4475,130.87625,129.83125,132.99,123.965,1,0.013,0.5,0,130.7075,0.788,0.566,0,0.0,0.0,130.755,120.41325,11.785,0,0,0,0.75,0.72,0.1659,0.72,0.717,2,0.619,0,0.654,131.0325,131.325,0.071,0.405,0.0,2,0.25,0,0.699,0.153,0.447,0.343,0.356,1,130.5775,1,0.7,0.857,0.185,0.216,0.309,0.955,0.848,122.10485,129.76452,123.28813,-389.1396,-387.9171,-2,130.53408,0.569,164.251,0.605,130.53408,0.758,-1,0.819,1,2,2283,0.794,0.558,0.395,10.0,10.0,0.114,87.7,0.0,1,1,0.607,104.4,1,0,0.593,166.36,0,30.406,0.01,0.99,0.0,0.0,0.5,0.99,0.0,0.5,0.0,0.893,0.469,0.5,0.492,0.0,0.256,0.0,0,0,0.269,0.8,0.0,0.411,0.1,0.279,0.544,0.0,0.652,0.409,0.0,1.0,0.93
7224,2022.06.03 16:08:20,JPMm,ANCHORED_PULLBACK,SELL,4,130.72,131.02,130.48,0.8,0.522,130.5775,131.13,130.48,1,0.048,0.618,0.1625,130.87625,129.83125,132.99,123.965,1,0.01,0.5,0,130.7075,0.788,0.566,0,0.0,0.0,130.755,120.41325,11.785,0,0,0,0.75,0.72,0.1659,0.72,0.879,2,0.619,0,0.654,130.6425,130.1875,0.088,0.607,0.0,2,0.25,0,0.699,0.193,0.607,0.318,0.364,1,131.13,4,0.6,0.823,0.136,0.216,0.309,0.977,0.81,122.10485,129.76452,123.28813,-389.1396,-387.9171,-2,130.53408,0.569,164.251,0.605,130.53408,0.758,-1,0.819,1,2,2283,0.794,0.558,0.395,10.0,10.0,0.114,87.7,0.0,1,1,0.607,104.4,1,0,0.593,166.36,0,30.007,0.01,0.99,0.0,0.0,0.5,0.39,0.0,0.5,0.0,0.686,0.432,0.5,0.498,0.0,0.248,0.0,0,0,0.289,0.8,0.0,0.781,0.14,0.313,0.46,0.0,0.645,0.409,0.0,1.0,0.93
7226,2022.06.03 17:06:40,JPMm,SWEEP_REVERSAL,SELL,3,131.41,132.28,130.64,0.88,0.163,130.6425,131.0,130.415,0,0.278,0.392,0.8786,130.87625,129.83125,132.99,123.965,1,0.018,0.45,0,130.6425,0.767,0.806,0,0.0,0.0,130.57825,120.41325,12.062,0,0,0,0.8,0.93,0.1969,0.93,0.034,0,0.703,0,0.632,130.61,131.325,0.916,0.097,0.0,2,0.0,0,0.783,0.407,0.916,0.445,0.435,1,130.6425,8,0.753,0.0,0.29,0.279,0.217,0.9,0.887,122.10485,129.76452,123.28813,-389.1396,-387.9171,-2,130.53408,0.569,164.251,0.605,130.53408,0.758,-1,0.819,1,2,2284,0.794,0.558,0.395,10.0,10.0,0.1145,87.4,0.0,1,1,0.607,104.4,1,0,0.593,166.36,0,30.919,0.01,0.99,0.0,0.0,0.5,0.99,0.0,0.5,0.0,0.832,0.752,0.5,0.464,0.0,0.314,0.0,0,0,0.416,0.632,0.0,0.44,0.17,0.257,0.746,0.0,0.613,0.409,0.0,1.0,0.883
7228,2022.06.03 17:41:40,JPMm,BREAKOUT_RETEST,BUY,3,130.87,130.61,131.39,1.99,0.527,130.6425,131.0,130.415,1,0.278,0.392,0.146,130.87625,129.83125,132.99,123.965,1,0.011,0.45,0,130.6425,0.767,0.806,0,0.0,0.0,130.57825,120.41325,12.062,0,0,0,0.8,0.93,0.1969,0.93,0.781,0,0.703,0,0.632,130.61,131.325,0.183,0.635,0.0,2,0.0,0,0.783,0.211,0.635,0.333,0.412,1,130.415,5,0.6,0.634,0.066,0.279,0.217,0.9,0.887,122.10485,129.76452,123.28813,-389.1396,-387.9171,-2,130.53408,0.569,164.251,0.605,130.53408,0.758,-1,0.819,1,2,2284,0.794,0.558,0.395,10.0,10.0,0.1145,87.4,0.0,1,1,0.607,104.4,1,0,0.593,166.36,0,30.301,0.01,0.99,0.0,0.0,0.5,0.0,0.0,0.5,0.0,0.757,0.556,0.5,0.552,0.0,0.41,0.0,0,0,0.363,0.816,0.0,0.515,0.163,0.247,0.544,0.0,0.64,0.409,0.0,1.0,0.771
7230,2022.06.03 17:47:40,JPMm,BREAKOUT,BUY,3,130.99,129.68,133.17,1.67,0.342,130.6425,131.0,130.415,1,0.278,0.392,0.2833,130.87625,129.83125,132.99,123.965,1,0.012,0.45,0,130.6425,0.767,0.806,0,0.0,0.0,130.57825,120.41325,12.062,0,0,0,0.8,0.93,0.1969,0.93,0.5,0,0.703,0,0.632,130.61,131.325,0.321,0.498,0.0,2,0.0,0,0.783,0.187,0.498,0.375,0.409,1,130.61,2,0.55,0.359,0.15,0.279,0.217,0.9,0.887,122.10485,129.76452,123.28813,-389.1396,-387.9171,-2,130.53408,0.569,164.251,0.605,130.53408,0.758,-1,0.819,1,2,2284,0.794,0.558,0.395,10.0,10.0,0.1145,87.4,0.0,1,1,0.607,104.4,1,0,0.593,166.36,0,30.438,0.01,0.99,0.0,0.0,0.5,0.45,0.0,0.5,0.0,0.684,0.468,0.5,0.512,0.0,0.399,0.0,0,0,0.332,0.816,0.0,0.572,0.191,0.247,0.544,0.0,0.618,0.409,0.0,1.0,0.843
7232,2022.06.03 18:02:20,JPMm,PULLBACK,BUY,3,130.83,130.45,131.45,1.62,0.585,130.736,130.974,130.43,1,0.152,0.598,-0.0074,130.87625,129.83125,132.99,124.8675,1,0.011,0.4,0,130.736,0.785,0.533,0,0.0,0.0,0.0,120.41325,12.807,0,0,0,0.8,0.965,0.1414,0.965,1.0,0,0.72,0,0.732,130.634,130.158,0.118,0.701,0.0,2,0.0,0,0.8,0.21,0.701,0.3,0.433,1,130.43,5,0.6,0.765,0.0,0.29,0.237,0.932,0.917,122.10485,129.76452,123.28813,-389.1396,-387.9171,-2,130.53408,0.569,164.251,0.605,130.53408,0.758,-1,0.819,1,2,2285,0.794,0.558,0.395,10.0,10.0,0.1226,81.6,0.0,1,1,0.607,104.4,1,0,0.593,166.36,1,32.401,0.01,0.99,0.0,0.0,1.0,0.02,0.0,0.5,0.0,0.461,0.497,0.5,0.536,0.0,0.381,0.0,0,0,0.315,0.817,0.0,0.594,0.093,0.244,0.503,0.0,0.648,0.409,0.0,1.0,0.851
7233,2022.06.03 18:05:20,JPMm,TREND_CONTINUATION,BUY,3,131.05,130.07,133.09,2.08,0.51,130.736,130.974,130.43,1,0.152,0.598,0.2623,130.87625,129.83125,132.99,124.8675,1,0.014,0.4,0,130.736,0.785,0.533,0,0.0,0.0,0.0,120.41325,12.807,0,0,0,0.8,0.965,0.1414,0.965,0.617,0,0.72,0,0.732,130.634,131.348,0.387,0.488,0.0,2,0.0,0,0.8,0.174,0.488,0.357,0.428,1,130.634,2,0.55,0.225,0.115,0.29,0.237,0.932,0.921,122.10485,129.76452,123.28813,-389.1396,-387.9171,-2,130.53408,0.569,164.251,0.605,130.53408,0.758,-1,0.819,1,2,2285,0.794,0.558,0.395,10.0,10.0,0.1226,81.6,0.0,1,1,0.607,104.4,1,0,0.593,166.36,1,32.671,0.01,0.99,0.0,0.0,1.0,0.8,0.0,0.5,0.0,0.713,0.65,0.5,0.54,0.0,0.374,0.0,0,0,0.402,0.817,0.0,0.704,0.087,0.244,0.551,0.0,0.619,0.409,0.0,1.0,0.923
7236,2022.06.03 18:28:40,JPMm,MEAN_REVERSION,SELL,3,131.27,131.92,130.74,0.82,0.635,130.736,130.974,130.43,0,0.152,0.598,0.6546,130.87625,129.83125,132.99,124.8675,1,0.018,0.4,0,130.736,0.785,0.533,0,0.0,0.0,0.0,120.41325,12.807,0,0,0,0.8,0.965,0.1414,0.965,0.123,0,0.72,0,0.732,130.634,131.348,0.78,0.096,0.0,2,0.0,0,0.8,0.337,0.78,0.432,0.447,1,130.736,8,0.757,0.0,0.263,0.29,0.237,0.932,0.921,122.10485,129.76452,123.28813,-389.1396,-387.9171,-2,130.53408,0.569,164.251,0.605,130.53408,0.758,-1,0.819,1,2,2285,0.794,0.558,0.395,10.0,10.0,0.1226,81.6,0.0,1,1,0.607,104.4,1,0,0.593,166.36,1,32.94,0.01,0.99,0.0,0.0,1.0,0.99,0.0,0.5,0.0,0.663,0.55,0.5,0.53,0.0,0.317,0.0,0,0,0.316,0.678,0.0,0.572,0.067,0.248,0.721,0.0,0.619,0.409,0.0,1.0,0.962
7238,2022.06.03 19:00:00,JPMm,ANCHORED_PULLBACK,BUY,3,131.17,130.74,132.66,3.48,0.478,130.94,131.042,130.498,0,0.163,0.349,0.1634,130.87625,130.73375,132.99,124.8675,1,0.004,0.4,0,130.872,0.768,0.44,0,0.0,0.0,130.9805,120.41325,13.393,0,0,0,1.0,0.7798,0.0444,0.78,0.434,2,0.477,0,0.771,130.838,131.348,0.292,0.349,0.0,2,0.25,0,0.557,0.134,0.349,0.385,0.325,0,130.498,5,0.6,0.417,0.27,0.234,0.333,0.888,0.911,122.10485,129.76452,123.28813,-389.1396,-387.9171,-2,130.53408,0.569,164.251,0.605,130.53408,0.758,-1,0.819,1,2,2286,0.794,0.558,0.395,10.0,10.0,0.1257,79.6,0.0,1,1,0.607,104.4,1,0,0.593,166.36,1,33.643,0.01,0.99,0.0,0.0,1.0,0.89,0.0,0.5,0.0,0.928,0.643,0.5,0.528,0.0,0.453,0.0,0,0,0.425,0.884,0.0,0.82,0.1,0.263,0.55,0.0,0.615,0.409,0.0,1.0,0.883
7240,2022.06.03 19:42:40,JPMm,BREAKOUT_RETEST,BUY,3,131.09,130.85,131.41,1.36,0.58,130.94,131.042,130.498,1,0.163,0.349,0.0628,130.87625,130.73375,132.99,124.8675,1,0.003,0.4,0,130.872,0.768,0.44,0,0.0,0.0,130.9805,120.41325,13.393,0,0,0,1.0,0.7798,0.0444,0.78,0.675,2,0.631,0,0.771,130.838,131.348,0.191,0.45,0.0,2,0.25,0,0.711,0.157,0.45,0.349,0.366,1,130.498,5,0.6,0.618,0.197,0.234,0.333,0.888,0.911,122.10485,129.76452,123.28813,-389.1396,-387.9171,-2,130.53408,0.569,164.251,0.605,130.53408,0.758,-1,0.819,1,2,2286,0.794,0.558,0.395,10.0,10.0,0.1257,79.6,0.0,1,1,0.607,104.4,1,0,0.593,166.36,1,33.542,0.01,0.99,0.0,0.0,1.0,0.89,0.0,0.5,0.0,0.685,0.56,0.5,0.528,0.0,0.375,0.0,0,0,0.345,0.8,0.0,0.738,0.1,0.284,0.544,0.0,0.651,0.409,0.0,1.0,0.891
7242,2022.06.06 13:40:00,JPMm,MEAN_REVERSION,SELL,4,131.5,132.14,130.89,0.96,0.77,130.94425,131.032,130.6225,0,0.698,0.037,0.6978,130.87625,130.73375,132.99,124.8675,1,0.01,0.35,0,130.88575,0.77,0.892,0,0.0,0.0,130.79475,120.41325,13.921,0,0,0,0.123,0.0,-0.0091,0.358,0.018,0,0.811,0,0.919,130.8565,131.383,0.808,0.147,-0.1689,1,0.15,1,1.0,0.24,0.808,0.297,0.485,1,130.88575,8,0.754,0.0,0.655,0.0,0.329,0.918,0.943,122.82644,122.83575,123.28813,27.4878,416.6273,2,131.12795,0.583,163.50386,0.596,131.12795,0.777,-1,0.833,1,2,2287,0.794,0.558,0.395,14.0,10.0,0.1758,79.6,0.0,1,1,0.607,104.4,1,0,0.593,166.36,1,34.027,0.004,0.996,0.0,0.0,1.0,0.0,0.0,0.5,0.0,0.38,0.507,0.5,0.329,0.0,0.233,0.0,0,0,0.196,0.342,0.0,0.32,0.1,0.228,0.731,0.0,0.564,0.409,0.0,1.0,0.645
7243,2022.06.06 13:40:40,JPMm,ANCHORED_PULLBACK,BUY,4,131.46,131.17,131.89,1.52,0.181,130.94425,131.032,130.6225,0,0.698,0.037,0.4718,130.87625,130.73375,132.99,124.8675,1,0.007,0.35,0,130.88575,0.77,0.892,0,0.0,0.0,130.79475,120.41325,13.921,0,0,0,0.123,0.0,-0.0091,0.358,0.112,0,0.814,0,0.919,130.8565,131.383,0.582,0.079,0.0,2,0.15,0,0.894,0.252,0.582,0.433,0.46,1,130.88575,8,0.754,0.0,0.326,0.0,0.329,0.918,0.943,122.82644,122.83575,123.28813,27.4878,416.6273,2,131.12795,0.583,163.50386,0.596,131.12795,0.777,-1,0.833,1,2,2287,0.794,0.558,0.395,14.0,10.2,0.1758,79.6,0.0,1,1,0.607,104.4,1,0,0.593,166.36,1,33.977,0.004,0.996,0.0,0.0,1.0,0.0,0.0,0.5,0.0,0.476,0.476,0.5,0.411,0.0,0.286,0.0,0,0,0.252,0.545,0.0,0.612,0.1,0.276,0.744,0.0,0.616,0.409,0.0,1.0,0.763
7244,2022.06.06 13:41:40,JPMm,SWEEP_REVERSAL,SELL,4,131.71,132.51,130.89,1.03,0.249,130.94425,131.032,130.6225,0,0.698,0.037,0.9615,130.87625,130.73375,132.99,124.8675,1,0.012,0.35,0,130.88575,0.77,0.892,0,0.0,0.0,130.79475,120.41325,13.921,0,0,0,0.123,0.0,-0.0091,0.358,0.018,0,0.814,0,0.919,130.8565,131.383,1.072,0.411,0.0,2,0.15,0,0.894,0.479,1.072,0.447,0.487,1,130.88575,8,0.754,0.0,0.355,0.0,0.329,0.918,0.943,122.82644,122.83575,123.28813,27.4878,416.6273,2,131.12795,0.583,163.50386,0.596,131.12795,0.777,-1,0.833,1,2,2287,0.794,0.558,0.395,14.0,10.4,0.1758,79.6,0.0,1,1,0.607,104.4,1,0,0.593,166.36,1,34.291,0.004,0.996,0.0,0.0,1.0,0.09,0.0,0.5,0.0,0.476,0.481,0.5,0.411,0.0,0.286,0.0,0,0,0.249,0.521,0.0,0.236,0.1,0.276,0.851,0.0,0.618,0.409,0.0,1.0,0.763
7247,2022.06.06 13:43:40,JPMm,TREND_CONTINUATION,SELL,4,131.92,132.88,130.89,1.08,0.193,130.94425,131.032,130.6225,0,0.698,0.037,1.2252,130.87625,130.73375,132.99,124.8675,1,0.015,0.35,0,130.88575,0.77,0.892,0,0.0,0.0,130.79475,120.41325,13.921,0,0,0,0.123,0.0,-0.0091,0.358,0.018,0,0.814,0,0.919,130.8565,131.383,1.335,0.674,0.0,2,0.15,0,0.894,0.597,1.335,0.447,0.5,2,130.88575,8,0.754,0.0,0.355,0.0,0.329,0.918,0.943,122.82644,122.83575,123.28813,27.4878,416.6273,2,131.12795,0.583,163.50386,0.596,131.12795,0.777,-1,0.833,1,2,2287,0.794,0.558,0.395,14.0,10.9,0.1758,79.6,0.0,1,1,0.607,104.4,1,0,0.593,166.36,1,34.554,0.004,0.996,0.0,0.0,1.0,0.21,0.0,0.5,0.0,0.476,0.565,0.5,0.411,0.0,0.286,0.0,0,0,0.276,0.521,0.0,0.236,0.1,0.276,0.891,0.0,0.618,0.409,0.0,1.0,0.763
7249,2022.06.06 14:00:00,JPMm,BREAKOUT,BUY,4,132.05,130.97,134.0,1.8,0.408,130.86325,131.145,130.5815,0,1.289,0.567,1.392,130.87625,130.73375,132.99,124.8675,1,0.016,0.35,0,130.86325,0.666,0.309,0,0.0,0.0,131.72775,120.41325,14.777,0,0,0,0.324,-0.2758,-0.0207,0.276,0.145,0,0.822,1,0.352,130.823,131.3865,1.444,0.722,0.1973,0,0.25,2,0.927,0.835,1.444,0.578,0.444,1,130.86325,8,0.733,0.0,0.356,0.783,0.181,0.868,0.914,122.82644,122.83575,123.28813,27.4878,416.6273,2,131.12795,0.583,163.50386,0.596,131.12795,0.777,-1,0.833,1,2,2288,0.794,0.558,0.395,10.0,11.6,0.1281,78.1,0.0,1,1,0.607,104.4,1,0,0.593,166.36,1,35.416,0.004,0.996,0.0,0.0,1.0,0.97,0.0,0.5,0.0,0.264,0.57,0.5,0.475,0.0,0.44,0.0,0,0,0.361,0.682,0.0,0.479,0.067,0.485,0.705,0.0,0.53,0.409,0.0,1.0,0.873
7251,2022.06.06 14:00:40,JPMm,PULLBACK,SELL,4,132.15,133.32,130.86,1.1,0.232,130.86325,131.145,130.5815,0,1.289,0.567,1.6482,130.87625,130.73375,132.99,124.8675,1,0.018,0.35,0,130.86325,0.666,0.309,0,0.0,0.0,131.72775,120.41325,14.777,0,0,0,0.324,-0.2758,-0.0207,0.276,0.145,0,0.885,1,0.352,130.823,131.3865,1.7,0.978,0.0,2,0.25,0,0.965,0.728,1.7,0.428,0.441,1,130.86325,8,0.733,0.0,0.356,0.083,0.181,0.868,0.914,122.82644,122.83575,123.28813,27.4878,416.6273,2,131.12795,0.583,163.50386,0.596,131.12795,0.777,-1,0.833,1,2,2288,0.794,0.558,0.395,10.0,11.4,0.1281,78.1,0.0,1,1,0.607,104.4,1,0,0.593,166.36,1,35.544,0.004,0.996,0.0,0.0,1.0,0.99,0.0,0.5,0.0,0.288,0.589,0.5,0.491,0.0,0.348,0.0,0,0,0.339,0.544,0.0,0.232,0.067,0.267,0.89,0.0,0.62,0.409,0.0,1.0,0.84
7255,2022.06.06 15:00:00,JPMm,BREAKOUT_RETEST,BUY,4,131.33,131.07,132.4,4.14,0.646,130.88225,131.759,130.6735,1,0.232,0.197,0.4462,130.865,130.73375,132.99,124.8675,1,0.006,0.65,2,130.88225,0.656,0.235,0,0.0,0.0,131.72075,120.41325,13.88,0,0,0,0.675,0.685,0.0509,0.685,0.295,2,0.578,0,0.278,130.924,131.3415,0.393,0.143,0.6698,0,0.45,2,1.0,0.248,0.446,0.556,0.349,0,130.88225,8,0.731,0.215,0.392,0.906,0.306,0.824,0.763,122.82644,122.83575,123.28813,27.4878,416.6273,2,131.12795,0.583,163.50386,0.596,131.12795,0.777,-1,0.833,1,2,2289,0.794,0.558,0.395,10.0,10.0,0.1283,77.9,0.0,1,1,0.607,104.4,1,0,0.593,166.36,1,34.557,0.004,0.996,0.0,0.0,1.0,0.2,0.0,0.5,0.0,0.612,0.472,0.5,0.373,0.0,0.695,0.0,0,0,0.406,0.496,0.364,0.479,0.1,0.561,0.512,0.0,0.511,0.409,0.0,1.0,0.82
7257,2022.06.06 15:40:00,JPMm,MEAN_REVERSION,BUY,4,130.25,129.63,130.98,1.17,0.575,130.88225,131.759,130.6735,0,0.232,0.197,-0.9396,130.865,130.73375,132.99,124.8675,1,0.007,0.65,2,130.88225,0.656,0.235,0,0.0,0.0,131.72075,120.41325,13.88,0,0,0,0.675,0.685,0.0509,0.685,0.186,2,0.593,0,0.278,130.924,130.63175,0.993,0.618,0.0,2,0.15,0,0.673,0.419,0.993,0.422,0.332,0,130.88225,8,0.731,0.0,0.304,0.206,0.201,0.824,0.803,122.82644,122.83575,123.28813,27.4878,416.6273,2,131.12795,0.583,163.50386,0.596,131.12795,0.777,-1,0.833,1,2,2289,0.794,0.558,0.395,10.0,10.0,0.1283,77.9,0.0,1,1,0.607,104.4,1,0,0.593,166.36,1,33.171,0.004,0.996,0.0,0.0,1.0,0.08,0.0,0.5,0.0,0.8,0.419,0.5,0.492,0.0,0.303,0.0,0,0,0.317,0.48,0.0,1.0,0.1,0.522,0.268,0.0,0.603,0.409,0.0,1.0,0.883
7259,2022.06.06 15:41:40,JPMm,SWEEP_REVERSAL,BUY,4,130.19,129.41,130.98,1.02,0.179,130.88225,131.759,130.6735,0,0.232,0.197,-1.0166,130.865,130.73375,132.99,124.8675,1,0.008,0.65,2,130.88225,0.656,0.235,0,0.0,0.0,131.72075,120.41325,13.88,0,0,0,0.675,0.685,0.0509,0.685,0.186,2,0.593,0,0.278,130.924,130.63175,1.07,0.695,0.0,2,0.15,0,0.673,0.452,1.07,0.422,0.336,0,130.88225,8,0.731,0.0,0.304,0.206,0.201,0.824,0.803,122.82644,122.83575,123.28813,27.4878,416.6273,2,131.12795,0.583,163.50386,0.596,131.12795,0.777,-1,0.833,1,2,2289,0.794,0.558,0.395,10.0,10.0,0.1283,77.9,0.0,1,1,0.607,104.4,1,0,0.593,166.36,1,33.094,0.004,0.996,0.0,0.0,1.0,0.02,0.0,0.5,0.0,0.8,0.412,0.5,0.492,0.0,0.303,0.0,0,0,0.322,0.48,0.0,1.0,0.1,0.522,0.255,0.0,0.603,0.409,0.0,1.0,0.883
7261,2022.06.06 16:00:00,JPMm,BREAKOUT,SELL,4,130.31,130.95,128.32,3.13,0.248,130.86625,132.037,130.699,0,0.142,0.138,-0.6984,130.865,130.73375,132.99,124.8675,1,0.005,0.6,0,131.75825,0.643,0.312,0,0.0,0.0,0.0,120.41325,12.426,0,0,0,0.176,0.0,0.0085,0.178,0.574,0,0.66,0,0.696,130.19725,130.53175,0.142,0.278,0.317,0,0.4,0,0.74,0.662,1.818,0.364,0.379,1,130.86625,1,0.7,0.717,0.288,0.3,0.38,0.714,0.831,130.06858,130.0312,123.28813,-417.7128,-445.2006,-2,130.88634,0.63,163.59679,0.602,130.88634,0.84,1,0.782,1,2,2290,0.78,0.569,0.39,10.0,10.0,0.1256,79.6,0.0,1,1,0.607,104.4,1,0,0.593,166.36,1,32.533,0.052,0.948,0.0,0.0,1.0,0.89,0.0,0.5,0.0,0.924,0.563,0.5,0.459,0.0,0.27,0.0,0,0,0.283,0.69,0.034,0.781,0.1,0.655,0.293,0.0,0.601,0.409,0.0,1.0,0.878
7262,2022.06.06 16:00:20,JPMm,TREND_CONTINUATION,SELL,4,130.32,131.28,128.33,2.08,0.176,130.86625,132.037,130.699,0,0.142,0.138,-0.6859,130.865,130.73375,132.99,124.8675,1,0.005,0.6,0,131.75825,0.643,0.312,0,0.0,0.0,0.0,120.41325,12.426,0,0,0,0.176,0.0,0.0085,0.178,0.574,0,0.673,0,0.696,130.19725,130.53175,0.154,0.266,0.0,2,0.4,0,0.753,0.657,1.806,0.364,0.381,1,130.86625,1,0.7,0.692,0.288,0.0,0.38,0.714,0.831,130.06858,130.0312,123.28813,-417.7128,-445.2006,-2,130.88634,0.63,163.59679,0.602,130.88634,0.84,1,0.782,1,2,2290,0.78,0.569,0.39,10.0,10.0,0.1256,79.6,0.0,1,1,0.607,104.4,1,0,0.593,166.36,1,32.545,0.052,0.948,0.0,0.0,1.0,0.93,0.0,0.5,0.0,0.924,0.569,0.5,0.459,0.0,0.252,0.0,0,0,0.28,0.676,0.034,0.827,0.1,0.57,0.288,0.0,0.601,0.409,0.0,1.0,0.824
7263,2022.06.06 16:00:40,JPMm,PULLBACK,SELL,4,130.25,130.95,127.86,3.43,0.149,130.86625,132.037,130.699,0,0.142,0.138,-0.7738,130.865,130.73375,132.99,124.8675,1,0.006,0.6,0,131.75825,0.643,0.312,0,0.0,0.0,0.0,120.41325,12.426,0,0,0,0.176,0.0,0.0085,0.178,0.641,0,0.673,0,0.696,130.19725,130.08575,0.066,0.206,0.0,2,0.4,0,0.753,0.67,1.894,0.354,0.383,1,130.86625,1,0.7,0.868,0.268,0.0,0.38,0.714,0.78,130.06858,130.0312,123.28813,-417.7128,-445.2006,-2,130.88634,0.63,163.59679,0.602,130.88634,0.84,1,0.782,1,2,2290,0.78,0.569,0.39,10.0,10.0,0.1256,79.6,0.0,1,1,0.607,104.4,1,0,0.593,166.36,1,32.457,0.052,0.948,0.0,0.0,1.0,0.58,0.0,0.5,0.0,0.924,0.547,0.5,0.459,0.0,0.252,0.0,0,0,0.267,0.692,0.034,0.827,0.1,0.57,0.273,0.0,0.6,0.409,0.0,1.0,0.824
7265,2022.06.06 17:00:00,JPMm,ANCHORED_PULLBACK,BUY,3,130.12,129.74,131.73,4.27,0.732,129.94125,131.73,129.61,1,0.102,0.445,0.102,130.865,130.73375,132.99,124.8675,1,0.009,0.8,2,129.94125,0.672,0.186,0,0.0,0.0,129.97425,120.41325,12.442,0,0,0,0.496,-0.5654,-0.035,0.565,0.636,1,0.186,3,0.604,129.94125,129.67625,0.102,0.445,1.0128,0,0.3,2,1.0,0.225,0.445,0.505,0.432,1,129.61,5,0.6,0.796,0.229,0.87,0.206,1.0,0.818,130.06858,130.0312,123.28813,-417.7128,-445.2006,-2,130.88634,0.63,163.59679,0.602,130.88634,0.84,1,0.782,1,2,2291,0.78,0.569,0.39,10.0,10.0,0.1295,77.2,0.0,1,1,0.607,104.4,1,0,0.593,166.36,1,33.31,0.052,0.948,0.0,0.0,1.0,0.85,0.0,0.5,0.0,0.844,0.506,0.5,0.534,0.0,0.363,0.0,0,0,0.309,0.849,0.0,1.0,0.1,1.0,0.538,0.0,0.534,0.409,0.0,1.0,0.769
7267,2022.06.06 17:01:40,JPMm,BREAKOUT_RETEST,SELL,3,129.89,130.12,129.61,1.21,0.367,129.94125,131.73,129.61,1,0.102,0.445,-0.0664,130.865,130.73375,132.99,124.8675,1,0.011,0.8,2,129.94125,0.672,0.186,0,0.0,0.0,129.97425,120.41325,12.442,0,0,0,0.496,-0.5654,-0.035,0.565,1.0,2,0.486,3,0.604,129.94125,129.67625,0.066,0.277,0.0,2,0.0,0,0.566,0.45,1.5,0.3,0.395,1,129.61,5,0.6,0.867,0.0,0.17,0.101,1.0,0.818,130.06858,130.0312,123.28813,-417.7128,-445.2006,-2,130.88634,0.63,163.59679,0.602,130.88634,0.84,1,0.782,1,2,2291,0.78,0.569,0.39,10.0,10.0,0.1295,77.2,0.0,1,1,0.607,104.4,1,0,0.593,166.36,1,33.012,0.052,0.948,0.0,0.0,1.0,0.36,0.0,0.5,0.0,0.854,0.445,0.5,0.534,0.0,0.363,0.0,0,0,0.338,0.808,0.0,0.991,0.1,0.803,0.456,0.0,0.623,0.409,0.0,1.0,0.775
7269,2022.06.06 17:40:00,JPMm,MEAN_REVERSION,BUY,3,130.21,129.96,131.37,4.71,0.551,129.94125,131.73,129.61,1,0.102,0.445,0.2185,130.865,130.73375,132.99,124.8675,1,0.008,0.8,2,129.94125,0.672,0.186,0,0.0,0.0,129.97425,120.41325,12.442,0,0,0,0.496,-0.5654,-0.035,0.565,0.636,2,0.486,3,0.604,130.20625,130.5375,0.125,0.554,0.0,2,0.0,0,0.566,0.196,0.554,0.355,0.357,1,129.61,5,0.6,0.751,0.109,0.17,0.101,0.937,0.818,130.06858,130.0312,123.28813,-417.7128,-445.2006,-2,130.88634,0.63,163.59679,0.602,130.88634,0.84,1,0.782,1,2,2291,0.78,0.569,0.39,10.0,10.0,0.1295,77.2,0.0,1,1,0.607,104.4,1,0,0.593,166.36,1,33.426,0.052,0.948,0.0,0.0,1.0,0.92,0.0,0.5,0.0,0.843,0.619,0.5,0.524,0.0,0.327,0.0,0,0,0.359,0.808,1.0,1.0,0.1,0.576,0.54,0.0,0.596,0.409,0.0,1.0,0.805
7274,2022.06.06 18:18:40,JPMm,BREAKOUT,SELL,3,130.08,130.42,129.61,1.4,0.245,129.94125,131.3325,129.61,1,0.131,0.041,0.18,130.865,130.73375,132.99,125.77,1,0.008,0.65,2,129.94125,0.656,0.433,0,0.0,0.0,130.28575,120.41325,13.01,0,0,0,0.5,-0.72,-0.1014,0.72,0.494,2,0.516,3,0.986,130.2725,130.73625,0.25,0.851,0.0,2,0.15,0,0.596,0.32,0.851,0.376,0.379,1,129.61,5,0.6,0.5,0.212,0.216,0.153,0.733,0.926,130.06858,130.0312,123.28813,-417.7128,-445.2006,-2,130.88634,0.63,163.59679,0.602,130.88634,0.84,1,0.782,1,2,2292,0.78,0.569,0.39,10.0,10.0,0.1297,77.1,0.0,1,1,0.607,104.4,1,0,0.593,166.36,1,33.32,0.052,0.948,0.0,0.0,1.0,0.0,0.0,0.5,0.0,1.0,0.399,0.5,0.531,0.0,0.333,0.0,0,0,0.353,0.719,0.0,1.0,0.179,0.393,0.456,0.0,0.592,0.409,0.0,1.0,0.729
7275,2022.06.06 18:21:40,JPMm,PULLBACK,SELL,3,129.99,130.36,129.61,1.02,0.465,129.94125,131.3325,129.61,1,0.131,0.041,0.0633,130.865,130.73375,132.99,125.77,1,0.01,0.65,2,129.94125,0.656,0.433,0,0.0,0.0,130.28575,120.41325,13.01,0,0,0,0.5,-0.72,-0.1014,0.72,1.0,2,0.516,3,0.986,129.875,130.73625,0.149,0.968,0.0,2,0.15,0,0.596,0.29,0.968,0.3,0.399,1,129.61,5,0.6,0.702,0.06,0.216,0.153,0.925,0.926,130.06858,130.0312,123.28813,-417.7128,-445.2006,-2,130.88634,0.63,163.59679,0.602,130.88634,0.84,1,0.782,1,2,2292,0.78,0.569,0.39,10.0,10.0,0.1297,77.1,0.0,1,1,0.607,104.4,1,0,0.593,166.36,1,33.203,0.052,0.948,0.0,0.0,1.0,0.0,0.0,0.5,0.0,0.885,0.38,0.5,0.542,0.0,0.331,0.0,0,0,0.367,0.8,0.044,1.0,0.152,0.393,0.456,0.0,0.635,0.409,0.0,1.0,0.698
7276,2022.06.06 18:26:40,JPMm,TREND_CONTINUATION,SELL,3,129.81,130.73,127.88,2.08,0.374,129.94125,131.3325,129.61,1,0.131,0.041,-0.1703,130.865,130.73375,132.99,125.77,1,0.012,0.65,2,129.94125,0.656,0.433,0,0.0,0.0,130.28575,120.41325,13.01,0,0,0,0.5,-0.72,-0.1014,0.72,0.846,2,0.516,3,0.986,129.875,130.73625,0.084,1.202,0.0,2,0.15,0,0.596,0.388,1.202,0.323,0.411,1,131.3325,4,0.6,0.831,0.106,0.216,0.153,0.925,0.926,130.06858,130.0312,123.28813,-417.7128,-445.2006,-2,130.88634,0.63,163.59679,0.602,130.88634,0.84,1,0.782,1,2,2292,0.78,0.569,0.39,10.0,10.0,0.1297,77.1,0.0,1,1,0.607,104.4,1,0,0.593,166.36,1,32.969,0.052,0.948,0.0,0.0,1.0,0.0,0.0,0.5,0.0,0.626,0.397,0.5,0.51,0.0,0.299,0.0,0,0,0.334,0.691,0.0,0.923,0.132,0.409,0.453,0.0,0.625,0.409,0.0,1.0,0.775
7279,2022.06.06 19:01:40,JPMm,BREAKOUT_RETEST,SELL,3,129.91,130.15,129.41,2.06,0.373,129.8445,130.323,129.714,1,0.027,0.403,0.0808,130.865,130.73375,132.99,125.77,1,0.01,0.35,2,129.8445,0.632,0.575,0,0.0,0.0,0.0,120.41325,11.714,0,0,0,0.55,-0.58,-0.1551,0.58,0.923,0,0.679,3,0.38,129.888,129.5835,0.027,0.403,0.0,2,0.25,0,0.759,0.125,0.403,0.312,0.335,0,130.323,4,0.6,0.946,0.123,0.174,0.188,0.964,0.966,130.06858,130.0312,123.28813,-417.7128,-445.2006,-2,130.88634,0.63,163.59679,0.602,130.88634,0.84,1,0.782,1,2,2293,0.78,0.569,0.39,10.0,10.0,0.1233,81.1,0.0,1,1,0.607,104.4,1,0,0.593,166.36,1,31.466,0.052,0.948,0.0,0.0,1.0,0.6,0.0,0.5,0.0,0.387,0.477,0.5,0.539,0.0,0.423,0.0,0,0,0.345,0.8,0.0,1.0,0.138,0.334,0.469,0.0,0.63,0.409,0.0,1.0,0.775
7280,2022.06.06 19:07:20,JPMm,SWEEP_REVERSAL,BUY,3,129.75,128.94,130.42,0.83,0.221,129.8445,130.323,129.714,0,0.027,0.403,-0.2399,130.865,130.73375,132.99,125.77,1,0.013,0.35,2,129.8445,0.632,0.575,0,0.0,0.0,0.0,120.41325,11.714,0,0,0,0.55,-0.58,-0.1551,0.58,0.168,0,0.679,3,0.38,129.888,129.5835,0.294,0.082,0.0,2,0.25,0,0.759,0.637,1.5,0.425,0.394,1,130.323,4,0.6,0.413,0.349,0.174,0.188,0.964,0.966,130.06858,130.0312,123.28813,-417.7128,-445.2006,-2,130.88634,0.63,163.59679,0.602,130.88634,0.84,1,0.782,1,2,2293,0.78,0.569,0.39,10.0,10.0,0.1233,81.1,0.0,1,1,0.607,104.4,1,0,0.593,166.36,1,31.269,0.052,0.948,0.0,0.0,1.0,0.06,0.0,0.5,0.0,0.421,0.434,0.5,0.571,0.0,0.348,0.0,0,0,0.35,0.75,0.0,0.958,0.178,0.36,0.383,0.0,0.599,0.409,0.0,1.0,0.882
7282,2022.06.06 19:42:40,JPMm,MEAN_REVERSION,BUY,3,129.78,129.13,130.42,0.99,0.638,129.8445,130.323,129.714,0,0.027,0.403,-0.2029,130.865,130.73375,132.99,125.77,1,0.013,0.35,2,129.8445,0.632,0.575,0,0.0,0.0,0.0,120.41325,11.714,0,0,0,0.55,-0.58,-0.1551,0.58,0.168,0,0.679,3,0.38,129.888,129.5835,0.257,0.119,0.0,2,0.25,0,0.759,0.637,1.5,0.425,0.394,1,130.323,4,0.6,0.487,0.349,0.174,0.188,0.964,0.966,130.06858,130.0312,123.28813,-417.7128,-445.2006,-2,130.88634,0.63,163.59679,0.602,130.88634,0.84,1,0.782,1,2,2293,0.78,0.569,0.39,10.0,10.0,0.1233,81.1,0.0,1,1,0.607,104.4,1,0,0.593,166.36,1,31.306,0.052,0.948,0.0,0.0,1.0,0.63,0.0,0.5,0.0,0.483,0.446,0.5,0.513,0.0,0.504,0.0,0,0,0.388,0.75,0.0,0.958,0.178,0.268,0.387,0.0,0.599,0.409,0.0,1.0,0.872
7285,2022.06.07 13:40:00,JPMm,BREAKOUT,SELL,4,128.9,129.81,126.86,2.25,0.443,129.80275,130.0775,129.6065,0,1.012,0.145,-1.1086,130.865,130.73375,132.99,125.77,1,0.023,0.3,4,129.80275,0.784,0.581,0,0.0,0.0,129.70025,120.41325,10.422,0,0,0,0.6,-0.79,-0.2011,0.79,0.007,0,0.721,1,0.005,129.842,129.09625,1.157,0.241,-0.1695,1,0.15,1,1.0,0.346,1.157,0.299,0.37,1,129.80275,8,0.757,0.0,0.658,0.237,0.306,0.814,0.998,123.27761,129.74,123.28813,-408.9011,8.8118,-1,130.42413,0.645,163.77457,0.574,130.42413,0.86,1,0.405,1,2,2294,0.78,0.569,0.39,14.0,10.0,0.1719,81.4,0.0,1,1,0.607,104.4,1,0,0.593,166.36,1,30.088,0.011,0.989,0.0,1.0,1.0,0.0,0.0,0.5,0.0,0.508,0.474,0.5,0.36,0.0,0.389,0.0,0,0,0.279,0.223,0.0,0.344,0.126,0.221,0.21,0.0,0.592,0.381,0.0,1.0,0.689
7286,2022.06.07 13:40:20,JPMm,PULLBACK,SELL,4,128.92,129.78,125.77,3.66,0.333,129.80275,130.0775,129.6065,0,1.012,0.145,-1.0841,130.865,130.73375,132.99,125.77,1,0.022,0.3,4,129.80275,0.784,0.581,0,0.0,0.0,129.70025,120.41325,10.422,0,0,0,0.6,-0.79,-0.2011,0.79,0.007,0,0.752,1,0.005,129.842,129.09625,1.132,0.216,0.0,2,0.15,0,0.752,0.508,1.132,0.449,0.327,0,129.80275,8,0.757,0.0,0.358,0.237,0.306,0.814,0.998,123.27761,129.74,123.28813,-408.9011,8.8118,-1,130.42413,0.645,163.77457,0.574,130.42413,0.86,1,0.405,1,2,2294,0.78,0.569,0.39,14.0,10.1,0.1719,81.4,0.0,1,1,0.607,104.4,1,0,0.593,166.36,1,30.112,0.011,0.989,0.0,1.0,1.0,0.01,0.0,0.5,0.0,0.635,0.495,0.5,0.45,0.0,0.478,0.0,0,0,0.329,0.375,0.0,0.505,0.181,0.282,0.209,0.0,0.646,0.381,0.0,1.0,0.817
7287,2022.06.07 13:40:20,JPMm,TREND_CONTINUATION,SELL,4,128.92,129.9,126.88,2.08,0.391,129.80275,130.0775,129.6065,0,1.012,0.145,-1.0841,130.865,130.73375,132.99,125.77,1,0.022,0.3,4,129.80275,0.784,0.581,0,0.0,0.0,129.70025,120.41325,10.422,0,0,0,0.6,-0.79,-0.2011,0.79,0.007,0,0.752,1,0.005,129.842,129.09625,1.132,0.216,0.0,2,0.15,0,0.752,0.508,1.132,0.449,0.327,0,129.80275,8,0.757,0.0,0.358,0.237,0.306,0.814,0.998,123.27761,129.74,123.28813,-408.9011,8.8118,-1,130.42413,0.645,163.77457,0.574,130.42413,0.86,1,0.405,1,2,2294,0.78,0.569,0.39,14.0,10.1,0.1719,81.4,0.0,1,1,0.607,104.4,1,0,0.593,166.36,1,30.112,0.011,0.989,0.0,1.0,1.0,0.01,0.0,0.5,0.0,0.635,0.495,0.5,0.45,0.0,0.478,0.0,0,0,0.329,0.375,0.0,0.505,0.181,0.282,0.209,0.0,0.646,0.381,0.0,1.0,0.817
7288,2022.06.07 13:40:40,JPMm,SWEEP_REVERSAL,BUY,4,128.91,128.1,129.94,1.27,0.18,129.80275,130.0775,129.6065,0,1.012,0.145,-1.2683,130.865,130.73375,132.99,125.77,1,0.024,0.3,4,129.80275,0.784,0.581,0,0.0,0.0,129.70025,120.41325,10.422,0,0,0,0.6,-0.79,-0.2011,0.79,0.007,0,0.752,1,0.005,129.842,129.09625,1.316,0.401,0.0,2,0.15,0,0.752,0.591,1.316,0.449,0.337,0,129.80275,8,0.757,0.0,0.358,0.237,0.202,0.814,0.998,123.27761,129.74,123.28813,-408.9011,8.8118,-1,130.42413,0.645,163.77457,0.574,130.42413,0.86,1,0.405,1,2,2294,0.78,0.569,0.39,14.0,10.2,0.1719,81.4,0.0,1,1,0.607,104.4,1,0,0.593,166.36,1,30.1,0.011,0.989,0.0,1.0,1.0,0.0,0.0,0.5,0.0,0.635,0.437,0.5,0.45,0.0,0.478,0.0,0,0,0.364,0.375,0.0,0.501,0.181,0.282,0.182,0.0,0.651,0.381,0.0,1.0,0.817
7289,2022.06.07 13:40:59,JPMm,MEAN_REVERSION,BUY,4,128.98,128.33,129.94,1.48,0.629,129.80275,130.0775,129.6065,0,1.012,0.145,-1.1823,130.865,130.73375,132.99,125.77,1,0.023,0.3,4,129.80275,0.784,0.581,0,0.0,0.0,129.70025,120.41325,10.422,0,0,0,0.6,-0.79,-0.2011,0.79,0.007,0,0.752,1,0.005,129.842,129.09625,1.231,0.315,0.0,2,0.15,0,0.752,0.553,1.231,0.449,0.332,0,129.80275,8,0.757,0.0,0.358,0.237,0.306,0.814,0.998,123.27761,129.74,123.28813,-408.9011,8.8118,-1,130.42413,0.645,163.77457,0.574,130.42413,0.86,1,0.405,1,2,2294,0.78,0.569,0.39,14.0,10.2,0.1719,81.4,0.0,1,1,0.607,104.4,1,0,0.593,166.36,1,30.186,0.011,0.989,0.0,1.0,1.0,0.01,0.0,0.5,0.0,0.635,0.422,0.5,0.45,0.0,0.478,0.0,0,0,0.373,0.375,0.0,0.505,0.181,0.282,0.193,0.0,0.651,0.381,0.0,1.0,0.817
7296,2022.06.07 13:55:40,JPMm,ANCHORED_PULLBACK,SELL,4,129.16,129.92,127.53,2.13,0.199,129.80275,130.0775,129.6065,0,1.012,0.145,-0.7893,130.865,130.73375,132.99,125.77,1,0.019,0.3,4,129.80275,0.784,0.581,0,0.0,0.0,129.70025,120.41325,10.422,0,0,0,0.6,-0.79,-0.2011,0.79,0.0,0,0.752,1,0.005,129.842,129.09625,0.838,0.078,0.0,2,0.15,0,0.752,0.377,0.838,0.45,0.312,0,129.80275,8,0.757,0.0,0.36,0.237,0.306,0.814,0.998,123.27761,129.74,123.28813,-408.9011,8.8118,-1,130.42413,0.645,163.77457,0.574,130.42413,0.86,1,0.405,1,2,2294,0.78,0.569,0.39,10.0,11.8,0.1228,81.4,0.0,1,1,0.607,104.4,1,0,0.593,166.36,1,30.407,0.011,0.989,0.0,1.0,1.0,0.91,0.0,0.5,0.0,0.411,0.625,0.5,0.577,0.0,0.532,0.0,0,0,0.46,0.374,0.0,0.64,0.181,0.231,0.256,0.0,0.646,0.381,0.0,1.0,0.817
7298,2022.06.07 14:34:40,JPMm,BREAKOUT_RETEST,SELL,4,129.68,129.93,129.27,1.66,0.566,129.846,130.278,129.606,1,1.069,0.475,-0.2055,130.865,130.76375,132.99,125.866,1,0.013,0.35,0,129.846,0.634,0.477,0,0.0,0.0,128.705,120.41325,10.369,0,0,0,0.975,-0.825,-0.2186,0.825,0.413,0,0.694,2,0.423,129.798,129.318,0.146,0.448,0.0,2,0.0,0,0.694,0.174,0.448,0.388,0.338,0,130.278,4,0.6,0.708,0.176,0.247,0.103,0.728,0.975,123.27761,129.74,123.28813,-408.9011,8.8118,-1,130.42413,0.645,163.77457,0.574,130.42413,0.86,1,0.405,1,2,2295,0.78,0.569,0.39,10.0,10.0,0.1238,80.8,0.0,1,1,0.607,104.4,1,0,0.593,166.36,1,31.293,0.011,0.989,0.0,1.0,1.0,0.99,0.0,0.5,0.0,0.33,0.692,0.5,0.468,0.0,0.69,0.0,0,0,0.532,0.647,0.0,0.924,0.162,0.34,0.442,0.0,0.592,0.381,0.0,1.0,0.778
7300,2022.06.07 15:40:00,JPMm,BREAKOUT,SELL,4,129.44,130.69,127.36,1.67,0.376,129.846,130.47,129.126,1,0.089,0.142,-0.4879,130.865,130.2,132.99,126.17,1,0.009,0.7,0,129.846,0.686,0.56,0,0.0,0.0,129.7935,120.41325,11.016,0,0,0,1.0,-0.86,-0.2159,0.86,0.108,0,0.676,0,0.333,129.798,129.318,0.43,0.147,0.0,2,0.15,0,0.676,0.212,0.488,0.434,0.303,0,129.846,8,0.737,0.14,0.328,0.258,0.222,0.723,0.914,123.27761,129.74,123.28813,-408.9011,8.8118,-1,130.42413,0.645,163.77457,0.574,130.42413,0.86,1,0.405,1,2,2296,0.78,0.569,0.39,10.0,10.0,0.1202,83.2,0.0,1,1,0.607,104.4,1,0,0.593,166.36,1,30.091,0.011,0.989,0.0,1.0,1.0,0.53,0.0,0.5,0.0,1.0,0.426,0.5,0.481,0.0,0.228,0.0,0,0,0.28,0.574,0.0,0.978,0.144,0.219,0.416,0.0,0.593,0.409,0.0,1.0,0.747
7301,2022.06.07 15:40:20,JPMm,PULLBACK,SELL,4,129.44,130.69,126.17,2.62,0.603,129.846,130.47,129.126,1,0.089,0.142,-0.4879,130.865,130.2,132.99,126.17,1,0.009,0.7,0,129.846,0.686,0.56,0,0.0,0.0,129.7935,120.41325,11.016,0,0,0,1.0,-0.86,-0.2159,0.86,0.108,0,0.676,0,0.333,129.798,129.318,0.43,0.147,0.0,2,0.15,0,0.676,0.212,0.488,0.434,0.303,0,129.846,8,0.737,0.14,0.328,0.258,0.222,0.723,0.914,123.27761,129.74,123.28813,-408.9011,8.8118,-1,130.42413,0.645,163.77457,0.574,130.42413,0.86,1,0.405,1,2,2296,0.78,0.569,0.39,10.0,10.0,0.1202,83.2,0.0,1,1,0.607,104.4,1,0,0.593,166.36,1,30.091,0.011,0.989,0.0,1.0,1.0,0.52,0.0,0.5,0.0,1.0,0.427,0.5,0.481,0.0,0.228,0.0,0,0,0.279,0.574,0.0,0.978,0.144,0.219,0.416,0.0,0.593,0.409,0.0,1.0,0.747
7302,2022.06.07 15:40:20,JPMm,TREND_CONTINUATION,SELL,4,129.44,130.44,127.36,2.08,0.531,129.846,130.47,129.126,1,0.089,0.142,-0.4879,130.865,130.2,132.99,126.17,1,0.009,0.7,0,129.846,0.686,0.56,0,0.0,0.0,129.7935,120.41325,11.016,0,0,0,1.0,-0.86,-0.2159,0.86,0.108,0,0.676,0,0.333,129.798,129.318,0.43,0.147,0.0,2,0.15,0,0.676,0.212,0.488,0.434,0.303,0,129.846,8,0.737,0.14,0.328,0.258,0.222,0.723,0.914,123.27761,129.74,123.28813,-408.9011,8.8118,-1,130.42413,0.645,163.77457,0.574,130.42413,0.86,1,0.405,1,2,2296,0.78,0.569,0.39,10.0,10.0,0.1202,83.2,0.0,1,1,0.607,104.4,1,0,0.593,166.36,1,30.091,0.011,0.989,0.0,1.0,1.0,0.52,0.0,0.5,0.0,1.0,0.427,0.5,0.481,0.0,0.228,0.0,0,0,0.279,0.574,0.0,0.978,0.144,0.219,0.416,0.0,0.593,0.409,0.0,1.0,0.747
7303,2022.06.07 15:40:59,JPMm,MEAN_REVERSION,BUY,4,129.48,129.14,129.95,1.38,0.585,129.846,130.47,129.126,1,0.089,0.142,-0.56,130.865,130.2,132.99,126.17,1,0.01,0.7,0,129.846,0.686,0.56,0,0.0,0.0,129.7935,120.41325,11.016,0,0,0,1.0,-0.86,-0.2159,0.86,0.083,0,0.676,0,0.333,129.798,129.318,0.502,0.075,0.0,2,0.15,0,0.676,0.245,0.56,0.438,0.307,0,129.126,5,0.6,0.0,0.335,0.258,0.222,0.723,0.914,123.27761,129.74,123.28813,-408.9011,8.8118,-1,130.42413,0.645,163.77457,0.574,130.42413,0.86,1,0.405,1,2,2296,0.78,0.569,0.39,10.0,10.0,0.1202,83.2,0.0,1,1,0.607,104.4,1,0,0.593,166.36,1,30.139,0.011,0.989,0.0,1.0,1.0,0.17,0.0,0.5,0.0,1.0,0.401,0.5,0.481,0.0,0.228,0.0,0,0,0.295,0.569,0.0,0.978,0.144,0.219,0.406,0.0,0.593,0.409,0.0,1.0,0.747
7305,2022.06.07 15:53:40,JPMm,SWEEP_REVERSAL,BUY,4,129.19,128.36,129.95,0.91,0.181,129.846,130.47,129.126,0,0.089,0.142,-0.9085,130.865,130.2,132.99,126.17,1,0.013,0.7,0,129.846,0.686,0.56,0,0.0,0.0,129.7935,120.41325,11.016,0,0,0,1.0,-0.86,-0.2159,0.86,0.233,0,0.676,0,0.333,129.798,129.318,0.851,0.274,0.0,2,0.15,0,0.676,0.377,0.908,0.415,0.322,0,129.846,8,0.737,0.0,0.29,0.258,0.222,0.723,0.914,123.27761,129.74,123.28813,-408.9011,8.8118,-1,130.42413,0.645,163.77457,0.574,130.42413,0.86,1,0.405,1,2,2296,0.78,0.569,0.39,10.0,10.0,0.1202,83.2,0.0,1,1,0.607,104.4,1,0,0.593,166.36,1,29.791,0.011,0.989,0.0,1.0,1.0,0.0,0.0,0.5,0.0,1.0,0.237,0.5,0.499,0.0,0.22,0.0,0,0,0.396,0.473,0.0,0.667,0.162,0.311,0.287,0.0,0.606,0.381,0.0,1.0,0.841
7307,2022.06.07 16:35:20,JPMm,BREAKOUT_RETEST,SELL,4,129.31,129.93,128.41,1.46,0.489,129.846,129.99,128.934,1,0.541,1.053,-0.6354,130.865,130.2855,132.99,126.379,1,0.012,0.55,0,129.846,0.694,0.733,0,0.0,0.0,0.0,120.41325,10.357,0,0,0,0.75,-0.895,-0.2206,0.895,0.194,2,0.535,0,0.495,129.75,130.23,0.522,1.091,0.0,2,0.0,0,0.535,0.459,1.091,0.421,0.36,1,129.846,8,0.739,0.0,0.242,0.269,0.204,0.889,0.886,130.06858,130.01925,123.28813,-415.5013,-6.6002,-2,130.88634,0.654,163.59679,0.59,130.88634,0.872,1,0.6,1,2,2297,0.78,0.569,0.39,10.0,10.0,0.1185,84.4,0.0,1,1,0.607,104.4,1,0,0.593,166.36,1,29.529,0.052,0.948,0.0,0.0,1.0,0.99,0.0,0.5,0.0,0.742,0.664,0.5,0.462,0.0,0.183,0.0,0,0,0.311,0.553,0.0,0.792,0.1,0.387,0.433,0.0,0.589,0.381,0.0,1.0,0.778
7308,2022.06.07 17:00:00,JPMm,ANCHORED_PULLBACK,SELL,3,129.55,129.72,128.95,3.47,0.467,129.71,129.91,128.95,1,0.094,0.471,-0.1884,130.86875,130.25375,132.99,126.5225,1,0.008,0.6,0,128.75,0.668,0.568,0,0.0,0.0,129.46825,120.41325,10.758,0,0,0,0.8,-0.755,-0.1957,0.755,0.73,2,0.513,0,0.653,129.47,129.23,0.094,0.377,-0.113,1,0.55,0,0.513,0.321,0.942,0.34,0.279,0,129.91,4,0.6,0.812,0.601,0.226,0.428,0.913,0.549,130.06858,130.01925,123.28813,-415.5013,-6.6002,-2,130.88634,0.654,163.59679,0.59,130.88634,0.872,1,0.6,1,2,2298,0.78,0.569,0.39,10.0,10.0,0.1177,84.9,0.0,1,1,0.607,104.4,1,0,0.593,166.36,1,29.613,0.052,0.948,0.0,0.0,1.0,0.86,0.0,0.5,0.0,0.648,0.494,0.5,0.54,0.0,0.247,0.0,0,0,0.265,0.8,0.0,0.619,0.115,0.273,0.565,0.0,0.593,0.364,0.0,1.0,0.785
7311,2022.06.07 17:40:00,JPMm,BREAKOUT,SELL,3,129.62,130.89,127.5,1.67,0.33,129.71,129.91,128.95,1,0.094,0.471,-0.106,130.86875,130.25375,132.99,126.5225,1,0.007,0.6,0,128.75,0.668,0.568,0,0.0,0.0,129.46825,120.41325,10.758,0,0,0,0.8,-0.755,-0.1957,0.755,0.791,2,0.609,0,0.653,129.71,129.23,0.106,0.459,0.0,2,0.25,0,0.609,0.339,1.024,0.331,0.361,1,129.91,4,0.6,0.788,0.163,0.226,0.323,1.0,0.549,130.06858,130.01925,123.28813,-415.5013,-6.6002,-2,130.88634,0.654,163.59679,0.59,130.88634,0.872,1,0.6,1,2,2298,0.78,0.569,0.39,10.0,10.0,0.1177,84.9,0.0,1,1,0.607,104.4,1,0,0.593,166.36,1,29.696,0.052,0.948,0.0,0.0,1.0,0.26,0.0,0.5,0.0,0.585,0.476,0.5,0.53,0.0,0.334,0.0,0,0,0.307,0.8,0.0,0.821,0.139,0.367,0.566,0.0,0.617,0.364,0.0,1.0,0.809
7312,2022.06.07 17:40:20,JPMm,PULLBACK,SELL,3,129.64,130.91,126.52,2.45,0.548,129.71,129.91,128.95,1,0.094,0.471,-0.0824,130.86875,130.25375,132.99,126.5225,1,0.007,0.6,0,128.75,0.668,0.568,0,0.0,0.0,129.46825,120.41325,10.758,0,0,0,0.8,-0.755,-0.1957,0.755,0.791,2,0.609,0,0.653,129.71,130.03,0.082,0.459,0.0,2,0.25,0,0.609,0.347,1.048,0.331,0.362,1,129.91,4,0.6,0.835,0.163,0.226,0.323,1.0,0.922,130.06858,130.01925,123.28813,-415.5013,-6.6002,-2,130.88634,0.654,163.59679,0.59,130.88634,0.872,1,0.6,1,2,2298,0.78,0.569,0.39,10.0,10.0,0.1177,84.9,0.0,1,1,0.607,104.4,1,0,0.593,166.36,1,29.719,0.052,0.948,0.0,0.0,1.0,0.33,0.0,0.5,0.0,0.702,0.487,0.5,0.53,0.0,0.334,0.0,0,0,0.301,0.8,0.0,0.821,0.139,0.367,0.566,0.0,0.617,0.364,0.0,1.0,0.809
7313,2022.06.07 17:40:20,JPMm,TREND_CONTINUATION,SELL,3,129.64,130.66,127.52,2.08,0.468,129.71,129.91,128.95,1,0.094,0.471,-0.0824,130.86875,130.25375,132.99,126.5225,1,0.007,0.6,0,128.75,0.668,0.568,0,0.0,0.0,129.46825,120.41325,10.758,0,0,0,0.8,-0.755,-0.1957,0.755,0.791,2,0.609,0,0.653,129.71,130.03,0.082,0.459,0.0,2,0.25,0,0.609,0.347,1.048,0.331,0.362,1,129.91,4,0.6,0.835,0.163,0.226,0.323,1.0,0.922,130.06858,130.01925,123.28813,-415.5013,-6.6002,-2,130.88634,0.654,163.59679,0.59,130.88634,0.872,1,0.6,1,2,2298,0.78,0.569,0.39,10.0,10.0,0.1177,84.9,0.0,1,1,0.607,104.4,1,0,0.593,166.36,1,29.719,0.052,0.948,0.0,0.0,1.0,0.33,0.0,0.5,0.0,0.702,0.487,0.5,0.53,0.0,0.334,0.0,0,0,0.301,0.8,0.0,0.821,0.139,0.367,0.566,0.0,0.617,0.364,0.0,1.0,0.809
7314,2022.06.07 18:14:40,JPMm,MEAN_REVERSION,SELL,3,129.7,129.99,129.03,2.29,0.615,129.47,129.91,129.03,1,0.072,0.747,0.2771,130.86875,130.25375,132.99,127.02,1,0.007,0.55,0,129.47,0.617,0.703,0,0.0,0.0,129.56775,120.41325,10.743,0,0,0,0.8,-0.965,-0.094,0.965,0.763,0,0.719,0,0.584,129.47,130.03,0.277,0.398,0.0,2,0.0,0,0.719,0.133,0.398,0.336,0.382,1,129.03,5,0.6,0.446,0.071,0.29,0.221,0.913,0.927,130.06858,130.01925,123.28813,-415.5013,-6.6002,-2,130.88634,0.654,163.59679,0.59,130.88634,0.872,1,0.6,1,2,2299,0.78,0.569,0.39,10.0,10.0,0.1205,83.0,0.0,1,1,0.607,104.4,1,0,0.593,166.36,1,30.482,0.052,0.948,0.0,0.0,1.0,0.99,0.0,0.5,0.0,0.775,0.529,0.5,0.536,0.0,0.279,0.0,0,0,0.29,0.817,0.0,0.713,0.178,0.405,0.539,0.0,0.62,0.409,0.0,1.0,0.875
7315,2022.06.07 18:35:20,JPMm,BREAKOUT_RETEST,SELL,3,129.83,130.08,129.47,1.45,0.522,129.47,129.91,129.03,1,0.072,0.747,0.4337,130.86875,130.25375,132.99,127.02,1,0.005,0.55,0,129.47,0.617,0.703,0,0.0,0.0,129.56775,120.41325,10.743,0,0,0,0.8,-0.965,-0.094,0.965,0.644,0,0.719,0,0.584,129.47,130.03,0.434,0.241,0.0,2,0.0,0,0.719,0.153,0.434,0.353,0.385,1,129.47,8,0.723,0.133,0.107,0.29,0.221,0.913,0.927,130.06858,130.01925,123.28813,-415.5013,-6.6002,-2,130.88634,0.654,163.59679,0.59,130.88634,0.872,1,0.6,1,2,2299,0.78,0.569,0.39,10.0,10.0,0.1205,83.0,0.0,1,1,0.607,104.4,1,0,0.593,166.36,1,30.639,0.052,0.948,0.0,0.0,1.0,0.93,0.0,0.5,0.0,0.637,0.635,0.5,0.536,0.0,0.292,0.0,0,0,0.358,0.817,0.0,0.968,0.247,0.366,0.565,0.0,0.589,0.409,0.0,1.0,0.867
7321,2022.06.07 19:00:40,JPMm,ANCHORED_PULLBACK,SELL,3,129.43,129.55,129.27,1.31,0.502,129.395,129.82,129.27,1,0.006,0.176,0.0425,131.05425,129.75625,132.99,128.5125,1,0.004,0.55,0,129.395,0.72,0.406,0,0.0,0.0,129.37125,120.41325,10.9,0,0,0,0.8,-0.825,-0.0684,0.825,0.968,2,0.643,0,0.492,129.47,129.245,0.049,0.225,0.0,2,0.4,0,0.643,0.457,1.5,0.305,0.325,0,129.82,4,0.6,0.903,0.17,0.247,0.343,0.875,0.78,130.06858,130.01925,123.28813,-415.5013,-6.6002,-2,130.88634,0.654,163.59679,0.59,130.88634,0.872,1,0.6,1,2,2300,0.779,0.569,0.388,10.0,10.0,0.1214,82.4,0.0,1,1,0.607,104.4,1,0,0.593,166.36,1,30.392,0.052,0.948,0.0,0.0,1.0,0.7,0.0,0.5,0.0,0.419,0.379,0.5,0.576,0.0,0.372,0.0,0,0,0.394,0.8,0.0,0.75,0.257,0.261,0.539,0.0,0.624,0.409,0.0,1.0,0.718
7323,2022.06.07 19:39:40,JPMm,SWEEP_REVERSAL,SELL,3,130.12,130.94,129.4,0.88,0.284,129.395,129.82,129.27,0,0.006,0.176,0.8803,131.05425,129.75625,132.99,128.5125,1,0.004,0.55,0,129.395,0.72,0.406,0,0.0,0.0,129.37125,120.41325,10.9,0,0,0,0.8,-0.825,-0.0684,0.825,0.195,2,0.643,0,0.492,129.47,129.845,0.789,0.334,0.0,2,0.4,0,0.643,0.37,0.88,0.421,0.315,0,129.395,8,0.744,0.0,0.402,0.247,0.343,0.875,0.814,130.06858,130.01925,123.28813,-415.5013,-6.6002,-2,130.88634,0.654,163.59679,0.59,130.88634,0.872,1,0.6,1,2,2300,0.779,0.569,0.388,10.0,10.0,0.1214,82.4,0.0,1,1,0.607,104.4,1,0,0.593,166.36,1,31.23,0.052,0.948,0.0,0.0,1.0,0.99,0.0,0.5,0.0,0.637,0.731,0.5,0.511,0.0,0.346,0.0,0,0,0.43,0.562,0.0,1.0,0.259,0.236,0.613,0.0,0.604,0.409,0.0,1.0,0.828
7325,2022.06.08 13:40:00,JPMm,BREAKOUT,SELL,4,128.67,129.52,126.57,2.47,0.499,129.5095,129.765,129.181,0,0.914,0.044,-1.0011,131.05425,129.75625,132.99,128.5125,1,0.013,0.4,0,129.5095,0.677,0.527,0,0.0,0.0,0.0,120.41325,9.846,0,0,0,1.0,-1.0,-0.0645,1.0,0.01,2,0.629,0,0.73,129.546,128.7795,1.045,0.131,0.0405,2,0.15,0,0.629,0.469,1.045,0.449,0.395,1,129.5095,8,0.735,0.0,0.357,0.3,0.199,0.919,0.979,129.8461,129.74,123.28813,-403.2422,12.2591,-1,130.65184,0.683,163.68699,0.591,130.65184,0.911,1,0.555,1,2,2301,0.779,0.569,0.388,14.0,10.0,0.167,83.9,0.0,1,1,0.607,104.4,1,0,0.593,166.36,1,28.942,0.066,0.934,0.0,1.0,1.0,0.0,0.0,0.5,0.0,0.649,0.658,0.5,0.518,0.0,0.368,0.0,0,0,0.398,0.336,0.0,0.605,0.321,0.27,0.196,0.0,0.594,0.381,0.0,1.0,0.778
7326,2022.06.08 13:40:20,JPMm,TREND_CONTINUATION,SELL,4,128.83,129.84,126.73,2.08,0.577,129.5095,129.765,129.181,0,0.914,0.044,-0.8103,131.05425,129.75625,132.99,128.5125,1,0.011,0.4,0,129.5095,0.677,0.527,0,0.0,0.0,0.0,120.41325,9.846,0,0,0,1.0,-1.0,-0.0645,1.0,0.052,0,0.711,0,0.73,129.546,128.7795,0.854,0.06,0.0,2,0.15,0,0.711,0.378,0.854,0.442,0.405,1,129.5095,8,0.735,0.0,0.344,0.3,0.199,0.919,0.979,129.8461,129.74,123.28813,-403.2422,12.2591,-1,130.65184,0.683,163.68699,0.591,130.65184,0.911,1,0.555,1,2,2301,0.779,0.569,0.388,14.0,10.1,0.167,83.9,0.0,1,1,0.607,104.4,1,0,0.593,166.36,1,29.133,0.066,0.934,0.0,1.0,1.0,0.01,0.0,0.5,0.0,0.54,0.679,0.5,0.457,0.0,0.335,0.0,0,0,0.379,0.359,0.0,0.528,0.273,0.27,0.227,0.0,0.594,0.381,0.0,1.0,0.778
7327,2022.06.08 13:40:20,JPMm,SWEEP_REVERSAL,BUY,4,128.97,128.13,129.65,0.81,0.196,129.5095,129.765,129.181,0,0.914,0.044,-0.8103,131.05425,129.75625,132.99,128.5125,1,0.011,0.4,0,129.5095,0.677,0.527,0,0.0,0.0,0.0,120.41325,9.846,0,0,0,1.0,-1.0,-0.0645,1.0,0.052,0,0.711,0,0.73,129.546,128.7795,0.854,0.06,0.0,2,0.15,0,0.711,0.378,0.854,0.442,0.405,1,129.5095,8,0.735,0.0,0.344,0.3,0.199,0.919,0.979,129.8461,129.74,123.28813,-403.2422,12.2591,-1,130.65184,0.683,163.68699,0.591,130.65184,0.911,1,0.555,1,2,2301,0.779,0.569,0.388,14.0,10.1,0.167,83.9,0.0,1,1,0.607,104.4,1,0,0.593,166.36,1,29.3,0.066,0.934,0.0,1.0,1.0,0.01,0.0,0.5,0.0,0.54,0.679,0.5,0.457,0.0,0.335,0.0,0,0,0.379,0.359,0.0,0.528,0.273,0.27,0.227,0.0,0.594,0.381,0.0,1.0,0.778
7328,2022.06.08 13:40:40,JPMm,MEAN_REVERSION,BUY,4,128.75,128.08,129.65,1.34,0.62,129.5095,129.765,129.181,0,0.914,0.044,-1.0727,131.05425,129.75625,132.99,128.5125,1,0.014,0.4,0,129.5095,0.677,0.527,0,0.0,0.0,0.0,120.41325,9.846,0,0,0,1.0,-1.0,-0.0645,1.0,0.01,0,0.711,0,0.73,129.546,128.7795,1.116,0.202,0.0,2,0.15,0,0.711,0.501,1.116,0.449,0.42,1,129.5095,8,0.735,0.0,0.357,0.3,0.199,0.919,0.979,129.8461,129.74,123.28813,-403.2422,12.2591,-1,130.65184,0.683,163.68699,0.591,130.65184,0.911,1,0.555,1,2,2301,0.779,0.569,0.388,14.0,10.2,0.167,83.9,0.0,1,1,0.607,104.4,1,0,0.593,166.36,1,29.037,0.066,0.934,0.0,1.0,1.0,0.0,0.0,0.5,0.0,0.649,0.585,0.5,0.518,0.0,0.368,0.0,0,0,0.353,0.35,0.0,0.605,0.328,0.27,0.181,0.0,0.594,0.381,0.0,1.0,0.778
7331,2022.06.08 13:46:40,JPMm,PULLBACK,SELL,4,129.03,129.52,128.51,1.06,0.488,129.5095,129.765,129.181,0,0.914,0.044,-0.5718,131.05425,129.75625,132.99,128.5125,1,0.009,0.4,0,129.5095,0.677,0.527,0,0.0,0.0,0.0,120.41325,9.846,0,0,0,1.0,-1.0,-0.0645,1.0,0.311,0,0.711,0,0.73,129.546,128.7795,0.615,0.299,0.0,2,0.15,0,0.711,0.248,0.615,0.403,0.39,1,129.5095,8,0.735,0.0,0.267,0.3,0.308,0.919,0.979,129.8461,129.74,123.28813,-403.2422,12.2591,-1,130.65184,0.683,163.68699,0.591,130.65184,0.911,1,0.555,1,2,2301,0.779,0.569,0.388,10.0,10.6,0.1193,83.9,0.0,1,1,0.607,104.4,1,0,0.593,166.36,1,29.371,0.066,0.934,0.0,1.0,1.0,0.38,0.0,0.5,0.0,0.325,0.582,0.5,0.854,0.0,0.427,0.0,0,0,0.476,0.415,0.0,0.532,0.273,0.107,0.269,0.0,0.599,0.381,0.0,1.0,0.778
7335,2022.06.08 13:49:40,JPMm,BREAKOUT_RETEST,SELL,4,129.35,129.6,128.89,1.83,0.607,129.5095,129.765,129.181,1,0.914,0.044,-0.1902,131.05425,129.75625,132.99,128.5125,1,0.005,0.4,0,129.5095,0.677,0.527,0,0.0,0.0,0.0,120.41325,9.846,0,0,0,1.0,-1.0,-0.0645,1.0,0.53,0,0.711,0,0.73,129.546,128.7795,0.234,0.68,0.0,2,0.15,0,0.711,0.252,0.68,0.371,0.391,1,129.765,4,0.6,0.533,0.201,0.3,0.308,0.919,0.979,129.8461,129.74,123.28813,-403.2422,12.2591,-1,130.65184,0.683,163.68699,0.591,130.65184,0.911,1,0.555,1,2,2301,0.779,0.569,0.388,14.0,11.1,0.167,83.9,0.0,1,1,0.607,104.4,1,0,0.593,166.36,1,29.753,0.066,0.934,0.0,1.0,1.0,0.26,0.0,0.5,0.0,0.358,0.554,0.5,0.967,0.0,0.435,0.0,0,0,0.497,0.611,0.0,0.932,0.267,0.105,0.46,0.0,0.598,0.381,0.0,1.0,0.698
0,2022.06.08 14:00:00,JPMm,ANCHORED_PULLBACK,SELL,4,129.21,129.28,129.07,2.0,0.427,129.56,129.75,129.066,1,0.234,0.484,-0.4135,131.05425,129.75625,132.4925,128.5125,1,0.006,0.45,0,129.56,0.639,0.4,0,0.0,0.0,129.028,120.41325,10.393,0,0,0,0.8,-0.825,-0.0514,0.825,0.326,0,0.657,0,0.489,129.522,128.8,0.369,0.484,0.0,2,0.25,0,0.657,0.194,0.484,0.401,0.316,0,129.56,8,0.728,0.263,0.302,0.247,0.295,0.845,0.905,129.8461,129.74,123.28813,-403.2422,12.2591,-1,130.65184,0.683,163.68699,0.591,130.65184,0.911,1,0.555,1,2,2302,0.779,0.569,0.388,10.0,11.3,0.1181,84.6,0.0,1,1,0.607,104.4,1,0,0.593,166.36,1,29.311,0.066,0.934,0.0,1.0,1.0,0.95,0.0,0.5,0.0,0.345,0.569,0.5,0.754,0.0,0.596,0.0,0,0,0.506,0.757,0.0,0.816,0.275,0.269,0.566,0.0,0.606,0.364,0.0,1.0,0.845
7339,2022.06.08 15:41:40,JPMm,BREAKOUT,SELL,4,128.81,129.65,126.75,2.44,0.383,128.81,129.57,128.61,1,0.049,0.243,0.0,131.04775,129.75625,132.4925,128.5125,1,0.012,0.6,2,128.81,0.758,0.197,0,0.0,0.0,0.0,120.41325,10.165,0,0,0,1.0,-1.0,-0.0818,1.0,0.913,2,0.557,3,0.365,128.77,128.57,0.049,0.292,0.0,2,0.15,0,0.557,0.47,1.5,0.313,0.33,0,129.57,4,0.6,0.903,0.086,0.3,0.053,0.903,0.891,129.8461,129.74,123.28813,-403.2422,12.2591,-1,130.65184,0.683,163.68699,0.591,130.65184,0.911,1,0.555,1,2,2303,0.779,0.569,0.388,10.0,10.0,0.1216,82.2,0.0,1,1,0.607,104.4,1,0,0.593,166.36,0,29.691,0.066,0.934,0.0,1.0,0.5,0.05,0.0,0.5,0.0,0.886,0.41,0.5,0.534,0.0,0.372,0.0,0,0,0.363,0.727,0.0,0.713,0.218,0.231,0.434,0.0,0.615,0.381,0.0,1.0,0.73
7340,2022.06.08 15:42:40,JPMm,TREND_CONTINUATION,SELL,4,128.85,129.84,126.79,2.08,0.541,128.81,129.57,128.61,1,0.049,0.243,0.0487,131.04775,129.75625,132.4925,128.5125,1,0.011,0.6,2,128.81,0.758,0.197,0,0.0,0.0,0.0,120.41325,10.165,0,0,0,1.0,-1.0,-0.0818,1.0,0.913,2,0.557,3,0.365,128.77,128.57,0.097,0.341,0.0,2,0.15,0,0.557,0.107,0.341,0.313,0.288,0,129.57,4,0.6,0.805,0.086,0.3,0.053,0.903,0.891,129.8461,129.74,123.28813,-403.2422,12.2591,-1,130.65184,0.683,163.68699,0.591,130.65184,0.911,1,0.555,1,2,2303,0.779,0.569,0.388,10.0,10.0,0.1216,82.2,0.0,1,1,0.607,104.4,1,0,0.593,166.36,0,29.739,0.066,0.934,0.0,1.0,0.5,0.15,0.0,0.5,0.0,0.886,0.418,0.5,0.534,0.0,0.372,0.0,0,0,0.358,0.727,0.0,0.713,0.218,0.231,0.447,0.0,0.615,0.381,0.0,1.0,0.73
7341,2022.06.08 15:42:59,JPMm,MEAN_REVERSION,BUY,4,128.95,128.29,129.67,1.09,0.519,128.81,129.57,128.61,1,0.049,0.243,0.0487,131.04775,129.75625,132.4925,128.5125,1,0.011,0.6,2,128.81,0.758,0.197,0,0.0,0.0,0.0,120.41325,10.165,0,0,0,1.0,-1.0,-0.0818,1.0,0.913,2,0.557,3,0.365,128.77,128.57,0.097,0.341,0.0,2,0.15,0,0.557,0.107,0.341,0.313,0.288,0,129.57,4,0.6,0.805,0.086,0.3,0.053,0.903,0.891,129.8461,129.74,123.28813,-403.2422,12.2591,-1,130.65184,0.683,163.68699,0.591,130.65184,0.911,1,0.555,1,2,2303,0.779,0.569,0.388,10.0,10.0,0.1216,82.2,0.0,1,1,0.607,104.4,1,0,0.593,166.36,0,29.861,0.066,0.934,0.0,1.0,0.5,0.15,0.0,0.5,0.0,0.886,0.413,0.5,0.534,0.0,0.372,0.0,0,0,0.361,0.727,0.0,0.713,0.218,0.231,0.447,0.0,0.615,0.381,0.0,1.0,0.73
7343,2022.06.08 15:49:40,JPMm,BREAKOUT_RETEST,SELL,4,128.74,128.99,128.13,2.47,0.591,128.81,129.57,128.61,1,0.049,0.243,-0.0851,131.04775,129.75625,132.4925,128.5125,1,0.012,0.6,2,128.81,0.758,0.197,0,0.0,0.0,0.0,120.41325,10.165,0,0,0,1.0,-1.0,-0.0818,1.0,0.715,2,0.557,3,0.365,128.77,128.57,0.036,0.207,0.0,2,0.15,0,0.557,0.514,1.5,0.343,0.335,0,129.57,4,0.6,0.927,0.145,0.3,0.053,0.903,0.891,129.8461,129.74,123.28813,-403.2422,12.2591,-1,130.65184,0.683,163.68699,0.591,130.65184,0.911,1,0.555,1,2,2303,0.779,0.569,0.388,10.0,10.0,0.1216,82.2,0.0,1,1,0.607,104.4,1,0,0.593,166.36,0,29.606,0.066,0.934,0.0,1.0,0.5,0.15,0.0,0.5,0.0,1.0,0.414,0.5,0.516,0.0,0.323,0.0,0,0,0.336,0.689,0.0,0.634,0.262,0.24,0.436,0.0,0.615,0.381,0.0,1.0,0.73
7344,2022.06.08 16:00:00,JPMm,ANCHORED_PULLBACK,SELL,4,128.78,128.93,128.61,1.15,0.481,128.81,129.33,128.61,1,0.039,0.272,-0.0388,129.74225,129.75625,132.4925,128.5125,1,0.013,0.45,2,128.81,0.739,0.557,0,0.0,0.0,128.85,120.41325,10.826,0,0,0,0.8,-1.0,-0.1101,1.0,1.0,2,0.611,1,0.193,128.85,128.57,0.091,0.272,-0.3105,1,0.45,0,0.611,0.45,1.5,0.3,0.247,0,129.33,4,0.6,0.819,0.48,0.3,0.157,0.684,0.929,129.63007,129.8452,123.28813,-413.509,-10.2668,-2,130.42413,0.679,163.77457,0.563,130.42413,0.905,1,0.477,1,2,2304,0.779,0.569,0.388,10.0,10.0,0.1294,77.3,0.0,1,1,0.607,104.4,1,0,0.593,166.36,0,31.545,0.049,0.951,0.0,0.0,0.5,0.5,0.0,0.5,0.0,1.0,0.443,0.5,0.548,0.0,0.238,0.0,0,0,0.294,0.8,0.0,0.737,0.254,0.149,0.444,0.0,0.599,0.364,0.0,1.0,0.636
7347,2022.06.08 16:21:40,JPMm,PULLBACK,SELL,4,128.51,128.89,126.19,6.15,0.396,128.81,129.33,128.61,0,0.039,0.272,-0.3882,129.74225,129.75625,132.4925,128.5125,0,0.016,0.45,2,128.81,0.739,0.557,0,0.0,0.0,128.85,120.41325,10.826,0,0,0,0.8,-1.0,-0.1101,1.0,0.071,2,0.611,1,0.193,128.85,128.57,0.44,0.078,0.0,2,0.15,0,0.611,0.193,0.44,0.439,0.262,0,128.81,8,0.748,0.12,0.339,0.3,0.053,0.684,0.929,129.63007,129.8452,123.28813,-413.509,-10.2668,-2,130.42413,0.679,163.77457,0.563,130.42413,0.905,1,0.477,1,2,2304,0.779,0.569,0.388,10.0,10.0,0.1294,77.3,0.0,1,1,0.607,104.4,1,0,0.593,166.36,0,31.196,0.049,0.951,0.0,0.0,0.5,0.0,0.0,0.5,0.0,1.0,0.354,0.5,0.554,0.0,0.224,0.0,0,0,0.343,0.535,0.0,0.475,0.352,0.263,0.191,0.0,0.587,0.364,0.0,1.0,0.849
7348,2022.06.08 16:31:40,JPMm,SWEEP_REVERSAL,BUY,4,128.26,127.49,128.91,0.84,0.13,128.81,129.33,128.61,0,0.039,0.272,-0.841,129.74225,129.75625,132.4925,128.5125,0,0.021,0.45,2,128.81,0.739,0.557,0,0.0,0.0,128.85,120.41325,10.826,0,0,0,0.8,-1.0,-0.1101,1.0,0.071,2,0.611,1,0.193,128.85,128.57,0.893,0.53,0.0,2,0.15,0,0.611,0.392,0.893,0.439,0.286,0,128.81,8,0.748,0.0,0.339,0.3,0.053,0.684,0.929,129.63007,129.8452,123.28813,-413.509,-10.2668,-2,130.42413,0.679,163.77457,0.563,130.42413,0.905,1,0.477,1,2,2304,0.779,0.569,0.388,10.0,10.0,0.1294,77.3,0.0,1,1,0.607,104.4,1,0,0.593,166.36,0,30.872,0.049,0.951,0.0,0.0,0.5,0.0,0.0,0.5,0.0,1.0,0.291,0.5,0.482,0.0,0.28,0.0,0,0,0.382,0.428,0.0,0.238,0.32,0.486,0.142,0.0,0.587,0.364,0.0,1.0,0.849
7350,2022.06.08 17:41:40,JPMm,BREAKOUT,SELL,3,127.2,128.71,125.1,1.39,0.554,128.7715,129.272,128.557,0,1.246,0.226,-1.8677,129.64025,129.86675,132.029,128.185,0,0.032,0.25,4,128.7715,0.715,0.294,0,0.0,0.0,127.576,120.41325,8.517,0,0,-1,1.0,-1.0,-0.113,1.0,0.044,2,0.629,2,0.185,128.843,127.7705,1.953,0.678,0.0,2,0.15,0,0.629,0.866,1.953,0.443,0.335,0,128.7715,8,0.743,0.0,0.347,0.3,0.202,0.605,0.951,129.63007,129.8452,123.28813,-413.509,-10.2668,-2,130.42413,0.679,163.77457,0.563,130.42413,0.905,1,0.477,1,2,2305,0.779,0.569,0.388,10.0,10.0,0.1188,84.1,0.0,1,1,0.607,104.4,1,0,0.593,166.36,0,27.097,0.049,0.951,0.0,0.0,0.5,0.66,0.0,0.5,0.0,0.661,0.448,0.5,0.521,0.0,0.661,0.0,0,0,0.452,0.298,0.0,0.25,0.353,0.574,0.177,0.0,0.627,0.364,0.0,1.0,0.826
7351,2022.06.08 17:42:40,JPMm,TREND_CONTINUATION,SELL,3,127.24,128.25,125.14,2.08,0.555,128.7715,129.272,128.557,0,1.246,0.226,-1.8201,129.64025,129.86675,132.029,128.185,0,0.031,0.25,4,128.7715,0.715,0.294,0,0.0,0.0,127.576,120.41325,8.517,0,0,-1,1.0,-1.0,-0.113,1.0,0.044,2,0.629,2,0.185,128.843,127.7705,1.905,0.63,0.0,2,0.15,0,0.629,0.845,1.905,0.443,0.332,0,128.7715,8,0.743,0.0,0.347,0.3,0.202,0.605,0.951,129.63007,129.8452,123.28813,-413.509,-10.2668,-2,130.42413,0.679,163.77457,0.563,130.42413,0.905,1,0.477,1,2,2305,0.779,0.569,0.388,10.0,10.0,0.1188,84.1,0.0,1,1,0.607,104.4,1,0,0.593,166.36,0,27.144,0.049,0.951,0.0,0.0,0.5,0.76,0.0,0.5,0.0,0.76,0.506,0.5,0.521,0.0,0.683,0.0,0,0,0.433,0.298,0.0,0.25,0.406,0.574,0.177,0.0,0.627,0.364,0.0,1.0,0.826
7352,2022.06.08 17:42:59,JPMm,MEAN_REVERSION,BUY,3,127.32,126.65,128.87,2.3,0.562,128.7715,129.272,128.557,0,1.246,0.226,-1.8439,129.64025,129.86675,132.029,128.185,0,0.031,0.25,4,128.7715,0.715,0.294,0,0.0,0.0,127.576,120.41325,8.517,0,0,-1,1.0,-1.0,-0.113,1.0,0.044,2,0.629,2,0.185,128.843,127.7705,1.929,0.654,0.0,2,0.15,0,0.629,0.855,1.929,0.443,0.333,0,128.7715,8,0.743,0.0,0.347,0.3,0.202,0.605,0.951,129.63007,129.8452,123.28813,-413.509,-10.2668,-2,130.42413,0.679,163.77457,0.563,130.42413,0.905,1,0.477,1,2,2305,0.779,0.569,0.388,10.0,10.0,0.1188,84.1,0.0,1,1,0.607,104.4,1,0,0.593,166.36,0,27.239,0.049,0.951,0.0,0.0,0.5,0.72,0.0,0.5,0.0,0.661,0.515,0.5,0.521,0.0,0.661,0.0,0,0,0.43,0.298,0.0,0.25,0.353,0.574,0.177,0.0,0.627,0.364,0.0,1.0,0.826
7358,2022.06.08 18:00:00,JPMm,ANCHORED_PULLBACK,SELL,3,127.28,127.54,125.58,6.67,0.817,128.752,129.31,127.45,0,0.127,0.564,-1.7303,129.95225,130.58925,132.117,128.625,0,0.039,0.75,0,128.752,0.715,0.0,2,0.0,0.0,127.31675,120.41325,8.072,0,0,-1,1.0,-1.0,-0.1995,1.0,0.318,2,0.504,3,0.992,127.45,127.76,0.2,0.564,1.3459,0,0.0,2,1.0,0.956,1.73,0.552,0.54,2,128.752,8,0.743,0.6,0.205,1.0,0.0,0.432,0.966,129.63007,129.8452,123.28813,-413.509,-10.2668,-2,130.42413,0.679,163.77457,0.563,130.42413,0.905,1,0.477,1,2,2306,0.779,0.569,0.388,10.0,10.0,0.1175,85.1,0.0,1,1,0.607,104.4,1,0,0.593,166.36,0,26.895,0.049,0.951,0.0,0.0,0.5,0.35,0.0,0.5,0.0,0.381,0.615,0.5,0.528,0.0,0.619,0.0,0,0,0.475,0.583,0.0,0.216,0.246,1.0,0.303,0.0,0.5,0.364,0.0,1.0,0.976
7360,2022.06.08 18:21:40,JPMm,PULLBACK,SELL,3,127.21,128.49,124.66,2.0,0.488,128.752,129.31,127.45,0,0.127,0.564,-1.8126,129.95225,130.58925,132.117,128.625,0,0.04,0.75,0,128.752,0.715,0.0,2,0.0,0.0,127.31675,120.41325,8.072,0,0,-1,1.0,-1.0,-0.1995,1.0,0.318,2,0.518,3,0.992,127.45,127.76,0.282,0.647,0.0,2,0.0,0,0.518,0.729,1.813,0.402,0.393,1,128.752,8,0.743,0.436,0.205,0.3,0.0,0.432,0.966,129.63007,129.8452,123.28813,-413.509,-10.2668,-2,130.42413,0.679,163.77457,0.563,130.42413,0.905,1,0.477,1,2,2306,0.779,0.569,0.388,10.0,10.0,0.1175,85.1,0.0,1,1,0.607,104.4,1,0,0.593,166.36,0,26.813,0.049,0.951,0.0,0.0,0.5,0.12,0.0,0.5,0.0,0.88,0.473,0.5,0.525,0.0,0.475,0.0,0,0,0.364,0.56,0.0,0.333,0.244,1.0,0.195,0.0,0.579,0.364,0.0,1.0,0.928
7361,2022.06.08 18:42:40,JPMm,SWEEP_REVERSAL,BUY,3,127.3,126.45,128.85,1.82,0.1,128.752,129.31,127.45,0,0.127,0.564,-1.8243,129.95225,130.58925,132.117,128.625,0,0.04,0.75,0,128.752,0.715,0.0,2,0.0,0.0,127.31675,120.41325,8.072,0,0,-1,1.0,-1.0,-0.1995,1.0,0.113,2,0.518,3,0.992,127.45,127.76,0.294,0.658,0.0,2,0.0,0,0.518,0.79,1.824,0.433,0.4,1,128.752,8,0.743,0.412,0.266,0.3,0.0,0.432,0.966,129.63007,129.8452,123.28813,-413.509,-10.2668,-2,130.42413,0.679,163.77457,0.563,130.42413,0.905,1,0.477,1,2,2306,0.779,0.569,0.388,10.0,10.0,0.1175,85.1,0.0,1,1,0.607,104.4,1,0,0.593,166.36,0,26.919,0.049,0.951,0.0,0.0,0.5,0.96,0.0,0.5,0.0,0.802,0.391,0.5,0.55,0.0,0.408,0.0,0,0,0.394,0.52,0.0,0.333,0.244,1.0,0.193,0.0,0.579,0.364,0.0,1.0,0.928
7363,2022.06.08 19:00:40,JPMm,BREAKOUT_RETEST,SELL,3,127.3,127.55,126.83,1.9,0.605,127.36325,128.3705,126.83,1,0.057,0.519,-0.0769,129.95225,130.28925,131.7435,128.4195,0,0.036,0.65,0,127.36325,0.711,0.509,0,0.0,0.0,127.35075,120.41325,8.503,0,0,-1,1.0,-1.0,-0.2919,1.0,0.644,2,0.567,3,1.0,127.36325,127.83725,0.077,0.653,0.0,2,0.0,0,0.567,0.231,0.653,0.353,0.384,1,126.83,5,0.6,0.846,0.107,0.3,0.0,0.724,0.943,129.63007,129.8452,123.28813,-413.509,-10.2668,-2,130.42413,0.679,163.77457,0.563,130.42413,0.905,1,0.477,1,2,2307,0.779,0.569,0.388,10.0,10.0,0.1215,82.3,0.0,1,1,0.607,104.4,1,0,0.593,166.36,0,27.83,0.049,0.951,0.0,0.0,0.5,0.15,0.0,0.5,0.0,1.0,0.674,0.5,0.55,0.0,0.359,0.0,0,0,0.413,0.736,0.0,0.475,0.339,0.548,0.35,0.0,0.595,0.364,0.0,1.0,0.77
7365,2022.06.08 19:42:40,JPMm,BREAKOUT,SELL,3,127.93,128.45,127.36,1.08,0.398,127.36325,128.3705,126.83,1,0.057,0.519,0.6888,129.95225,130.28925,131.7435,128.4195,0,0.029,0.65,0,127.36325,0.711,0.509,0,0.0,0.0,127.35075,120.41325,8.503,0,0,-1,1.0,-1.0,-0.2919,1.0,0.096,2,0.567,3,1.0,127.36325,127.83725,0.689,0.113,0.0,2,0.0,0,0.567,0.3,0.689,0.436,0.392,1,127.36325,8,0.742,0.0,0.271,0.3,0.0,0.724,0.943,129.63007,129.8452,123.28813,-413.509,-10.2668,-2,130.42413,0.679,163.77457,0.563,130.42413,0.905,1,0.477,1,2,2307,0.779,0.569,0.388,10.0,10.0,0.1215,82.3,0.0,1,1,0.607,104.4,1,0,0.593,166.36,0,28.595,0.049,0.951,0.0,0.0,0.5,0.57,0.0,0.5,0.0,0.928,0.563,0.5,0.52,0.0,0.3,0.0,0,0,0.314,0.573,0.0,0.238,0.191,0.592,0.35,0.0,0.586,0.364,0.0,1.0,0.849
7367,2022.06.09 13:40:00,JPMm,BREAKOUT,SELL,4,127.06,128.32,124.96,1.67,0.318,127.41025,127.674,126.83,1,0.166,1.295,-0.4166,129.95225,130.81475,132.199,128.6395,0,0.045,0.4,0,127.41025,0.734,0.668,0,0.0,0.0,127.95725,120.41325,7.906,0,0,-1,0.8,-1.0,-0.3376,1.0,0.292,2,0.589,1,0.455,127.3575,128.14875,0.354,1.295,-0.8285,1,0.3,0,0.589,0.526,1.295,0.406,0.314,0,127.41025,8,0.747,0.292,0.632,0.3,0.105,0.745,0.941,130.20293,129.55856,123.28813,-401.5831,11.9259,-1,130.20293,0.662,163.85964,0.567,130.20293,0.883,1,0.223,1,2,2308,0.779,0.569,0.388,14.0,10.0,0.1665,84.1,0.0,1,1,0.607,104.4,1,0,0.593,166.36,-1,26.953,0.068,0.932,0.0,1.0,0.0,0.0,0.0,0.5,0.0,0.954,0.551,0.5,0.558,0.0,0.317,0.0,0,0,0.325,0.626,0.0,0.204,0.1,0.219,0.319,0.0,0.6,0.348,0.0,1.0,0.791
7368,2022.06.09 13:40:20,JPMm,BREAKOUT_RETEST,SELL,4,127.12,127.37,126.41,2.82,0.519,127.41025,127.674,126.83,1,0.166,1.295,-0.3452,129.95225,130.81475,132.199,128.6395,0,0.044,0.4,0,127.41025,0.734,0.668,0,0.0,0.0,127.95725,120.41325,7.906,0,0,-1,0.8,-1.0,-0.3376,1.0,0.292,2,0.623,1,0.455,127.3575,128.14875,0.282,1.224,0.0,2,0.0,0,0.623,0.497,1.224,0.406,0.364,1,127.41025,8,0.747,0.435,0.212,0.3,0.0,0.745,0.941,130.20293,129.55856,123.28813,-401.5831,11.9259,-1,130.20293,0.662,163.85964,0.567,130.20293,0.883,1,0.223,1,2,2308,0.779,0.569,0.388,14.0,10.1,0.1665,84.1,0.0,1,1,0.607,104.4,1,0,0.593,166.36,-1,27.025,0.068,0.932,0.0,1.0,0.0,0.01,0.0,0.5,0.0,0.795,0.564,0.5,0.558,0.0,0.333,0.0,0,0,0.339,0.612,0.0,0.38,0.1,0.279,0.331,0.0,0.601,0.348,0.0,1.0,0.846
7369,2022.06.09 13:40:20,JPMm,PULLBACK,SELL,4,127.12,128.38,124.6,2.0,0.571,127.41025,127.674,126.83,1,0.166,1.295,-0.3452,129.95225,130.81475,132.199,128.6395,0,0.044,0.4,0,127.41025,0.734,0.668,0,0.0,0.0,127.95725,120.41325,7.906,0,0,-1,0.8,-1.0,-0.3376,1.0,0.292,2,0.623,1,0.455,127.3575,128.14875,0.282,1.224,0.0,2,0.0,0,0.623,0.497,1.224,0.406,0.364,1,127.41025,8,0.747,0.435,0.212,0.3,0.0,0.745,0.941,130.20293,129.55856,123.28813,-401.5831,11.9259,-1,130.20293,0.662,163.85964,0.567,130.20293,0.883,1,0.223,1,2,2308,0.779,0.569,0.388,14.0,10.1,0.1665,84.1,0.0,1,1,0.607,104.4,1,0,0.593,166.36,-1,27.025,0.068,0.932,0.0,1.0,0.0,0.01,0.0,0.5,0.0,0.795,0.564,0.5,0.558,0.0,0.333,0.0,0,0,0.339,0.612,0.0,0.38,0.1,0.279,0.331,0.0,0.601,0.348,0.0,1.0,0.846
7370,2022.06.09 13:40:40,JPMm,TREND_CONTINUATION,SELL,4,126.96,127.97,124.86,2.08,0.497,127.41025,127.674,126.83,1,0.166,1.295,-0.5356,129.95225,130.81475,132.199,128.6395,0,0.046,0.4,0,127.41025,0.734,0.668,0,0.0,0.0,127.95725,120.41325,7.906,0,0,-1,0.8,-1.0,-0.3376,1.0,0.311,2,0.623,1,0.455,127.3575,128.14875,0.473,1.414,0.0,2,0.0,0,0.623,0.57,1.414,0.403,0.372,1,127.41025,8,0.747,0.054,0.207,0.3,0.0,0.745,0.941,130.20293,129.55856,123.28813,-401.5831,11.9259,-1,130.20293,0.662,163.85964,0.567,130.20293,0.883,1,0.223,1,2,2308,0.779,0.569,0.388,14.0,10.2,0.1665,84.1,0.0,1,1,0.607,104.4,1,0,0.593,166.36,-1,26.834,0.068,0.932,0.0,1.0,0.0,0.0,0.0,0.5,0.0,0.954,0.524,0.5,0.558,0.0,0.333,0.0,0,0,0.315,0.65,0.0,0.238,0.1,0.305,0.298,0.0,0.595,0.348,0.0,1.0,0.846
7371,2022.06.09 13:41:00,JPMm,MEAN_REVERSION,BUY,4,127.14,126.89,127.55,1.61,0.57,127.41025,127.674,126.83,1,0.166,1.295,-0.488,129.95225,130.81475,132.199,128.6395,0,0.045,0.4,0,127.41025,0.734,0.668,0,0.0,0.0,127.95725,120.41325,7.906,0,0,-1,0.8,-1.0,-0.3376,1.0,0.311,2,0.623,1,0.455,127.3575,128.14875,0.425,1.366,0.0,2,0.0,0,0.623,0.551,1.366,0.403,0.37,1,127.41025,8,0.747,0.15,0.207,0.3,0.0,0.745,0.941,130.20293,129.55856,123.28813,-401.5831,11.9259,-1,130.20293,0.662,163.85964,0.567,130.20293,0.883,1,0.223,1,2,2308,0.779,0.569,0.388,14.0,10.2,0.1665,84.1,0.0,1,1,0.607,104.4,1,0,0.593,166.36,-1,27.048,0.068,0.932,0.0,1.0,0.0,0.02,0.0,0.5,0.0,0.954,0.487,0.5,0.558,0.0,0.333,0.0,0,0,0.309,0.65,0.0,0.238,0.1,0.305,0.306,0.0,0.595,0.348,0.0,1.0,0.846
7373,2022.06.09 13:42:40,JPMm,SWEEP_REVERSAL,BUY,4,126.67,125.83,127.55,1.05,0.101,127.41025,127.674,126.83,0,0.166,1.295,-1.047,129.95225,130.81475,132.199,128.6395,0,0.051,0.4,0,127.41025,0.734,0.668,0,0.0,0.0,127.95725,120.41325,7.906,0,0,-1,0.8,-1.0,-0.3376,1.0,0.124,2,0.623,1,0.455,127.3575,128.14875,0.984,1.925,0.0,2,0.0,0,0.623,0.83,1.925,0.431,0.403,1,127.41025,8,0.747,0.0,0.263,0.3,0.0,0.745,0.941,130.20293,129.55856,123.28813,-401.5831,11.9259,-1,130.20293,0.662,163.85964,0.567,130.20293,0.883,1,0.223,1,2,2308,0.779,0.569,0.388,14.0,10.6,0.1665,84.1,0.0,1,1,0.607,104.4,1,0,0.593,166.36,-1,26.489,0.068,0.932,0.0,1.0,0.0,0.0,0.0,0.5,0.0,0.914,0.376,0.5,0.558,0.0,0.338,0.0,0,0,0.377,0.585,0.0,0.238,0.1,0.342,0.165,0.0,0.595,0.348,0.0,1.0,0.925
7382,2022.06.09 13:56:20,JPMm,ANCHORED_PULLBACK,SELL,4,127.38,127.76,126.83,1.45,0.215,127.41025,127.674,126.83,1,0.166,1.295,-0.036,129.95225,130.81475,132.199,128.6395,0,0.041,0.4,0,127.41025,0.734,0.668,0,0.0,0.0,127.95725,120.41325,7.906,0,0,-1,0.8,-1.0,-0.3376,1.0,1.0,2,0.623,1,0.455,127.3575,128.14875,0.027,0.914,0.0,2,0.0,0,0.623,0.274,0.914,0.3,0.338,0,127.674,4,0.6,0.946,0.0,0.3,0.0,0.745,0.941,130.20293,129.55856,123.28813,-401.5831,11.9259,-1,130.20293,0.662,163.85964,0.567,130.20293,0.883,1,0.223,1,2,2308,0.779,0.569,0.388,14.0,12.8,0.1665,84.1,0.0,1,1,0.607,104.4,1,0,0.593,166.36,-1,27.334,0.068,0.932,0.0,1.0,0.0,0.7,0.0,0.5,0.0,0.323,0.588,0.5,0.548,0.0,0.458,0.0,0,0,0.401,0.736,1.0,0.342,0.14,0.328,0.35,0.0,0.622,0.348,0.0,1.0,0.814
7384,2022.06.09 15:40:00,JPMm,BREAKOUT,SELL,4,126.35,127.11,124.23,2.77,0.501,127.2905,127.595,126.899,0,0.577,0.244,-1.1093,129.72275,130.81475,132.199,128.6395,0,0.053,0.4,0,127.2905,0.745,0.628,0,0.0,0.0,126.587,120.41325,7.226,0,0,-1,1.0,-1.0,-0.3623,1.0,0.026,0,0.7,0,0.898,127.0295,126.3335,0.801,0.019,0.0,2,0.15,0,0.7,0.495,1.109,0.446,0.406,1,127.2905,8,0.749,0.0,0.352,0.3,0.232,0.667,0.973,130.20293,129.55856,123.28813,-401.5831,11.9259,-1,130.20293,0.662,163.85964,0.567,130.20293,0.883,1,0.223,1,2,2310,0.78,0.564,0.39,10.0,10.0,0.1179,84.8,0.0,1,1,0.607,104.4,1,0,0.593,166.36,0,25.889,0.068,0.932,0.0,1.0,0.5,0.57,0.0,0.5,0.0,1.0,0.434,0.5,0.502,0.0,0.421,0.0,0,0,0.358,0.394,0.0,0.238,0.376,0.264,0.139,0.0,0.596,0.348,0.0,1.0,0.783
7385,2022.06.09 15:40:20,JPMm,PULLBACK,SELL,4,126.35,127.62,123.81,2.0,0.491,127.2905,127.595,126.899,0,0.577,0.244,-1.1093,129.72275,130.81475,132.199,128.6395,0,0.053,0.4,0,127.2905,0.745,0.628,0,0.0,0.0,126.587,120.41325,7.226,0,0,-1,1.0,-1.0,-0.3623,1.0,0.026,0,0.7,0,0.898,127.0295,126.3335,0.801,0.019,0.0,2,0.15,0,0.7,0.495,1.109,0.446,0.406,1,127.2905,8,0.749,0.0,0.352,0.3,0.232,0.667,0.973,130.20293,129.55856,123.28813,-401.5831,11.9259,-1,130.20293,0.662,163.85964,0.567,130.20293,0.883,1,0.223,1,2,2310,0.78,0.564,0.39,10.0,10.0,0.1179,84.8,0.0,1,1,0.607,104.4,1,0,0.593,166.36,0,25.889,0.068,0.932,0.0,1.0,0.5,0.57,0.0,0.5,0.0,1.0,0.436,0.5,0.502,0.0,0.421,0.0,0,0,0.358,0.394,0.0,0.238,0.376,0.264,0.139,0.0,0.596,0.348,0.0,1.0,0.783
7386,2022.06.09 15:40:40,JPMm,TREND_CONTINUATION,SELL,4,126.47,127.49,124.35,2.08,0.574,127.2905,127.595,126.899,0,0.577,0.244,-0.9677,129.72275,130.81475,132.199,128.6395,0,0.051,0.4,0,127.2905,0.745,0.628,0,0.0,0.0,126.587,120.41325,7.226,0,0,-1,1.0,-1.0,-0.3623,1.0,0.215,0,0.7,0,0.898,127.0295,126.3335,0.66,0.161,0.0,2,0.15,0,0.7,0.404,0.968,0.418,0.395,1,127.2905,8,0.749,0.0,0.296,0.3,0.232,0.667,0.973,130.20293,129.55856,123.28813,-401.5831,11.9259,-1,130.20293,0.662,163.85964,0.567,130.20293,0.883,1,0.223,1,2,2310,0.78,0.564,0.39,10.0,10.0,0.1179,84.8,0.0,1,1,0.607,104.4,1,0,0.593,166.36,0,26.03,0.068,0.932,0.0,1.0,0.5,0.93,0.0,0.5,0.0,1.0,0.457,0.5,0.502,0.0,0.421,0.0,0,0,0.345,0.431,0.0,0.238,0.376,0.264,0.161,0.0,0.596,0.348,0.0,1.0,0.783
7387,2022.06.09 15:41:00,JPMm,MEAN_REVERSION,BUY,4,126.56,125.88,127.39,1.22,0.609,127.2905,127.595,126.899,0,0.577,0.244,-0.9795,129.72275,130.81475,132.199,128.6395,0,0.051,0.4,0,127.2905,0.745,0.628,0,0.0,0.0,126.587,120.41325,7.226,0,0,-1,1.0,-1.0,-0.3623,1.0,0.116,0,0.7,0,0.898,127.0295,126.3335,0.672,0.149,0.0,2,0.15,0,0.7,0.424,0.98,0.433,0.398,1,127.2905,8,0.749,0.0,0.325,0.3,0.232,0.667,0.973,130.20293,129.55856,123.28813,-401.5831,11.9259,-1,130.20293,0.662,163.85964,0.567,130.20293,0.883,1,0.223,1,2,2310,0.78,0.564,0.39,10.0,10.0,0.1179,84.8,0.0,1,1,0.607,104.4,1,0,0.593,166.36,0,26.136,0.068,0.932,0.0,1.0,0.5,0.91,0.0,0.5,0.0,1.0,0.442,0.5,0.502,0.0,0.421,0.0,0,0,0.354,0.412,0.0,0.238,0.376,0.264,0.159,0.0,0.596,0.348,0.0,1.0,0.783
7389,2022.06.09 15:45:20,JPMm,SWEEP_REVERSAL,BUY,4,126.71,125.86,127.39,0.8,0.199,127.2905,127.595,126.899,0,0.577,0.244,-0.8026,129.72275,130.81475,132.199,128.6395,0,0.05,0.4,0,127.2905,0.745,0.628,0,0.0,0.0,126.587,120.41325,7.226,0,0,-1,1.0,-1.0,-0.3623,1.0,0.321,0,0.7,0,0.898,127.0295,126.3335,0.495,0.326,0.0,2,0.15,0,0.7,0.323,0.803,0.402,0.386,1,127.2905,8,0.749,0.01,0.264,0.3,0.232,0.667,0.973,130.20293,129.55856,123.28813,-401.5831,11.9259,-1,130.20293,0.662,163.85964,0.567,130.20293,0.883,1,0.223,1,2,2310,0.78,0.564,0.39,10.0,10.0,0.1179,84.8,0.0,1,1,0.607,104.4,1,0,0.593,166.36,0,26.313,0.068,0.932,0.0,1.0,0.5,0.83,0.0,0.5,0.0,0.976,0.464,0.5,0.415,0.0,0.271,0.0,0,0,0.255,0.542,0.0,0.191,0.376,0.379,0.565,0.0,0.596,0.348,0.0,1.0,0.783
7391,2022.06.09 15:56:20,JPMm,ANCHORED_PULLBACK,SELL,4,126.59,126.84,124.89,6.75,0.574,127.2905,127.595,126.899,0,0.577,0.244,-0.8262,129.72275,130.81475,132.199,128.6395,0,0.05,0.4,0,127.2905,0.745,0.628,0,0.0,0.0,126.587,120.41325,7.226,0,0,-1,1.0,-1.0,-0.3623,1.0,0.321,0,0.7,0,0.898,127.0295,126.3335,0.518,0.303,0.0,2,0.15,0,0.7,0.332,0.826,0.402,0.387,1,127.2905,8,0.749,0.0,0.264,0.3,0.232,0.667,0.973,130.20293,129.55856,123.28813,-401.5831,11.9259,-1,130.20293,0.662,163.85964,0.567,130.20293,0.883,1,0.223,1,2,2310,0.78,0.564,0.39,10.0,10.0,0.1179,84.8,0.0,1,1,0.607,104.4,1,0,0.593,166.36,0,26.172,0.068,0.932,0.0,1.0,0.5,0.64,0.0,0.5,0.0,1.0,0.601,0.5,0.46,0.0,0.239,0.0,0,0,0.294,0.542,0.0,0.191,0.376,0.379,0.565,0.0,0.596,0.348,0.0,1.0,0.783
7392,2022.06.09 16:00:00,JPMm,BREAKOUT_RETEST,SELL,4,126.63,127.1,125.99,1.37,0.835,127.3025,127.448,126.478,1,0.456,0.588,-0.804,129.63775,130.81475,132.199,128.6395,0,0.05,0.5,0,127.3025,0.749,0.477,0,0.0,0.0,126.3675,120.41325,7.432,0,0,-1,1.0,-1.0,-0.3771,1.0,0.617,2,0.52,0,0.766,127.0115,126.1385,0.456,0.588,0.3276,0,0.3,2,1.0,0.408,0.804,0.507,0.451,1,127.0115,2,0.55,0.088,0.235,1.0,0.258,0.817,0.825,130.20293,129.55856,123.28813,-402.5037,-0.9206,-2,130.20293,0.66,163.85964,0.569,130.20293,0.88,1,0.302,1,2,2311,0.78,0.564,0.39,10.0,10.0,0.1196,83.6,0.0,1,1,0.607,104.4,1,0,0.593,166.36,0,26.577,0.053,0.947,0.0,0.0,0.5,0.74,0.0,0.5,0.0,0.88,0.564,0.5,0.396,0.0,0.274,0.0,0,0,0.267,0.737,0.0,0.373,0.204,0.601,0.563,0.0,0.516,0.348,0.0,1.0,0.893
7396,2022.06.09 17:40:00,JPMm,BREAKOUT,SELL,3,126.71,127.99,124.59,1.67,0.325,126.6235,127.157,126.187,1,0.305,0.722,0.1018,129.59325,130.035,131.808,128.262,0,0.039,0.5,0,127.0115,0.714,0.611,0,0.0,0.0,126.70375,120.41325,7.726,0,0,-1,0.8,-1.0,-0.3443,1.0,0.92,0,0.68,1,0.069,126.6235,127.7875,0.102,1.268,0.0,2,0.0,0,0.68,0.395,1.268,0.312,0.34,0,127.0115,8,0.743,0.796,0.024,0.3,0.0,0.921,0.792,130.20293,129.55856,123.28813,-402.5037,-0.9206,-2,130.20293,0.66,163.85964,0.569,130.20293,0.88,1,0.302,1,2,2312,0.78,0.564,0.39,10.0,10.0,0.1176,85.0,0.0,1,1,0.607,104.4,1,0,0.593,166.36,0,26.247,0.053,0.947,0.0,0.0,0.5,0.53,0.0,0.5,0.0,0.733,0.45,0.5,0.512,0.0,0.308,0.0,0,0,0.307,0.736,0.0,0.214,0.296,0.445,0.565,0.0,0.631,0.348,0.0,1.0,0.814
7397,2022.06.09 17:40:20,JPMm,PULLBACK,SELL,3,126.72,128.0,124.17,2.0,0.565,126.6235,127.157,126.187,1,0.305,0.722,0.1135,129.59325,130.035,131.808,128.262,0,0.039,0.5,0,127.0115,0.714,0.611,0,0.0,0.0,126.70375,120.41325,7.726,0,0,-1,0.8,-1.0,-0.3443,1.0,0.92,0,0.68,1,0.069,126.6235,127.7875,0.114,1.256,0.0,2,0.0,0,0.68,0.392,1.256,0.312,0.339,0,127.0115,8,0.743,0.773,0.024,0.3,0.0,0.921,0.792,130.20293,129.55856,123.28813,-402.5037,-0.9206,-2,130.20293,0.66,163.85964,0.569,130.20293,0.88,1,0.302,1,2,2312,0.78,0.564,0.39,10.0,10.0,0.1176,85.0,0.0,1,1,0.607,104.4,1,0,0.593,166.36,0,26.259,0.053,0.947,0.0,0.0,0.5,0.54,0.0,0.5,0.0,0.733,0.46,0.5,0.512,0.0,0.308,0.0,0,0,0.301,0.736,0.0,0.214,0.296,0.445,0.565,0.0,0.631,0.348,0.0,1.0,0.814
7398,2022.06.09 17:40:40,JPMm,TREND_CONTINUATION,SELL,3,126.6,127.62,124.48,2.08,0.488,126.6235,127.157,126.187,1,0.305,0.722,-0.0276,129.59325,130.035,131.808,128.262,0,0.04,0.5,0,127.0115,0.714,0.611,0,0.0,0.0,126.70375,120.41325,7.726,0,0,-1,0.8,-1.0,-0.3443,1.0,1.0,0,0.68,1,0.069,126.6235,127.7875,0.028,1.397,0.0,2,0.0,0,0.68,0.419,1.397,0.3,0.343,0,127.0115,8,0.743,0.945,0.0,0.3,0.0,0.921,0.792,130.20293,129.55856,123.28813,-402.5037,-0.9206,-2,130.20293,0.66,163.85964,0.569,130.20293,0.88,1,0.302,1,2,2312,0.78,0.564,0.39,10.0,10.0,0.1176,85.0,0.0,1,1,0.607,104.4,1,0,0.593,166.36,0,26.118,0.053,0.947,0.0,0.0,0.5,0.24,0.0,0.5,0.0,0.843,0.434,0.5,0.512,0.0,0.343,0.0,0,0,0.331,0.736,0.0,0.299,0.269,0.485,0.35,0.0,0.631,0.348,0.0,1.0,0.814
7399,2022.06.09 17:56:20,JPMm,ANCHORED_PULLBACK,SELL,3,126.81,126.96,126.19,4.19,0.496,126.6235,127.157,126.187,1,0.305,0.722,0.2194,129.59325,130.035,131.808,128.262,0,0.038,0.5,0,127.0115,0.714,0.611,0,0.0,0.0,126.70375,120.41325,7.726,0,0,-1,0.8,-1.0,-0.3443,1.0,0.747,0,0.68,1,0.069,126.6235,127.7875,0.219,1.15,0.0,2,0.0,0,0.68,0.389,1.15,0.338,0.339,0,127.157,4,0.6,0.561,0.076,0.3,0.0,0.921,0.792,130.20293,129.55856,123.28813,-402.5037,-0.9206,-2,130.20293,0.66,163.85964,0.569,130.20293,0.88,1,0.302,1,2,2312,0.78,0.564,0.39,10.0,10.0,0.1176,85.0,0.0,1,1,0.607,104.4,1,0,0.593,166.36,0,26.365,0.053,0.947,0.0,0.0,0.5,0.71,0.0,0.5,0.0,0.731,0.548,0.5,0.512,0.0,0.343,0.0,0,0,0.319,0.736,0.0,0.214,0.212,0.445,0.539,0.0,0.631,0.348,0.0,1.0,0.893
7401,2022.06.09 18:00:00,JPMm,SWEEP_REVERSAL,SELL,3,127.12,127.98,126.31,0.95,0.358,127.0025,127.112,126.309,0,0.137,0.289,0.1372,129.2655,130.035,131.808,128.262,0,0.034,0.55,0,127.0025,0.718,0.232,0,0.0,0.0,126.7325,120.41325,7.831,0,0,-1,0.8,-0.825,-0.2948,0.825,0.344,1,0.31,0,0.577,127.0025,127.404,0.137,0.332,-0.195,1,0.4,5,1.0,0.099,0.332,0.298,0.399,1,126.309,5,0.6,0.726,0.657,0.247,0.555,1.0,0.889,130.20293,129.55856,123.28813,-402.5037,-0.9206,-2,130.20293,0.66,163.85964,0.569,130.20293,0.88,1,0.302,1,2,2313,0.78,0.564,0.39,10.0,10.0,0.1168,85.6,0.0,1,1,0.607,104.4,1,0,0.593,166.36,-1,26.529,0.053,0.947,0.0,0.0,0.0,0.98,0.0,0.5,0.0,0.829,0.644,0.5,0.475,0.0,0.289,0.0,0,0,0.345,0.317,0.0,0.494,0.117,0.306,0.35,0.0,0.551,0.348,0.0,1.0,0.683
7402,2022.06.09 18:00:20,JPMm,MEAN_REVERSION,SELL,3,127.12,127.81,126.31,1.18,0.545,127.0025,127.112,126.309,0,0.137,0.289,0.1372,129.2655,130.035,131.808,128.262,0,0.034,0.55,0,127.0025,0.718,0.232,0,0.0,0.0,126.7325,120.41325,7.831,0,0,-1,0.8,-0.825,-0.2948,0.825,0.344,2,0.575,0,0.577,127.0025,127.404,0.137,0.332,0.0,2,0.4,0,0.575,0.132,0.332,0.398,0.296,0,126.309,5,0.6,0.726,0.357,0.247,0.255,1.0,0.889,130.20293,129.55856,123.28813,-402.5037,-0.9206,-2,130.20293,0.66,163.85964,0.569,130.20293,0.88,1,0.302,1,2,2313,0.78,0.564,0.39,10.0,10.0,0.1168,85.6,0.0,1,1,0.607,104.4,1,0,0.593,166.36,-1,26.529,0.053,0.947,0.0,0.0,0.0,0.97,0.0,0.5,0.0,0.901,0.641,0.5,0.503,0.0,0.323,0.0,0,0,0.364,0.673,0.0,0.646,0.201,0.513,0.35,0.0,0.605,0.348,0.0,1.0,0.846
7403,2022.06.09 18:00:40,JPMm,BREAKOUT_RETEST,SELL,3,126.93,127.19,126.31,2.42,0.485,127.0025,127.112,126.309,1,0.137,0.289,-0.0847,129.2655,130.035,131.808,128.262,0,0.036,0.55,0,127.0025,0.718,0.232,0,0.0,0.0,126.7325,120.41325,7.831,0,0,-1,0.8,-0.825,-0.2948,0.825,0.844,2,0.575,0,0.577,127.0025,127.404,0.085,0.553,0.0,2,0.4,0,0.575,0.179,0.553,0.323,0.302,0,126.309,5,0.6,0.831,0.207,0.247,0.255,1.0,0.889,130.20293,129.55856,123.28813,-402.5037,-0.9206,-2,130.20293,0.66,163.85964,0.569,130.20293,0.88,1,0.302,1,2,2313,0.78,0.564,0.39,10.0,10.0,0.1168,85.6,0.0,1,1,0.607,104.4,1,0,0.593,166.36,-1,26.307,0.053,0.947,0.0,0.0,0.0,0.82,0.0,0.5,0.0,0.88,0.609,0.5,0.503,0.0,0.353,0.0,0,0,0.358,0.675,0.0,0.358,0.182,0.394,0.539,0.0,0.628,0.348,0.0,1.0,0.735
7410,2022.06.09 19:40:00,JPMm,BREAKOUT,SELL,3,125.9,126.37,123.7,4.72,0.426,126.75875,126.839,126.197,0,0.026,0.148,-0.9774,129.2655,130.4875,131.835,128.37,0,0.052,0.6,0,126.70525,0.741,0.806,0,0.0,0.0,126.522,120.41325,6.7,0,0,-1,0.8,-0.825,-0.2053,0.825,0.192,2,0.587,0,0.703,126.27725,126.1435,0.429,0.277,0.0,2,0.4,0,0.587,0.412,0.977,0.421,0.342,0,126.27725,2,0.55,0.141,0.403,0.247,0.281,0.958,0.686,130.20293,129.55856,123.28813,-402.5037,-0.9206,-2,130.20293,0.66,163.85964,0.569,130.20293,0.88,1,0.302,1,2,2314,0.78,0.564,0.39,10.0,10.0,0.1138,87.9,0.0,1,1,0.607,104.4,1,0,0.593,166.36,-1,24.472,0.053,0.947,0.0,0.0,0.0,0.49,0.0,0.5,0.0,0.555,0.365,0.5,0.543,0.0,0.581,0.0,0,0,0.476,0.463,0.0,0.249,0.184,0.349,0.172,0.0,0.6,0.391,0.0,1.0,0.833
7411,2022.06.09 19:40:20,JPMm,PULLBACK,SELL,3,125.96,126.37,123.32,6.51,0.399,126.75875,126.839,126.197,0,0.026,0.148,-0.9091,129.2655,130.4875,131.835,128.37,0,0.052,0.6,0,126.70525,0.741,0.806,0,0.0,0.0,126.522,120.41325,6.7,0,0,-1,0.8,-0.825,-0.2053,0.825,0.192,2,0.587,0,0.703,126.27725,126.1435,0.361,0.209,0.0,2,0.4,0,0.587,0.383,0.909,0.421,0.339,0,126.27725,2,0.55,0.278,0.403,0.247,0.281,0.958,0.686,130.20293,129.55856,123.28813,-402.5037,-0.9206,-2,130.20293,0.66,163.85964,0.569,130.20293,0.88,1,0.302,1,2,2314,0.78,0.564,0.39,10.0,10.0,0.1138,87.9,0.0,1,1,0.607,104.4,1,0,0.593,166.36,-1,24.54,0.053,0.947,0.0,0.0,0.0,0.65,0.0,0.5,0.0,0.555,0.38,0.5,0.543,0.0,0.581,0.0,0,0,0.467,0.463,0.0,0.249,0.184,0.349,0.183,0.0,0.6,0.391,0.0,1.0,0.833
7412,2022.06.09 19:40:40,JPMm,TREND_CONTINUATION,SELL,3,125.84,126.89,123.64,2.08,0.47,126.75875,126.839,126.197,0,0.026,0.148,-1.0457,129.2655,130.4875,131.835,128.37,0,0.053,0.6,0,126.70525,0.741,0.806,0,0.0,0.0,126.522,120.41325,6.7,0,0,-1,0.8,-0.825,-0.2053,0.825,0.192,2,0.587,0,0.703,126.27725,126.1435,0.498,0.345,0.0,2,0.4,0,0.587,0.441,1.046,0.421,0.346,0,126.27725,2,0.55,0.005,0.403,0.247,0.281,0.958,0.686,130.20293,129.55856,123.28813,-402.5037,-0.9206,-2,130.20293,0.66,163.85964,0.569,130.20293,0.88,1,0.302,1,2,2314,0.78,0.564,0.39,10.0,10.0,0.1138,87.9,0.0,1,1,0.607,104.4,1,0,0.593,166.36,-1,24.403,0.053,0.947,0.0,0.0,0.0,0.39,0.0,0.5,0.0,0.555,0.349,0.5,0.543,0.0,0.581,0.0,0,0,0.486,0.463,0.0,0.249,0.184,0.349,0.162,0.0,0.605,0.391,0.0,1.0,0.833
7418,2022.06.10 13:40:00,JPMm,NAKED_POC,SELL,4,122.96,124.13,120.41,2.18,0.6,126.635,127.16,126.11,0,3.999,0.364,-4.2415,129.15575,129.78975,131.8605,128.472,0,0.079,0.25,4,126.635,0.431,0.303,0,0.0,0.0,125.83875,120.41325,2.939,0,0,-1,1.0,-1.0,-0.1048,1.0,0.007,2,0.613,0,0.248,126.635,124.325,4.242,1.575,0.4709,0,0.0,2,1.0,1.76,2.939,0.599,0.572,2,120.41325,6,0.65,0.0,0.298,1.0,0.281,0.686,1.0,129.91593,129.98188,123.28813,-464.153,-61.6493,-2,130.64647,0.69,163.52047,0.568,122.6106,0.68,-1,0.76,1,2,2315,0.78,0.564,0.39,14.0,10.0,0.1616,86.6,0.0,1,1,0.607,104.4,1,0,0.593,166.36,-1,21.421,0.051,0.949,0.0,0.0,0.0,0.0,0.0,0.5,0.0,0.381,0.397,0.5,0.537,0.0,0.663,0.0,0,0,0.488,0.364,0.0,0.24,0.229,0.913,0.279,0.0,0.547,0.318,0.0,1.0,0.924
7419,2022.06.10 13:40:20,JPMm,SWEEP_REVERSAL,BUY,4,122.99,122.12,126.78,4.37,0.185,126.635,127.16,126.11,0,3.999,0.364,-4.3685,129.15575,129.78975,131.8605,128.472,0,0.08,0.25,4,126.635,0.431,0.303,0,0.0,0.0,125.83875,120.41325,2.939,0,0,-1,1.0,-1.0,-0.1048,1.0,0.007,0,0.699,0,0.248,126.635,124.325,4.369,1.702,0.0,2,0.0,0,0.779,1.263,2.812,0.449,0.459,1,120.41325,6,0.65,0.0,0.298,0.3,0.281,0.686,1.0,129.91593,129.98188,123.28813,-464.153,-61.6493,-2,130.64647,0.69,163.52047,0.568,122.6106,0.68,-1,0.76,1,2,2315,0.78,0.564,0.39,14.0,10.1,0.1616,86.6,0.0,1,1,0.607,104.4,1,0,0.593,166.36,-1,21.456,0.051,0.949,0.0,0.0,0.0,0.0,0.0,0.5,0.0,0.454,0.379,0.5,0.581,0.0,0.641,0.0,0,0,0.503,0.354,0.0,0.154,0.224,0.359,0.175,0.0,0.636,0.318,0.0,1.0,0.865
7420,2022.06.10 13:40:20,JPMm,MEAN_REVERSION,BUY,4,122.99,122.3,126.78,5.46,0.627,126.635,127.16,126.11,0,3.999,0.364,-4.3685,129.15575,129.78975,131.8605,128.472,0,0.08,0.25,4,126.635,0.431,0.303,0,0.0,0.0,125.83875,120.41325,2.939,0,0,-1,1.0,-1.0,-0.1048,1.0,0.007,0,0.699,0,0.248,126.635,124.325,4.369,1.702,0.0,2,0.0,0,0.779,1.263,2.812,0.449,0.459,1,120.41325,6,0.65,0.0,0.298,0.3,0.281,0.686,1.0,129.91593,129.98188,123.28813,-464.153,-61.6493,-2,130.64647,0.69,163.52047,0.568,122.6106,0.68,-1,0.76,1,2,2315,0.78,0.564,0.39,14.0,10.1,0.1616,86.6,0.0,1,1,0.607,104.4,1,0,0.593,166.36,-1,21.456,0.051,0.949,0.0,0.0,0.0,0.0,0.0,0.5,0.0,0.454,0.379,0.5,0.581,0.0,0.641,0.0,0,0,0.503,0.354,0.0,0.154,0.224,0.359,0.175,0.0,0.636,0.318,0.0,1.0,0.865
7424,2022.06.10 15:01:40,JPMm,BREAKOUT,SELL,4,120.34,121.81,117.89,1.67,0.579,120.9255,126.486,120.42,0,0.1,3.191,-0.5966,126.98775,130.16175,131.733,128.5905,0,0.1,0.9,2,120.9255,0.732,0.054,0,0.0,0.0,120.986,120.41325,0.078,0,0,-1,1.0,-1.0,-0.4147,1.0,0.501,1,0.342,3,1.0,120.757,124.464,0.425,4.202,0.0,2,0.0,3,1.0,0.343,0.597,0.575,0.517,2,120.9255,8,0.746,0.15,0.15,0.7,0.0,0.815,1.0,129.91593,129.98188,123.28813,-464.153,-61.6493,-2,130.64647,0.69,163.52047,0.568,122.6106,0.68,-1,0.76,1,2,2317,0.78,0.564,0.39,10.0,10.0,0.1019,98.1,0.0,1,1,0.607,104.4,1,0,0.593,166.36,-1,16.242,0.051,0.949,0.0,0.0,0.0,0.0,0.0,0.5,0.0,0.156,0.336,0.5,0.431,0.0,0.958,0.0,0,0,0.611,0.437,0.0,0.164,0.1,0.444,0.297,0.0,0.505,0.35,0.0,1.0,0.991
7425,2022.06.10 15:01:59,JPMm,PULLBACK,SELL,4,120.35,121.82,117.41,2.0,0.639,120.9255,126.486,120.42,0,0.1,3.191,-0.5864,126.98775,130.16175,131.733,128.5905,0,0.1,0.9,2,120.9255,0.732,0.054,0,0.0,0.0,120.986,120.41325,0.078,0,0,-1,1.0,-1.0,-0.4147,1.0,0.501,1,0.342,3,1.0,120.757,124.464,0.415,4.192,0.0,2,0.0,3,1.0,0.337,0.586,0.575,0.516,2,120.9255,8,0.746,0.171,0.15,0.7,0.0,0.815,1.0,129.91593,129.98188,123.28813,-464.153,-61.6493,-2,130.64647,0.69,163.52047,0.568,122.6106,0.68,-1,0.76,1,2,2317,0.78,0.564,0.39,10.0,10.0,0.1019,98.1,0.0,1,1,0.607,104.4,1,0,0.593,166.36,-1,16.252,0.051,0.949,0.0,0.0,0.0,0.01,0.0,0.5,0.0,0.156,0.333,0.5,0.431,0.0,0.958,0.0,0,0,0.613,0.437,0.0,0.164,0.1,0.444,0.298,0.0,0.505,0.35,0.0,1.0,0.991
7426,2022.06.10 15:02:00,JPMm,TREND_CONTINUATION,SELL,4,120.35,121.53,117.9,2.08,0.75,120.9255,126.486,120.42,0,0.1,3.191,-0.5864,126.98775,130.16175,131.733,128.5905,0,0.1,0.9,2,120.9255,0.732,0.054,0,0.0,0.0,120.986,120.41325,0.078,0,0,-1,1.0,-1.0,-0.4147,1.0,0.501,1,0.342,3,1.0,120.757,124.464,0.415,4.192,0.0,2,0.0,3,1.0,0.337,0.586,0.575,0.516,2,120.9255,8,0.746,0.171,0.15,0.7,0.0,0.815,1.0,129.91593,129.98188,123.28813,-464.153,-61.6493,-2,130.64647,0.69,163.52047,0.568,122.6106,0.68,-1,0.76,1,2,2317,0.78,0.564,0.39,10.0,10.0,0.1019,98.1,0.0,1,1,0.607,104.4,1,0,0.593,166.36,-1,16.252,0.051,0.949,0.0,0.0,0.0,0.01,0.0,0.5,0.0,0.156,0.344,0.5,0.431,0.0,0.958,0.0,0,0,0.606,0.437,0.0,0.164,0.1,0.444,0.298,0.0,0.505,0.35,0.0,1.0,0.991
7427,2022.06.10 15:02:20,JPMm,ANCHORED_PULLBACK,SELL,4,120.35,120.86,118.39,3.89,0.417,120.9255,126.486,120.42,0,0.1,3.191,-0.5864,126.98775,130.16175,131.733,128.5905,0,0.1,0.9,2,120.9255,0.732,0.054,0,0.0,0.0,120.986,120.41325,0.078,0,0,-1,1.0,-1.0,-0.4147,1.0,0.501,1,0.342,3,1.0,120.757,124.464,0.415,4.192,0.0,2,0.0,3,1.0,0.337,0.586,0.575,0.516,2,120.9255,8,0.746,0.171,0.15,0.7,0.0,0.815,1.0,129.91593,129.98188,123.28813,-464.153,-61.6493,-2,130.64647,0.69,163.52047,0.568,122.6106,0.68,-1,0.76,1,2,2317,0.78,0.564,0.39,10.0,10.0,0.1019,98.1,0.0,1,1,0.607,104.4,1,0,0.593,166.36,-1,16.252,0.051,0.949,0.0,0.0,0.0,0.01,0.0,0.5,0.0,0.156,0.346,0.5,0.431,0.0,0.958,0.0,0,0,0.605,0.437,0.0,0.164,0.1,0.444,0.298,0.0,0.505,0.35,0.0,1.0,0.991
7428,2022.06.10 15:46:40,JPMm,NAKED_POC,BUY,4,119.93,118.51,121.4,1.03,0.875,120.9255,126.486,120.42,0,0.1,3.191,-1.1162,126.98775,130.16175,131.733,128.5905,0,0.105,0.9,2,120.9255,0.732,0.054,0,0.0,0.0,120.986,120.41325,0.078,0,0,-1,1.0,-1.0,-0.4147,1.0,0.501,1,0.342,3,1.0,120.757,124.464,0.945,4.722,0.0,2,0.0,3,1.0,0.642,1.116,0.575,0.552,2,120.41325,6,0.65,0.0,0.15,0.7,0.0,0.815,1.0,129.91593,129.98188,123.28813,-464.153,-61.6493,-2,130.64647,0.69,163.52047,0.568,122.6106,0.68,-1,0.76,1,2,2317,0.78,0.564,0.39,10.0,10.0,0.1019,98.1,0.0,1,1,0.607,104.4,1,0,0.593,166.36,-1,15.824,0.051,0.949,0.0,0.0,0.0,0.69,0.0,0.5,0.0,0.649,0.476,0.5,0.439,0.0,0.395,0.0,0,0,0.304,0.437,0.0,0.383,0.1,0.414,0.255,0.0,0.505,0.35,0.0,1.0,0.991
7430,2022.06.10 16:00:00,JPMm,MEAN_REVERSION,BUY,4,119.84,119.31,120.78,1.77,0.512,120.68375,123.235,119.31,1,0.534,3.959,-0.915,129.337,129.912,131.622,128.202,0,0.099,0.5,2,120.68375,0.705,0.364,0,0.0,0.0,119.78975,126.918,6.959,0,0,-1,1.0,-1.0,-0.6015,1.0,0.505,2,0.475,3,1.0,120.68375,124.60875,0.915,4.72,0.0,2,0.0,0,0.475,0.342,0.915,0.374,0.372,1,119.31,5,0.6,0.0,0.148,0.3,0.0,0.71,1.0,130.20293,129.55856,123.28813,-401.5831,62.57,-1,130.20293,0.645,163.85964,0.567,119.24493,0.348,-1,0.508,1,2,2318,0.78,0.564,0.39,10.0,10.0,0.097,103.1,0.0,1,1,0.607,104.4,1,0,0.593,166.36,-1,14.97,0.131,0.869,0.0,1.0,0.0,0.84,0.0,0.5,0.0,0.972,0.579,0.5,0.476,0.0,0.258,0.0,0,0,0.293,0.542,0.0,0.238,0.1,0.496,0.295,0.0,0.6,0.35,0.0,1.0,0.839
7431,2022.06.10 16:00:40,JPMm,BREAKOUT_RETEST,SELL,4,119.89,120.39,117.35,5.04,0.6,120.68375,123.235,119.31,1,0.534,3.959,-0.7696,129.337,129.912,131.622,128.202,0,0.097,0.5,2,120.68375,0.705,0.364,0,0.0,0.0,119.78975,126.918,6.959,0,0,-1,1.0,-1.0,-0.6015,1.0,0.505,2,0.475,3,1.0,120.68375,124.60875,0.77,4.575,0.0,2,0.0,0,0.475,0.288,0.77,0.374,0.366,1,120.68375,8,0.741,0.0,0.148,0.3,0.0,0.71,1.0,130.20293,129.55856,123.28813,-401.5831,62.57,-1,130.20293,0.645,163.85964,0.567,119.24493,0.348,-1,0.508,1,2,2318,0.78,0.564,0.39,10.0,10.0,0.097,103.1,0.0,1,1,0.607,104.4,1,0,0.593,166.36,-1,15.018,0.131,0.869,0.0,1.0,0.0,0.99,0.0,0.5,0.0,0.972,0.596,0.5,0.412,0.0,0.215,0.0,0,0,0.267,0.65,0.0,0.38,0.1,0.496,0.564,0.0,0.6,0.35,0.0,1.0,0.839
7438,2022.06.10 17:01:40,JPMm,BREAKOUT,SELL,3,119.25,120.73,116.78,1.67,0.512,119.8305,121.392,119.31,0,0.034,4.252,-0.5881,127.1545,129.912,132.306,128.202,0,0.108,0.3,4,120.8715,0.7,0.007,0,0.0,0.0,119.70525,126.918,7.565,0,0,-1,0.8,-1.0,-0.8243,1.0,0.655,2,0.499,3,0.993,119.8305,124.515,0.588,5.334,0.0,2,0.0,0,0.499,0.578,1.643,0.352,0.408,1,119.8305,1,0.7,0.0,0.103,0.3,0.15,0.731,1.0,130.20293,129.55856,123.28813,-401.5831,62.57,-1,130.20293,0.645,163.85964,0.567,119.24493,0.348,-1,0.508,1,2,2319,0.78,0.564,0.39,10.0,10.0,0.1013,98.7,0.0,1,1,0.607,104.4,1,0,0.593,166.36,-1,15.043,0.131,0.869,0.0,1.0,0.0,0.0,0.0,0.5,0.0,0.873,0.371,0.5,0.522,0.0,0.303,0.0,0,0,0.355,0.741,0.0,0.267,0.197,0.611,0.263,0.0,0.646,0.35,0.0,1.0,1.062
7439,2022.06.10 17:01:59,JPMm,PULLBACK,SELL,3,119.26,120.74,116.3,2.0,0.432,119.8305,121.392,119.31,0,0.034,4.252,-0.5779,127.1545,129.912,132.306,128.202,0,0.108,0.3,4,120.8715,0.7,0.007,0,0.0,0.0,119.70525,126.918,7.565,0,0,-1,0.8,-1.0,-0.8243,1.0,0.655,2,0.499,3,0.993,119.8305,124.515,0.578,5.323,0.0,2,0.0,0,0.499,0.574,1.632,0.352,0.407,1,119.8305,1,0.7,0.0,0.103,0.3,0.15,0.731,1.0,130.20293,129.55856,123.28813,-401.5831,62.57,-1,130.20293,0.645,163.85964,0.567,119.24493,0.348,-1,0.508,1,2,2319,0.78,0.564,0.39,10.0,10.0,0.1013,98.7,0.0,1,1,0.607,104.4,1,0,0.593,166.36,-1,15.054,0.131,0.869,0.0,1.0,0.0,0.01,0.0,0.5,0.0,0.873,0.365,0.5,0.522,0.0,0.303,0.0,0,0,0.359,0.741,0.0,0.267,0.197,0.611,0.264,0.0,0.646,0.35,0.0,1.0,1.062
7440,2022.06.10 17:02:00,JPMm,TREND_CONTINUATION,SELL,3,119.27,120.45,116.8,2.08,0.507,119.8305,121.392,119.31,0,0.034,4.252,-0.5678,127.1545,129.912,132.306,128.202,0,0.108,0.3,4,120.8715,0.7,0.007,0,0.0,0.0,119.70525,126.918,7.565,0,0,-1,0.8,-1.0,-0.8243,1.0,0.655,2,0.499,3,0.993,119.8305,124.515,0.568,5.313,0.0,2,0.0,0,0.499,0.571,1.622,0.352,0.407,1,119.8305,1,0.7,0.0,0.103,0.3,0.15,0.731,1.0,130.20293,129.55856,123.28813,-401.5831,62.57,-1,130.20293,0.645,163.85964,0.567,119.24493,0.348,-1,0.508,1,2,2319,0.78,0.564,0.39,10.0,10.0,0.1013,98.7,0.0,1,1,0.607,104.4,1,0,0.593,166.36,-1,15.064,0.131,0.869,0.0,1.0,0.0,0.02,0.0,0.5,0.0,0.873,0.383,0.5,0.522,0.0,0.303,0.0,0,0,0.348,0.741,0.0,0.267,0.197,0.611,0.264,0.0,0.646,0.35,0.0,1.0,1.062
7441,2022.06.10 17:02:20,JPMm,ANCHORED_PULLBACK,SELL,3,119.27,119.93,117.3,2.99,0.362,119.8305,121.392,119.31,0,0.034,4.252,-0.5678,127.1545,129.912,132.306,128.202,0,0.108,0.3,4,120.8715,0.7,0.007,0,0.0,0.0,119.70525,126.918,7.565,0,0,-1,0.8,-1.0,-0.8243,1.0,0.655,2,0.499,3,0.993,119.8305,124.515,0.568,5.313,0.0,2,0.0,0,0.499,0.571,1.622,0.352,0.407,1,119.8305,1,0.7,0.0,0.103,0.3,0.15,0.731,1.0,130.20293,129.55856,123.28813,-401.5831,62.57,-1,130.20293,0.645,163.85964,0.567,119.24493,0.348,-1,0.508,1,2,2319,0.78,0.564,0.39,10.0,10.0,0.1013,98.7,0.0,1,1,0.607,104.4,1,0,0.593,166.36,-1,15.064,0.131,0.869,0.0,1.0,0.0,0.02,0.0,0.5,0.0,0.873,0.384,0.5,0.522,0.0,0.303,0.0,0,0,0.347,0.741,0.0,0.267,0.197,0.611,0.264,0.0,0.646,0.35,0.0,1.0,1.062
7443,2022.06.10 18:00:40,JPMm,BREAKOUT_RETEST,SELL,3,119.43,119.78,118.49,2.71,0.531,119.6775,120.74,119.24,1,0.048,1.678,-0.2484,127.13525,129.89625,132.3025,128.1775,0,0.105,0.6,2,119.8025,0.634,0.766,0,0.0,0.0,119.9155,126.918,7.314,0,0,-1,0.8,-1.0,-0.9488,1.0,0.533,2,0.57,3,0.43,119.6775,121.4275,0.248,2.005,0.0,2,0.0,0,0.57,0.742,2.005,0.37,0.403,1,119.8025,8,0.727,0.503,0.14,0.3,0.0,0.96,0.914,130.20293,129.55856,123.28813,-401.5831,62.57,-1,130.20293,0.645,163.85964,0.567,119.24493,0.348,-1,0.508,1,2,2320,0.791,0.555,0.39,10.0,10.0,0.1004,99.6,0.0,1,1,0.607,104.4,1,0,0.593,166.36,-1,15.084,0.131,0.869,0.0,1.0,0.0,0.0,0.0,0.5,0.0,0.505,0.397,0.5,0.498,0.0,0.319,0.0,0,0,0.339,0.736,0.0,0.38,0.211,0.422,0.293,0.0,0.592,0.35,0.0,1.0,0.905
7444,2022.06.10 18:00:59,JPMm,MEAN_REVERSION,BUY,3,119.55,119.24,119.9,1.14,0.559,119.6775,120.74,119.24,1,0.048,1.678,-0.2283,127.13525,129.89625,132.3025,128.1775,0,0.105,0.6,2,119.8025,0.634,0.766,0,0.0,0.0,119.9155,126.918,7.314,0,0,-1,0.8,-1.0,-0.9488,1.0,0.533,2,0.57,3,0.43,119.6775,121.4275,0.228,1.985,0.0,2,0.0,0,0.57,0.735,1.985,0.37,0.402,1,119.8025,8,0.727,0.543,0.14,0.3,0.0,0.96,0.914,130.20293,129.55856,123.28813,-401.5831,62.57,-1,130.20293,0.645,163.85964,0.567,119.24493,0.348,-1,0.508,1,2,2320,0.791,0.555,0.39,10.0,10.0,0.1004,99.6,0.0,1,1,0.607,104.4,1,0,0.593,166.36,-1,15.204,0.131,0.869,0.0,1.0,0.0,0.01,0.0,0.5,0.0,0.505,0.39,0.5,0.498,0.0,0.319,0.0,0,0,0.343,0.736,0.0,0.38,0.211,0.422,0.296,0.0,0.592,0.35,0.0,1.0,0.905
7448,2022.06.10 19:02:20,JPMm,ANCHORED_PULLBACK,BUY,3,120.56,120.22,121.23,1.99,0.452,119.7925,120.02,119.305,0,0.446,0.012,0.6374,127.13525,129.89625,132.3025,128.1775,0,0.09,0.55,0,119.7925,0.752,0.724,0,0.0,0.0,120.217,126.918,6.234,0,0,-1,0.8,-1.0,-0.9799,1.0,0.157,0,0.652,0,0.582,119.9225,120.4425,0.513,0.017,0.0,2,0.15,0,0.652,0.272,0.637,0.426,0.365,1,119.7925,8,0.75,0.0,0.313,0.3,0.169,0.96,0.821,130.20293,129.55856,123.28813,-401.5831,62.57,-1,130.20293,0.645,163.85964,0.567,119.24493,0.348,-1,0.508,1,2,2321,0.791,0.555,0.39,10.0,10.0,0.0955,104.7,0.0,1,1,0.607,104.4,1,0,0.593,166.36,-1,15.432,0.131,0.869,0.0,1.0,0.0,0.86,0.0,0.5,0.0,0.94,0.564,0.5,0.473,0.0,0.327,0.0,0,0,0.311,0.538,0.0,0.333,0.371,0.287,0.565,0.0,0.583,0.35,0.0,1.0,0.905
7452,2022.06.10 19:20:20,JPMm,SWEEP_REVERSAL,SELL,3,120.64,121.69,119.79,0.81,0.181,119.7925,120.02,119.305,0,0.446,0.012,0.8093,127.13525,129.89625,132.3025,128.1775,0,0.088,0.55,0,119.7925,0.752,0.724,0,0.0,0.0,120.217,126.918,6.234,0,0,-1,0.8,-1.0,-0.9799,1.0,0.082,0,0.652,0,0.582,119.9225,120.4425,0.685,0.189,0.0,2,0.15,0,0.652,0.354,0.809,0.438,0.375,1,119.7925,8,0.75,0.0,0.335,0.3,0.169,0.96,0.821,130.20293,129.55856,123.28813,-401.5831,62.57,-1,130.20293,0.645,163.85964,0.567,119.24493,0.348,-1,0.508,1,2,2321,0.791,0.555,0.39,10.0,10.0,0.0955,104.7,0.0,1,1,0.607,104.4,1,0,0.593,166.36,-1,15.509,0.131,0.869,0.0,1.0,0.0,0.99,0.0,0.5,0.0,0.755,0.548,0.5,0.498,0.0,0.371,0.0,0,0,0.326,0.52,0.0,0.333,0.323,0.293,0.35,0.0,0.581,0.35,0.0,1.0,0.905
7454,2022.06.13 13:40:00,JPMm,BREAKOUT,SELL,4,117.39,119.49,114.76,1.25,0.629,119.7535,120.161,119.346,0,1.939,0.233,-2.2494,127.2635,130.58375,132.3025,128.1775,0,0.126,0.25,4,119.7535,0.782,0.237,0,0.0,0.0,120.0795,119.5325,2.039,0,0,-1,0.8,-0.825,-0.9514,0.825,0.009,0,0.748,0,0.331,119.672,118.368,2.172,0.931,0.0952,0,0.4,2,0.893,1.347,2.249,0.599,0.477,1,119.7535,8,0.756,0.0,0.457,0.947,0.356,0.924,1.0,129.98796,130.05802,123.28813,-443.3046,-41.7215,-2,130.75965,0.655,163.94232,0.567,119.1843,0.402,1,0.249,1,2,2322,0.791,0.555,0.39,10.0,10.0,0.0952,105.1,0.0,1,1,0.607,104.4,1,0,0.593,166.36,-1,12.363,0.052,0.948,0.0,0.0,0.0,0.0,0.0,0.5,0.0,0.33,0.477,0.5,0.493,0.0,0.409,0.0,0,0,0.325,0.211,0.0,0.24,0.359,0.839,0.269,0.0,0.537,0.368,0.0,1.0,0.96
7455,2022.06.13 13:40:20,JPMm,TREND_CONTINUATION,SELL,4,117.43,119.53,114.8,1.25,0.488,119.7535,120.161,119.346,0,1.939,0.233,-2.2114,127.2635,130.58375,132.3025,128.1775,0,0.125,0.25,4,119.7535,0.782,0.237,0,0.0,0.0,120.0795,119.5325,2.039,0,0,-1,0.8,-0.825,-0.9514,0.825,0.009,0,0.77,0,0.331,119.672,118.368,2.134,0.893,0.0,2,0.4,0,0.77,0.992,2.211,0.449,0.405,1,119.7535,8,0.756,0.0,0.457,0.247,0.356,0.924,1.0,129.98796,130.05802,123.28813,-443.3046,-41.7215,-2,130.75965,0.655,163.94232,0.567,119.1843,0.402,1,0.249,1,2,2322,0.791,0.555,0.39,10.0,10.0,0.0952,105.1,0.0,1,1,0.607,104.4,1,0,0.593,166.36,-1,12.401,0.052,0.948,0.0,0.0,0.0,0.01,0.0,0.5,0.0,0.393,0.498,0.5,0.534,0.0,0.366,0.0,0,0,0.308,0.221,0.0,0.163,0.352,0.339,0.168,0.0,0.61,0.368,0.0,1.0,0.893
7456,2022.06.13 13:40:20,JPMm,SWEEP_REVERSAL,BUY,4,117.53,116.48,119.85,2.21,0.31,119.7535,120.161,119.346,0,1.939,0.233,-2.2114,127.2635,130.58375,132.3025,128.1775,0,0.125,0.25,4,119.7535,0.782,0.237,0,0.0,0.0,120.0795,119.5325,2.039,0,0,-1,0.8,-0.825,-0.9514,0.825,0.009,0,0.77,0,0.331,119.672,118.368,2.134,0.893,0.0,2,0.4,0,0.77,0.992,2.211,0.449,0.405,1,119.7535,8,0.756,0.0,0.457,0.247,0.356,0.924,1.0,129.98796,130.05802,123.28813,-443.3046,-41.7215,-2,130.75965,0.655,163.94232,0.567,119.1843,0.402,1,0.249,1,2,2322,0.791,0.555,0.39,10.0,10.0,0.0952,105.1,0.0,1,1,0.607,104.4,1,0,0.593,166.36,-1,12.496,0.052,0.948,0.0,0.0,0.0,0.01,0.0,0.5,0.0,0.393,0.498,0.5,0.534,0.0,0.366,0.0,0,0,0.308,0.221,0.0,0.163,0.352,0.339,0.168,0.0,0.61,0.368,0.0,1.0,0.893
7457,2022.06.13 13:40:40,JPMm,MEAN_REVERSION,BUY,4,117.09,116.25,119.85,3.29,0.662,119.7535,120.161,119.346,0,1.939,0.233,-2.6301,127.2635,130.58375,132.3025,128.1775,0,0.129,0.25,4,119.7535,0.782,0.237,0,0.0,0.0,120.0795,119.5325,2.039,0,0,-1,0.8,-0.825,-0.9514,0.825,0.009,0,0.77,0,0.331,119.672,118.368,2.553,1.311,0.0,2,0.4,0,0.77,1.18,2.63,0.449,0.427,1,119.7535,8,0.756,0.0,0.457,0.247,0.356,0.924,1.0,129.98796,130.05802,123.28813,-443.3046,-41.7215,-2,130.75965,0.655,163.94232,0.567,119.1843,0.402,1,0.249,1,2,2322,0.791,0.555,0.39,10.0,10.0,0.0952,105.1,0.0,1,1,0.607,104.4,1,0,0.593,166.36,-1,12.077,0.052,0.948,0.0,0.0,0.0,0.0,0.0,0.5,0.0,0.393,0.441,0.5,0.534,0.0,0.366,0.0,0,0,0.342,0.221,0.0,0.163,0.352,0.339,0.168,0.0,0.622,0.368,0.0,1.0,0.893
7458,2022.06.13 13:40:59,JPMm,NAKED_POC,BUY,4,117.34,115.82,119.75,1.59,0.397,119.7535,120.161,119.346,0,1.939,0.233,-2.3922,127.2635,130.58375,132.3025,128.1775,0,0.127,0.25,4,119.7535,0.782,0.237,0,0.0,0.0,120.0795,119.5325,2.039,0,0,-1,0.8,-0.825,-0.9514,0.825,0.009,0,0.77,0,0.331,119.672,118.368,2.315,1.074,0.0,2,0.4,0,0.77,1.073,2.392,0.449,0.415,1,119.7535,8,0.756,0.0,0.457,0.247,0.356,0.924,1.0,129.98796,130.05802,123.28813,-443.3046,-41.7215,-2,130.75965,0.655,163.94232,0.567,119.1843,0.402,1,0.249,1,2,2322,0.791,0.555,0.39,10.0,10.0,0.0952,105.1,0.0,1,1,0.607,104.4,1,0,0.593,166.36,-1,12.315,0.052,0.948,0.0,0.0,0.0,0.01,0.0,0.5,0.0,0.393,0.425,0.5,0.534,0.0,0.366,0.0,0,0,0.352,0.221,0.0,0.163,0.352,0.339,0.168,0.0,0.62,0.368,0.0,1.0,0.893
7464,2022.06.13 14:00:00,JPMm,PULLBACK,SELL,4,117.45,119.02,114.31,2.0,0.742,119.97975,120.4585,119.3095,0,2.053,0.588,-2.4192,127.13525,130.16025,132.99,128.139,0,0.122,0.3,4,117.49025,0.705,0.213,0,0.0,0.0,117.49025,119.5325,1.991,0,0,-1,1.0,-1.0,-0.8326,1.0,0.451,2,0.537,2,0.399,119.884,118.5435,2.328,1.046,0.3194,0,0.0,2,1.0,1.288,2.419,0.532,0.568,2,119.5325,6,0.65,0.0,0.165,1.0,0.15,0.943,1.0,129.98796,130.05802,123.28813,-443.3046,-41.7215,-2,130.75965,0.655,163.94232,0.567,119.1843,0.402,1,0.249,1,2,2323,0.791,0.555,0.39,10.0,10.0,0.0956,104.6,0.0,1,1,0.607,104.4,1,0,0.593,166.36,-1,12.48,0.052,0.948,0.0,0.0,0.0,0.29,0.0,0.5,0.0,0.07,0.743,0.5,0.728,0.0,0.588,0.0,0,0,0.599,0.623,0.0,0.301,0.298,0.727,0.35,0.0,0.545,0.389,0.0,1.0,1.056
7465,2022.06.13 14:00:20,JPMm,ANCHORED_PULLBACK,SELL,4,117.33,117.8,115.24,4.41,0.523,119.97975,120.4585,119.3095,0,2.053,0.588,-2.5339,127.13525,130.16025,132.99,128.139,0,0.123,0.3,4,117.49025,0.705,0.213,0,0.0,0.0,117.49025,119.5325,1.991,0,0,-1,1.0,-1.0,-0.8326,1.0,0.23,0,0.667,2,0.399,119.884,118.5435,2.442,1.16,0.0,2,0.0,0,0.667,1.053,2.534,0.416,0.457,1,119.5325,6,0.65,0.0,0.231,0.3,0.15,0.943,1.0,129.98796,130.05802,123.28813,-443.3046,-41.7215,-2,130.75965,0.655,163.94232,0.567,119.1843,0.402,1,0.249,1,2,2323,0.791,0.555,0.39,10.0,10.0,0.0956,104.6,0.0,1,1,0.607,104.4,1,0,0.593,166.36,-1,12.365,0.052,0.948,0.0,0.0,0.0,0.03,0.0,0.5,0.0,0.096,0.723,0.5,0.728,0.0,0.588,0.0,0,0,0.587,0.547,0.0,0.392,0.306,0.411,0.306,0.0,0.625,0.389,0.0,1.0,0.985
7467,2022.06.13 15:15:40,JPMm,BREAKOUT_RETEST,SELL,4,115.96,117.65,113.55,1.43,0.644,117.5375,119.903,115.67,1,1.68,2.128,-1.4193,126.956,130.825,132.124,126.928,0,0.134,0.85,0,117.5375,0.8,0.106,0,0.0,0.0,116.70075,119.5325,3.475,0,0,-1,1.0,-1.0,-0.715,1.0,0.209,2,0.521,3,0.82,117.5375,118.5335,1.419,2.315,0.0,2,0.0,0,0.521,1.346,3.214,0.419,0.515,2,117.5375,8,0.76,0.0,0.237,0.3,0.0,1.0,1.0,129.98796,130.05802,123.28813,-443.3046,-41.7215,-2,130.75965,0.655,163.94232,0.567,119.1843,0.402,1,0.249,1,2,2324,0.791,0.555,0.39,10.0,10.0,0.09,111.1,0.0,1,1,0.607,104.4,1,0,0.593,166.36,-1,10.401,0.052,0.948,0.0,0.0,0.0,0.99,0.0,0.5,0.0,0.883,0.546,0.5,0.457,0.0,0.553,0.0,0,0,0.386,0.343,0.0,0.143,0.189,0.201,0.289,0.0,0.577,0.421,0.0,1.0,0.865
7469,2022.06.13 15:40:00,JPMm,BREAKOUT,SELL,4,116.81,117.65,114.03,3.31,0.416,117.5375,119.903,115.67,1,1.68,2.128,-0.6546,126.956,130.825,132.124,126.928,0,0.126,0.85,0,117.5375,0.8,0.106,0,0.0,0.0,116.70075,119.5325,3.475,0,0,-1,1.0,-1.0,-0.715,1.0,0.501,2,0.521,3,0.82,117.5375,118.5335,0.655,1.551,0.0,2,0.0,0,0.521,0.918,2.45,0.375,0.465,1,117.5375,8,0.76,0.0,0.15,0.3,0.0,1.0,1.0,129.98796,130.05802,123.28813,-443.3046,-41.7215,-2,130.75965,0.655,163.94232,0.567,119.1843,0.402,1,0.249,1,2,2324,0.791,0.555,0.39,10.0,10.0,0.09,111.1,0.0,1,1,0.607,104.4,1,0,0.593,166.36,-1,11.166,0.052,0.948,0.0,0.0,0.0,0.98,0.0,0.5,0.0,0.674,0.779,0.5,0.398,0.0,0.252,0.0,0,0,0.387,0.51,0.0,0.143,0.217,0.556,0.564,0.0,0.577,0.421,0.0,1.0,0.865
7470,2022.06.13 15:40:20,JPMm,TREND_CONTINUATION,SELL,4,116.8,118.13,114.02,2.08,0.595,117.5375,119.903,115.67,1,1.68,2.128,-0.6636,126.956,130.825,132.124,126.928,0,0.126,0.85,0,117.5375,0.8,0.106,0,0.0,0.0,116.70075,119.5325,3.475,0,0,-1,1.0,-1.0,-0.715,1.0,0.501,2,0.521,3,0.82,117.5375,118.5335,0.664,1.56,0.0,2,0.0,0,0.521,0.922,2.459,0.375,0.465,1,117.5375,8,0.76,0.0,0.15,0.3,0.0,1.0,1.0,129.98796,130.05802,123.28813,-443.3046,-41.7215,-2,130.75965,0.655,163.94232,0.567,119.1843,0.402,1,0.249,1,2,2324,0.791,0.555,0.39,10.0,10.0,0.09,111.1,0.0,1,1,0.607,104.4,1,0,0.593,166.36,-1,11.157,0.052,0.948,0.0,0.0,0.0,0.96,0.0,0.5,0.0,0.674,0.761,0.5,0.398,0.0,0.252,0.0,0,0,0.377,0.51,0.0,0.143,0.217,0.556,0.564,0.0,0.577,0.421,0.0,1.0,0.865
7471,2022.06.13 15:40:59,JPMm,NAKED_POC,BUY,4,116.94,115.5,119.53,1.8,0.431,117.5375,119.903,115.67,1,1.68,2.128,-0.6276,126.956,130.825,132.124,126.928,0,0.126,0.85,0,117.5375,0.8,0.106,0,0.0,0.0,116.70075,119.5325,3.475,0,0,-1,1.0,-1.0,-0.715,1.0,0.501,2,0.521,3,0.82,117.5375,118.5335,0.628,1.524,0.0,2,0.0,0,0.521,0.908,2.423,0.375,0.464,1,117.5375,8,0.76,0.0,0.15,0.3,0.0,1.0,1.0,129.98796,130.05802,123.28813,-443.3046,-41.7215,-2,130.75965,0.655,163.94232,0.567,119.1843,0.402,1,0.249,1,2,2324,0.791,0.555,0.39,10.0,10.0,0.09,111.1,0.0,1,1,0.607,104.4,1,0,0.593,166.36,-1,11.283,0.052,0.948,0.0,0.0,0.0,0.98,0.0,0.5,0.0,0.674,0.794,0.5,0.398,0.0,0.252,0.0,0,0,0.396,0.51,0.0,0.143,0.217,0.556,0.564,0.0,0.578,0.421,0.0,1.0,0.865
7473,2022.06.13 15:47:40,JPMm,MEAN_REVERSION,BUY,4,116.72,115.66,117.64,0.86,0.564,117.5375,119.903,115.67,1,1.68,2.128,-0.8255,126.956,130.825,132.124,126.928,0,0.128,0.85,0,117.5375,0.8,0.106,0,0.0,0.0,116.70075,119.5325,3.475,0,0,-1,1.0,-1.0,-0.715,1.0,0.187,2,0.521,3,0.82,117.5375,118.5335,0.826,1.722,0.0,2,0.0,0,0.521,1.106,2.621,0.422,0.487,1,117.5375,8,0.76,0.0,0.244,0.3,0.0,1.0,1.0,129.98796,130.05802,123.28813,-443.3046,-41.7215,-2,130.75965,0.655,163.94232,0.567,119.1843,0.402,1,0.249,1,2,2324,0.791,0.555,0.39,10.0,10.0,0.09,111.1,0.0,1,1,0.607,104.4,1,0,0.593,166.36,-1,11.085,0.052,0.948,0.0,0.0,0.0,0.47,0.0,0.5,0.0,0.769,0.667,0.5,0.48,0.0,0.219,0.0,0,0,0.332,0.37,0.0,0.238,0.217,0.647,0.319,0.0,0.577,0.421,0.0,1.0,0.865
7475,2022.06.13 16:00:00,JPMm,PULLBACK,SELL,4,116.61,118.39,113.06,2.0,0.6,116.764,117.97,115.29,1,0.13,1.261,-0.13,126.8565,130.7775,132.99,126.795,0,0.12,0.5,0,117.568,0.771,0.524,0,0.0,0.0,116.5415,119.5325,2.466,0,0,-1,0.8,-1.0,-0.5504,1.0,0.601,2,0.587,3,0.852,116.764,118.64,0.13,1.713,0.0,2,0.0,0,0.587,0.887,2.466,0.36,0.482,1,117.568,8,0.754,0.74,0.12,0.3,0.0,1.0,1.0,129.8461,129.8452,123.28813,-409.6341,33.6705,-1,130.65184,0.654,163.68699,0.599,122.59449,0.646,1,0.167,1,2,2325,0.791,0.555,0.39,10.0,10.0,0.0844,118.5,0.0,1,1,0.607,104.4,1,0,0.593,166.36,-1,10.304,0.092,0.908,0.0,1.0,0.0,0.42,0.0,0.5,0.0,0.759,0.373,0.5,0.507,0.0,0.199,0.0,0,0,0.308,0.81,0.0,0.143,0.31,0.607,0.564,0.0,0.583,0.421,0.0,1.0,0.849
7476,2022.06.13 16:00:20,JPMm,ANCHORED_PULLBACK,SELL,4,116.66,116.88,115.29,6.16,0.554,116.764,117.97,115.29,1,0.13,1.261,-0.0878,126.8565,130.7775,132.99,126.795,0,0.119,0.5,0,117.568,0.771,0.524,0,0.0,0.0,116.5415,119.5325,2.466,0,0,-1,0.8,-1.0,-0.5504,1.0,0.878,2,0.587,3,0.852,116.764,118.64,0.088,1.671,0.0,2,0.0,0,0.587,0.772,2.424,0.318,0.468,1,117.568,8,0.754,0.824,0.037,0.3,0.0,1.0,1.0,129.8461,129.8452,123.28813,-409.6341,33.6705,-1,130.65184,0.654,163.68699,0.599,122.59449,0.646,1,0.167,1,2,2325,0.791,0.555,0.39,10.0,10.0,0.0844,118.5,0.0,1,1,0.607,104.4,1,0,0.593,166.36,-1,10.346,0.092,0.908,0.0,1.0,0.0,0.59,0.0,0.5,0.0,0.741,0.384,0.5,0.507,0.0,0.211,0.0,0,0,0.306,0.868,0.0,0.128,0.263,0.607,0.564,0.0,0.612,0.421,0.0,1.0,0.899
7481,2022.06.13 17:15:59,JPMm,BREAKOUT_RETEST,SELL,3,116.19,116.62,115.29,2.11,0.559,116.764,117.702,116.094,1,0.162,1.489,-0.4738,126.76575,130.7775,132.99,126.795,0,0.12,0.3,0,116.764,0.691,0.623,0,0.0,0.0,116.6275,119.5325,2.668,0,0,-1,0.8,-1.0,-0.3772,1.0,0.33,2,0.648,3,0.821,116.63,118.774,0.363,2.133,0.0,2,0.0,0,0.648,1.105,2.759,0.401,0.497,1,116.764,8,0.738,0.274,0.201,0.3,0.0,0.831,1.0,129.8461,129.8452,123.28813,-409.6341,33.6705,-1,130.65184,0.654,163.68699,0.599,122.59449,0.646,1,0.167,1,2,2326,0.791,0.555,0.39,10.0,10.0,0.0825,121.1,0.0,1,1,0.607,104.4,1,0,0.593,166.36,-1,9.732,0.092,0.908,0.0,1.0,0.0,0.32,0.0,0.5,0.0,1.0,0.292,0.5,0.539,0.0,0.409,0.0,0,0,0.45,0.649,0.0,0.238,0.225,0.652,0.287,0.0,0.582,0.421,0.0,1.0,0.925
7482,2022.06.13 17:40:00,JPMm,BREAKOUT,SELL,3,116.38,118.2,113.35,1.67,0.358,116.764,117.702,116.094,1,0.162,1.489,-0.317,126.76575,130.7775,132.99,126.795,0,0.119,0.3,0,116.764,0.691,0.623,0,0.0,0.0,116.6275,119.5325,2.668,0,0,-1,0.8,-1.0,-0.3772,1.0,0.696,2,0.648,3,0.821,116.63,118.774,0.206,1.976,0.0,2,0.0,0,0.648,0.899,2.602,0.346,0.473,1,116.764,8,0.738,0.587,0.091,0.3,0.0,0.831,1.0,129.8461,129.8452,123.28813,-409.6341,33.6705,-1,130.65184,0.654,163.68699,0.599,122.59449,0.646,1,0.167,1,2,2326,0.791,0.555,0.39,10.0,10.0,0.0825,121.1,0.0,1,1,0.607,104.4,1,0,0.593,166.36,-1,9.889,0.092,0.908,0.0,1.0,0.0,0.97,0.0,0.5,0.0,1.0,0.413,0.5,0.515,0.0,0.363,0.0,0,0,0.352,0.736,0.0,0.342,0.21,0.533,0.307,0.0,0.61,0.421,0.0,1.0,0.975
7483,2022.06.13 17:40:20,JPMm,TREND_CONTINUATION,SELL,3,116.38,117.83,113.35,2.08,0.527,116.764,117.702,116.094,1,0.162,1.489,-0.317,126.76575,130.7775,132.99,126.795,0,0.119,0.3,0,116.764,0.691,0.623,0,0.0,0.0,116.6275,119.5325,2.668,0,0,-1,0.8,-1.0,-0.3772,1.0,0.696,2,0.648,3,0.821,116.63,118.774,0.206,1.976,0.0,2,0.0,0,0.648,0.899,2.602,0.346,0.473,1,116.764,8,0.738,0.587,0.091,0.3,0.0,0.831,1.0,129.8461,129.8452,123.28813,-409.6341,33.6705,-1,130.65184,0.654,163.68699,0.599,122.59449,0.646,1,0.167,1,2,2326,0.791,0.555,0.39,10.0,10.0,0.0825,121.1,0.0,1,1,0.607,104.4,1,0,0.593,166.36,-1,9.889,0.092,0.908,0.0,1.0,0.0,0.96,0.0,0.5,0.0,1.0,0.415,0.5,0.515,0.0,0.363,0.0,0,0,0.351,0.736,0.0,0.342,0.21,0.533,0.307,0.0,0.61,0.421,0.0,1.0,0.975
7484,2022.06.13 17:40:59,JPMm,NAKED_POC,BUY,3,116.52,115.91,119.53,4.96,0.381,116.764,117.702,116.094,1,0.162,1.489,-0.284,126.76575,130.7775,132.99,126.795,0,0.119,0.3,0,116.764,0.691,0.623,0,0.0,0.0,116.6275,119.5325,2.668,0,0,-1,0.8,-1.0,-0.3772,1.0,0.696,2,0.648,3,0.821,116.63,118.774,0.173,1.943,0.0,2,0.0,0,0.648,0.888,2.569,0.346,0.472,1,117.702,4,0.6,0.653,0.091,0.3,0.0,0.831,1.0,129.8461,129.8452,123.28813,-409.6341,33.6705,-1,130.65184,0.654,163.68699,0.599,122.59449,0.646,1,0.167,1,2,2326,0.791,0.555,0.39,10.0,10.0,0.0825,121.1,0.0,1,1,0.607,104.4,1,0,0.593,166.36,-1,10.005,0.092,0.908,0.0,1.0,0.0,0.98,0.0,0.5,0.0,1.0,0.447,0.5,0.515,0.0,0.37,0.0,0,0,0.335,0.736,0.0,0.342,0.21,0.533,0.35,0.0,0.61,0.421,0.0,1.0,0.975
7487,2022.06.13 17:53:40,JPMm,MEAN_REVERSION,BUY,3,116.52,116.07,117.8,2.87,0.611,116.764,117.702,116.094,1,0.162,1.489,-0.284,126.76575,130.7775,132.99,126.795,0,0.119,0.3,0,116.764,0.691,0.623,0,0.0,0.0,116.6275,119.5325,2.668,0,0,-1,0.8,-1.0,-0.3772,1.0,0.696,2,0.648,3,0.821,116.63,118.774,0.173,1.943,0.0,2,0.0,0,0.648,0.888,2.569,0.346,0.472,1,117.702,4,0.6,0.653,0.091,0.3,0.0,0.831,1.0,129.8461,129.8452,123.28813,-409.6341,33.6705,-1,130.65184,0.654,163.68699,0.599,122.59449,0.646,1,0.167,1,2,2326,0.791,0.555,0.39,10.0,10.0,0.0825,121.1,0.0,1,1,0.607,104.4,1,0,0.593,166.36,-1,10.005,0.092,0.908,0.0,1.0,0.0,0.24,0.0,0.5,0.0,1.0,0.501,0.5,0.522,0.0,0.329,0.0,0,0,0.289,0.736,0.0,0.342,0.21,0.513,0.35,0.0,0.61,0.421,0.0,1.0,0.975
7489,2022.06.13 18:06:40,JPMm,PULLBACK,SELL,3,116.16,118.0,112.48,2.0,0.586,116.634,117.082,116.058,1,0.052,0.783,-0.3865,127.23375,130.7775,132.99,126.795,0,0.119,0.4,0,116.762,0.661,0.902,0,0.0,0.0,0.0,119.5325,2.416,0,0,-1,0.8,-0.825,-0.395,0.825,0.698,0,0.734,0,0.981,116.698,115.482,0.439,0.553,0.0,2,0.25,0,0.734,0.95,2.75,0.345,0.488,1,116.634,1,0.7,0.123,0.191,0.247,0.284,0.872,0.881,129.8461,129.8452,123.28813,-409.6341,33.6705,-1,130.65184,0.654,163.68699,0.599,122.59449,0.646,1,0.167,1,2,2327,0.791,0.555,0.39,10.0,10.0,0.0815,122.6,0.0,1,1,0.607,104.4,1,0,0.593,166.36,-1,9.589,0.092,0.908,0.0,1.0,0.0,0.0,0.0,0.5,0.0,0.86,0.322,0.5,0.527,0.0,0.24,0.0,0,0,0.361,0.778,0.0,0.308,0.1,0.425,0.314,0.0,0.609,0.421,0.0,1.0,0.975
7491,2022.06.13 19:00:00,JPMm,ANCHORED_PULLBACK,SELL,3,115.92,116.27,113.45,7.09,0.365,116.601,116.886,115.974,0,0.182,0.187,-0.5508,127.0745,130.7775,132.99,126.795,0,0.12,0.4,0,116.601,0.777,0.341,0,0.0,0.0,116.4995,119.5325,2.922,0,0,-1,1.0,-1.0,-0.3959,1.0,0.389,2,0.629,0,0.81,116.145,115.689,0.182,0.187,-0.0906,1,0.15,0,0.629,1.144,2.922,0.392,0.456,1,116.601,8,0.755,0.636,0.543,0.3,0.214,0.693,0.903,129.8461,129.8452,123.28813,-409.6341,33.6705,-1,130.65184,0.654,163.68699,0.599,122.59449,0.646,1,0.167,1,2,2328,0.791,0.555,0.39,10.0,10.0,0.0809,123.6,0.0,1,1,0.607,104.4,1,0,0.593,166.36,-1,9.317,0.092,0.908,0.0,1.0,0.0,0.12,0.0,0.5,0.0,0.595,0.362,0.5,0.521,0.0,0.33,0.0,0,0,0.371,0.531,0.0,0.333,0.193,0.239,0.212,0.0,0.58,0.421,0.0,1.0,0.867
7492,2022.06.13 19:15:40,JPMm,SWEEP_REVERSAL,BUY,3,115.58,114.34,116.7,0.91,0.222,116.601,116.886,115.974,0,0.182,0.187,-0.9066,127.0745,130.7775,132.99,126.795,0,0.124,0.4,0,116.601,0.777,0.341,0,0.0,0.0,116.4995,119.5325,2.922,0,0,-1,1.0,-1.0,-0.3959,1.0,0.102,2,0.645,0,0.81,116.145,115.404,0.538,0.061,0.0,2,0.15,0,0.645,1.425,3.278,0.435,0.493,1,116.601,8,0.755,0.0,0.329,0.3,0.214,0.693,0.903,129.8461,129.8452,123.28813,-409.6341,33.6705,-1,130.65184,0.654,163.68699,0.599,122.59449,0.646,1,0.167,1,2,2328,0.791,0.555,0.39,10.0,10.0,0.0809,123.6,0.0,1,1,0.607,104.4,1,0,0.593,166.36,-1,9.042,0.092,0.908,0.0,1.0,0.0,0.0,0.0,0.5,0.0,0.541,0.432,0.5,0.553,0.0,0.412,0.0,0,0,0.371,0.457,0.0,0.238,0.193,0.373,0.162,0.0,0.573,0.421,0.0,1.0,0.925
7498,2022.06.13 19:17:40,JPMm,BREAKOUT_RETEST,SELL,3,116.31,116.72,115.52,1.91,0.62,116.601,116.886,115.974,1,0.182,0.187,-0.2354,127.0745,130.7775,132.99,126.795,0,0.117,0.4,0,116.601,0.777,0.341,0,0.0,0.0,116.4995,119.5325,2.922,0,0,-1,1.0,-1.0,-0.3959,1.0,0.651,2,0.645,0,0.81,116.145,115.689,0.133,0.502,0.0,2,0.15,0,0.645,0.919,2.606,0.352,0.434,1,116.886,4,0.6,0.733,0.165,0.3,0.214,0.693,0.903,129.8461,129.8452,123.28813,-409.6341,33.6705,-1,130.65184,0.654,163.68699,0.599,122.59449,0.646,1,0.167,1,2,2328,0.791,0.555,0.39,10.0,10.0,0.0809,123.6,0.0,1,1,0.607,104.4,1,0,0.593,166.36,-1,9.633,0.092,0.908,0.0,1.0,0.0,0.99,0.0,0.5,0.0,0.595,0.586,0.5,0.553,0.0,0.483,0.0,0,0,0.411,0.664,0.0,0.428,0.185,0.304,0.35,0.0,0.601,0.421,0.0,1.0,0.892
7500,2022.06.13 19:40:00,JPMm,BREAKOUT,SELL,3,115.23,116.27,112.14,2.98,0.526,116.601,116.886,115.974,0,0.182,0.187,-1.1088,127.0745,130.7775,132.99,126.795,0,0.126,0.4,0,116.601,0.777,0.341,0,0.0,0.0,116.4995,119.5325,2.922,0,0,-1,1.0,-1.0,-0.3959,1.0,0.077,2,0.645,0,0.81,116.145,115.404,0.74,0.141,0.0,2,0.15,0,0.645,1.525,3.48,0.438,0.505,2,116.601,8,0.755,0.0,0.337,0.3,0.214,0.693,0.903,129.8461,129.8452,123.28813,-409.6341,33.6705,-1,130.65184,0.654,163.68699,0.599,122.59449,0.646,1,0.167,1,2,2328,0.791,0.555,0.39,10.0,10.0,0.0809,123.6,0.0,1,1,0.607,104.4,1,0,0.593,166.36,-1,8.759,0.092,0.908,0.0,1.0,0.0,0.17,0.0,0.5,0.0,0.468,0.464,0.5,0.543,0.0,0.636,0.0,0,0,0.439,0.451,0.0,0.476,0.193,0.321,0.141,0.0,0.573,0.421,0.0,1.0,0.925
7501,2022.06.13 19:40:20,JPMm,TREND_CONTINUATION,SELL,3,115.28,116.76,112.19,2.08,0.606,116.601,116.886,115.974,0,0.182,0.187,-1.0684,127.0745,130.7775,132.99,126.795,0,0.125,0.4,0,116.601,0.777,0.341,0,0.0,0.0,116.4995,119.5325,2.922,0,0,-1,1.0,-1.0,-0.3959,1.0,0.077,2,0.645,0,0.81,116.145,115.404,0.7,0.1,0.0,2,0.15,0,0.645,1.508,3.439,0.438,0.502,2,116.601,8,0.755,0.0,0.337,0.3,0.214,0.693,0.903,129.8461,129.8452,123.28813,-409.6341,33.6705,-1,130.65184,0.654,163.68699,0.599,122.59449,0.646,1,0.167,1,2,2328,0.791,0.555,0.39,10.0,10.0,0.0809,123.6,0.0,1,1,0.607,104.4,1,0,0.593,166.36,-1,8.8,0.092,0.908,0.0,1.0,0.0,0.22,0.0,0.5,0.0,0.468,0.472,0.5,0.543,0.0,0.636,0.0,0,0,0.435,0.451,0.0,0.238,0.193,0.321,0.144,0.0,0.573,0.421,0.0,1.0,0.925
7503,2022.06.14 13:40:00,JPMm,BREAKOUT_RETEST,SELL,4,116.31,116.7,115.89,1.1,0.874,116.59875,116.9225,115.8865,1,0.124,0.627,-0.2245,116.61125,130.73875,132.99,125.786,0,0.112,0.4,0,116.59875,0.755,0.451,0,0.0,0.0,0.0,119.5325,2.505,0,0,-1,1.0,-1.0,-0.4073,1.0,0.462,2,0.638,0,0.65,116.59875,117.311,0.224,0.778,0.0964,0,0.0,2,0.986,1.329,2.505,0.531,0.58,2,115.8865,5,0.6,0.551,0.161,1.0,0.13,0.777,0.914,129.92164,129.92073,123.28813,-391.3041,18.33,-1,130.77773,0.633,164.16539,0.622,122.2168,0.584,1,0.098,1,2,2329,0.791,0.555,0.39,14.0,10.0,0.1088,128.6,0.0,1,1,0.607,104.4,1,0,0.593,166.36,-1,9.258,0.074,0.926,0.0,1.0,0.0,0.0,0.0,0.5,0.0,0.376,0.467,0.5,0.533,0.0,0.715,0.0,0,0,0.466,0.681,0.19,0.421,0.0,0.692,0.35,0.0,0.506,0.421,0.0,1.0,0.998
7504,2022.06.14 13:40:20,JPMm,NAKED_POC,BUY,4,116.45,115.69,119.53,4.07,0.42,116.59875,116.9225,115.8865,1,0.124,0.627,-0.2245,116.61125,130.73875,132.99,125.786,0,0.112,0.4,0,116.59875,0.755,0.451,0,0.0,0.0,0.0,119.5325,2.505,0,0,-1,1.0,-1.0,-0.4073,1.0,0.462,2,0.639,0,0.65,116.59875,117.311,0.224,0.778,0.0,2,0.0,0,0.639,0.953,2.505,0.381,0.449,1,115.8865,5,0.6,0.551,0.161,0.3,0.13,0.777,0.914,129.92164,129.92073,123.28813,-391.3041,18.33,-1,130.77773,0.633,164.16539,0.622,122.2168,0.584,1,0.098,1,2,2329,0.791,0.555,0.39,14.0,10.1,0.1088,128.6,0.0,1,1,0.607,104.4,1,0,0.593,166.36,-1,9.367,0.074,0.926,0.0,1.0,0.0,0.0,0.0,0.5,0.0,0.448,0.468,0.5,0.533,0.0,0.714,0.0,0,0,0.465,0.673,0.275,0.38,0.0,0.279,0.35,0.0,0.577,0.421,0.0,1.0,0.93
7505,2022.06.14 13:40:40,JPMm,BREAKOUT,SELL,4,116.01,116.6,112.79,5.47,0.407,116.59875,116.9225,115.8865,1,0.124,0.627,-0.4577,116.61125,130.73875,132.99,125.786,0,0.114,0.4,0,116.59875,0.755,0.451,0,0.0,0.0,0.0,119.5325,2.505,0,0,-1,1.0,-1.0,-0.4073,1.0,0.642,2,0.639,0,0.65,115.95125,115.04475,0.046,0.75,0.0,2,0.0,0,0.639,0.968,2.738,0.354,0.429,1,116.59875,8,0.751,0.909,0.107,0.3,0.13,0.598,0.929,129.92164,129.92073,123.28813,-391.3041,18.33,-1,130.77773,0.633,164.16539,0.622,122.2168,0.584,1,0.098,1,2,2329,0.791,0.555,0.39,14.0,10.2,0.1088,128.6,0.0,1,1,0.607,104.4,1,0,0.593,166.36,-1,9.025,0.074,0.926,0.0,1.0,0.0,0.0,0.0,0.5,0.0,0.488,0.442,0.5,0.533,0.0,0.649,0.0,0,0,0.454,0.757,0.303,0.38,0.0,0.305,0.298,0.0,0.577,0.421,0.0,1.0,0.93
7506,2022.06.14 13:40:59,JPMm,PULLBACK,SELL,4,116.1,118.03,112.24,2.0,0.646,116.59875,116.9225,115.8865,1,0.124,0.627,-0.3877,116.61125,130.73875,132.99,125.786,0,0.114,0.4,0,116.59875,0.755,0.451,0,0.0,0.0,0.0,119.5325,2.505,0,0,-1,1.0,-1.0,-0.4073,1.0,0.71,2,0.639,0,0.65,115.95125,115.04475,0.116,0.82,0.0,2,0.0,0,0.639,0.917,2.668,0.344,0.423,1,116.59875,8,0.751,0.769,0.087,0.3,0.13,0.598,0.929,129.92164,129.92073,123.28813,-391.3041,18.33,-1,130.77773,0.633,164.16539,0.622,122.2168,0.584,1,0.098,1,2,2329,0.791,0.555,0.39,14.0,10.2,0.1088,128.6,0.0,1,1,0.607,104.4,1,0,0.593,166.36,-1,9.095,0.074,0.926,0.0,1.0,0.0,0.01,0.0,0.5,0.0,0.415,0.43,0.5,0.533,0.0,0.688,0.0,0,0,0.477,0.716,0.275,0.342,0.0,0.279,0.312,0.0,0.605,0.421,0.0,1.0,0.98
7507,2022.06.14 13:41:00,JPMm,TREND_CONTINUATION,SELL,4,116.1,117.64,112.88,2.08,0.582,116.59875,116.9225,115.8865,1,0.124,0.627,-0.3877,116.61125,130.73875,132.99,125.786,0,0.114,0.4,0,116.59875,0.755,0.451,0,0.0,0.0,0.0,119.5325,2.505,0,0,-1,1.0,-1.0,-0.4073,1.0,0.71,2,0.639,0,0.65,115.95125,115.04475,0.116,0.82,0.0,2,0.0,0,0.639,0.917,2.668,0.344,0.423,1,116.59875,8,0.751,0.769,0.087,0.3,0.13,0.598,0.929,129.92164,129.92073,123.28813,-391.3041,18.33,-1,130.77773,0.633,164.16539,0.622,122.2168,0.584,1,0.098,1,2,2329,0.791,0.555,0.39,14.0,10.2,0.1088,128.6,0.0,1,1,0.607,104.4,1,0,0.593,166.36,-1,9.095,0.074,0.926,0.0,1.0,0.0,0.01,0.0,0.5,0.0,0.415,0.448,0.5,0.533,0.0,0.688,0.0,0,0,0.466,0.716,0.275,0.342,0.0,0.279,0.312,0.0,0.605,0.421,0.0,1.0,0.98
7511,2022.06.14 13:46:40,JPMm,MEAN_REVERSION,SELL,4,116.79,117.82,115.89,0.88,0.593,116.59875,116.9225,115.8865,1,0.124,0.627,0.1487,116.61125,130.73875,132.99,125.786,0,0.108,0.4,0,116.59875,0.755,0.451,0,0.0,0.0,0.0,119.5325,2.505,0,0,-1,1.0,-1.0,-0.4073,1.0,0.729,2,0.639,0,0.65,116.59875,117.311,0.149,0.405,0.0,2,0.0,0,0.639,0.726,2.132,0.341,0.423,1,115.8865,5,0.6,0.703,0.081,0.3,0.13,0.777,0.914,129.92164,129.92073,123.28813,-391.3041,18.33,-1,130.77773,0.633,164.16539,0.622,122.2168,0.584,1,0.098,1,2,2329,0.791,0.555,0.39,14.0,11.6,0.1088,128.6,0.0,1,1,0.607,104.4,1,0,0.593,166.36,-1,9.631,0.074,0.926,0.0,1.0,0.0,0.38,0.0,0.5,0.0,0.434,0.485,0.5,0.547,0.0,0.757,0.0,0,0,0.476,0.864,0.275,0.47,0.0,0.125,0.35,0.0,0.605,0.421,0.0,1.0,1.022
7512,2022.06.14 13:49:20,JPMm,SWEEP_REVERSAL,SELL,4,116.96,118.25,115.89,0.83,0.142,116.59875,116.9225,115.8865,0,0.124,0.627,0.2808,116.61125,130.73875,132.99,125.786,0,0.107,0.4,0,116.59875,0.755,0.451,0,0.0,0.0,0.0,119.5325,2.505,0,0,-1,1.0,-1.0,-0.4073,1.0,0.132,2,0.639,0,0.65,116.59875,117.311,0.281,0.273,0.0,2,0.0,0,0.639,0.86,2.0,0.43,0.439,1,115.8865,5,0.6,0.438,0.26,0.3,0.13,0.777,0.914,129.92164,129.92073,123.28813,-391.3041,18.33,-1,130.77773,0.633,164.16539,0.622,122.2168,0.584,1,0.098,1,2,2329,0.791,0.555,0.39,10.0,11.8,0.0777,128.6,0.0,1,1,0.607,104.4,1,0,0.593,166.36,-1,9.763,0.074,0.926,0.0,1.0,0.0,0.98,0.0,0.5,0.0,0.489,0.535,0.5,0.547,0.0,0.639,0.0,0,0,0.441,0.728,0.317,0.523,0.0,0.14,0.35,0.0,0.577,0.421,0.0,1.0,1.013
7516,2022.06.14 14:00:00,JPMm,ANCHORED_PULLBACK,BUY,4,117.16,116.58,119.59,4.18,0.805,116.59875,116.9225,115.757,0,0.262,0.045,0.364,116.61125,130.73875,132.99,125.786,0,0.108,0.45,0,116.59875,0.747,0.893,0,0.0,0.0,116.9575,119.5325,1.951,0,0,-1,1.0,-1.0,-0.4077,1.0,0.126,2,0.612,0,0.675,116.6635,117.11675,0.313,0.045,0.1022,0,0.15,2,1.0,1.134,1.951,0.581,0.559,2,116.59875,8,0.749,0.374,0.322,1.0,0.187,0.923,0.871,129.92164,129.92073,123.28813,-391.3041,18.33,-1,130.77773,0.633,164.16539,0.622,122.2168,0.584,1,0.098,1,2,2330,0.795,0.557,0.395,10.0,11.3,0.0789,126.7,0.0,1,1,0.607,104.4,1,0,0.593,166.36,-1,10.07,0.074,0.926,0.0,1.0,0.0,0.91,0.0,0.5,0.0,0.303,0.6,0.5,0.443,0.0,0.672,0.0,0,0,0.462,0.668,0.0,0.806,0.0,0.835,0.563,0.0,0.507,0.421,0.0,1.0,1.002
7520,2022.06.14 15:40:20,JPMm,NAKED_POC,BUY,4,115.35,115.01,119.53,12.47,0.422,116.0535,116.675,115.658,0,0.0,0.531,-0.6298,116.55125,130.73875,132.99,124.8855,0,0.121,0.45,0,116.0535,0.69,0.727,0,0.0,0.0,0.0,119.5325,2.816,0,0,-1,0.8,-1.0,-0.3755,1.0,0.145,0,0.678,0,0.877,116.0535,115.206,0.63,0.034,0.0,2,0.0,0,0.678,1.437,3.357,0.428,0.566,2,116.0535,8,0.738,0.0,0.256,0.3,0.175,0.952,0.885,129.92164,129.92073,123.28813,-391.3041,18.33,-1,130.77773,0.633,164.16539,0.622,122.2168,0.584,1,0.098,1,2,2331,0.795,0.557,0.395,10.0,10.0,0.0784,127.6,0.0,1,1,0.607,104.4,1,0,0.593,166.36,-1,8.583,0.074,0.926,0.0,1.0,0.0,0.28,0.0,0.5,0.0,0.813,0.332,0.5,0.508,0.0,0.36,0.0,0,0,0.397,0.663,0.0,0.475,0.0,0.398,0.172,0.0,0.566,0.4,0.0,1.0,1.024
7522,2022.06.14 15:40:40,JPMm,BREAKOUT,SELL,4,115.11,116.07,111.92,3.33,0.483,116.0535,116.675,115.658,0,0.0,0.531,-0.7396,116.55125,130.73875,132.99,124.8855,0,0.123,0.45,0,116.0535,0.69,0.727,0,0.0,0.0,0.0,119.5325,2.816,0,0,-1,0.8,-1.0,-0.3755,1.0,0.125,0,0.678,0,0.877,116.0535,115.206,0.74,0.075,0.0,2,0.0,0,0.678,1.495,3.467,0.431,0.573,2,116.0535,8,0.738,0.0,0.262,0.3,0.175,0.952,0.885,129.92164,129.92073,123.28813,-391.3041,18.33,-1,130.77773,0.633,164.16539,0.622,122.2168,0.584,1,0.098,1,2,2331,0.795,0.557,0.395,10.0,10.0,0.0784,127.6,0.0,1,1,0.607,104.4,1,0,0.593,166.36,-1,8.395,0.074,0.926,0.0,1.0,0.0,0.06,0.0,0.5,0.0,0.813,0.306,0.5,0.508,0.0,0.36,0.0,0,0,0.413,0.659,0.0,0.475,0.0,0.398,0.157,0.0,0.566,0.4,0.0,1.0,1.024
7523,2022.06.14 15:40:59,JPMm,PULLBACK,SELL,4,115.12,116.07,111.29,4.04,0.473,116.0535,116.675,115.658,0,0.0,0.531,-0.7317,116.55125,130.73875,132.99,124.8855,0,0.122,0.45,0,116.0535,0.69,0.727,0,0.0,0.0,0.0,119.5325,2.816,0,0,-1,0.8,-1.0,-0.3755,1.0,0.125,0,0.678,0,0.877,116.0535,115.206,0.732,0.067,0.0,2,0.0,0,0.678,1.492,3.459,0.431,0.572,2,116.0535,8,0.738,0.0,0.262,0.3,0.175,0.952,0.885,129.92164,129.92073,123.28813,-391.3041,18.33,-1,130.77773,0.633,164.16539,0.622,122.2168,0.584,1,0.098,1,2,2331,0.795,0.557,0.395,10.0,10.0,0.0784,127.6,0.0,1,1,0.607,104.4,1,0,0.593,166.36,-1,8.403,0.074,0.926,0.0,1.0,0.0,0.07,0.0,0.5,0.0,0.813,0.3,0.5,0.508,0.0,0.36,0.0,0,0,0.416,0.659,0.0,0.475,0.0,0.398,0.158,0.0,0.566,0.4,0.0,1.0,1.024
7524,2022.06.14 15:41:00,JPMm,TREND_CONTINUATION,SELL,4,115.1,116.63,111.91,2.08,0.557,116.0535,116.675,115.658,0,0.0,0.531,-0.7474,116.55125,130.73875,132.99,124.8855,0,0.123,0.45,0,116.0535,0.69,0.727,0,0.0,0.0,0.0,119.5325,2.816,0,0,-1,0.8,-1.0,-0.3755,1.0,0.125,0,0.678,0,0.877,116.0535,115.206,0.747,0.083,0.0,2,0.0,0,0.678,1.498,3.475,0.431,0.573,2,116.0535,8,0.738,0.0,0.262,0.3,0.175,0.952,0.885,129.92164,129.92073,123.28813,-391.3041,18.33,-1,130.77773,0.633,164.16539,0.622,122.2168,0.584,1,0.098,1,2,2331,0.795,0.557,0.395,10.0,10.0,0.0784,127.6,0.0,1,1,0.607,104.4,1,0,0.593,166.36,-1,8.387,0.074,0.926,0.0,1.0,0.0,0.06,0.0,0.5,0.0,0.813,0.316,0.5,0.508,0.0,0.36,0.0,0,0,0.407,0.659,0.0,0.475,0.0,0.398,0.156,0.0,0.566,0.4,0.0,1.0,1.024
7525,2022.06.14 15:48:40,JPMm,MEAN_REVERSION,BUY,4,115.28,114.26,116.15,0.86,0.652,116.0535,116.675,115.658,0,0.0,0.531,-0.6847,116.55125,130.73875,132.99,124.8855,0,0.122,0.45,0,116.0535,0.69,0.727,0,0.0,0.0,0.0,119.5325,2.816,0,0,-1,0.8,-1.0,-0.3755,1.0,0.125,0,0.678,0,0.877,116.0535,115.206,0.685,0.02,0.0,2,0.0,0,0.678,1.471,3.412,0.431,0.57,2,116.0535,8,0.738,0.0,0.262,0.3,0.175,0.952,0.885,129.92164,129.92073,123.28813,-391.3041,18.33,-1,130.77773,0.633,164.16539,0.622,122.2168,0.584,1,0.098,1,2,2331,0.795,0.557,0.395,10.0,10.0,0.0784,127.6,0.0,1,1,0.607,104.4,1,0,0.593,166.36,-1,8.529,0.074,0.926,0.0,1.0,0.0,0.16,0.0,0.5,0.0,0.804,0.365,0.5,0.502,0.0,0.335,0.0,0,0,0.366,0.659,0.0,0.475,0.0,0.398,0.164,0.0,0.566,0.4,0.0,1.0,1.024
7527,2022.06.14 15:52:40,JPMm,SWEEP_REVERSAL,BUY,4,115.13,113.85,116.15,0.8,0.189,116.0535,116.675,115.658,0,0.0,0.531,-0.8023,116.55125,130.73875,132.99,124.8855,0,0.123,0.45,0,116.0535,0.69,0.727,0,0.0,0.0,0.0,119.5325,2.816,0,0,-1,0.8,-1.0,-0.3755,1.0,0.074,0,0.678,0,0.877,116.0535,115.206,0.802,0.138,0.0,2,0.0,0,0.678,1.549,3.529,0.439,0.579,2,116.0535,8,0.738,0.0,0.278,0.3,0.175,0.952,0.885,129.92164,129.92073,123.28813,-391.3041,18.33,-1,130.77773,0.633,164.16539,0.622,122.2168,0.584,1,0.098,1,2,2331,0.795,0.557,0.395,10.0,10.0,0.0784,127.6,0.0,1,1,0.607,104.4,1,0,0.593,166.36,-1,8.411,0.074,0.926,0.0,1.0,0.0,0.0,0.0,0.5,0.0,0.758,0.434,0.5,0.497,0.0,0.288,0.0,0,0,0.304,0.646,0.0,0.475,0.0,0.398,0.148,0.0,0.566,0.4,0.0,1.0,1.024
7529,2022.06.14 17:40:40,JPMm,BREAKOUT,SELL,3,114.08,115.41,110.9,2.39,0.489,115.28375,116.7705,115.049,0,0.671,0.179,-0.9462,116.39375,129.686,132.99,119.774,0,0.123,0.55,0,115.28375,0.714,0.197,0,0.0,0.0,0.0,119.5325,4.011,0,0,-1,1.0,-1.0,-0.2136,1.0,0.367,2,0.505,0,0.668,115.28375,114.18825,0.946,0.085,0.0,2,0.15,0,0.505,0.374,0.946,0.395,0.356,1,115.28375,8,0.743,0.0,0.25,0.3,0.186,1.0,0.605,129.76025,129.81933,123.28813,-368.2518,23.0523,-1,130.65844,0.625,163.89172,0.639,122.57467,0.621,1,0.019,1,2,2333,0.795,0.557,0.395,10.0,10.0,0.0786,127.2,0.0,1,1,0.607,104.4,1,0,0.593,166.36,-1,7.609,0.081,0.919,0.0,1.0,0.0,0.0,0.0,0.5,0.0,0.839,0.236,0.5,0.511,0.0,0.305,0.0,0,0,0.434,0.385,0.0,0.238,0.0,0.566,0.146,0.0,0.58,0.368,0.0,1.0,0.89
7530,2022.06.14 17:40:59,JPMm,PULLBACK,SELL,3,114.09,115.41,110.27,2.89,0.479,115.28375,116.7705,115.049,0,0.671,0.179,-0.9384,116.39375,129.686,132.99,119.774,0,0.123,0.55,0,115.28375,0.714,0.197,0,0.0,0.0,0.0,119.5325,4.011,0,0,-1,1.0,-1.0,-0.2136,1.0,0.367,2,0.505,0,0.668,115.28375,114.18825,0.938,0.077,0.0,2,0.15,0,0.505,0.371,0.938,0.395,0.356,1,115.28375,8,0.743,0.0,0.25,0.3,0.186,1.0,0.605,129.76025,129.81933,123.28813,-368.2518,23.0523,-1,130.65844,0.625,163.89172,0.639,122.57467,0.621,1,0.019,1,2,2333,0.795,0.557,0.395,10.0,10.0,0.0786,127.2,0.0,1,1,0.607,104.4,1,0,0.593,166.36,-1,7.617,0.081,0.919,0.0,1.0,0.0,0.01,0.0,0.5,0.0,0.839,0.232,0.5,0.511,0.0,0.305,0.0,0,0,0.436,0.385,0.0,0.238,0.0,0.566,0.146,0.0,0.58,0.368,0.0,1.0,0.89
7531,2022.06.14 17:41:00,JPMm,TREND_CONTINUATION,SELL,3,114.08,115.61,110.9,2.08,0.562,115.28375,116.7705,115.049,0,0.671,0.179,-0.9462,116.39375,129.686,132.99,119.774,0,0.123,0.55,0,115.28375,0.714,0.197,0,0.0,0.0,0.0,119.5325,4.011,0,0,-1,1.0,-1.0,-0.2136,1.0,0.367,2,0.505,0,0.668,115.28375,114.18825,0.946,0.085,0.0,2,0.15,0,0.505,0.374,0.946,0.395,0.356,1,115.28375,8,0.743,0.0,0.25,0.3,0.186,1.0,0.605,129.76025,129.81933,123.28813,-368.2518,23.0523,-1,130.65844,0.625,163.89172,0.639,122.57467,0.621,1,0.019,1,2,2333,0.795,0.557,0.395,10.0,10.0,0.0786,127.2,0.0,1,1,0.607,104.4,1,0,0.593,166.36,-1,7.609,0.081,0.919,0.0,1.0,0.0,0.0,0.0,0.5,0.0,0.839,0.247,0.5,0.511,0.0,0.305,0.0,0,0,0.427,0.385,0.0,0.238,0.0,0.566,0.146,0.0,0.58,0.368,0.0,1.0,0.89
7532,2022.06.14 17:48:40,JPMm,MEAN_REVERSION,BUY,3,114.09,113.07,115.38,1.27,0.52,115.28375,116.7705,115.049,0,0.671,0.179,-1.017,116.39375,129.686,132.99,119.774,0,0.123,0.55,0,115.28375,0.714,0.197,0,0.0,0.0,0.0,119.5325,4.011,0,0,-1,1.0,-1.0,-0.2136,1.0,0.367,2,0.505,0,0.668,115.28375,114.18825,1.017,0.156,0.0,2,0.15,0,0.505,0.402,1.017,0.395,0.359,1,115.28375,8,0.743,0.0,0.25,0.3,0.186,1.0,0.605,129.76025,129.81933,123.28813,-368.2518,23.0523,-1,130.65844,0.625,163.89172,0.639,122.57467,0.621,1,0.019,1,2,2333,0.795,0.557,0.395,10.0,10.0,0.0786,127.2,0.0,1,1,0.607,104.4,1,0,0.593,166.36,-1,7.617,0.081,0.919,0.0,1.0,0.0,0.15,0.0,0.5,0.0,0.845,0.248,0.5,0.5,0.0,0.303,0.0,0,0,0.423,0.385,0.0,0.238,0.0,0.612,0.146,0.0,0.58,0.368,0.0,1.0,0.89
7534,2022.06.14 17:52:40,JPMm,SWEEP_REVERSAL,BUY,3,114.3,113.03,115.38,0.85,0.179,115.28375,116.7705,115.049,0,0.671,0.179,-0.8519,116.39375,129.686,132.99,119.774,0,0.122,0.55,0,115.28375,0.714,0.197,0,0.0,0.0,0.0,119.5325,4.011,0,0,-1,1.0,-1.0,-0.2136,1.0,0.367,2,0.505,0,0.668,115.28375,114.18825,0.852,0.009,0.0,2,0.15,0,0.505,0.337,0.852,0.395,0.352,1,115.28375,8,0.743,0.0,0.25,0.3,0.186,1.0,0.605,129.76025,129.81933,123.28813,-368.2518,23.0523,-1,130.65844,0.625,163.89172,0.639,122.57467,0.621,1,0.019,1,2,2333,0.795,0.557,0.395,10.0,10.0,0.0786,127.2,0.0,1,1,0.607,104.4,1,0,0.593,166.36,-1,7.782,0.081,0.919,0.0,1.0,0.0,0.81,0.0,0.5,0.0,0.918,0.349,0.5,0.505,0.0,0.279,0.0,0,0,0.354,0.385,0.0,0.238,0.0,0.612,0.146,0.0,0.58,0.368,0.0,1.0,0.89
7536,2022.06.14 18:00:20,JPMm,BREAKOUT_RETEST,SELL,3,114.19,114.57,113.04,2.99,0.564,114.468,116.064,114.048,1,0.07,0.192,-0.2169,116.204,129.64575,132.99,119.613,0,0.121,0.6,2,114.468,0.624,0.393,0,0.0,0.0,114.17975,119.5325,4.154,0,0,-1,1.0,-0.825,-0.2078,0.825,0.435,2,0.558,3,0.304,114.384,113.964,0.151,0.176,0.0,2,0.4,0,0.558,0.577,1.5,0.385,0.299,0,116.064,4,0.6,0.697,0.33,0.247,0.14,0.915,0.845,129.76025,129.81933,123.28813,-368.2518,23.0523,-1,130.65844,0.625,163.89172,0.639,122.57467,0.621,1,0.019,1,2,2334,0.795,0.557,0.395,10.0,10.0,0.078,128.1,0.0,1,1,0.607,104.4,1,0,0.593,166.36,-1,7.64,0.081,0.919,0.0,1.0,0.0,0.59,0.0,0.5,0.0,1.0,0.632,0.5,0.543,0.0,0.305,0.0,0,0,0.364,0.614,0.0,0.296,0.0,0.48,0.539,0.0,0.562,0.368,0.0,1.0,0.872
7537,2022.06.14 18:00:40,JPMm,ANCHORED_PULLBACK,SELL,3,114.35,114.51,114.05,1.86,0.443,114.468,116.064,114.048,1,0.07,0.192,-0.0921,116.204,129.64575,132.99,119.613,0,0.119,0.6,2,114.468,0.624,0.393,0,0.0,0.0,114.17975,119.5325,4.154,0,0,-1,1.0,-0.825,-0.2078,0.825,0.849,2,0.558,3,0.304,114.384,113.964,0.027,0.301,0.0,2,0.4,0,0.558,0.097,0.301,0.323,0.243,0,116.064,4,0.6,0.947,0.205,0.247,0.14,0.915,0.845,129.76025,129.81933,123.28813,-368.2518,23.0523,-1,130.65844,0.625,163.89172,0.639,122.57467,0.621,1,0.019,1,2,2334,0.795,0.557,0.395,10.0,10.0,0.078,128.1,0.0,1,1,0.607,104.4,1,0,0.593,166.36,-1,7.765,0.081,0.919,0.0,1.0,0.0,0.96,0.0,0.5,0.0,1.0,0.654,0.5,0.543,0.0,0.305,0.0,0,0,0.377,0.685,0.0,0.266,0.0,0.48,0.539,0.0,0.59,0.368,0.0,1.0,0.838
7543,2022.06.14 19:40:40,JPMm,BREAKOUT,SELL,3,114.29,116.22,111.08,1.67,0.383,114.425,115.374,113.914,1,0.584,0.129,-0.1052,116.44175,130.5325,132.99,120.211,0,0.127,0.5,0,114.425,0.685,0.604,0,0.0,0.0,113.51025,119.5325,4.676,0,0,-1,1.0,-1.0,-0.2256,1.0,0.948,2,0.63,0,0.591,114.425,113.768,0.105,0.407,0.0,2,0.15,0,0.63,0.125,0.407,0.308,0.334,0,115.374,4,0.6,0.79,0.076,0.3,0.171,0.882,0.914,129.76025,129.81933,123.28813,-368.2518,23.0523,-1,130.65844,0.625,163.89172,0.639,122.57467,0.621,1,0.019,1,2,2335,0.795,0.557,0.395,10.0,10.0,0.0779,128.4,0.0,1,1,0.607,104.4,1,0,0.593,166.36,-1,7.705,0.081,0.919,0.0,1.0,0.0,0.99,0.0,0.5,0.0,0.465,0.687,0.5,0.537,0.0,0.366,0.0,0,0,0.42,0.564,0.0,0.257,0.0,0.471,0.35,0.0,0.592,0.368,0.0,1.0,0.77
7544,2022.06.14 19:40:59,JPMm,PULLBACK,SELL,3,114.17,116.1,110.32,2.0,0.623,114.425,115.374,113.914,1,0.584,0.129,-0.1987,116.44175,130.5325,132.99,120.211,0,0.127,0.5,0,114.425,0.685,0.604,0,0.0,0.0,113.51025,119.5325,4.676,0,0,-1,1.0,-1.0,-0.2256,1.0,0.55,2,0.63,0,0.591,114.425,113.768,0.199,0.313,0.0,2,0.15,0,0.63,0.115,0.313,0.368,0.333,0,115.374,4,0.6,0.603,0.195,0.3,0.171,0.882,0.914,129.76025,129.81933,123.28813,-368.2518,23.0523,-1,130.65844,0.625,163.89172,0.639,122.57467,0.621,1,0.019,1,2,2335,0.795,0.557,0.395,10.0,10.0,0.0779,128.4,0.0,1,1,0.607,104.4,1,0,0.593,166.36,-1,7.612,0.081,0.919,0.0,1.0,0.0,0.96,0.0,0.5,0.0,0.547,0.693,0.5,0.537,0.0,0.338,0.0,0,0,0.412,0.496,0.0,0.285,0.0,0.471,0.35,0.0,0.563,0.368,0.0,1.0,0.804
7545,2022.06.14 19:41:00,JPMm,TREND_CONTINUATION,SELL,3,114.16,115.7,110.95,2.08,0.555,114.425,115.374,113.914,1,0.584,0.129,-0.2065,116.44175,130.5325,132.99,120.211,0,0.128,0.5,0,114.425,0.685,0.604,0,0.0,0.0,113.51025,119.5325,4.676,0,0,-1,1.0,-1.0,-0.2256,1.0,0.55,2,0.63,0,0.591,114.425,113.768,0.206,0.305,0.0,2,0.15,0,0.63,0.112,0.305,0.368,0.332,0,115.374,4,0.6,0.587,0.195,0.3,0.171,0.882,0.914,129.76025,129.81933,123.28813,-368.2518,23.0523,-1,130.65844,0.625,163.89172,0.639,122.57467,0.621,1,0.019,1,2,2335,0.795,0.557,0.395,10.0,10.0,0.0779,128.4,0.0,1,1,0.607,104.4,1,0,0.593,166.36,-1,7.604,0.081,0.919,0.0,1.0,0.0,0.94,0.0,0.5,0.0,0.547,0.679,0.5,0.537,0.0,0.338,0.0,0,0,0.404,0.496,0.0,0.285,0.0,0.471,0.35,0.0,0.563,0.368,0.0,1.0,0.804
7546,2022.06.15 13:40:00,JPMm,NAKED_POC,BUY,4,115.24,114.89,119.53,12.2,0.458,114.41575,114.9625,113.869,0,0.431,0.059,0.524,116.2945,130.50875,132.99,119.095,0,0.118,0.45,0,114.41575,0.667,0.566,0,0.0,0.0,113.875,119.5325,3.395,0,0,-1,1.0,-1.0,-0.2258,1.0,0.13,0,0.726,0,0.906,114.355,115.084,0.571,0.012,-0.2807,1,0.15,1,1.0,0.952,3.395,0.28,0.564,2,114.41575,8,0.733,0.0,0.621,0.3,0.234,0.896,0.88,129.49805,130.27969,116.36563,-791.5355,-423.2837,-2,130.38227,0.616,163.98258,0.587,122.4243,0.611,1,0.02,1,2,2336,0.795,0.557,0.395,14.0,10.0,0.1072,130.6,0.0,1,1,0.607,104.4,1,0,0.593,166.36,-1,8.302,0.101,0.899,0.0,0.0,0.0,0.0,0.0,0.5,0.0,0.392,0.618,0.5,0.398,0.0,0.343,0.0,0,0,0.327,0.335,0.745,0.486,0.0,0.307,0.35,0.0,0.523,0.368,0.0,1.0,0.816
7549,2022.06.15 13:40:40,JPMm,MEAN_REVERSION,SELL,4,115.33,116.37,114.42,0.88,0.667,114.41575,114.9625,113.869,0,0.431,0.059,0.7002,116.2945,130.50875,132.99,119.095,0,0.116,0.45,0,114.41575,0.667,0.566,0,0.0,0.0,113.875,119.5325,3.395,0,0,-1,1.0,-1.0,-0.2258,1.0,0.099,0,0.73,0,0.906,114.355,115.4485,0.747,0.091,0.0,2,0.15,0,0.73,1.401,3.219,0.435,0.549,2,114.41575,8,0.733,0.0,0.33,0.3,0.234,0.896,0.951,129.49805,130.27969,116.36563,-791.5355,-423.2837,-2,130.38227,0.616,163.98258,0.587,122.4243,0.611,1,0.02,1,2,2336,0.795,0.557,0.395,14.0,10.2,0.1072,130.6,0.0,1,1,0.607,104.4,1,0,0.593,166.36,-1,8.371,0.101,0.899,0.0,0.0,0.0,0.03,0.0,0.5,0.0,0.49,0.636,0.5,0.497,0.0,0.379,0.0,0,0,0.382,0.424,0.932,0.715,0.0,0.335,0.35,0.0,0.572,0.368,0.0,1.0,0.958
7551,2022.06.15 13:41:40,JPMm,SWEEP_REVERSAL,SELL,4,115.59,116.9,114.42,0.9,0.239,114.41575,114.9625,113.869,0,0.431,0.059,0.8993,116.2945,130.50875,132.99,119.095,0,0.114,0.45,0,114.41575,0.667,0.566,0,0.0,0.0,113.875,119.5325,3.395,0,0,-1,1.0,-1.0,-0.2258,1.0,0.018,0,0.73,0,0.906,114.355,115.4485,0.946,0.108,0.0,2,0.15,0,0.73,1.351,3.019,0.447,0.543,2,114.41575,8,0.733,0.0,0.355,0.3,0.234,0.896,0.951,129.49805,130.27969,116.36563,-791.5355,-423.2837,-2,130.38227,0.616,163.98258,0.587,122.4243,0.611,1,0.02,1,2,2336,0.795,0.557,0.395,10.0,10.2,0.0766,130.6,0.0,1,1,0.607,104.4,1,0,0.593,166.36,-1,8.57,0.101,0.899,0.0,0.0,0.0,0.99,0.0,0.5,0.0,0.49,0.653,0.5,0.497,0.0,0.379,0.0,0,0,0.393,0.405,0.932,0.715,0.0,0.335,0.35,0.0,0.573,0.368,0.0,1.0,0.958
7554,2022.06.15 13:55:40,JPMm,TREND_CONTINUATION,SELL,4,116.01,117.58,114.42,1.02,0.613,114.41575,114.9625,113.869,0,0.431,0.059,1.221,116.2945,130.50875,132.99,119.095,0,0.111,0.45,0,114.41575,0.667,0.566,0,0.0,0.0,113.875,119.5325,3.395,0,0,-1,1.0,-1.0,-0.2258,1.0,0.018,0,0.73,0,0.906,114.355,115.4485,1.268,0.43,0.0,2,0.15,0,0.73,1.207,2.698,0.447,0.526,2,114.41575,8,0.733,0.0,0.355,0.3,0.234,0.896,0.951,129.49805,130.27969,116.36563,-791.5355,-423.2837,-2,130.38227,0.616,163.98258,0.587,122.4243,0.611,1,0.02,1,2,2336,0.795,0.557,0.395,10.0,10.2,0.0766,130.6,0.0,1,1,0.607,104.4,1,0,0.593,166.36,-1,8.892,0.101,0.899,0.0,0.0,0.0,0.99,0.0,0.5,0.0,0.314,0.496,0.5,0.596,0.0,0.426,0.0,0,0,0.351,0.405,0.932,0.715,0.0,0.281,0.542,0.0,0.573,0.368,0.0,1.0,0.958
7556,2022.06.15 14:00:00,JPMm,BREAKOUT,BUY,4,115.98,114.6,119.67,2.68,0.688,114.4405,114.976,113.599,0,0.947,0.366,1.0631,116.101,130.50875,132.99,119.095,0,0.111,0.45,0,114.4405,0.616,0.384,0,0.0,0.0,115.72575,119.5325,2.805,0,0,-1,1.0,-1.0,-0.2297,1.0,0.188,2,0.646,1,0.134,114.364,115.9705,1.121,0.099,0.2154,0,0.0,2,1.0,1.604,2.805,0.572,0.553,2,114.4405,8,0.723,0.0,0.243,1.0,0.0,0.792,0.947,129.49805,130.27969,116.36563,-791.5355,-423.2837,-2,130.38227,0.616,163.98258,0.587,122.4243,0.611,1,0.02,1,2,2337,0.795,0.557,0.395,14.0,10.0,0.1063,131.6,0.0,1,1,0.607,104.4,1,0,0.593,166.36,-1,8.797,0.101,0.899,0.0,0.0,0.0,0.0,0.0,0.5,0.0,0.303,0.499,0.5,0.516,0.0,0.507,0.0,0,0,0.358,0.636,0.0,0.998,0.0,0.707,0.563,0.0,0.501,0.368,0.0,1.0,0.966
7557,2022.06.15 14:00:20,JPMm,ANCHORED_PULLBACK,BUY,4,115.95,115.25,117.32,1.95,0.555,114.4405,114.976,113.599,0,0.947,0.366,1.0403,116.101,130.50875,132.99,119.095,0,0.112,0.45,0,114.4405,0.616,0.384,0,0.0,0.0,115.72575,119.5325,2.805,0,0,-1,1.0,-1.0,-0.2297,1.0,0.188,0,0.657,1,0.134,114.364,115.9705,1.098,0.122,0.0,2,0.0,0,0.657,1.193,2.828,0.422,0.419,1,114.4405,8,0.723,0.0,0.243,0.3,0.0,0.792,0.947,129.49805,130.27969,116.36563,-791.5355,-423.2837,-2,130.38227,0.616,163.98258,0.587,122.4243,0.611,1,0.02,1,2,2337,0.795,0.557,0.395,14.0,10.1,0.1063,131.6,0.0,1,1,0.607,104.4,1,0,0.593,166.36,-1,8.774,0.101,0.899,0.0,0.0,0.0,0.0,0.0,0.5,0.0,0.361,0.492,0.5,0.586,0.0,0.437,0.0,0,0,0.356,0.603,0.0,0.808,0.0,0.391,0.565,0.0,0.57,0.368,0.0,1.0,0.89
7562,2022.06.15 14:26:40,JPMm,PULLBACK,SELL,4,115.26,115.86,114.44,1.37,0.502,114.4405,114.976,113.599,0,0.947,0.366,0.6225,116.101,130.50875,132.99,119.095,0,0.116,0.45,0,114.4405,0.616,0.384,0,0.0,0.0,115.72575,119.5325,2.805,0,0,-1,1.0,-1.0,-0.2297,1.0,0.013,0,0.657,1,0.134,114.364,115.2055,0.681,0.041,0.0,2,0.0,0,0.657,1.454,3.246,0.448,0.45,1,114.4405,8,0.723,0.0,0.296,0.3,0.0,0.792,0.969,129.49805,130.27969,116.36563,-791.5355,-423.2837,-2,130.38227,0.616,163.98258,0.587,122.4243,0.611,1,0.02,1,2,2337,0.795,0.557,0.395,10.0,10.0,0.076,131.6,0.0,1,1,0.607,104.4,1,0,0.593,166.36,-1,8.25,0.101,0.899,0.0,0.0,0.0,0.0,0.0,0.5,0.0,0.768,0.246,0.5,0.543,0.0,0.573,0.0,0,0,0.545,0.468,0.0,0.618,0.0,0.391,0.35,0.0,0.568,0.368,0.0,1.0,0.89
7563,2022.06.15 14:49:40,JPMm,BREAKOUT_RETEST,SELL,4,114.85,115.24,114.44,1.04,0.627,114.4405,114.976,113.599,1,0.947,0.366,0.3111,116.101,130.50875,132.99,119.095,0,0.119,0.45,0,114.4405,0.616,0.384,0,0.0,0.0,115.72575,119.5325,2.805,0,0,-1,1.0,-1.0,-0.2297,1.0,0.159,0,0.657,1,0.134,114.364,115.2055,0.369,0.27,0.0,2,0.0,0,0.657,1.516,3.557,0.426,0.457,1,114.4405,8,0.723,0.262,0.252,0.3,0.0,0.792,0.969,129.49805,130.27969,116.36563,-791.5355,-423.2837,-2,130.38227,0.616,163.98258,0.587,122.4243,0.611,1,0.02,1,2,2337,0.795,0.557,0.395,10.0,10.0,0.076,131.6,0.0,1,1,0.607,104.4,1,0,0.593,166.36,-1,7.938,0.101,0.899,0.0,0.0,0.0,0.0,0.0,0.5,0.0,0.795,0.302,0.5,0.499,0.0,0.502,0.0,0,0,0.469,0.602,0.0,0.523,0.0,0.384,0.35,0.0,0.569,0.368,0.0,1.0,0.847
7568,2022.06.15 15:47:20,JPMm,MEAN_REVERSION,SELL,4,114.92,115.56,114.13,1.22,0.604,114.1345,115.435,113.293,1,0.42,0.183,0.6189,116.4355,129.87,132.26,118.876,0,0.118,0.7,0,114.1345,0.687,0.267,0,0.0,0.0,115.34875,119.5325,3.713,0,0,-1,0.8,-0.825,-0.1546,0.825,0.482,2,0.641,3,0.367,115.5115,115.129,0.466,0.165,0.0,2,0.4,0,0.641,1.373,3.634,0.378,0.405,1,115.435,4,0.6,0.068,0.315,0.247,0.14,0.792,0.789,129.49805,130.27969,116.36563,-791.5355,-423.2837,-2,130.38227,0.616,163.98258,0.587,122.4243,0.611,1,0.02,1,2,2338,0.795,0.557,0.395,10.0,10.0,0.0788,126.9,0.0,1,1,0.607,104.4,1,0,0.593,166.36,-1,8.288,0.101,0.899,0.0,0.0,0.0,0.99,0.0,0.5,0.0,1.0,0.557,0.5,0.54,0.0,0.227,0.0,0,0,0.287,0.51,0.0,0.591,0.0,0.244,0.35,0.0,0.569,0.368,0.0,1.0,0.872
7569,2022.06.15 15:56:20,JPMm,TREND_CONTINUATION,SELL,4,114.95,116.47,111.78,2.08,0.488,114.1345,115.435,113.293,1,0.42,0.183,0.6425,116.4355,129.87,132.26,118.876,0,0.118,0.7,0,114.1345,0.687,0.267,0,0.0,0.0,115.34875,119.5325,3.713,0,0,-1,0.8,-0.825,-0.1546,0.825,0.482,2,0.641,3,0.367,115.5115,115.129,0.442,0.141,0.0,2,0.4,0,0.641,1.364,3.61,0.378,0.404,1,115.435,4,0.6,0.115,0.315,0.247,0.14,0.792,0.789,129.49805,130.27969,116.36563,-791.5355,-423.2837,-2,130.38227,0.616,163.98258,0.587,122.4243,0.611,1,0.02,1,2,2338,0.795,0.557,0.395,10.0,10.0,0.0788,126.9,0.0,1,1,0.607,104.4,1,0,0.593,166.36,-1,8.312,0.101,0.899,0.0,0.0,0.0,0.99,0.0,0.5,0.0,1.0,0.579,0.5,0.549,0.0,0.205,0.0,0,0,0.294,0.51,0.0,0.591,0.0,0.244,0.35,0.0,0.569,0.368,0.0,1.0,0.872
7570,2022.06.15 16:00:00,JPMm,BREAKOUT,SELL,4,114.98,115.63,111.98,4.61,0.442,115.5115,116.2,114.058,1,0.067,0.06,-0.4424,116.01625,129.87,132.26,116.964,0,0.124,0.7,0,115.5115,0.742,0.482,0,0.0,0.0,114.8355,119.5325,3.789,0,0,-1,0.8,-1.0,-0.1104,1.0,0.292,1,0.262,3,0.359,114.8995,115.129,0.067,0.124,0.0,2,0.45,3,1.0,2.297,3.789,0.606,0.606,2,115.5115,8,0.748,0.866,0.392,0.7,0.157,0.888,0.681,130.02573,130.32398,116.36563,-766.6416,24.8939,-1,130.93847,0.607,163.79718,0.6,122.72379,0.572,1,0.059,1,2,2339,0.795,0.557,0.395,10.0,10.0,0.0832,120.1,0.0,1,1,0.607,104.4,1,0,0.593,166.36,-1,8.806,0.121,0.879,0.0,1.0,0.0,0.93,0.0,0.5,0.0,1.0,0.613,0.5,0.418,0.0,0.158,0.0,0,0,0.256,0.485,0.0,0.82,0.0,0.309,0.563,0.0,0.474,0.368,0.0,1.0,0.837
7571,2022.06.15 16:00:20,JPMm,ANCHORED_PULLBACK,SELL,4,114.98,115.2,114.06,4.27,0.539,115.5115,116.2,114.058,1,0.067,0.06,-0.4424,116.01625,129.87,132.26,116.964,0,0.124,0.7,0,115.5115,0.742,0.482,0,0.0,0.0,114.8355,119.5325,3.789,0,0,-1,0.8,-1.0,-0.1104,1.0,0.292,2,0.562,3,0.359,114.8995,115.129,0.067,0.124,0.0,2,0.15,0,0.562,1.539,3.789,0.406,0.453,1,115.5115,8,0.748,0.866,0.272,0.3,0.053,0.888,0.681,130.02573,130.32398,116.36563,-766.6416,24.8939,-1,130.93847,0.607,163.79718,0.6,122.72379,0.572,1,0.059,1,2,2339,0.795,0.557,0.395,10.0,10.0,0.0832,120.1,0.0,1,1,0.607,104.4,1,0,0.593,166.36,-1,8.806,0.121,0.879,0.0,1.0,0.0,0.92,0.0,0.5,0.0,1.0,0.612,0.5,0.498,0.0,0.168,0.0,0,0,0.284,0.617,0.0,0.713,0.0,0.271,0.564,0.0,0.559,0.368,0.0,1.0,0.876
7573,2022.06.15 16:26:40,JPMm,PULLBACK,SELL,4,115.19,116.99,111.59,2.0,0.591,115.5115,116.2,114.058,1,0.067,0.06,-0.2676,116.01625,129.87,132.26,116.964,0,0.122,0.7,0,115.5115,0.742,0.482,0,0.0,0.0,114.8355,119.5325,3.789,0,0,-1,0.8,-1.0,-0.1104,1.0,0.294,2,0.562,3,0.359,114.8995,115.129,0.242,0.051,0.0,2,0.15,0,0.562,1.467,3.614,0.406,0.445,1,116.2,4,0.6,0.516,0.272,0.3,0.053,0.888,0.681,130.02573,130.32398,116.36563,-766.6416,24.8939,-1,130.93847,0.607,163.79718,0.6,122.72379,0.572,1,0.059,1,2,2339,0.795,0.557,0.395,10.0,10.0,0.0832,120.1,0.0,1,1,0.607,104.4,1,0,0.593,166.36,-1,8.981,0.121,0.879,0.0,1.0,0.0,0.83,0.0,0.5,0.0,1.0,0.663,0.5,0.547,0.0,0.295,0.0,0,0,0.38,0.586,0.0,1.0,0.0,0.315,0.538,0.0,0.564,0.368,0.0,1.0,0.876
7574,2022.06.15 16:49:40,JPMm,BREAKOUT_RETEST,SELL,4,114.96,115.63,112.99,2.94,0.533,115.5115,116.2,114.058,1,0.067,0.06,-0.459,116.01625,129.87,132.26,116.964,0,0.124,0.7,0,115.5115,0.742,0.482,0,0.0,0.0,114.8355,119.5325,3.789,0,0,-1,0.8,-1.0,-0.1104,1.0,0.955,2,0.562,3,0.359,114.8995,115.129,0.05,0.141,0.0,2,0.15,0,0.562,1.167,3.806,0.307,0.41,1,115.5115,8,0.748,0.899,0.073,0.3,0.053,0.888,0.681,130.02573,130.32398,116.36563,-766.6416,24.8939,-1,130.93847,0.607,163.79718,0.6,122.72379,0.572,1,0.059,1,2,2339,0.795,0.557,0.395,10.0,10.0,0.0832,120.1,0.0,1,1,0.607,104.4,1,0,0.593,166.36,-1,8.79,0.121,0.879,0.0,1.0,0.0,0.48,0.0,0.5,0.0,0.814,0.368,0.5,0.507,0.0,0.245,0.0,0,0,0.329,0.752,0.0,0.642,0.0,0.354,0.564,0.0,0.586,0.368,0.0,1.0,0.927
7575,2022.06.15 17:01:40,JPMm,SWEEP_REVERSAL,BUY,3,114.74,113.59,115.92,1.02,0.165,114.8995,116.047,114.67,0,0.032,0.366,-0.2248,116.33175,129.87,132.26,116.964,0,0.132,0.45,0,115.8175,0.669,0.45,0,0.0,0.0,0.0,119.5325,4.178,0,0,-1,0.761,-0.7858,-0.0451,0.786,0.304,2,0.577,2,0.101,114.823,114.1345,0.159,0.438,0.0,2,0.25,0,0.577,0.412,1.02,0.404,0.272,0,115.8175,8,0.734,0.683,0.309,0.236,0.088,0.84,0.86,130.02573,130.32398,116.36563,-766.6416,24.8939,-1,130.93847,0.607,163.79718,0.6,122.72379,0.572,1,0.059,1,2,2340,0.797,0.549,0.401,10.0,10.0,0.0866,115.4,0.0,1,1,0.607,104.4,1,0,0.593,166.36,-1,8.958,0.121,0.879,0.0,1.0,0.0,0.02,0.0,0.5,0.0,0.864,0.361,0.5,0.54,0.0,0.323,0.0,0,0,0.375,0.659,0.0,0.387,0.0,0.407,0.226,0.0,0.562,0.368,0.0,1.0,0.962
7578,2022.06.15 17:48:40,JPMm,MEAN_REVERSION,BUY,3,115.07,114.15,115.92,0.92,0.569,114.8995,116.047,114.67,1,0.032,0.366,0.0611,116.33175,129.87,132.26,116.964,0,0.129,0.45,0,115.8175,0.669,0.45,0,0.0,0.0,0.0,119.5325,4.178,0,0,-1,0.761,-0.7858,-0.0451,0.786,1.0,2,0.577,2,0.101,114.823,114.1345,0.127,0.724,0.0,2,0.25,0,0.577,1.186,3.953,0.3,0.363,1,115.8175,8,0.734,0.745,0.1,0.236,0.088,0.84,0.86,130.02573,130.32398,116.36563,-766.6416,24.8939,-1,130.93847,0.607,163.79718,0.6,122.72379,0.572,1,0.059,1,2,2340,0.797,0.549,0.401,10.0,10.0,0.0866,115.4,0.0,1,1,0.607,104.4,1,0,0.593,166.36,-1,9.244,0.121,0.879,0.0,1.0,0.0,0.0,0.0,0.5,0.0,0.87,0.372,0.5,0.568,0.0,0.357,0.0,0,0,0.39,0.795,0.0,0.652,0.0,0.368,0.332,0.0,0.59,0.368,0.0,1.0,0.842
7580,2022.06.15 18:00:00,JPMm,BREAKOUT,BUY,3,115.33,113.61,119.67,2.53,0.261,114.9425,115.487,114.596,1,0.043,0.476,0.2164,116.33175,129.87,132.26,116.964,0,0.128,0.45,0,114.9425,0.674,0.606,0,0.0,0.0,0.0,119.5325,3.797,0,0,-1,0.371,0.606,0.0401,0.606,0.806,0,0.736,1,0.077,114.992,115.784,0.173,0.519,-0.425,1,0.3,1,1.0,0.68,3.797,0.179,0.398,1,114.596,5,0.6,0.654,0.478,0.182,0.105,0.834,0.941,130.02573,130.32398,116.36563,-766.6416,24.8939,-1,130.93847,0.607,163.79718,0.6,122.72379,0.572,1,0.059,1,2,2341,0.797,0.549,0.401,14.0,11.0,0.1224,114.4,0.0,1,1,0.607,104.4,1,0,0.593,166.36,-1,9.558,0.121,0.879,0.0,1.0,0.0,0.21,0.0,0.5,0.0,0.224,0.508,0.5,0.55,0.0,0.337,0.0,0,0,0.305,0.803,0.0,0.744,0.0,0.146,0.35,0.0,0.544,0.368,0.0,1.0,0.767
7584,2022.06.15 18:00:40,JPMm,TREND_CONTINUATION,BUY,3,115.98,114.61,119.67,2.69,0.334,114.9425,115.487,114.596,0,0.043,0.476,0.7848,116.33175,129.87,132.26,116.964,0,0.123,0.45,0,114.9425,0.674,0.606,0,0.0,0.0,0.0,119.5325,3.797,0,0,-1,0.371,0.606,0.0401,0.606,0.082,0,0.758,1,0.077,114.992,115.784,0.742,0.049,0.0,2,0.0,0,0.758,1.413,3.229,0.438,0.468,1,114.9425,8,0.735,0.0,0.275,0.182,0.0,0.834,0.941,130.02573,130.32398,116.36563,-766.6416,24.8939,-1,130.93847,0.607,163.79718,0.6,122.72379,0.572,1,0.059,1,2,2341,0.797,0.549,0.401,14.0,11.1,0.1224,114.4,0.0,1,1,0.607,104.4,1,0,0.593,166.36,-1,10.126,0.121,0.879,0.0,1.0,0.0,0.27,0.0,0.5,0.0,0.345,0.651,0.5,0.642,0.0,0.389,0.0,0,0,0.439,0.685,0.0,0.713,0.0,0.316,0.35,0.0,0.564,0.368,0.0,1.0,0.934
7588,2022.06.15 18:32:40,JPMm,PULLBACK,BUY,3,113.28,111.56,115.04,1.03,0.262,114.9425,115.487,114.596,0,0.043,0.476,-1.5412,116.33175,129.87,132.26,116.964,0,0.146,0.45,0,114.9425,0.674,0.606,0,0.0,0.0,0.0,119.5325,3.797,0,0,-1,0.371,0.606,0.0401,0.606,0.043,0,0.758,1,0.077,114.992,114.299,1.585,0.979,0.0,2,0.0,0,0.758,0.703,1.585,0.444,0.386,1,114.9425,8,0.735,0.0,0.287,0.182,0.0,0.834,0.904,130.02573,130.32398,116.36563,-766.6416,24.8939,-1,130.93847,0.607,163.79718,0.6,122.72379,0.572,1,0.059,1,2,2341,0.797,0.549,0.401,10.0,10.7,0.0874,114.4,0.0,1,1,0.607,104.4,1,0,0.593,166.36,-1,7.765,0.121,0.879,0.0,1.0,0.0,0.18,0.0,0.5,0.0,0.345,0.429,0.5,0.882,0.0,0.823,0.0,0,0,0.637,0.675,0.0,0.238,0.0,0.381,0.125,0.0,0.564,0.368,0.0,1.0,0.934
7590,2022.06.15 18:42:40,JPMm,NAKED_POC,BUY,3,115.74,114.42,119.53,2.88,0.322,114.9425,115.487,114.596,0,0.043,0.476,0.575,116.33175,129.87,132.26,116.964,0,0.125,0.45,0,114.9425,0.674,0.606,0,0.0,0.0,0.0,119.5325,3.797,0,0,-1,0.371,0.606,0.0401,0.606,0.175,0,0.758,1,0.077,114.992,115.784,0.532,0.161,0.0,2,0.0,0,0.758,1.457,3.439,0.424,0.474,1,114.9425,8,0.735,0.0,0.247,0.182,0.0,0.834,0.941,130.02573,130.32398,116.36563,-766.6416,24.8939,-1,130.93847,0.607,163.79718,0.6,122.72379,0.572,1,0.059,1,2,2341,0.797,0.549,0.401,14.0,12.1,0.1224,114.4,0.0,1,1,0.607,104.4,1,0,0.593,166.36,-1,9.916,0.121,0.879,0.0,1.0,0.0,0.52,0.0,0.5,0.0,0.345,0.648,0.5,0.833,0.0,0.75,0.0,0,0,0.638,0.708,0.199,0.618,0.0,0.483,0.35,0.0,0.564,0.368,0.0,1.0,0.934
7592,2022.06.15 18:52:40,JPMm,BREAKOUT_RETEST,BUY,3,115.1,114.76,119.63,13.21,0.34,114.9425,115.487,114.596,1,0.043,0.476,0.0503,116.33175,129.87,132.26,116.964,0,0.13,0.45,0,114.9425,0.674,0.606,0,0.0,0.0,0.0,119.5325,3.797,0,0,-1,0.371,0.606,0.0401,0.606,0.79,0,0.758,1,0.077,114.992,114.299,0.007,0.613,0.0,2,0.0,0,0.758,1.314,3.963,0.332,0.457,1,114.596,5,0.6,0.986,0.063,0.182,0.0,0.834,0.904,130.02573,130.32398,116.36563,-766.6416,24.8939,-1,130.93847,0.607,163.79718,0.6,122.72379,0.572,1,0.059,1,2,2341,0.797,0.549,0.401,10.0,12.4,0.0874,114.4,0.0,1,1,0.607,104.4,1,0,0.593,166.36,-1,9.357,0.121,0.879,0.0,1.0,0.0,0.71,0.0,0.5,0.391,0.323,0.728,0.5,0.813,0.0,0.81,0.0,0,0,0.705,0.874,0.173,0.898,0.0,0.507,0.35,0.0,0.598,0.368,0.0,1.0,0.819
7594,2022.06.15 19:03:59,JPMm,SWEEP_REVERSAL,SELL,3,115.13,116.42,113.97,0.9,0.606,115.112,115.34,113.972,1,0.056,0.764,0.014,116.28575,130.82,132.26,115.94,0,0.122,0.45,0,115.112,0.57,0.213,0,0.0,0.0,115.085,119.5325,3.488,1,1,-1,0.5,0.545,0.0894,0.545,0.958,2,0.636,0,0.603,114.884,115.948,0.191,0.635,0.0,2,0.55,6,0.75,0.534,3.418,0.156,0.352,1,113.972,5,0.6,0.618,0.433,0.164,0.613,0.875,0.953,130.02573,130.32398,116.36563,-766.6416,24.8939,-1,130.93847,0.607,163.79718,0.6,122.72379,0.572,1,0.059,1,2,2342,0.797,0.549,0.401,14.0,12.8,0.1087,128.8,0.0,1,1,0.607,104.4,1,0,0.593,166.36,-1,8.332,0.121,0.879,0.0,1.0,0.0,0.25,0.0,0.5,0.0,0.0,0.377,0.5,0.0,0.0,0.0,0.0,0,0,0.074,0.0,0.0,0.0,0.0,0.0,0.5,0.0,0.0,0.0,0.0,0.0,0.0
7596,2022.06.16 13:40:00,JPMm,BREAKOUT,BUY,4,112.7,110.71,115.18,1.24,0.643,115.03825,115.7925,114.0685,0,1.864,0.081,-1.8643,115.18925,116.42,129.38,113.06,0,0.029,0.4,0,115.46925,0.69,0.734,0,0.0,0.0,115.68475,119.5325,5.245,0,0,-1,0.825,0.755,0.1085,0.755,0.006,0,0.676,0,0.742,115.3615,112.991,2.108,0.324,0.2678,0,0.15,2,1.0,1.311,2.189,0.599,0.58,2,115.03825,1,0.7,0.0,0.358,0.926,0.201,0.857,0.983,130.11219,130.25207,118.43363,-597.3223,169.3193,-1,131.11518,0.565,164.2136,0.573,122.08833,0.578,1,0.0,1,2,2343,0.797,0.549,0.401,14.0,10.0,0.1053,132.9,0.0,1,1,0.607,104.4,1,0,0.593,166.36,-1,6.244,0.231,0.769,0.0,1.0,0.0,0.0,0.0,0.5,0.0,0.652,0.332,0.5,0.382,0.0,0.843,0.0,0,0,0.553,0.173,0.384,0.277,0.0,0.846,0.255,0.0,0.491,0.368,0.0,1.0,0.839
7597,2022.06.16 13:40:20,JPMm,TREND_CONTINUATION,BUY,4,112.7,111.1,115.18,1.55,0.509,115.03825,115.7925,114.0685,0,1.864,0.081,-1.8643,115.18925,116.42,129.38,113.06,0,0.029,0.4,0,115.46925,0.69,0.734,0,0.0,0.0,115.68475,119.5325,5.245,0,0,-1,0.825,0.755,0.1085,0.755,0.006,0,0.71,0,0.742,115.3615,112.991,2.108,0.324,0.0,2,0.15,0,0.71,0.983,2.189,0.449,0.469,1,115.03825,1,0.7,0.0,0.358,0.226,0.201,0.857,0.983,130.11219,130.25207,118.43363,-597.3223,169.3193,-1,131.11518,0.565,164.2136,0.573,122.08833,0.578,1,0.0,1,2,2343,0.797,0.549,0.401,14.0,10.1,0.1053,132.9,0.0,1,1,0.607,104.4,1,0,0.593,166.36,-1,6.244,0.231,0.769,0.0,1.0,0.0,0.0,0.0,0.5,0.0,0.776,0.334,0.5,0.434,0.0,0.727,0.0,0,0,0.52,0.182,0.555,0.096,0.0,0.333,0.131,0.0,0.555,0.368,0.0,1.0,0.801
7598,2022.06.16 13:40:20,JPMm,SWEEP_REVERSAL,BUY,4,112.7,111.37,115.18,1.86,0.213,115.03825,115.7925,114.0685,0,1.864,0.081,-1.8643,115.18925,116.42,129.38,113.06,0,0.029,0.4,0,115.46925,0.69,0.734,0,0.0,0.0,115.68475,119.5325,5.245,0,0,-1,0.825,0.755,0.1085,0.755,0.006,0,0.71,0,0.742,115.3615,112.991,2.108,0.324,0.0,2,0.15,0,0.71,0.983,2.189,0.449,0.469,1,115.03825,1,0.7,0.0,0.358,0.226,0.201,0.857,0.983,130.11219,130.25207,118.43363,-597.3223,169.3193,-1,131.11518,0.565,164.2136,0.573,122.08833,0.578,1,0.0,1,2,2343,0.797,0.549,0.401,14.0,10.1,0.1053,132.9,0.0,1,1,0.607,104.4,1,0,0.593,166.36,-1,6.244,0.231,0.769,0.0,1.0,0.0,0.0,0.0,0.5,0.0,0.776,0.334,0.5,0.434,0.0,0.727,0.0,0,0,0.52,0.182,0.555,0.096,0.0,0.333,0.131,0.0,0.555,0.368,0.0,1.0,0.801
7599,2022.06.16 13:40:40,JPMm,MEAN_REVERSION,BUY,4,112.98,111.92,115.18,2.07,0.654,115.03825,115.7925,114.0685,0,1.864,0.081,-1.6537,115.18925,116.42,129.38,113.06,0,0.027,0.4,0,115.46925,0.69,0.734,0,0.0,0.0,115.68475,119.5325,5.245,0,0,-1,0.825,0.755,0.1085,0.755,0.0,0,0.71,0,0.742,115.3615,112.991,1.897,0.114,0.0,2,0.15,0,0.71,0.89,1.978,0.45,0.459,1,115.03825,1,0.7,0.0,0.36,0.226,0.201,0.857,0.983,130.11219,130.25207,118.43363,-597.3223,169.3193,-1,131.11518,0.565,164.2136,0.573,122.08833,0.578,1,0.0,1,2,2343,0.797,0.549,0.401,14.0,10.2,0.1053,132.9,0.0,1,1,0.607,104.4,1,0,0.593,166.36,-1,6.455,0.231,0.769,0.0,1.0,0.0,0.03,0.0,0.5,0.0,0.776,0.35,0.5,0.455,0.0,0.8,0.0,0,0,0.546,0.181,0.555,0.277,0.0,0.333,0.131,0.0,0.555,0.368,0.0,1.0,0.801
7604,2022.06.16 14:00:00,JPMm,PULLBACK,BUY,4,112.14,110.17,115.16,1.53,0.685,115.05875,115.904,113.972,0,2.11,0.092,-2.2931,116.12975,129.7325,132.26,116.084,0,0.134,0.4,0,115.54175,0.686,0.892,0,0.0,0.0,112.64375,119.5325,5.692,0,0,-1,0.9,0.79,0.1292,0.79,0.052,0,0.679,2,0.161,115.1795,112.16075,2.385,0.092,0.158,0,0.15,2,1.0,1.575,2.66,0.592,0.536,2,115.05875,1,0.7,0.0,0.345,0.937,0.053,0.834,0.95,130.11219,130.25207,118.43363,-597.3223,169.3193,-1,131.11518,0.565,164.2136,0.573,122.08833,0.578,1,0.0,1,2,2344,0.797,0.549,0.401,10.0,10.8,0.076,131.6,0.0,1,1,0.607,104.4,1,0,0.593,166.36,-1,5.88,0.231,0.769,0.0,1.0,0.0,0.21,0.0,0.5,0.0,0.694,0.438,0.5,0.392,0.0,0.512,0.0,0,0,0.36,0.264,0.0,0.373,0.0,0.679,0.255,0.0,0.483,0.368,0.0,1.0,0.839
7605,2022.06.16 14:00:20,JPMm,ANCHORED_PULLBACK,SELL,4,112.09,113.04,109.46,2.78,0.354,115.05875,115.904,113.972,0,2.11,0.092,-2.2552,116.12975,129.7325,132.26,116.084,0,0.134,0.4,0,115.54175,0.686,0.892,0,0.0,0.0,112.64375,119.5325,5.692,0,0,-1,0.9,0.79,0.1292,0.79,0.052,0,0.688,2,0.161,115.1795,112.16075,2.347,0.054,0.0,2,0.15,0,0.688,1.16,2.622,0.442,0.409,1,115.05875,1,0.7,0.0,0.345,0.237,0.053,0.834,0.95,130.11219,130.25207,118.43363,-597.3223,169.3193,-1,131.11518,0.565,164.2136,0.573,122.08833,0.578,1,0.0,1,2,2344,0.797,0.549,0.401,10.0,10.8,0.076,131.6,0.0,1,1,0.607,104.4,1,0,0.593,166.36,-1,5.842,0.231,0.769,0.0,1.0,0.0,0.23,0.0,0.5,0.0,0.826,0.451,0.5,0.446,0.0,0.437,0.0,0,0,0.338,0.251,0.0,0.19,0.0,0.375,0.133,0.0,0.546,0.368,0.0,1.0,0.801
7608,2022.06.16 15:40:00,JPMm,BREAKOUT,SELL,4,113.04,115.09,109.81,1.57,0.271,115.47025,116.361,113.307,0,2.364,0.984,-1.8829,116.18075,116.388,129.188,111.78,1,0.026,0.6,0,115.47025,0.72,0.426,0,0.0,0.0,112.07925,119.5325,5.906,0,0,0,0.25,-0.4017,-0.0146,0.402,0.296,2,0.618,0,0.306,115.343,113.307,1.784,0.207,0.0,2,0.0,0,0.618,0.764,1.883,0.406,0.382,1,115.47025,8,0.744,0.0,0.211,0.121,0.061,0.802,0.89,130.11219,130.25207,118.43363,-597.3223,169.3193,-1,131.11518,0.565,164.2136,0.573,122.08833,0.578,1,0.0,1,2,2345,0.797,0.549,0.401,10.0,10.0,0.0775,129.1,0.0,1,1,0.607,104.4,1,0,0.593,166.36,0,6.694,0.231,0.769,0.0,1.0,0.5,0.83,0.0,0.5,0.0,0.711,0.533,0.5,0.494,0.0,0.22,0.0,0,0,0.256,0.477,0.0,0.0,0.0,0.334,0.25,0.0,0.528,0.368,0.0,1.0,0.899
7609,2022.06.16 15:40:20,JPMm,TREND_CONTINUATION,SELL,4,113.04,115.09,109.81,1.57,0.244,115.47025,116.361,113.307,0,2.364,0.984,-1.8829,116.18075,116.388,129.188,111.78,1,0.026,0.6,0,115.47025,0.72,0.426,0,0.0,0.0,112.07925,119.5325,5.906,0,0,0,0.25,-0.4017,-0.0146,0.402,0.296,2,0.618,0,0.306,115.343,113.307,1.784,0.207,0.0,2,0.0,0,0.618,0.764,1.883,0.406,0.382,1,115.47025,8,0.744,0.0,0.211,0.121,0.061,0.802,0.89,130.11219,130.25207,118.43363,-597.3223,169.3193,-1,131.11518,0.565,164.2136,0.573,122.08833,0.578,1,0.0,1,2,2345,0.797,0.549,0.401,10.0,10.0,0.0775,129.1,0.0,1,1,0.607,104.4,1,0,0.593,166.36,0,6.694,0.231,0.769,0.0,1.0,0.5,0.82,0.0,0.5,0.0,0.711,0.533,0.5,0.494,0.0,0.22,0.0,0,0,0.256,0.477,0.0,0.0,0.0,0.334,0.25,0.0,0.528,0.368,0.0,1.0,0.899
7610,2022.06.16 15:40:20,JPMm,SWEEP_REVERSAL,BUY,4,113.14,111.85,115.57,1.88,0.111,115.47025,116.361,113.307,0,2.364,0.984,-1.8829,116.18075,116.388,129.188,111.78,1,0.026,0.6,0,115.47025,0.72,0.426,0,0.0,0.0,112.07925,119.5325,5.906,0,0,0,0.25,-0.4017,-0.0146,0.402,0.296,2,0.618,0,0.306,115.343,113.307,1.784,0.207,0.0,2,0.0,0,0.618,0.764,1.883,0.406,0.382,1,115.47025,8,0.744,0.0,0.211,0.121,0.061,0.802,0.89,130.11219,130.25207,118.43363,-597.3223,169.3193,-1,131.11518,0.565,164.2136,0.573,122.08833,0.578,1,0.0,1,2,2345,0.797,0.549,0.401,10.0,10.0,0.0775,129.1,0.0,1,1,0.607,104.4,1,0,0.593,166.36,0,6.771,0.231,0.769,0.0,1.0,0.5,0.81,0.0,0.5,0.0,0.711,0.533,0.5,0.494,0.0,0.22,0.0,0,0,0.256,0.477,0.0,0.0,0.0,0.334,0.25,0.0,0.528,0.368,0.0,1.0,0.899
7611,2022.06.16 15:40:40,JPMm,MEAN_REVERSION,BUY,4,112.94,111.91,115.57,2.55,0.628,115.47025,116.361,113.307,0,2.364,0.984,-2.0378,116.18075,116.388,129.188,111.78,1,0.027,0.6,0,115.47025,0.72,0.426,0,0.0,0.0,112.07925,119.5325,5.906,0,0,0,0.25,-0.4017,-0.0146,0.402,0.296,2,0.618,0,0.306,115.343,113.307,1.939,0.362,0.0,2,0.0,0,0.618,0.826,2.038,0.406,0.39,1,115.47025,8,0.744,0.0,0.211,0.121,0.061,0.802,0.89,130.11219,130.25207,118.43363,-597.3223,169.3193,-1,131.11518,0.565,164.2136,0.573,122.08833,0.578,1,0.0,1,2,2345,0.797,0.549,0.401,10.0,10.0,0.0775,129.1,0.0,1,1,0.607,104.4,1,0,0.593,166.36,0,6.616,0.231,0.769,0.0,1.0,0.5,0.26,0.0,0.5,0.0,0.711,0.512,0.5,0.494,0.0,0.22,0.0,0,0,0.244,0.477,0.0,0.0,0.0,0.334,0.227,0.0,0.528,0.368,0.0,1.0,0.899
7616,2022.06.16 17:00:00,JPMm,ANCHORED_PULLBACK,SELL,3,113.55,113.71,112.67,5.66,0.407,112.67075,115.343,111.78,1,0.474,0.105,0.6675,115.97775,116.388,129.188,111.78,1,0.022,0.7,2,115.47025,0.643,0.609,0,0.0,0.0,113.31025,119.5325,4.542,0,0,0,0.55,-0.58,-0.2606,0.58,0.173,2,0.534,1,0.2,112.5435,114.325,0.764,0.588,0.0,2,0.4,0,0.534,0.618,1.458,0.424,0.275,0,112.67075,1,0.7,0.0,0.408,0.174,0.14,0.834,1.0,130.26405,130.38131,118.40812,-602.7493,-5.427,-2,130.26405,0.566,164.23474,0.559,122.27095,0.575,1,0.0,1,2,2347,0.797,0.549,0.401,10.0,10.0,0.0759,131.7,0.0,1,1,0.607,104.4,1,0,0.593,166.36,0,6.947,0.091,0.909,0.0,0.0,0.5,0.98,0.0,0.5,0.0,0.907,0.618,0.5,0.488,0.0,0.359,0.0,0,0,0.361,0.539,0.0,0.694,0.0,0.403,0.566,0.0,0.524,0.368,0.0,1.0,0.803
7618,2022.06.16 17:17:40,JPMm,BREAKOUT_RETEST,SELL,3,114.06,115.47,110.0,2.87,0.351,112.67075,115.343,111.78,1,0.474,0.105,1.0547,115.97775,116.388,129.188,111.78,1,0.018,0.7,2,115.47025,0.643,0.609,0,0.0,0.0,113.31025,119.5325,4.542,0,0,0,0.55,-0.58,-0.2606,0.58,0.0,2,0.534,1,0.2,112.5435,114.325,1.151,0.201,0.0,2,0.4,0,0.534,0.518,1.151,0.45,0.263,0,115.47025,8,0.729,0.0,0.46,0.174,0.14,0.834,1.0,130.26405,130.38131,118.40812,-602.7493,-5.427,-2,130.26405,0.566,164.23474,0.559,122.27095,0.575,1,0.0,1,2,2347,0.797,0.549,0.401,10.0,10.0,0.0759,131.7,0.0,1,1,0.607,104.4,1,0,0.593,166.36,0,7.334,0.091,0.909,0.0,0.0,0.5,0.99,0.0,0.5,0.0,0.51,0.641,0.5,0.469,0.0,0.315,0.0,0,0,0.352,0.409,0.0,0.694,0.0,0.51,0.48,0.0,0.519,0.368,0.0,1.0,0.803
7619,2022.06.16 17:18:40,JPMm,PULLBACK,SELL,3,114.16,115.47,111.78,1.81,0.434,112.67075,115.343,111.78,1,0.474,0.105,1.1307,115.97775,116.388,129.188,111.78,1,0.017,0.7,2,115.47025,0.643,0.609,0,0.0,0.0,113.31025,119.5325,4.542,0,0,0,0.55,-0.58,-0.2606,0.58,0.0,2,0.534,1,0.2,112.5435,114.325,1.227,0.125,0.0,2,0.4,0,0.534,0.552,1.227,0.45,0.267,0,115.47025,8,0.729,0.0,0.46,0.174,0.14,0.834,1.0,130.26405,130.38131,118.40812,-602.7493,-5.427,-2,130.26405,0.566,164.23474,0.559,122.27095,0.575,1,0.0,1,2,2347,0.797,0.549,0.401,10.0,10.0,0.0759,131.7,0.0,1,1,0.607,104.4,1,0,0.593,166.36,0,7.41,0.091,0.909,0.0,0.0,0.5,0.99,0.0,0.5,0.0,0.51,0.642,0.5,0.469,0.0,0.315,0.0,0,0,0.352,0.409,0.0,0.694,0.0,0.51,0.487,0.0,0.519,0.368,0.0,1.0,0.803
7622,2022.06.16 18:00:20,JPMm,BREAKOUT,SELL,3,112.9,113.46,109.58,5.93,0.25,112.1965,113.327,111.899,1,0.104,0.165,0.5304,115.10925,116.388,128.164,111.78,1,0.026,0.6,2,112.1965,0.694,0.218,0,0.0,0.0,113.352,119.5325,4.978,0,0,0,0.6,-0.615,-0.2231,0.615,0.869,2,0.641,3,0.37,112.732,113.1485,0.127,0.187,0.0,2,0.4,0,0.641,0.17,0.53,0.32,0.278,0,113.327,4,0.6,0.747,0.199,0.185,0.14,0.896,0.682,130.26405,130.38131,118.40812,-602.7493,-5.427,-2,130.26405,0.566,164.23474,0.559,122.27095,0.575,1,0.0,1,2,2348,0.797,0.549,0.401,10.0,10.0,0.0754,132.6,0.0,1,1,0.607,104.4,1,0,0.593,166.36,0,6.408,0.091,0.909,0.0,0.0,0.5,0.0,0.0,0.5,0.0,0.54,0.14,0.5,0.519,0.0,0.475,0.0,0,0,0.562,0.776,0.0,0.333,0.0,0.415,0.426,0.0,0.563,0.368,0.0,1.0,0.893
7623,2022.06.16 18:00:20,JPMm,TREND_CONTINUATION,SELL,3,112.9,114.49,109.58,2.08,0.358,112.1965,113.327,111.899,1,0.104,0.165,0.5304,115.10925,116.388,128.164,111.78,1,0.026,0.6,2,112.1965,0.694,0.218,0,0.0,0.0,113.352,119.5325,4.978,0,0,0,0.6,-0.615,-0.2231,0.615,0.869,2,0.641,3,0.37,112.732,113.1485,0.127,0.187,0.0,2,0.4,0,0.641,0.17,0.53,0.32,0.278,0,113.327,4,0.6,0.747,0.199,0.185,0.14,0.896,0.682,130.26405,130.38131,118.40812,-602.7493,-5.427,-2,130.26405,0.566,164.23474,0.559,122.27095,0.575,1,0.0,1,2,2348,0.797,0.549,0.401,10.0,10.0,0.0754,132.6,0.0,1,1,0.607,104.4,1,0,0.593,166.36,0,6.408,0.091,0.909,0.0,0.0,0.5,0.0,0.0,0.5,0.0,0.54,0.14,0.5,0.519,0.0,0.475,0.0,0,0,0.562,0.776,0.0,0.333,0.0,0.415,0.426,0.0,0.563,0.368,0.0,1.0,0.893
7624,2022.06.16 18:00:40,JPMm,MEAN_REVERSION,SELL,3,113.0,113.46,112.2,1.75,0.586,112.1965,113.327,111.899,1,0.104,0.165,0.6058,115.10925,116.388,128.164,111.78,1,0.026,0.6,2,112.1965,0.694,0.218,0,0.0,0.0,113.352,119.5325,4.978,0,0,0,0.6,-0.615,-0.2231,0.615,0.628,2,0.641,3,0.37,112.732,113.1485,0.202,0.112,0.0,2,0.4,0,0.641,0.216,0.606,0.356,0.284,0,112.1965,8,0.739,0.596,0.272,0.185,0.14,0.896,0.682,130.26405,130.38131,118.40812,-602.7493,-5.427,-2,130.26405,0.566,164.23474,0.559,122.27095,0.575,1,0.0,1,2,2348,0.797,0.549,0.401,10.0,10.0,0.0754,132.6,0.0,1,1,0.607,104.4,1,0,0.593,166.36,0,6.484,0.091,0.909,0.0,0.0,0.5,0.1,0.0,0.5,0.0,0.636,0.171,0.5,0.514,0.0,0.448,0.0,0,0,0.531,0.736,0.0,0.369,0.0,0.415,0.426,0.0,0.538,0.368,0.0,1.0,0.843
7625,2022.06.16 19:00:00,JPMm,ANCHORED_PULLBACK,SELL,3,112.62,112.94,112.14,1.52,0.508,113.04175,113.4145,112.1365,1,0.003,0.412,-0.3237,116.0115,116.388,128.164,111.78,1,0.029,0.6,0,113.78725,0.697,0.865,0,0.0,0.0,112.54625,119.5325,5.306,0,0,0,0.65,-0.65,-0.2074,0.65,0.797,2,0.384,0,0.607,112.61575,112.08325,0.003,0.412,-0.1151,1,0.55,5,1.0,0.206,0.896,0.23,0.367,1,113.04175,1,0.7,0.993,0.581,0.195,0.614,0.792,0.92,130.26405,130.38131,118.40812,-602.7493,-5.427,-2,130.26405,0.566,164.23474,0.559,122.27095,0.575,1,0.0,1,2,2349,0.797,0.549,0.401,10.0,10.0,0.0768,130.3,0.0,1,1,0.607,104.4,1,0,0.593,166.36,0,6.309,0.091,0.909,0.0,0.0,0.5,0.57,0.0,0.5,0.0,0.358,0.4,0.5,0.514,0.0,0.376,0.0,0,0,0.365,0.613,0.0,0.461,0.0,0.256,0.563,0.0,0.51,0.368,0.0,1.0,0.75
7628,2022.06.16 19:17:40,JPMm,BREAKOUT_RETEST,SELL,3,113.08,113.54,111.5,3.4,0.421,113.04175,113.4145,112.1365,1,0.003,0.412,0.0294,116.0115,116.388,128.164,111.78,1,0.025,0.6,0,113.78725,0.697,0.865,0,0.0,0.0,112.54625,119.5325,5.306,0,0,0,0.65,-0.65,-0.2074,0.65,1.0,0,0.684,0,0.607,112.9885,113.521,0.07,0.338,0.0,2,0.25,0,0.684,0.163,0.543,0.3,0.342,0,113.78725,8,0.739,0.86,0.1,0.195,0.209,0.907,0.73,130.26405,130.38131,118.40812,-602.7493,-5.427,-2,130.26405,0.566,164.23474,0.559,122.27095,0.575,1,0.0,1,2,2349,0.797,0.549,0.401,10.0,10.0,0.0768,130.3,0.0,1,1,0.607,104.4,1,0,0.593,166.36,0,6.662,0.091,0.909,0.0,0.0,0.5,0.8,0.0,0.5,0.0,0.304,0.669,0.5,0.534,0.0,0.325,0.0,0,0,0.391,0.8,0.0,0.492,0.0,0.376,0.472,0.0,0.569,0.368,0.0,1.0,0.893
7631,2022.06.16 19:28:20,JPMm,SWEEP_REVERSAL,SELL,3,113.45,113.92,113.04,0.87,0.208,113.04175,113.4145,112.1365,0,0.003,0.412,0.3133,116.0115,116.388,128.164,111.78,1,0.023,0.6,0,113.78725,0.697,0.865,0,0.0,0.0,112.54625,119.5325,5.306,0,0,0,0.65,-0.65,-0.2074,0.65,0.28,0,0.684,0,0.607,113.78725,113.521,0.259,0.054,0.0,2,0.25,0,0.684,0.128,0.313,0.408,0.322,0,113.04175,1,0.7,0.482,0.316,0.195,0.209,0.777,0.73,130.26405,130.38131,118.40812,-602.7493,-5.427,-2,130.26405,0.566,164.23474,0.559,122.27095,0.575,1,0.0,1,2,2349,0.797,0.549,0.401,10.0,10.0,0.0768,130.3,0.0,1,1,0.607,104.4,1,0,0.593,166.36,0,6.946,0.091,0.909,0.0,0.0,0.5,0.99,0.0,0.5,0.0,0.374,0.606,0.5,0.55,0.0,0.292,0.0,0,0,0.345,0.791,0.0,0.546,0.0,0.455,0.492,0.0,0.529,0.368,0.0,1.0,1.009
7633,2022.06.17 13:40:00,JPMm,BREAKOUT_RETEST,SELL,4,113.29,113.67,112.35,2.45,0.476,113.00425,113.4565,112.351,1,0.066,0.563,0.2235,114.9195,116.388,128.164,111.78,1,0.024,0.55,0,113.00425,0.763,0.287,0,0.0,0.0,0.0,119.5325,4.882,0,0,0,0.7,-0.86,-0.215,0.86,0.758,0,0.693,0,0.744,113.0545,113.50675,0.184,0.17,-0.1349,1,0.3,0,0.693,0.505,1.5,0.336,0.395,1,112.351,5,0.6,0.632,0.493,0.258,0.254,0.923,0.729,130.21864,130.25563,118.40812,-571.9483,30.801,-1,131.27227,0.554,163.935,0.58,121.78955,0.573,1,0.0,1,2,2350,0.79,0.546,0.404,14.0,10.0,0.1095,127.9,0.0,1,1,0.607,104.4,1,0,0.593,166.36,-1,6.953,0.118,0.882,0.0,1.0,0.0,0.0,0.0,0.5,0.0,0.425,0.457,0.5,0.56,0.0,0.326,0.0,0,0,0.325,0.8,0.0,0.653,0.0,0.194,0.5,0.0,0.556,0.368,0.0,1.0,0.959
7634,2022.06.17 13:40:20,JPMm,MEAN_REVERSION,SELL,4,113.27,114.29,112.35,0.9,0.64,113.00425,113.4565,112.351,1,0.066,0.563,0.2078,114.9195,116.388,128.164,111.78,1,0.024,0.55,0,113.00425,0.763,0.287,0,0.0,0.0,0.0,119.5325,4.882,0,0,0,0.7,-0.86,-0.215,0.86,0.758,0,0.71,0,0.744,113.0545,113.50675,0.169,0.185,0.0,2,0.0,0,0.71,0.505,1.5,0.336,0.445,1,112.351,5,0.6,0.663,0.073,0.258,0.149,0.923,0.729,130.21864,130.25563,118.40812,-571.9483,30.801,-1,131.27227,0.554,163.935,0.58,121.78955,0.573,1,0.0,1,2,2350,0.79,0.546,0.404,14.0,10.1,0.1095,127.9,0.0,1,1,0.607,104.4,1,0,0.593,166.36,-1,6.937,0.118,0.882,0.0,1.0,0.0,0.0,0.0,0.5,0.0,0.425,0.443,0.5,0.56,0.0,0.343,0.0,0,0,0.34,0.815,0.0,0.634,0.0,0.269,0.511,0.0,0.556,0.368,0.0,1.0,1.017
7636,2022.06.17 13:44:20,JPMm,SWEEP_REVERSAL,SELL,4,114.04,115.32,113.0,0.81,0.144,113.00425,113.4565,112.351,0,0.066,0.563,0.8101,114.9195,116.388,128.164,111.78,1,0.018,0.55,0,113.00425,0.763,0.287,0,0.0,0.0,0.0,119.5325,4.882,0,0,0,0.7,-0.86,-0.215,0.86,0.084,0,0.71,0,0.744,113.0545,114.0595,0.771,0.015,0.0,2,0.0,0,0.71,0.354,0.81,0.437,0.427,1,113.00425,8,0.753,0.0,0.275,0.258,0.149,0.923,0.932,130.21864,130.25563,118.40812,-571.9483,30.801,-1,131.27227,0.554,163.935,0.58,121.78955,0.573,1,0.0,1,2,2350,0.79,0.546,0.404,10.0,10.2,0.0782,127.9,0.0,1,1,0.607,104.4,1,0,0.593,166.36,-1,7.54,0.118,0.882,0.0,1.0,0.0,0.99,0.0,0.5,0.0,0.435,0.519,0.5,0.556,0.0,0.288,0.0,0,0,0.293,0.683,0.0,0.66,0.0,0.274,0.599,0.0,0.531,0.368,0.0,1.0,1.009
7639,2022.06.17 13:53:40,JPMm,TREND_CONTINUATION,SELL,4,114.56,116.09,113.0,1.01,0.511,113.00425,113.4565,112.351,0,0.066,0.563,1.2168,114.9195,116.388,128.164,111.78,1,0.014,0.55,0,113.00425,0.763,0.287,0,0.0,0.0,0.0,119.5325,4.882,0,0,0,0.7,-0.86,-0.215,0.86,0.047,0,0.71,0,0.744,113.0545,114.0595,1.177,0.391,0.0,2,0.0,0,0.71,1.722,3.889,0.443,0.587,2,113.00425,8,0.753,0.0,0.286,0.258,0.149,0.923,0.932,130.21864,130.25563,118.40812,-571.9483,30.801,-1,131.27227,0.554,163.935,0.58,121.78955,0.573,1,0.0,1,2,2350,0.79,0.546,0.404,10.0,10.2,0.0782,127.9,0.0,1,1,0.607,104.4,1,0,0.593,166.36,-1,7.946,0.118,0.882,0.0,1.0,0.0,0.99,0.0,0.5,0.0,0.288,0.423,0.5,0.806,0.0,0.406,0.0,0,0,0.451,0.675,0.0,0.44,0.0,0.237,0.72,0.0,0.528,0.368,0.0,1.0,1.009
7641,2022.06.17 14:00:00,JPMm,BREAKOUT,BUY,4,114.31,113.75,117.54,5.74,0.6,113.05375,113.9575,112.7525,0,0.336,0.038,0.8963,114.9195,116.388,128.164,111.78,1,0.017,0.5,0,113.77675,0.691,0.377,0,0.0,0.0,113.90375,119.5325,4.126,0,0,0,1.0,-0.72,-0.1771,0.72,0.142,2,0.63,0,0.8,113.77675,114.319,0.336,0.084,0.0771,0,0.4,2,0.769,0.519,0.896,0.579,0.402,1,113.77675,8,0.738,0.328,0.417,0.916,0.3,0.873,0.898,130.21864,130.25563,118.40812,-571.9483,30.801,-1,131.27227,0.554,163.935,0.58,121.78955,0.573,1,0.0,1,2,2351,0.79,0.546,0.404,10.0,10.0,0.0775,129.0,0.0,1,1,0.607,104.4,1,0,0.593,166.36,0,7.682,0.118,0.882,0.0,1.0,0.5,0.54,0.0,0.5,0.0,0.361,0.354,0.5,0.524,0.0,0.67,0.0,0,0,0.513,0.687,0.0,0.968,0.0,0.609,0.563,0.0,0.474,0.368,0.0,1.0,0.998
7642,2022.06.17 14:00:20,JPMm,ANCHORED_PULLBACK,BUY,4,114.39,114.19,114.9,2.52,0.391,113.05375,113.9575,112.7525,0,0.336,0.038,0.9583,114.9195,116.388,128.164,111.78,1,0.016,0.5,0,113.77675,0.691,0.377,0,0.0,0.0,113.90375,119.5325,4.126,0,0,0,1.0,-0.72,-0.1771,0.72,0.142,0,0.653,0,0.8,113.77675,114.319,0.398,0.022,0.0,2,0.4,0,0.653,0.411,0.958,0.429,0.36,1,113.77675,8,0.738,0.204,0.417,0.216,0.3,0.873,0.898,130.21864,130.25563,118.40812,-571.9483,30.801,-1,131.27227,0.554,163.935,0.58,121.78955,0.573,1,0.0,1,2,2351,0.79,0.546,0.404,10.0,10.0,0.0775,129.0,0.0,1,1,0.607,104.4,1,0,0.593,166.36,0,7.744,0.118,0.882,0.0,1.0,0.5,0.63,0.0,0.5,0.0,0.43,0.365,0.5,0.57,0.0,0.577,0.0,0,0,0.483,0.662,0.0,0.929,0.0,0.368,0.587,0.0,0.547,0.368,0.0,1.0,0.926
7645,2022.06.17 14:16:40,JPMm,PULLBACK,SELL,4,113.26,113.91,111.78,2.29,0.602,113.05375,113.9575,112.7525,1,0.336,0.038,0.1599,114.9195,116.388,128.164,111.78,1,0.024,0.5,0,113.77675,0.691,0.377,0,0.0,0.0,113.90375,119.5325,4.126,0,0,0,1.0,-0.72,-0.1771,0.72,0.797,0,0.653,0,0.8,113.05375,112.21025,0.16,0.814,0.0,2,0.4,0,0.653,0.269,0.814,0.331,0.349,0,113.77675,8,0.738,0.68,0.221,0.216,0.3,0.915,0.818,130.21864,130.25563,118.40812,-571.9483,30.801,-1,131.27227,0.554,163.935,0.58,121.78955,0.573,1,0.0,1,2,2351,0.79,0.546,0.404,10.0,10.0,0.0775,129.0,0.0,1,1,0.607,104.4,1,0,0.593,166.36,0,6.868,0.118,0.882,0.0,1.0,0.5,0.0,0.0,0.5,0.0,0.352,0.38,0.5,0.652,0.0,0.653,0.0,0,0,0.529,0.738,0.0,0.543,0.0,0.309,0.453,0.0,0.573,0.368,0.0,1.0,0.893
7648,2022.06.17 15:40:00,JPMm,BREAKOUT_RETEST,SELL,4,112.96,113.36,112.53,1.09,0.588,113.0345,113.882,112.526,1,0.167,0.26,-0.0563,113.0085,116.388,127.14,111.78,1,0.026,0.6,0,113.8255,0.711,0.794,0,0.0,0.0,0.0,119.5325,5.162,0,0,0,1.0,-0.93,-0.1331,0.93,0.88,0,0.666,0,0.543,113.0345,112.3565,0.056,0.456,0.0,2,0.15,0,0.666,0.208,0.654,0.318,0.348,0,112.526,5,0.6,0.887,0.096,0.279,0.161,0.894,0.954,130.21864,130.25563,118.40812,-571.9483,30.801,-1,131.27227,0.554,163.935,0.58,121.78955,0.573,1,0.0,1,2,2352,0.79,0.546,0.404,10.0,10.0,0.0756,132.4,0.0,1,1,0.607,104.4,1,0,0.593,166.36,0,6.467,0.118,0.882,0.0,1.0,0.5,0.52,0.0,0.5,0.0,0.533,0.591,0.5,0.518,0.0,0.316,0.0,0,0,0.336,0.68,0.0,0.278,0.0,0.237,0.434,0.0,0.574,0.4,0.0,1.0,0.802
7649,2022.06.17 15:42:40,JPMm,MEAN_REVERSION,BUY,4,112.88,111.82,113.93,0.99,0.59,113.0345,113.882,112.526,1,0.167,0.26,-0.1923,113.0085,116.388,127.14,111.78,1,0.027,0.6,0,113.8255,0.711,0.794,0,0.0,0.0,0.0,119.5325,5.162,0,0,0,1.0,-0.93,-0.1331,0.93,0.57,0,0.666,0,0.543,113.0345,112.3565,0.192,0.32,0.0,2,0.15,0,0.666,0.288,0.79,0.365,0.357,1,113.8255,8,0.742,0.615,0.189,0.279,0.161,0.894,0.954,130.21864,130.25563,118.40812,-571.9483,30.801,-1,131.27227,0.554,163.935,0.58,121.78955,0.573,1,0.0,1,2,2352,0.79,0.546,0.404,10.0,10.0,0.0756,132.4,0.0,1,1,0.607,104.4,1,0,0.593,166.36,0,6.407,0.118,0.882,0.0,1.0,0.5,0.1,0.0,0.5,0.0,0.627,0.585,0.5,0.466,0.0,0.271,0.0,0,0,0.299,0.623,0.0,0.308,0.0,0.237,0.413,0.0,0.548,0.4,0.0,1.0,0.835
7651,2022.06.17 15:53:40,JPMm,TREND_CONTINUATION,SELL,4,112.66,114.25,109.35,2.08,0.556,113.0345,113.882,112.526,1,0.167,0.26,-0.2829,113.0085,116.388,127.14,111.78,1,0.028,0.6,0,113.8255,0.711,0.794,0,0.0,0.0,0.0,119.5325,5.162,0,0,0,1.0,-0.93,-0.1331,0.93,0.503,0,0.666,0,0.543,113.0345,112.3565,0.283,0.229,0.0,2,0.15,0,0.666,0.33,0.881,0.375,0.362,1,113.8255,8,0.742,0.434,0.209,0.279,0.161,0.894,0.954,130.21864,130.25563,118.40812,-571.9483,30.801,-1,131.27227,0.554,163.935,0.58,121.78955,0.573,1,0.0,1,2,2352,0.79,0.546,0.404,10.0,10.0,0.0756,132.4,0.0,1,1,0.607,104.4,1,0,0.593,166.36,0,6.241,0.118,0.882,0.0,1.0,0.5,0.24,0.0,0.5,0.0,0.727,0.413,0.5,0.452,0.0,0.22,0.0,0,0,0.276,0.611,0.0,0.308,0.0,0.237,0.379,0.0,0.55,0.4,0.0,1.0,0.835
7652,2022.06.17 16:00:00,JPMm,BREAKOUT,SELL,4,112.44,114.45,109.09,1.67,0.361,113.0345,113.317,112.413,1,0.191,0.062,-0.4434,113.0085,116.388,127.14,111.78,1,0.029,0.4,0,113.0345,0.67,0.468,0,0.0,0.0,112.63125,119.5325,5.29,0,0,0,1.0,-0.965,-0.0642,0.965,0.316,0,0.657,3,0.417,112.6955,112.3565,0.191,0.062,-0.3371,1,0.45,0,0.657,0.179,0.443,0.403,0.245,0,113.0345,8,0.734,0.619,0.685,0.29,0.157,0.599,0.964,130.21864,129.89687,118.40812,-551.7753,20.173,-1,131.27227,0.559,163.935,0.592,121.78955,0.577,1,0.0,1,2,2353,0.79,0.546,0.404,10.0,10.0,0.0746,134.1,0.0,1,1,0.607,104.4,1,0,0.593,166.36,-1,5.997,0.109,0.891,0.0,1.0,0.0,0.0,0.0,0.5,0.0,0.899,0.316,0.5,0.502,0.0,0.188,0.0,0,0,0.336,0.61,0.0,0.387,0.0,0.125,0.362,0.0,0.524,0.4,0.0,1.0,0.726
7654,2022.06.17 16:00:40,JPMm,ANCHORED_PULLBACK,SELL,4,112.29,112.83,109.61,4.97,0.414,113.0345,113.317,112.413,0,0.191,0.062,-0.5553,113.0085,116.388,127.14,111.78,1,0.031,0.4,0,113.0345,0.67,0.468,0,0.0,0.0,112.63125,119.5325,5.29,0,0,0,1.0,-0.965,-0.0642,0.965,0.032,0,0.657,3,0.417,112.6955,112.3565,0.302,0.05,0.0,2,0.15,0,0.657,0.247,0.555,0.445,0.298,0,113.0345,8,0.734,0.395,0.35,0.29,0.053,0.599,0.964,130.21864,129.89687,118.40812,-551.7753,20.173,-1,131.27227,0.559,163.935,0.592,121.78955,0.577,1,0.0,1,2,2353,0.79,0.546,0.404,10.0,10.0,0.0746,134.1,0.0,1,1,0.607,104.4,1,0,0.593,166.36,-1,5.885,0.109,0.891,0.0,1.0,0.0,0.0,0.0,0.5,0.0,1.0,0.304,0.5,0.532,0.0,0.235,0.0,0,0,0.371,0.606,0.0,0.528,0.0,0.264,0.267,0.0,0.541,0.4,0.0,1.0,0.914
7656,2022.06.17 17:00:00,JPMm,PULLBACK,BUY,3,112.77,110.73,116.85,2.0,0.57,112.762,113.32,112.204,1,0.024,0.388,-0.0676,113.17975,116.388,127.14,111.78,1,0.027,0.45,0,112.886,0.655,0.875,0,0.0,0.0,0.0,119.5325,5.041,0,0,0,0.298,0.3581,0.031,0.358,0.836,0,0.74,1,0.161,112.824,112.142,0.113,0.388,0.1557,0,0.0,2,0.802,0.184,0.388,0.475,0.355,1,112.204,5,0.6,0.774,0.049,0.807,0.0,0.905,0.916,130.21864,129.89687,118.40812,-551.7753,20.173,-1,131.27227,0.559,163.935,0.592,121.78955,0.577,1,0.0,1,2,2354,0.79,0.546,0.404,10.0,10.0,0.0735,136.1,0.0,1,1,0.607,104.4,1,0,0.593,166.36,-1,6.148,0.109,0.891,0.0,1.0,0.0,0.2,0.0,0.5,0.0,0.553,0.456,0.5,0.527,0.0,0.372,0.0,0,0,0.334,0.917,0.0,0.591,0.0,0.539,0.473,0.0,0.501,0.4,0.0,1.0,0.744
7658,2022.06.17 17:46:40,JPMm,BREAKOUT_RETEST,BUY,3,113.29,112.73,113.98,1.22,0.26,112.762,113.32,112.204,1,0.024,0.388,0.3144,113.17975,116.388,127.14,111.78,1,0.023,0.45,0,112.886,0.655,0.875,0,0.0,0.0,0.0,119.5325,5.041,0,0,0,0.298,0.3581,0.031,0.358,0.561,0,0.86,1,0.161,112.824,113.506,0.269,0.232,0.0,2,0.0,0,0.86,0.115,0.314,0.366,0.362,1,112.762,1,0.7,0.462,0.132,0.107,0.0,0.905,0.892,130.21864,129.89687,118.40812,-551.7753,20.173,-1,131.27227,0.559,163.935,0.592,121.78955,0.577,1,0.0,1,2,2354,0.79,0.546,0.404,10.0,10.0,0.0735,136.1,0.0,1,1,0.607,104.4,1,0,0.593,166.36,-1,6.53,0.109,0.891,0.0,1.0,0.0,0.15,0.0,0.5,0.0,0.786,0.434,0.5,0.547,0.0,0.414,0.0,0,0,0.369,0.804,0.0,0.797,0.0,0.405,0.516,0.0,0.531,0.4,0.0,1.0,0.777
7660,2022.06.17 17:47:20,JPMm,MEAN_REVERSION,SELL,3,113.11,114.2,112.2,0.83,0.735,112.762,113.32,112.204,1,0.024,0.388,0.2556,113.17975,116.388,127.14,111.78,1,0.024,0.45,0,112.886,0.655,0.875,0,0.0,0.0,0.0,119.5325,5.041,0,0,0,0.298,0.3581,0.031,0.358,0.561,0,0.86,1,0.161,112.824,113.506,0.21,0.291,0.0,2,0.0,0,0.86,0.549,1.5,0.366,0.412,1,112.204,5,0.6,0.58,0.132,0.107,0.0,0.905,0.892,130.21864,129.89687,118.40812,-551.7753,20.173,-1,131.27227,0.559,163.935,0.592,121.78955,0.577,1,0.0,1,2,2354,0.79,0.546,0.404,10.0,10.0,0.0735,136.1,0.0,1,1,0.607,104.4,1,0,0.593,166.36,-1,6.398,0.109,0.891,0.0,1.0,0.0,0.12,0.0,0.5,0.0,0.786,0.437,0.5,0.547,0.0,0.414,0.0,0,0,0.368,0.804,0.0,0.575,0.0,0.405,0.508,0.0,0.536,0.4,0.0,1.0,0.777
7661,2022.06.17 17:53:40,JPMm,TREND_CONTINUATION,BUY,3,113.43,111.8,116.83,2.08,0.253,112.762,113.32,112.204,0,0.024,0.388,0.4172,113.17975,116.388,127.14,111.78,1,0.022,0.45,0,112.886,0.655,0.875,0,0.0,0.0,0.0,119.5325,5.041,0,0,0,0.298,0.3581,0.031,0.358,0.188,0,0.86,1,0.161,112.824,113.506,0.372,0.129,0.0,2,0.0,0,0.86,0.176,0.417,0.422,0.369,1,112.886,8,0.731,0.257,0.244,0.107,0.0,0.905,0.892,130.21864,129.89687,118.40812,-551.7753,20.173,-1,131.27227,0.559,163.935,0.592,121.78955,0.577,1,0.0,1,2,2354,0.79,0.546,0.404,10.0,10.0,0.0735,136.1,0.0,1,1,0.607,104.4,1,0,0.593,166.36,-1,6.633,0.109,0.891,0.0,1.0,0.0,0.31,0.0,0.5,0.0,0.81,0.523,0.5,0.496,0.0,0.333,0.0,0,0,0.296,0.88,0.0,0.797,0.0,0.405,0.516,0.0,0.531,0.4,0.0,1.0,0.816
7663,2022.06.17 18:04:40,JPMm,SWEEP_REVERSAL,SELL,3,113.83,115.22,112.71,0.8,0.266,112.7105,113.438,112.468,0,0.406,0.151,0.8029,113.17975,116.388,127.14,111.78,1,0.018,0.5,0,112.7105,0.661,0.543,0,0.0,0.0,0.0,119.5325,4.348,0,0,0,0.236,-0.2172,-0.0134,0.217,0.18,0,0.774,0,0.471,112.759,113.923,0.768,0.067,0.0,2,0.4,0,0.774,0.34,0.803,0.423,0.349,0,112.7105,8,0.732,0.0,0.406,0.065,0.234,0.94,0.884,130.21864,129.89687,118.40812,-551.7753,20.173,-1,131.27227,0.559,163.935,0.592,121.78955,0.577,1,0.0,1,2,2355,0.79,0.546,0.404,10.0,10.0,0.0717,139.4,0.0,1,1,0.607,104.4,1,0,0.593,166.36,-1,6.763,0.109,0.891,0.0,1.0,0.0,0.99,0.0,0.5,0.0,0.881,0.567,0.5,0.466,0.0,0.313,0.0,0,0,0.305,0.582,0.0,0.713,0.0,0.228,0.574,0.0,0.529,0.4,0.0,1.0,0.843
7666,2022.06.17 19:00:00,JPMm,BREAKOUT,BUY,3,113.85,112.95,116.92,3.41,0.495,112.6575,113.655,112.5,0,0.632,0.222,0.8887,113.17975,116.388,126.116,111.78,1,0.021,0.55,0,112.6575,0.765,0.12,0,0.0,0.0,0.0,119.5325,4.704,0,0,0,0.638,-0.4702,-0.0407,0.47,0.546,2,0.62,0,0.587,112.815,114.075,0.761,0.264,0.1505,0,0.4,2,0.937,0.46,0.889,0.518,0.413,1,112.6575,8,0.753,0.0,0.296,0.841,0.257,0.895,0.72,130.21864,129.89687,118.40812,-551.7753,20.173,-1,131.27227,0.559,163.935,0.592,121.78955,0.577,1,0.0,1,2,2356,0.79,0.546,0.404,10.0,10.0,0.0813,122.9,0.0,1,1,0.607,104.4,1,0,0.593,166.36,0,7.687,0.109,0.891,0.0,1.0,0.5,0.3,0.0,0.5,0.0,0.521,0.406,0.5,0.415,0.0,0.335,0.0,0,0,0.315,0.515,0.0,0.968,0.0,0.647,0.529,0.0,0.475,0.4,0.0,1.0,0.925
7669,2022.06.17 19:14:40,JPMm,PULLBACK,SELL,3,113.25,113.78,112.66,1.12,0.462,112.6575,113.655,112.5,1,0.632,0.222,0.482,113.17975,116.388,126.116,111.78,1,0.026,0.55,0,112.6575,0.765,0.12,0,0.0,0.0,0.0,119.5325,4.704,0,0,0,0.638,-0.4702,-0.0407,0.47,0.641,2,0.646,0,0.587,112.815,114.075,0.354,0.671,0.0,2,0.4,0,0.646,0.237,0.671,0.354,0.314,0,112.6575,8,0.753,0.292,0.268,0.141,0.257,0.895,0.72,130.21864,129.89687,118.40812,-551.7753,20.173,-1,131.27227,0.559,163.935,0.592,121.78955,0.577,1,0.0,1,2,2356,0.79,0.546,0.404,10.0,10.0,0.0813,122.9,0.0,1,1,0.607,104.4,1,0,0.593,166.36,0,7.199,0.109,0.891,0.0,1.0,0.5,0.12,0.0,0.5,0.0,0.556,0.351,0.5,0.471,0.0,0.273,0.0,0,0,0.34,0.589,0.0,0.845,0.0,0.359,0.488,0.0,0.54,0.4,0.0,1.0,0.771
7672,2022.06.21 13:40:00,JPMm,BREAKOUT,BUY,4,116.12,113.81,119.67,1.54,0.483,113.3475,114.03,112.665,0,1.938,0.927,2.275,113.17975,113.316,123.044,111.78,1,0.023,0.35,0,113.3475,0.8,0.964,0,0.0,0.0,113.43375,119.5325,3.07,0,0,0,0.446,-0.4764,-0.037,0.476,0.009,2,0.506,0,0.51,113.5425,115.005,2.106,0.843,0.1815,0,0.25,2,1.0,1.838,3.07,0.599,0.595,2,113.3475,8,0.76,0.0,0.397,0.843,0.19,0.836,1.0,121.97491,129.89687,118.40812,-539.9211,11.8542,-1,130.56009,0.564,163.82769,0.613,121.97491,0.587,1,0.163,1,2,2357,0.79,0.546,0.404,14.0,10.0,0.121,115.7,0.0,1,1,0.607,104.4,1,0,0.593,166.36,0,10.128,0.04,0.96,0.0,1.0,0.5,0.0,0.0,0.5,0.0,0.201,0.422,0.5,0.45,0.0,0.512,0.0,0,0,0.387,0.41,0.0,0.612,0.0,0.665,0.7,0.0,0.494,0.35,0.0,1.0,0.965
7673,2022.06.21 13:40:20,JPMm,TREND_CONTINUATION,SELL,4,115.91,117.3,113.35,1.85,0.355,113.3475,114.03,112.665,0,1.938,0.927,2.2145,113.17975,113.316,123.044,111.78,1,0.022,0.35,0,113.3475,0.8,0.964,0,0.0,0.0,113.43375,119.5325,3.07,0,0,0,0.446,-0.4764,-0.037,0.476,0.009,0,0.806,0,0.51,113.5425,115.005,2.046,0.782,0.0,2,0.25,0,0.806,1.404,3.131,0.449,0.496,1,113.3475,8,0.76,0.0,0.397,0.143,0.19,0.836,1.0,121.97491,129.89687,118.40812,-539.9211,11.8542,-1,130.56009,0.564,163.82769,0.613,121.97491,0.587,1,0.163,1,2,2357,0.79,0.546,0.404,14.0,10.1,0.121,115.7,0.0,1,1,0.607,104.4,1,0,0.593,166.36,0,9.947,0.04,0.96,0.0,1.0,0.5,0.0,0.0,0.5,0.0,0.24,0.415,0.5,0.511,0.0,0.437,0.0,0,0,0.379,0.426,0.0,0.459,0.0,0.263,0.875,0.0,0.563,0.35,0.0,1.0,0.9
7674,2022.06.21 13:40:20,JPMm,SWEEP_REVERSAL,SELL,4,115.91,117.07,113.35,2.21,0.246,113.3475,114.03,112.665,0,1.938,0.927,2.2145,113.17975,113.316,123.044,111.78,1,0.022,0.35,0,113.3475,0.8,0.964,0,0.0,0.0,113.43375,119.5325,3.07,0,0,0,0.446,-0.4764,-0.037,0.476,0.009,0,0.806,0,0.51,113.5425,115.005,2.046,0.782,0.0,2,0.25,0,0.806,1.404,3.131,0.449,0.496,1,113.3475,8,0.76,0.0,0.397,0.143,0.19,0.836,1.0,121.97491,129.89687,118.40812,-539.9211,11.8542,-1,130.56009,0.564,163.82769,0.613,121.97491,0.587,1,0.163,1,2,2357,0.79,0.546,0.404,14.0,10.1,0.121,115.7,0.0,1,1,0.607,104.4,1,0,0.593,166.36,0,9.947,0.04,0.96,0.0,1.0,0.5,0.0,0.0,0.5,0.0,0.24,0.415,0.5,0.511,0.0,0.437,0.0,0,0,0.379,0.426,0.0,0.459,0.0,0.263,0.875,0.0,0.563,0.35,0.0,1.0,0.9
7675,2022.06.21 13:40:40,JPMm,MEAN_REVERSION,SELL,4,116.2,117.13,113.35,3.08,0.725,113.3475,114.03,112.665,0,1.938,0.927,2.4651,113.17975,113.316,123.044,111.78,1,0.025,0.35,0,113.3475,0.8,0.964,0,0.0,0.0,113.43375,119.5325,3.07,0,0,0,0.446,-0.4764,-0.037,0.476,0.009,0,0.806,0,0.51,113.5425,115.005,2.297,1.033,0.0,2,0.25,0,0.806,1.292,2.88,0.449,0.483,1,113.3475,8,0.76,0.0,0.397,0.143,0.19,0.836,1.0,121.97491,129.89687,118.40812,-539.9211,11.8542,-1,130.56009,0.564,163.82769,0.613,121.97491,0.587,1,0.163,1,2,2357,0.79,0.546,0.404,14.0,10.2,0.121,115.7,0.0,1,1,0.607,104.4,1,0,0.593,166.36,0,10.198,0.04,0.96,0.0,1.0,0.5,0.03,0.0,0.5,0.0,0.24,0.44,0.5,0.511,0.0,0.437,0.0,0,0,0.364,0.426,0.0,0.459,0.0,0.263,0.881,0.0,0.573,0.35,0.0,1.0,0.9
7676,2022.06.21 13:40:59,JPMm,NAKED_POC,BUY,4,116.34,114.83,119.53,2.12,0.287,113.3475,114.03,112.665,0,1.938,0.927,2.4651,113.17975,113.316,123.044,111.78,1,0.025,0.35,0,113.3475,0.8,0.964,0,0.0,0.0,113.43375,119.5325,3.07,0,0,0,0.446,-0.4764,-0.037,0.476,0.009,0,0.806,0,0.51,113.5425,115.005,2.297,1.033,0.0,2,0.25,0,0.806,1.292,2.88,0.449,0.483,1,113.3475,8,0.76,0.0,0.397,0.143,0.19,0.836,1.0,121.97491,129.89687,118.40812,-539.9211,11.8542,-1,130.56009,0.564,163.82769,0.613,121.97491,0.587,1,0.163,1,2,2357,0.79,0.546,0.404,14.0,10.2,0.121,115.7,0.0,1,1,0.607,104.4,1,0,0.593,166.36,0,10.319,0.04,0.96,0.0,1.0,0.5,0.03,0.0,0.5,0.0,0.24,0.449,0.5,0.511,0.0,0.437,0.0,0,0,0.359,0.426,0.0,0.459,0.0,0.263,0.881,0.0,0.573,0.35,0.0,1.0,0.9
7677,2022.06.21 14:00:00,JPMm,PULLBACK,BUY,4,116.85,116.31,119.63,5.16,0.27,113.37525,113.964,112.551,0,2.546,1.513,2.9585,113.17975,116.388,122.02,111.78,1,0.003,0.3,4,113.37525,0.748,0.739,0,0.0,0.0,116.325,119.5325,2.439,0,0,0,0.357,0.298,0.0235,0.298,0.096,0,0.781,3,0.804,113.61075,115.02375,2.752,1.513,0.0421,2,0.0,0,0.781,1.288,2.958,0.436,0.546,2,119.5325,6,0.65,0.0,0.271,0.089,0.15,0.796,1.0,121.97491,129.89687,118.40812,-539.9211,11.8542,-1,130.56009,0.564,163.82769,0.613,121.97491,0.587,1,0.163,1,2,2358,0.79,0.546,0.404,10.0,10.0,0.0877,114.1,0.0,1,1,0.607,104.4,1,0,0.593,166.36,0,10.914,0.04,0.96,0.0,1.0,0.5,0.96,0.0,0.5,0.0,0.086,0.573,0.5,0.532,0.0,0.499,0.0,0,0,0.403,0.68,0.0,0.595,0.0,0.292,0.847,0.0,0.597,0.4,0.0,1.0,0.908
7678,2022.06.21 14:00:20,JPMm,ANCHORED_PULLBACK,BUY,4,116.85,115.98,119.53,3.09,0.383,113.37525,113.964,112.551,0,2.546,1.513,2.9585,113.17975,116.388,122.02,111.78,1,0.003,0.3,4,113.37525,0.748,0.739,0,0.0,0.0,116.325,119.5325,2.439,0,0,0,0.357,0.298,0.0235,0.298,0.096,0,0.796,3,0.804,113.61075,115.02375,2.752,1.513,0.0,2,0.0,0,0.796,1.288,2.958,0.436,0.549,2,119.5325,6,0.65,0.0,0.271,0.089,0.15,0.796,1.0,121.97491,129.89687,118.40812,-539.9211,11.8542,-1,130.56009,0.564,163.82769,0.613,121.97491,0.587,1,0.163,1,2,2358,0.79,0.546,0.404,10.0,10.0,0.0877,114.1,0.0,1,1,0.607,104.4,1,0,0.593,166.36,0,10.914,0.04,0.96,0.0,1.0,0.5,0.95,0.0,0.5,0.0,0.086,0.571,0.5,0.532,0.0,0.499,0.0,0,0,0.402,0.683,0.0,0.595,0.0,0.292,0.847,0.0,0.597,0.4,0.0,1.0,0.908
7684,2022.06.21 15:00:00,JPMm,BREAKOUT_RETEST,BUY,4,115.82,113.88,119.63,1.97,0.709,113.5025,115.965,113.01,1,1.603,0.737,1.9488,112.94325,116.388,120.996,111.78,1,0.006,0.75,2,113.5025,0.711,0.282,0,0.0,0.0,115.966,119.5325,3.351,0,0,0,0.75,0.545,0.0708,0.545,0.207,2,0.441,1,0.089,113.601,114.8815,1.862,0.737,1.3552,0,0.55,2,1.0,1.906,3.351,0.569,0.501,2,113.5025,8,0.742,0.0,0.458,0.863,0.193,0.798,1.0,121.97491,129.89687,118.40812,-539.9211,11.8542,-1,130.56009,0.564,163.82769,0.613,121.97491,0.587,1,0.163,1,2,2359,0.79,0.546,0.404,10.0,10.0,0.0879,113.8,0.0,1,1,0.607,104.4,1,0,0.593,166.36,0,10.036,0.04,0.96,0.0,1.0,0.5,0.28,0.0,0.5,0.0,0.924,0.425,0.5,0.467,0.0,0.423,0.0,0,0,0.354,0.504,0.0,0.701,0.0,0.549,0.43,0.0,0.462,0.4,0.0,1.0,0.826
7686,2022.06.21 15:41:40,JPMm,MEAN_REVERSION,SELL,4,115.26,116.08,113.5,2.15,0.573,113.5025,115.965,113.01,1,1.603,0.737,1.5446,112.94325,116.388,120.996,111.78,1,0.01,0.75,2,113.5025,0.711,0.282,0,0.0,0.0,115.966,119.5325,3.351,0,0,0,0.75,0.545,0.0708,0.545,0.0,2,0.508,1,0.089,113.601,114.8815,1.458,0.333,0.0,2,0.25,0,0.508,1.69,3.755,0.45,0.397,1,115.965,4,0.6,0.0,0.4,0.164,0.088,0.798,1.0,121.97491,129.89687,118.40812,-539.9211,11.8542,-1,130.56009,0.564,163.82769,0.613,121.97491,0.587,1,0.163,1,2,2359,0.79,0.546,0.404,10.0,10.0,0.0879,113.8,0.0,1,1,0.607,104.4,1,0,0.593,166.36,0,9.544,0.04,0.96,0.0,1.0,0.5,0.62,0.0,0.5,0.0,1.0,0.408,0.5,0.461,0.0,0.205,0.0,0,0,0.275,0.369,0.0,0.681,0.0,0.281,0.56,0.0,0.546,0.45,0.0,1.0,0.77
7687,2022.06.21 16:00:20,JPMm,BREAKOUT,BUY,4,115.09,113.74,117.89,2.07,0.259,113.749,115.98,113.07,1,0.788,0.078,1.1073,112.94325,116.388,120.996,111.78,1,0.012,0.75,2,113.361,0.681,0.216,0,0.0,0.0,0.0,119.5325,4.044,0,0,0,0.55,0.755,0.1969,0.755,0.083,2,0.499,3,0.886,115.883,114.622,0.797,0.328,0.0,2,0.15,0,0.499,0.636,1.454,0.438,0.378,1,113.749,1,0.7,0.0,0.335,0.226,0.053,0.722,0.973,129.82104,129.89687,118.40812,-531.0086,8.9125,-1,130.91443,0.556,163.71632,0.621,121.07387,0.57,1,0.125,1,2,2360,0.789,0.544,0.408,10.0,10.0,0.0892,112.1,0.0,1,1,0.607,104.4,1,0,0.593,166.36,0,9.539,0.096,0.904,0.0,1.0,0.5,0.0,0.0,0.5,0.0,0.926,0.327,0.5,0.435,0.0,0.187,0.0,0,0,0.309,0.373,0.0,0.795,0.0,0.286,0.536,0.0,0.542,0.429,0.0,1.0,0.674
7688,2022.06.21 16:00:20,JPMm,PULLBACK,BUY,4,115.09,113.74,118.45,2.48,0.477,113.749,115.98,113.07,1,0.788,0.078,1.1073,112.94325,116.388,120.996,111.78,1,0.012,0.75,2,113.361,0.681,0.216,0,0.0,0.0,0.0,119.5325,4.044,0,0,0,0.55,0.755,0.1969,0.755,0.083,2,0.499,3,0.886,115.883,114.622,0.797,0.328,0.0,2,0.15,0,0.499,0.636,1.454,0.438,0.378,1,113.749,1,0.7,0.0,0.335,0.226,0.053,0.722,0.973,129.82104,129.89687,118.40812,-531.0086,8.9125,-1,130.91443,0.556,163.71632,0.621,121.07387,0.57,1,0.125,1,2,2360,0.789,0.544,0.408,10.0,10.0,0.0892,112.1,0.0,1,1,0.607,104.4,1,0,0.593,166.36,0,9.539,0.096,0.904,0.0,1.0,0.5,0.0,0.0,0.5,0.0,0.926,0.327,0.5,0.435,0.0,0.187,0.0,0,0,0.309,0.373,0.0,0.795,0.0,0.286,0.536,0.0,0.542,0.429,0.0,1.0,0.674
7691,2022.06.21 16:31:20,JPMm,NAKED_POC,BUY,4,115.71,115.33,119.53,9.98,0.347,113.749,115.98,113.07,1,0.788,0.078,1.6605,112.94325,116.388,120.996,111.78,1,0.007,0.75,2,113.361,0.681,0.216,0,0.0,0.0,0.0,119.5325,4.044,0,0,0,0.55,0.755,0.1969,0.755,0.505,2,0.499,3,0.886,115.883,115.495,0.244,0.103,0.0,2,0.15,0,0.499,1.31,3.5,0.374,0.456,1,115.98,4,0.6,0.513,0.208,0.226,0.053,0.722,0.745,129.82104,129.89687,118.40812,-531.0086,8.9125,-1,130.91443,0.556,163.71632,0.621,121.07387,0.57,1,0.125,1,2,2360,0.789,0.544,0.408,10.0,10.0,0.0892,112.1,0.0,1,1,0.607,104.4,1,0,0.593,166.36,0,10.092,0.096,0.904,0.0,1.0,0.5,0.99,0.0,0.5,0.0,0.803,0.81,0.5,0.482,0.0,0.205,0.0,0,0,0.413,0.455,0.0,0.574,0.0,0.286,0.584,0.0,0.545,0.45,0.0,1.0,0.71
7693,2022.06.21 16:37:40,JPMm,TREND_CONTINUATION,BUY,4,115.75,113.74,119.63,1.93,0.408,113.749,115.98,113.07,1,0.788,0.078,1.6962,112.94325,116.388,120.996,111.78,1,0.007,0.75,2,113.361,0.681,0.216,0,0.0,0.0,0.0,119.5325,4.044,0,0,0,0.55,0.755,0.1969,0.755,0.505,2,0.499,3,0.886,115.883,115.495,0.208,0.138,0.0,2,0.15,0,0.499,1.296,3.464,0.374,0.455,1,113.749,1,0.7,0.584,0.208,0.226,0.053,0.722,0.745,129.82104,129.89687,118.40812,-531.0086,8.9125,-1,130.91443,0.556,163.71632,0.621,121.07387,0.57,1,0.125,1,2,2360,0.789,0.544,0.408,10.0,10.0,0.0892,112.1,0.0,1,1,0.607,104.4,1,0,0.593,166.36,0,10.127,0.096,0.904,0.0,1.0,0.5,0.99,0.0,0.5,0.0,0.808,0.667,0.5,0.484,0.0,0.212,0.0,0,0,0.331,0.455,0.0,0.574,0.0,0.286,0.587,0.0,0.545,0.45,0.0,1.0,0.71
7697,2022.06.21 17:41:59,JPMm,MEAN_REVERSION,BUY,3,115.48,114.63,117.08,1.88,0.612,115.301,116.756,115.01,1,0.158,0.703,0.0739,112.94325,113.2425,120.555,111.78,1,0.02,0.45,0,113.361,0.745,0.0,2,0.0,0.0,0.0,119.5325,3.802,0,0,0,0.6,0.615,0.2842,0.615,1.0,2,0.574,3,0.731,115.301,114.331,0.074,0.982,0.0,2,0.25,0,0.574,1.166,3.886,0.3,0.458,1,115.01,5,0.6,0.852,0.1,0.185,0.088,1.0,0.997,129.82104,129.89687,118.40812,-531.0086,8.9125,-1,130.91443,0.556,163.71632,0.621,121.07387,0.57,1,0.125,1,2,2361,0.789,0.544,0.408,10.0,10.0,0.0936,106.9,0.0,1,1,0.607,104.4,1,0,0.593,166.36,1,10.369,0.096,0.904,0.0,1.0,1.0,0.02,0.0,0.5,0.0,0.446,0.336,0.5,0.509,0.0,0.297,0.0,0,0,0.37,0.8,0.0,0.61,0.093,0.24,0.489,0.0,0.586,0.45,0.0,1.0,0.802
7699,2022.06.21 18:00:00,JPMm,BREAKOUT_RETEST,BUY,3,115.22,114.91,115.71,1.58,0.442,115.60675,115.955,115.0595,1,0.086,1.25,-0.4742,112.94325,115.98525,121.125,111.78,1,0.008,0.45,0,115.60675,0.609,0.675,0,0.0,0.0,115.3475,119.5325,4.299,0,0,0,0.65,0.825,0.3516,0.825,0.594,0,0.707,3,0.353,115.2585,115.00975,0.135,0.107,0.0,2,0.0,0,0.707,0.171,0.474,0.361,0.359,1,115.60675,8,0.722,0.73,0.122,0.247,0.0,0.95,0.811,129.82104,129.89687,118.40812,-531.0086,8.9125,-1,130.91443,0.556,163.71632,0.621,121.07387,0.57,1,0.125,1,2,2362,0.789,0.544,0.408,10.0,10.0,0.0974,102.6,0.0,1,1,0.607,104.4,1,0,0.593,166.36,1,10.541,0.096,0.904,0.0,1.0,1.0,0.07,0.0,0.5,0.0,0.796,0.391,0.5,0.547,0.0,0.26,0.0,0,0,0.333,0.814,0.0,1.0,0.067,0.254,0.427,0.0,0.562,0.429,0.0,1.0,0.84
7701,2022.06.21 18:02:40,JPMm,ANCHORED_PULLBACK,SELL,3,115.24,115.36,115.06,1.49,0.495,115.60675,115.955,115.0595,1,0.086,1.25,-0.3573,112.94325,115.98525,121.125,111.78,1,0.007,0.45,0,115.60675,0.609,0.675,0,0.0,0.0,115.3475,119.5325,4.299,0,0,0,0.65,0.825,0.3516,0.825,1.0,0,0.707,3,0.353,115.2585,115.00975,0.018,0.224,0.0,2,0.0,0,0.707,0.107,0.357,0.3,0.352,1,115.60675,8,0.722,0.964,0.0,0.247,0.0,0.95,0.811,129.82104,129.89687,118.40812,-531.0086,8.9125,-1,130.91443,0.556,163.71632,0.621,121.07387,0.57,1,0.125,1,2,2362,0.789,0.544,0.408,10.0,10.0,0.0974,102.6,0.0,1,1,0.607,104.4,1,0,0.593,166.36,1,10.561,0.096,0.904,0.0,1.0,1.0,0.5,0.0,0.5,0.0,0.677,0.492,0.5,0.547,0.0,0.276,0.0,0,0,0.279,0.814,0.0,0.911,0.067,0.279,0.427,0.0,0.586,0.45,0.0,1.0,0.883
7703,2022.06.21 18:10:40,JPMm,BREAKOUT,BUY,3,115.63,115.21,116.06,1.0,0.315,115.60675,115.955,115.0595,1,0.086,1.25,-0.0748,112.94325,115.98525,121.125,111.78,1,0.004,0.45,0,115.60675,0.609,0.675,0,0.0,0.0,115.3475,119.5325,4.299,0,0,0,0.65,0.825,0.3516,0.825,0.987,0,0.707,3,0.353,115.557,115.00975,0.026,0.507,0.0,2,0.0,0,0.707,1.177,3.899,0.302,0.481,1,115.955,4,0.6,0.947,0.004,0.247,0.0,0.984,0.811,129.82104,129.89687,118.40812,-531.0086,8.9125,-1,130.91443,0.556,163.71632,0.621,121.07387,0.57,1,0.125,1,2,2362,0.789,0.544,0.408,10.0,10.0,0.0974,102.6,0.0,1,1,0.607,104.4,1,0,0.593,166.36,1,10.941,0.096,0.904,0.0,1.0,1.0,0.99,0.0,0.5,0.0,0.651,0.474,0.5,0.535,0.0,0.307,0.0,0,0,0.299,0.814,0.0,0.832,0.093,0.269,0.54,0.0,0.586,0.45,0.0,1.0,0.804
7705,2022.06.21 18:11:40,JPMm,PULLBACK,BUY,3,115.55,114.01,119.63,2.65,0.544,115.60675,115.955,115.0595,1,0.086,1.25,-0.1527,112.94325,115.98525,121.125,111.78,1,0.005,0.45,0,115.60675,0.609,0.675,0,0.0,0.0,115.3475,119.5325,4.299,0,0,0,0.65,0.825,0.3516,0.825,0.781,0,0.707,3,0.353,115.557,115.00975,0.104,0.429,0.0,2,0.0,0,0.707,1.324,3.977,0.333,0.498,1,115.0595,5,0.6,0.792,0.066,0.247,0.0,0.984,0.811,129.82104,129.89687,118.40812,-531.0086,8.9125,-1,130.91443,0.556,163.71632,0.621,121.07387,0.57,1,0.125,1,2,2362,0.789,0.544,0.408,10.0,10.0,0.0974,102.6,0.0,1,1,0.607,104.4,1,0,0.593,166.36,1,10.863,0.096,0.904,0.0,1.0,1.0,0.93,0.0,0.5,0.0,0.566,0.495,0.5,0.535,0.0,0.291,0.0,0,0,0.28,0.814,0.0,0.832,0.093,0.269,0.54,0.0,0.586,0.45,0.0,1.0,0.883
7707,2022.06.21 18:37:40,JPMm,TREND_CONTINUATION,BUY,3,115.53,114.3,119.63,3.33,0.464,115.60675,115.955,115.0595,1,0.086,1.25,-0.1722,112.94325,115.98525,121.125,111.78,1,0.005,0.45,0,115.60675,0.609,0.675,0,0.0,0.0,115.3475,119.5325,4.299,0,0,0,0.65,0.825,0.3516,0.825,0.781,0,0.707,3,0.353,115.557,115.00975,0.124,0.409,0.0,2,0.0,0,0.707,1.33,3.997,0.333,0.499,1,115.0595,5,0.6,0.753,0.066,0.247,0.0,0.984,0.811,129.82104,129.89687,118.40812,-531.0086,8.9125,-1,130.91443,0.556,163.71632,0.621,121.07387,0.57,1,0.125,1,2,2362,0.789,0.544,0.408,10.0,10.0,0.0974,102.6,0.0,1,1,0.607,104.4,1,0,0.593,166.36,1,10.843,0.096,0.904,0.0,1.0,1.0,0.18,0.0,0.5,0.0,0.47,0.472,0.5,0.563,0.0,0.369,0.0,0,0,0.333,0.814,0.0,0.832,0.093,0.234,0.54,0.0,0.586,0.45,0.0,1.0,0.883
7708,2022.06.21 18:59:40,JPMm,NAKED_POC,BUY,3,116.06,114.91,119.53,3.01,0.463,115.60675,115.955,115.0595,0,0.086,1.25,0.3442,112.94325,115.98525,121.125,111.78,1,0.0,0.45,0,115.60675,0.609,0.675,0,0.0,0.0,115.3475,119.5325,4.299,0,0,0,0.65,0.825,0.3516,0.825,0.353,0,0.707,3,0.353,115.557,116.50225,0.393,0.528,0.0,2,0.0,0,0.707,1.382,3.481,0.397,0.505,2,115.60675,8,0.722,0.215,0.194,0.247,0.0,0.984,0.887,129.82104,129.89687,118.40812,-531.0086,8.9125,-1,130.91443,0.556,163.71632,0.621,121.07387,0.57,1,0.125,1,2,2362,0.789,0.544,0.408,10.0,10.0,0.0974,102.6,0.0,1,1,0.607,104.4,1,0,0.593,166.36,1,11.36,0.096,0.904,0.0,1.0,1.0,0.99,0.0,0.5,0.0,0.25,0.638,0.5,0.604,0.0,0.402,0.0,0,0,0.425,0.876,0.0,0.704,0.067,0.282,0.698,0.0,0.58,0.45,0.0,1.0,0.914
7712,2022.06.22 13:40:00,JPMm,BREAKOUT,SELL,4,114.84,115.31,112.37,5.26,0.47,115.54875,115.7175,115.11,0,0.375,0.034,-0.7159,112.94325,115.98525,120.1905,111.78,1,0.012,0.45,0,115.54875,0.722,0.469,0,0.0,0.0,115.95375,119.5325,4.74,0,0,0,1.0,0.72,0.3487,0.72,0.008,0,0.694,0,0.509,115.21125,114.94125,0.375,0.102,0.0,2,0.4,0,0.694,0.321,0.716,0.449,0.28,0,115.21125,2,0.55,0.25,0.457,0.216,0.242,0.52,0.973,130.26405,130.02012,118.40812,-590.7264,-59.7179,-2,130.26405,0.577,164.23474,0.62,122.27095,0.584,1,0.204,1,2,2364,0.789,0.544,0.408,14.0,10.1,0.1414,99.0,0.0,1,1,0.607,104.4,1,0,0.593,166.36,1,10.545,0.091,0.909,0.0,0.0,1.0,0.0,0.0,0.5,0.0,0.808,0.611,0.5,0.521,0.0,0.414,0.0,0,0,0.389,0.45,0.0,0.694,0.1,0.26,0.402,0.0,0.547,0.4,0.0,1.0,0.843
7713,2022.06.22 13:40:40,JPMm,SWEEP_REVERSAL,BUY,4,114.85,113.86,115.69,0.85,0.252,115.54875,115.7175,115.11,0,0.375,0.034,-0.8472,112.94325,115.98525,120.1905,111.78,1,0.013,0.45,0,115.54875,0.722,0.469,0,0.0,0.0,115.95375,119.5325,4.74,0,0,0,1.0,0.72,0.3487,0.72,0.008,0,0.694,0,0.509,115.21125,114.94125,0.506,0.234,0.0,2,0.4,0,0.694,0.38,0.847,0.449,0.286,0,115.54875,8,0.744,0.0,0.457,0.216,0.242,0.52,0.973,130.26405,130.02012,118.40812,-590.7264,-59.7179,-2,130.26405,0.577,164.23474,0.62,122.27095,0.584,1,0.204,1,2,2364,0.789,0.544,0.408,14.0,10.2,0.1414,99.0,0.0,1,1,0.607,104.4,1,0,0.593,166.36,1,10.556,0.091,0.909,0.0,0.0,1.0,0.0,0.0,0.5,0.0,0.808,0.553,0.5,0.521,0.0,0.414,0.0,0,0,0.354,0.45,0.0,0.462,0.1,0.26,0.377,0.0,0.554,0.4,0.0,1.0,0.843
7715,2022.06.22 13:41:40,JPMm,MEAN_REVERSION,BUY,4,114.71,113.92,115.65,1.19,0.6,115.54875,115.7175,115.11,0,0.375,0.034,-0.9482,112.94325,115.98525,120.1905,111.78,1,0.014,0.45,0,115.54875,0.722,0.469,0,0.0,0.0,115.95375,119.5325,4.74,0,0,0,1.0,0.72,0.3487,0.72,0.008,0,0.694,0,0.509,115.21125,114.94125,0.607,0.335,0.0,2,0.4,0,0.694,0.426,0.948,0.449,0.292,0,115.54875,8,0.744,0.0,0.457,0.216,0.242,0.52,0.973,130.26405,130.02012,118.40812,-590.7264,-59.7179,-2,130.26405,0.577,164.23474,0.62,122.27095,0.584,1,0.204,1,2,2364,0.789,0.544,0.408,10.0,10.2,0.101,99.0,0.0,1,1,0.607,104.4,1,0,0.593,166.36,1,10.414,0.091,0.909,0.0,0.0,1.0,0.06,0.0,0.5,0.0,0.808,0.455,0.5,0.521,0.0,0.414,0.0,0,0,0.349,0.45,0.0,0.462,0.1,0.26,0.358,0.0,0.554,0.4,0.0,1.0,0.843
7718,2022.06.22 13:51:40,JPMm,TREND_CONTINUATION,BUY,4,114.38,113.19,115.65,1.07,0.518,115.54875,115.7175,115.11,0,0.375,0.034,-1.2816,112.94325,115.98525,120.1905,111.78,1,0.017,0.45,0,115.54875,0.722,0.469,0,0.0,0.0,115.95375,119.5325,4.74,0,0,0,1.0,0.72,0.3487,0.72,0.008,0,0.694,0,0.509,115.21125,114.94125,0.941,0.668,0.0,2,0.4,0,0.694,0.575,1.282,0.449,0.309,0,115.54875,8,0.744,0.0,0.457,0.216,0.242,0.52,0.973,130.26405,130.02012,118.40812,-590.7264,-59.7179,-2,130.26405,0.577,164.23474,0.62,122.27095,0.584,1,0.204,1,2,2364,0.789,0.544,0.408,10.0,10.2,0.101,99.0,0.0,1,1,0.607,104.4,1,0,0.593,166.36,1,10.081,0.091,0.909,0.0,0.0,1.0,0.06,0.0,0.5,0.0,0.397,0.372,0.5,0.97,0.0,0.54,0.0,0,0,0.584,0.45,0.0,0.694,0.1,0.171,0.279,0.0,0.564,0.4,0.0,1.0,0.843
7719,2022.06.22 13:57:40,JPMm,BREAKOUT_RETEST,BUY,4,115.36,115.06,115.82,1.54,0.542,115.54875,115.7175,115.11,1,0.375,0.034,-0.2917,112.94325,115.98525,120.1905,111.78,1,0.007,0.45,0,115.54875,0.722,0.469,0,0.0,0.0,115.95375,119.5325,4.74,0,0,0,1.0,0.72,0.3487,0.72,0.434,0,0.694,0,0.509,115.21125,114.94125,0.049,0.322,0.0,2,0.4,0,0.694,0.124,0.322,0.385,0.257,0,115.7175,4,0.6,0.902,0.33,0.216,0.242,0.52,0.973,130.26405,130.02012,118.40812,-590.7264,-59.7179,-2,130.26405,0.577,164.23474,0.62,122.27095,0.584,1,0.204,1,2,2364,0.789,0.544,0.408,10.0,10.0,0.101,99.0,0.0,1,1,0.607,104.4,1,0,0.593,166.36,1,11.071,0.091,0.909,0.0,0.0,1.0,0.99,0.0,0.5,0.0,0.358,0.495,0.5,0.989,0.0,0.606,0.0,0,0,0.542,0.658,0.0,0.832,0.1,0.252,0.488,0.0,0.563,0.421,0.0,1.0,0.757
0,2022.06.22 14:00:00,JPMm,ANCHORED_PULLBACK,BUY,4,114.96,114.95,115.57,47.65,0.672,115.56925,116.0945,115.044,0,0.535,0.042,-0.7328,112.94325,115.91325,120.0465,111.78,1,0.011,0.55,0,115.56925,0.571,0.518,0,0.0,0.0,114.685,119.5325,4.828,0,0,0,1.0,0.755,0.292,0.755,0.128,0,0.746,0,0.464,115.5215,114.9485,0.683,0.091,0.4577,0,0.4,2,1.0,0.426,0.733,0.581,0.384,1,115.56925,8,0.714,0.0,0.422,0.926,0.233,0.689,0.919,130.26405,130.02012,118.40812,-590.7264,-59.7179,-2,130.26405,0.577,164.23474,0.62,122.27095,0.584,1,0.204,1,2,2365,0.789,0.544,0.408,10.0,10.0,0.1033,96.8,0.0,1,1,0.607,104.4,1,0,0.593,166.36,1,10.911,0.091,0.909,0.0,0.0,1.0,0.73,0.0,0.5,0.0,0.361,0.49,0.5,0.697,0.0,0.81,0.0,0,0,0.539,0.56,0.0,0.835,0.1,0.606,0.563,0.0,0.493,0.381,0.0,1.0,0.844
7722,2022.06.22 14:00:40,JPMm,PULLBACK,BUY,4,115.12,114.69,115.67,1.27,0.444,115.56925,116.0945,115.044,0,0.535,0.042,-0.5675,112.94325,115.91325,120.0465,111.78,1,0.009,0.55,0,115.56925,0.571,0.518,0,0.0,0.0,114.685,119.5325,4.828,0,0,0,1.0,0.755,0.292,0.755,0.078,0,0.759,0,0.464,115.5215,114.9485,0.518,0.074,0.0,2,0.4,0,0.759,0.249,0.567,0.438,0.303,0,115.56925,8,0.714,0.0,0.437,0.226,0.233,0.689,0.919,130.26405,130.02012,118.40812,-590.7264,-59.7179,-2,130.26405,0.577,164.23474,0.62,122.27095,0.584,1,0.204,1,2,2365,0.789,0.544,0.408,10.0,10.0,0.1033,96.8,0.0,1,1,0.607,104.4,1,0,0.593,166.36,1,11.076,0.091,0.909,0.0,0.0,1.0,0.79,0.0,0.5,0.0,0.43,0.508,0.5,0.792,0.0,0.704,0.0,0,0,0.524,0.535,0.0,1.0,0.1,0.351,0.567,0.0,0.586,0.4,0.0,1.0,0.778
7724,2022.06.22 15:40:40,JPMm,BREAKOUT,BUY,4,115.64,115.05,116.24,1.02,0.326,115.56925,116.0945,115.044,1,0.054,0.677,-0.0318,112.94325,115.91325,120.0465,111.78,1,0.004,0.55,0,115.76025,0.613,0.933,0,0.0,0.0,115.8235,119.5325,4.368,0,0,0,0.8,0.965,0.2692,0.965,1.0,0,0.712,0,0.327,115.7125,115.18725,0.188,0.384,0.0,2,0.0,0,0.712,0.115,0.384,0.3,0.344,0,115.044,5,0.6,0.624,0.0,0.29,0.065,0.895,0.662,130.26405,130.02012,118.40812,-590.7264,-59.7179,-2,130.26405,0.577,164.23474,0.62,122.27095,0.584,1,0.204,1,2,2366,0.789,0.544,0.408,10.0,10.0,0.1089,91.9,0.0,1,1,0.607,104.4,1,0,0.593,166.36,0,12.236,0.091,0.909,0.0,0.0,0.5,0.21,0.0,0.5,0.0,0.896,0.447,0.5,0.53,0.0,0.344,0.0,0,0,0.329,0.817,0.0,0.99,0.133,0.235,0.456,0.0,0.596,0.4,0.0,1.0,0.827
7726,2022.06.22 15:44:40,JPMm,MEAN_REVERSION,BUY,4,115.33,115.05,115.67,1.22,0.605,115.56925,116.0945,115.044,1,0.054,0.677,-0.3693,112.94325,115.91325,120.0465,111.78,1,0.007,0.55,0,115.76025,0.613,0.933,0,0.0,0.0,115.8235,119.5325,4.368,0,0,0,0.8,0.965,0.2692,0.965,0.339,0,0.712,0,0.327,115.7125,115.18725,0.525,0.047,0.0,2,0.0,0,0.712,0.23,0.577,0.399,0.358,1,115.56925,1,0.7,0.0,0.198,0.29,0.065,0.895,0.662,130.26405,130.02012,118.40812,-590.7264,-59.7179,-2,130.26405,0.577,164.23474,0.62,122.27095,0.584,1,0.204,1,2,2366,0.789,0.544,0.408,10.0,10.0,0.1089,91.9,0.0,1,1,0.607,104.4,1,0,0.593,166.36,0,11.899,0.091,0.909,0.0,0.0,0.5,0.0,0.0,0.5,0.0,0.87,0.382,0.5,0.499,0.0,0.289,0.0,0,0,0.336,0.726,0.0,1.0,0.095,0.213,0.468,0.0,0.573,0.4,0.0,1.0,0.859
7728,2022.06.22 16:00:00,JPMm,ANCHORED_PULLBACK,BUY,4,115.1,114.95,115.47,2.55,0.445,115.47375,115.999,115.044,0,0.418,0.532,-0.5239,112.94325,115.91325,118.2095,111.78,1,0.01,0.5,0,115.76025,0.62,0.486,0,0.0,0.0,115.2195,119.5325,5.012,0,0,0,1.0,1.0,0.2285,1.0,0.351,2,0.624,0,0.394,115.47375,114.471,0.524,0.585,-0.1056,1,0.0,0,0.624,0.334,0.841,0.397,0.361,1,115.47375,1,0.7,0.0,0.495,0.3,0.079,0.933,0.913,130.26405,122.35939,118.40812,-198.2714,392.4551,-1,130.26405,0.575,164.23474,0.625,122.27095,0.581,1,0.239,1,2,2367,0.789,0.544,0.408,10.0,10.0,0.1106,90.4,0.0,1,1,0.607,104.4,1,0,0.593,166.36,0,11.833,0.591,0.409,0.1,1.0,0.5,0.07,0.0,0.5,0.0,0.579,0.356,0.5,0.485,0.0,0.197,0.0,0,0,0.311,0.76,0.0,0.88,0.095,0.239,0.428,0.0,0.581,0.429,0.0,1.0,0.87
7729,2022.06.22 16:00:40,JPMm,BREAKOUT_RETEST,BUY,4,115.25,114.98,115.57,1.19,0.602,115.47375,115.999,115.044,1,0.418,0.532,-0.358,112.94325,115.91325,118.2095,111.78,1,0.008,0.5,0,115.76025,0.62,0.486,0,0.0,0.0,115.2195,119.5325,5.012,0,0,0,1.0,1.0,0.2285,1.0,0.36,0,0.687,0,0.394,115.47375,114.471,0.358,0.751,0.0,2,0.0,0,0.687,0.297,0.751,0.396,0.372,1,115.47375,1,0.7,0.284,0.192,0.3,0.079,0.933,0.913,130.26405,122.35939,118.40812,-198.2714,392.4551,-1,130.26405,0.575,164.23474,0.625,122.27095,0.581,1,0.239,1,2,2367,0.789,0.544,0.408,10.0,10.0,0.1106,90.4,0.0,1,1,0.607,104.4,1,0,0.593,166.36,0,11.998,0.591,0.409,0.1,1.0,0.5,0.27,0.0,0.5,0.0,0.695,0.379,0.5,0.467,0.0,0.192,0.0,0,0,0.289,0.771,0.0,1.0,0.095,0.311,0.428,0.0,0.578,0.45,0.0,1.0,0.841
7732,2022.06.22 16:42:00,JPMm,PULLBACK,BUY,4,115.42,114.06,118.31,2.13,0.635,115.47375,115.999,115.044,1,0.418,0.532,-0.17,112.94325,115.91325,118.2095,111.78,1,0.007,0.5,0,115.76025,0.62,0.486,0,0.0,0.0,115.2195,119.5325,5.012,0,0,0,1.0,1.0,0.2285,1.0,0.46,0,0.687,0,0.394,115.47375,116.14225,0.17,0.909,0.0,2,0.0,0,0.687,0.346,0.909,0.381,0.378,1,115.044,5,0.6,0.66,0.162,0.3,0.079,0.933,0.833,130.26405,122.35939,118.40812,-198.2714,392.4551,-1,130.26405,0.575,164.23474,0.625,122.27095,0.581,1,0.239,1,2,2367,0.789,0.544,0.408,10.0,10.0,0.1106,90.4,0.0,1,1,0.607,104.4,1,0,0.593,166.36,0,12.186,0.591,0.409,0.1,1.0,0.5,0.9,0.0,0.5,0.0,0.854,0.54,0.5,0.499,0.0,0.298,0.0,0,0,0.293,0.791,0.0,1.0,0.133,0.357,0.565,0.0,0.571,0.421,0.0,1.0,0.837
7734,2022.06.22 16:49:59,JPMm,TREND_CONTINUATION,BUY,4,115.42,114.33,117.68,2.08,0.568,115.47375,115.999,115.044,1,0.418,0.532,-0.17,112.94325,115.91325,118.2095,111.78,1,0.007,0.5,0,115.76025,0.62,0.486,0,0.0,0.0,115.2195,119.5325,5.012,0,0,0,1.0,1.0,0.2285,1.0,0.46,0,0.687,0,0.394,115.47375,116.14225,0.17,0.909,0.0,2,0.0,0,0.687,0.346,0.909,0.381,0.378,1,115.044,5,0.6,0.66,0.162,0.3,0.079,0.933,0.833,130.26405,122.35939,118.40812,-198.2714,392.4551,-1,130.26405,0.575,164.23474,0.625,122.27095,0.581,1,0.239,1,2,2367,0.789,0.544,0.408,10.0,10.0,0.1106,90.4,0.0,1,1,0.607,104.4,1,0,0.593,166.36,0,12.186,0.591,0.409,0.1,1.0,0.5,0.68,0.0,0.5,0.0,0.849,0.593,0.5,0.497,0.0,0.304,0.0,0,0,0.327,0.791,0.0,1.0,0.133,0.357,0.565,0.0,0.571,0.421,0.0,1.0,0.837
7736,2022.06.22 17:40:40,JPMm,BREAKOUT,BUY,3,115.66,115.29,117.87,6.05,0.326,115.18725,115.9035,114.853,1,0.014,0.849,0.4212,113.0285,115.90875,118.2025,111.78,1,0.004,0.55,0,115.18725,0.625,0.571,0,0.0,0.0,0.0,119.5325,4.816,0,0,0,0.8,0.825,0.1275,0.825,0.588,2,0.645,0,0.754,115.76025,116.0945,0.226,0.604,0.0,2,0.25,0,0.645,0.218,0.604,0.362,0.344,0,115.18725,8,0.725,0.547,0.223,0.247,0.238,0.803,0.736,130.26405,122.35939,118.40812,-198.2714,392.4551,-1,130.26405,0.575,164.23474,0.625,122.27095,0.581,1,0.239,1,2,2368,0.789,0.544,0.408,10.0,10.0,0.113,88.5,0.0,1,1,0.607,104.4,1,0,0.593,166.36,0,12.723,0.591,0.409,0.1,1.0,0.5,0.83,0.0,0.5,0.0,0.678,0.514,0.5,0.493,0.0,0.234,0.0,0,0,0.25,0.794,0.0,1.0,0.095,0.369,0.558,0.0,0.577,0.45,0.0,1.0,0.843
7738,2022.06.22 17:44:40,JPMm,MEAN_REVERSION,SELL,3,115.72,115.99,115.19,1.96,0.586,115.18725,115.9035,114.853,1,0.014,0.849,0.602,113.0285,115.90875,118.2025,111.78,1,0.002,0.55,0,115.18725,0.625,0.571,0,0.0,0.0,0.0,119.5325,4.816,0,0,0,0.8,0.825,0.1275,0.825,0.74,2,0.645,0,0.754,115.76025,116.0945,0.045,0.423,0.0,2,0.25,0,0.645,0.204,0.602,0.339,0.342,0,115.18725,8,0.725,0.909,0.178,0.247,0.238,0.803,0.736,130.26405,122.35939,118.40812,-198.2714,392.4551,-1,130.26405,0.575,164.23474,0.625,122.27095,0.581,1,0.239,1,2,2368,0.789,0.544,0.408,10.0,10.0,0.113,88.5,0.0,1,1,0.607,104.4,1,0,0.593,166.36,0,12.791,0.591,0.409,0.1,1.0,0.5,0.99,0.0,0.5,0.0,0.692,0.546,0.5,0.524,0.0,0.258,0.0,0,0,0.288,0.8,0.0,0.934,0.124,0.369,0.586,0.0,0.61,0.45,0.0,1.0,0.93
7739,2022.06.22 18:00:40,JPMm,BREAKOUT_RETEST,SELL,3,115.65,115.91,115.19,1.78,0.278,115.1925,115.745,115.03,1,0.102,0.277,0.5329,113.41925,115.90875,117.285,111.78,1,0.003,0.55,0,115.1925,0.688,0.486,0,0.0,0.0,0.0,119.5325,4.499,0,0,0,0.301,-0.5358,-0.0314,0.536,0.678,0,0.687,0,0.705,115.5825,115.9725,0.079,0.376,0.0,2,0.15,0,0.687,0.186,0.533,0.348,0.366,1,115.1925,8,0.738,0.843,0.157,0.161,0.193,0.859,0.833,130.26405,122.35939,118.40812,-198.2714,392.4551,-1,130.26405,0.575,164.23474,0.625,122.27095,0.581,1,0.239,1,2,2369,0.789,0.544,0.408,10.0,10.0,0.1165,85.9,0.0,1,1,0.607,104.4,1,0,0.593,166.36,0,13.103,0.591,0.409,0.1,1.0,0.5,0.31,0.0,0.5,0.0,0.868,0.517,0.5,0.528,0.0,0.212,0.0,0,0,0.253,0.68,0.0,0.895,0.143,0.32,0.569,0.0,0.611,0.45,0.0,1.0,0.869
7742,2022.06.22 19:00:00,JPMm,PULLBACK,BUY,3,115.94,115.42,117.39,2.79,0.187,115.209,115.77,115.11,0,0.512,0.112,0.7455,113.41925,115.90875,117.285,111.78,1,0.001,0.5,0,115.209,0.753,0.0,1,0.0,0.0,0.0,119.5325,4.362,0,0,0,0.211,0.3755,0.0113,0.375,0.372,0,0.673,0,0.62,115.308,116.001,0.629,0.19,-0.065,1,0.15,0,0.673,0.294,0.745,0.394,0.361,1,115.209,8,0.751,0.0,0.548,0.113,0.176,0.824,0.83,130.26405,122.35939,118.40812,-198.2714,392.4551,-1,130.26405,0.575,164.23474,0.625,122.27095,0.581,1,0.239,1,2,2370,0.78,0.545,0.407,10.0,10.0,0.1181,84.6,0.0,1,1,0.607,104.4,1,0,0.593,166.36,0,13.634,0.591,0.409,0.1,1.0,0.5,0.97,0.0,0.5,0.0,0.721,0.592,0.5,0.481,0.0,0.294,0.0,0,0,0.317,0.655,0.0,1.0,0.143,0.178,0.721,0.0,0.574,0.45,0.0,1.0,0.73
7743,2022.06.22 19:00:20,JPMm,TREND_CONTINUATION,BUY,3,115.94,114.92,118.06,2.08,0.219,115.209,115.77,115.11,0,0.512,0.112,0.7455,113.41925,115.90875,117.285,111.78,1,0.001,0.5,0,115.209,0.753,0.0,1,0.0,0.0,0.0,119.5325,4.362,0,0,0,0.211,0.3755,0.0113,0.375,0.372,0,0.685,0,0.62,115.308,116.001,0.629,0.19,0.0,2,0.15,4,0.605,0.368,0.745,0.494,0.352,1,115.209,8,0.751,0.0,0.248,0.113,0.176,0.824,0.83,130.26405,122.35939,118.40812,-198.2714,392.4551,-1,130.26405,0.575,164.23474,0.625,122.27095,0.581,1,0.239,1,2,2370,0.78,0.545,0.407,10.0,10.0,0.1181,84.6,0.0,1,1,0.607,104.4,1,0,0.593,166.36,0,13.634,0.591,0.409,0.1,1.0,0.5,0.96,0.0,0.5,0.0,0.577,0.591,0.5,0.385,0.0,0.294,0.0,0,0,0.288,0.548,0.0,0.803,0.143,0.311,0.663,0.0,0.524,0.45,0.0,1.0,0.715
7746,2022.06.23 13:40:00,JPMm,BREAKOUT,SELL,4,114.58,115.31,112.51,2.84,0.212,115.758,115.872,115.112,0,0.78,0.046,-1.4217,115.85425,115.90875,117.285,111.78,1,0.016,0.5,0,115.758,0.727,0.603,0,0.0,0.0,115.7525,119.5325,5.977,0,0,0,0.095,0.0,0.0056,0.33,0.01,2,0.449,0,0.653,115.264,114.732,0.826,0.183,0.1207,0,0.15,0,0.449,0.638,1.422,0.448,0.336,0,115.264,2,0.55,0.0,0.357,0.3,0.183,0.725,0.964,129.64792,129.55291,118.40812,-585.2474,-386.976,-2,130.61375,0.587,164.41792,0.624,121.92125,0.559,1,0.152,1,2,2371,0.78,0.545,0.407,14.0,10.0,0.169,82.9,0.0,1,1,0.607,104.4,1,0,0.593,166.36,0,12.286,0.087,0.913,0.0,0.0,0.5,0.0,0.0,0.5,0.0,0.456,0.374,0.5,0.463,0.0,0.516,0.0,0,0,0.421,0.413,0.0,0.66,0.143,0.325,0.317,0.0,0.553,0.4,0.0,1.0,0.846
7747,2022.06.23 13:40:20,JPMm,PULLBACK,SELL,4,114.52,115.31,111.78,3.47,0.132,115.758,115.872,115.112,0,0.78,0.046,-1.4941,115.85425,115.90875,117.285,111.78,1,0.017,0.5,0,115.758,0.727,0.603,0,0.0,0.0,115.7525,119.5325,5.977,0,0,0,0.095,0.0,0.0056,0.33,0.01,0,0.749,0,0.653,115.264,114.732,0.898,0.256,0.0,2,0.15,0,0.749,0.67,1.494,0.448,0.415,1,115.264,2,0.55,0.0,0.357,0.0,0.183,0.725,0.964,129.64792,129.55291,118.40812,-585.2474,-386.976,-2,130.61375,0.587,164.41792,0.624,121.92125,0.559,1,0.152,1,2,2371,0.78,0.545,0.407,14.0,10.1,0.169,82.9,0.0,1,1,0.607,104.4,1,0,0.593,166.36,0,12.214,0.087,0.913,0.0,0.0,0.5,0.0,0.0,0.5,0.0,0.456,0.359,0.5,0.463,0.0,0.482,0.0,0,0,0.416,0.465,0.0,0.466,0.143,0.274,0.293,0.0,0.565,0.4,0.0,1.0,0.791
7748,2022.06.23 13:40:20,JPMm,TREND_CONTINUATION,SELL,4,114.52,115.51,112.45,2.08,0.158,115.758,115.872,115.112,0,0.78,0.046,-1.4941,115.85425,115.90875,117.285,111.78,1,0.017,0.5,0,115.758,0.727,0.603,0,0.0,0.0,115.7525,119.5325,5.977,0,0,0,0.095,0.0,0.0056,0.33,0.01,0,0.749,0,0.653,115.264,114.732,0.898,0.256,0.0,2,0.15,0,0.749,0.67,1.494,0.448,0.415,1,115.264,2,0.55,0.0,0.357,0.0,0.183,0.725,0.964,129.64792,129.55291,118.40812,-585.2474,-386.976,-2,130.61375,0.587,164.41792,0.624,121.92125,0.559,1,0.152,1,2,2371,0.78,0.545,0.407,14.0,10.1,0.169,82.9,0.0,1,1,0.607,104.4,1,0,0.593,166.36,0,12.214,0.087,0.913,0.0,0.0,0.5,0.0,0.0,0.5,0.0,0.456,0.359,0.5,0.463,0.0,0.482,0.0,0,0,0.416,0.465,0.0,0.466,0.143,0.274,0.293,0.0,0.565,0.4,0.0,1.0,0.791
7749,2022.06.23 13:40:59,JPMm,MEAN_REVERSION,BUY,4,114.86,114.2,115.4,0.82,0.72,115.758,115.872,115.112,0,0.78,0.046,-1.2528,115.85425,115.90875,117.285,111.78,1,0.014,0.5,0,115.758,0.727,0.603,0,0.0,0.0,115.7525,119.5325,5.977,0,0,0,0.095,0.0,0.0056,0.33,0.0,0,0.749,0,0.653,115.264,114.732,0.657,0.014,0.0,2,0.15,0,0.749,0.564,1.253,0.45,0.403,1,115.264,2,0.55,0.0,0.36,0.0,0.183,0.725,0.964,129.64792,129.55291,118.40812,-585.2474,-386.976,-2,130.61375,0.587,164.41792,0.624,121.92125,0.559,1,0.152,1,2,2371,0.78,0.545,0.407,14.0,10.2,0.169,82.9,0.0,1,1,0.607,104.4,1,0,0.593,166.36,0,12.624,0.087,0.913,0.0,0.0,0.5,0.03,0.0,0.5,0.0,0.456,0.439,0.5,0.463,0.0,0.482,0.0,0,0,0.369,0.463,0.0,0.606,0.143,0.274,0.36,0.0,0.549,0.4,0.0,1.0,0.791
7750,2022.06.23 13:41:40,JPMm,SWEEP_REVERSAL,BUY,4,114.56,113.73,115.4,1.02,0.196,115.758,115.872,115.112,0,0.78,0.046,-1.6148,115.85425,115.90875,117.285,111.78,1,0.018,0.5,0,115.758,0.727,0.603,0,0.0,0.0,115.7525,119.5325,5.977,0,0,0,0.095,0.0,0.0056,0.33,0.01,0,0.749,0,0.653,115.264,114.732,1.019,0.377,0.0,2,0.15,0,0.749,0.724,1.615,0.448,0.421,1,115.264,2,0.55,0.0,0.357,0.0,0.183,0.725,0.964,129.64792,129.55291,118.40812,-585.2474,-386.976,-2,130.61375,0.587,164.41792,0.624,121.92125,0.559,1,0.152,1,2,2371,0.78,0.545,0.407,14.0,10.4,0.169,82.9,0.0,1,1,0.607,104.4,1,0,0.593,166.36,0,12.262,0.087,0.913,0.0,0.0,0.5,0.0,0.0,0.5,0.0,0.456,0.437,0.5,0.463,0.0,0.482,0.0,0,0,0.37,0.465,0.0,0.466,0.143,0.274,0.272,0.0,0.565,0.4,0.0,1.0,0.791
7756,2022.06.23 14:00:00,JPMm,ANCHORED_PULLBACK,SELL,4,114.09,114.66,113.07,1.8,0.632,115.795,115.978,114.88,0,1.297,0.574,-2.0195,115.85425,115.90875,117.285,111.78,1,0.022,0.45,2,115.795,0.595,0.166,0,0.0,0.0,113.81825,119.5325,6.446,0,0,0,0.311,0.4424,0.0197,0.442,0.133,2,0.61,3,0.664,115.246,113.965,1.369,0.148,0.4003,0,0.0,2,1.0,1.171,2.019,0.58,0.551,2,115.246,2,0.55,0.0,0.26,0.833,0.0,0.653,0.909,129.64792,129.55291,118.40812,-585.2474,-386.976,-2,130.61375,0.587,164.41792,0.624,121.92125,0.559,1,0.152,1,2,2372,0.78,0.545,0.407,14.0,11.4,0.1658,84.4,0.0,1,1,0.607,104.4,1,0,0.593,166.36,0,11.477,0.087,0.913,0.0,0.0,0.5,0.04,0.0,0.5,0.0,0.194,0.385,0.5,0.741,0.0,0.799,0.0,0,0,0.611,0.626,0.0,0.445,0.071,0.583,0.563,0.0,0.486,0.45,0.0,1.0,0.866
7758,2022.06.23 15:41:40,JPMm,SWEEP_REVERSAL,BUY,4,112.75,111.93,113.81,1.3,0.499,115.75875,116.1,113.7795,0,0.058,1.06,-3.8011,115.85425,115.73325,117.051,111.78,1,0.038,0.85,2,113.71125,0.753,0.0,2,0.0,0.0,0.0,119.5325,7.009,0,1,0,0.675,-0.685,-0.1003,0.685,0.252,2,0.45,3,1.0,113.84775,114.93975,1.464,2.8,0.0,2,0.3,6,0.5,0.997,3.801,0.262,0.433,1,113.71125,8,0.751,0.0,0.545,0.206,0.405,0.892,0.928,129.64792,129.55291,118.40812,-585.2474,-386.976,-2,130.61375,0.587,164.41792,0.624,121.92125,0.559,1,0.152,1,2,2373,0.78,0.545,0.407,10.0,10.0,0.1223,81.8,0.0,1,1,0.607,104.4,1,0,0.593,166.36,0,10.21,0.087,0.913,0.0,0.0,0.5,0.07,0.0,0.5,0.0,0.644,0.163,0.5,0.439,0.0,0.442,0.0,0,0,0.51,0.253,0.0,0.76,0.095,0.534,0.197,0.0,0.503,0.45,0.0,1.0,0.813
7760,2022.06.23 16:00:00,JPMm,TREND_CONTINUATION,SELL,4,112.58,113.61,110.44,2.08,0.474,113.6565,114.652,112.661,0,1.26,0.413,-1.2601,115.85425,115.72425,117.039,111.78,1,0.037,0.55,0,113.6565,0.769,0.71,0,0.0,0.0,112.6375,119.5325,8.138,0,0,0,0.75,-0.72,-0.1948,0.72,0.299,2,0.362,3,0.388,113.8375,112.9325,1.472,0.413,-0.3857,1,0.0,5,1.0,0.449,1.472,0.305,0.454,1,113.6565,8,0.754,0.0,0.51,0.216,0.3,0.824,0.935,130.305,130.5,113.10563,-924.1793,-338.932,-2,130.305,0.585,164.505,0.624,121.755,0.585,1,0.0,1,2,2374,0.78,0.545,0.407,10.0,10.0,0.1171,85.4,0.0,1,1,0.607,104.4,1,0,0.593,166.36,0,9.575,0.132,0.868,0.0,0.0,0.5,0.08,0.0,0.5,0.0,0.878,0.473,0.5,0.497,0.0,0.259,0.0,0,0,0.269,0.355,0.0,0.39,0.143,0.491,0.307,0.0,0.519,0.45,0.0,1.0,0.746
7761,2022.06.23 16:00:20,JPMm,BREAKOUT,SELL,4,112.61,113.74,110.47,1.89,0.421,113.6565,114.652,112.661,0,1.26,0.413,-1.225,115.85425,115.72425,117.039,111.78,1,0.036,0.55,0,113.6565,0.769,0.71,0,0.0,0.0,112.6375,119.5325,8.138,0,0,0,0.75,-0.72,-0.1948,0.72,0.299,0,0.662,3,0.388,113.8375,112.9325,1.437,0.378,0.0,2,0.0,0,0.662,0.582,1.437,0.405,0.385,1,113.6565,8,0.754,0.0,0.21,0.216,0.0,0.824,0.935,130.305,130.5,113.10563,-924.1793,-338.932,-2,130.305,0.585,164.505,0.624,121.755,0.585,1,0.0,1,2,2374,0.78,0.545,0.407,10.0,10.0,0.1171,85.4,0.0,1,1,0.607,104.4,1,0,0.593,166.36,0,9.61,0.132,0.868,0.0,0.0,0.5,0.14,0.0,0.5,0.0,0.955,0.489,0.5,0.531,0.0,0.26,0.0,0,0,0.27,0.517,0.0,0.44,0.143,0.644,0.287,0.0,0.57,0.45,0.0,1.0,0.92
7762,2022.06.23 16:00:20,JPMm,MEAN_REVERSION,BUY,4,112.71,112.03,113.76,1.53,0.615,113.6565,114.652,112.661,0,1.26,0.413,-1.225,115.85425,115.72425,117.039,111.78,1,0.036,0.55,0,113.6565,0.769,0.71,0,0.0,0.0,112.6375,119.5325,8.138,0,0,0,0.75,-0.72,-0.1948,0.72,0.299,0,0.662,3,0.388,113.8375,112.9325,1.437,0.378,0.0,2,0.0,0,0.662,0.582,1.437,0.405,0.385,1,113.6565,8,0.754,0.0,0.21,0.216,0.0,0.824,0.935,130.305,130.5,113.10563,-924.1793,-338.932,-2,130.305,0.585,164.505,0.624,121.755,0.585,1,0.0,1,2,2374,0.78,0.545,0.407,10.0,10.0,0.1171,85.4,0.0,1,1,0.607,104.4,1,0,0.593,166.36,0,9.727,0.132,0.868,0.0,0.0,0.5,0.13,0.0,0.5,0.0,0.955,0.489,0.5,0.531,0.0,0.26,0.0,0,0,0.27,0.517,0.0,0.44,0.143,0.644,0.287,0.0,0.57,0.45,0.0,1.0,0.92
7763,2022.06.23 16:00:40,JPMm,ANCHORED_PULLBACK,SELL,4,112.51,112.89,110.8,4.45,0.477,113.6565,114.652,112.661,0,1.26,0.413,-1.3421,115.85425,115.72425,117.039,111.78,1,0.038,0.55,0,113.6565,0.769,0.71,0,0.0,0.0,112.6375,119.5325,8.138,0,0,0,0.75,-0.72,-0.1948,0.72,0.299,0,0.662,3,0.388,113.8375,112.9325,1.554,0.495,0.0,2,0.0,0,0.662,0.629,1.554,0.405,0.39,1,113.6565,8,0.754,0.0,0.21,0.216,0.0,0.824,0.935,130.305,130.5,113.10563,-924.1793,-338.932,-2,130.305,0.585,164.505,0.624,121.755,0.585,1,0.0,1,2,2374,0.78,0.545,0.407,10.0,10.0,0.1171,85.4,0.0,1,1,0.607,104.4,1,0,0.593,166.36,0,9.493,0.132,0.868,0.0,0.0,0.5,0.02,0.0,0.5,0.0,0.955,0.445,0.5,0.531,0.0,0.26,0.0,0,0,0.296,0.517,0.0,0.44,0.143,0.644,0.267,0.0,0.574,0.45,0.0,1.0,0.92
7765,2022.06.23 16:02:40,JPMm,PULLBACK,SELL,4,112.35,112.72,111.78,1.53,0.39,113.6565,114.652,112.661,0,1.26,0.413,-1.5293,115.85425,115.72425,117.039,111.78,1,0.039,0.55,0,113.6565,0.769,0.71,0,0.0,0.0,112.6375,119.5325,8.138,0,0,0,0.75,-0.72,-0.1948,0.72,0.299,0,0.662,3,0.388,113.8375,112.9325,1.741,0.682,0.0,2,0.0,0,0.662,0.705,1.741,0.405,0.399,1,113.6565,8,0.754,0.0,0.21,0.216,0.0,0.824,0.935,130.305,130.5,113.10563,-924.1793,-338.932,-2,130.305,0.585,164.505,0.624,121.755,0.585,1,0.0,1,2,2374,0.78,0.545,0.407,10.0,10.0,0.1171,85.4,0.0,1,1,0.607,104.4,1,0,0.593,166.36,0,9.306,0.132,0.868,0.0,0.0,0.5,0.0,0.0,0.5,0.0,0.955,0.401,0.5,0.531,0.0,0.26,0.0,0,0,0.322,0.517,0.0,0.44,0.143,0.644,0.237,0.0,0.574,0.45,0.0,1.0,0.92
7770,2022.06.23 17:49:40,JPMm,SWEEP_REVERSAL,BUY,3,112.09,111.2,113.87,2.0,0.141,113.773,114.79,112.304,0,0.482,1.241,-1.9954,115.70125,115.405,117.63,112.29,0,0.038,0.55,0,113.773,0.75,0.0,2,0.0,0.0,111.625,119.5325,8.698,0,0,-1,0.825,-0.755,-0.3266,0.755,0.212,2,0.572,0,0.885,112.191,112.982,0.225,1.11,0.0,2,0.0,0,0.572,0.835,1.995,0.418,0.388,1,113.773,8,0.75,0.55,0.237,0.226,0.177,0.298,0.906,130.305,130.5,113.10563,-924.1793,-338.932,-2,130.305,0.585,164.505,0.624,121.755,0.585,1,0.0,1,2,2375,0.78,0.545,0.407,10.0,10.0,0.1119,89.4,0.0,1,1,0.607,104.4,1,0,0.593,166.36,0,8.606,0.132,0.868,0.0,0.0,0.5,0.99,0.0,0.5,0.0,0.738,0.486,0.5,0.545,0.0,0.34,0.0,0,0,0.308,0.538,0.0,0.333,0.095,1.0,0.188,0.0,0.589,0.45,0.0,1.0,1.022
7772,2022.06.23 18:00:20,JPMm,MEAN_REVERSION,BUY,3,112.24,111.52,113.88,2.28,0.555,113.78425,114.29,112.1225,1,0.386,0.414,-1.8212,115.70125,115.3465,117.539,112.277,0,0.036,0.75,2,113.63975,0.743,0.336,0,0.0,0.0,111.7275,119.5325,8.221,0,0,-1,0.9,-0.79,-0.4549,0.79,0.585,2,0.509,3,0.922,111.76125,112.48375,0.42,0.381,0.0,2,0.0,0,0.509,0.66,1.821,0.362,0.407,1,111.76125,2,0.55,0.161,0.125,0.237,0.0,0.703,0.878,130.305,130.5,113.10563,-924.1793,-338.932,-2,130.305,0.585,164.505,0.624,121.755,0.585,1,0.0,1,2,2376,0.78,0.545,0.407,10.0,10.0,0.1108,90.3,0.0,1,1,0.607,104.4,1,0,0.593,166.36,0,8.684,0.132,0.868,0.0,0.0,0.5,0.51,0.0,0.5,0.0,0.587,0.585,0.5,0.488,0.0,0.42,0.0,0,0,0.366,0.67,0.0,0.891,0.241,0.72,0.288,0.0,0.587,0.45,0.0,1.0,0.938
7774,2022.06.23 18:00:40,JPMm,BREAKOUT,SELL,3,111.98,113.73,109.72,1.29,0.472,113.78425,114.29,112.1225,0,0.386,0.414,-1.9984,115.70125,115.3465,117.539,112.277,0,0.037,0.75,2,113.63975,0.743,0.336,0,0.0,0.0,111.7275,119.5325,8.221,0,0,-1,0.9,-0.79,-0.4549,0.79,0.753,2,0.509,3,0.922,111.76125,112.48375,0.242,0.558,0.0,2,0.0,0,0.509,0.674,1.998,0.337,0.409,1,113.63975,8,0.749,0.515,0.074,0.237,0.0,0.703,0.878,130.305,130.5,113.10563,-924.1793,-338.932,-2,130.305,0.585,164.505,0.624,121.755,0.585,1,0.0,1,2,2376,0.78,0.545,0.407,10.0,10.0,0.1108,90.3,0.0,1,1,0.607,104.4,1,0,0.593,166.36,0,8.396,0.132,0.868,0.0,0.0,0.5,0.35,0.0,0.5,0.0,0.478,0.543,0.5,0.488,0.0,0.401,0.0,0,0,0.332,0.694,0.0,0.428,0.265,0.809,0.565,0.0,0.618,0.45,0.0,1.0,1.072
7775,2022.06.23 18:00:59,JPMm,TREND_CONTINUATION,SELL,3,112.0,113.73,109.74,1.3,0.52,113.78425,114.29,112.1225,0,0.386,0.414,-1.9762,115.70125,115.3465,117.539,112.277,0,0.037,0.75,2,113.63975,0.743,0.336,0,0.0,0.0,111.7275,119.5325,8.221,0,0,-1,0.9,-0.79,-0.4549,0.79,0.753,2,0.509,3,0.922,111.76125,112.48375,0.264,0.536,0.0,2,0.0,0,0.509,0.666,1.976,0.337,0.408,1,113.63975,8,0.749,0.471,0.074,0.237,0.0,0.703,0.878,130.305,130.5,113.10563,-924.1793,-338.932,-2,130.305,0.585,164.505,0.624,121.755,0.585,1,0.0,1,2,2376,0.78,0.545,0.407,10.0,10.0,0.1108,90.3,0.0,1,1,0.607,104.4,1,0,0.593,166.36,0,8.418,0.132,0.868,0.0,0.0,0.5,0.39,0.0,0.5,0.0,0.478,0.528,0.5,0.488,0.0,0.401,0.0,0,0,0.324,0.694,0.0,0.428,0.265,0.809,0.565,0.0,0.618,0.45,0.0,1.0,1.072
0,2022.06.23 18:01:00,JPMm,ANCHORED_PULLBACK,SELL,3,112.1,112.1,113.91,180.57,0.413,113.78425,114.29,112.1225,0,0.386,0.414,-1.9762,115.70125,115.3465,117.539,112.277,0,0.037,0.75,2,113.63975,0.743,0.336,0,0.0,0.0,111.7275,119.5325,8.221,0,0,-1,0.9,-0.79,-0.4549,0.79,0.753,2,0.509,3,0.922,111.76125,112.48375,0.264,0.536,0.0,2,0.0,0,0.509,0.666,1.976,0.337,0.408,1,113.63975,8,0.749,0.471,0.074,0.237,0.0,0.703,0.878,130.305,130.5,113.10563,-924.1793,-338.932,-2,130.305,0.585,164.505,0.624,121.755,0.585,1,0.0,1,2,2376,0.78,0.545,0.407,10.0,10.0,0.1108,90.3,0.0,1,1,0.607,104.4,1,0,0.593,166.36,0,8.528,0.132,0.868,0.0,0.0,0.5,0.38,0.0,0.5,0.0,0.478,0.548,0.5,0.488,0.0,0.401,0.0,0,0,0.336,0.694,0.0,0.428,0.265,0.809,0.565,0.0,0.618,0.45,0.0,1.0,1.072
7776,2022.06.23 18:02:40,JPMm,PULLBACK,SELL,3,111.97,113.73,109.26,1.54,0.444,113.78425,114.29,112.1225,0,0.386,0.414,-2.0095,115.70125,115.3465,117.539,112.277,0,0.037,0.75,2,113.63975,0.743,0.336,0,0.0,0.0,111.7275,119.5325,8.221,0,0,-1,0.9,-0.79,-0.4549,0.79,0.7,2,0.509,3,0.922,111.76125,112.48375,0.231,0.569,0.0,2,0.0,0,0.509,0.693,2.009,0.345,0.411,1,113.63975,8,0.749,0.538,0.09,0.237,0.0,0.703,0.878,130.305,130.5,113.10563,-924.1793,-338.932,-2,130.305,0.585,164.505,0.624,121.755,0.585,1,0.0,1,2,2376,0.78,0.545,0.407,10.0,10.0,0.1108,90.3,0.0,1,1,0.607,104.4,1,0,0.593,166.36,0,8.384,0.132,0.868,0.0,0.0,0.5,0.23,0.0,0.5,0.0,0.563,0.511,0.5,0.488,0.0,0.401,0.0,0,0,0.314,0.681,0.0,0.428,0.265,0.809,0.565,0.0,0.618,0.45,0.0,1.0,1.072
7777,2022.06.23 18:53:40,JPMm,BREAKOUT_RETEST,SELL,3,112.77,113.87,111.04,1.57,0.546,113.78425,114.29,112.1225,1,0.386,0.414,-1.1234,115.70125,115.3465,117.539,112.277,1,0.029,0.75,2,113.63975,0.743,0.336,0,0.0,0.0,111.7275,119.5325,8.221,0,0,-1,0.9,-0.79,-0.4549,0.79,0.282,2,0.509,3,0.922,111.76125,112.48375,1.117,0.317,0.0,2,0.0,0,0.509,0.458,1.123,0.408,0.384,1,113.63975,8,0.749,0.0,0.215,0.237,0.0,0.703,0.878,130.305,130.5,113.10563,-924.1793,-338.932,-2,130.305,0.585,164.505,0.624,121.755,0.585,1,0.0,1,2,2376,0.78,0.545,0.407,10.0,10.0,0.1108,90.3,0.0,1,1,0.607,104.4,1,0,0.593,166.36,0,9.271,0.132,0.868,0.0,0.0,0.5,0.99,0.0,0.5,0.0,0.613,0.521,0.5,0.508,0.0,0.268,0.0,0,0,0.272,0.545,0.0,0.66,0.201,0.547,0.429,0.0,0.571,0.45,0.0,1.0,0.909
7782,2022.06.24 13:40:00,JPMm,BREAKOUT,SELL,4,114.15,115.6,112.02,1.47,0.506,112.01875,112.6375,111.5375,0,2.068,0.071,2.2102,115.70125,115.97325,117.2205,112.2315,1,0.019,0.4,0,111.74375,0.774,0.456,0,0.0,0.0,112.9775,111.997,2.233,0,0,0,1.0,-0.86,-0.5382,0.86,0.011,0,0.679,1,0.269,111.95,113.94375,2.281,0.214,-0.0679,1,0.15,0,0.679,1.119,2.495,0.448,0.426,1,112.01875,1,0.7,0.0,0.657,0.258,0.053,0.913,0.988,130.04648,130.25162,116.52763,-723.9488,200.2306,-1,131.0027,0.582,164.47074,0.62,122.39664,0.594,1,0.152,1,2,2378,0.78,0.545,0.407,10.0,10.0,0.1037,96.4,0.0,1,1,0.607,104.4,1,0,0.593,166.36,-1,10.111,0.242,0.758,0.0,1.0,0.0,0.99,0.0,0.5,0.0,0.58,0.773,0.5,0.455,0.0,0.258,0.0,0,0,0.403,0.15,0.0,0.262,0.197,0.178,0.748,0.0,0.566,0.45,0.0,1.0,0.784
7783,2022.06.24 13:40:20,JPMm,TREND_CONTINUATION,SELL,4,114.12,115.28,112.02,1.82,0.569,112.01875,112.6375,111.5375,0,2.068,0.071,2.1791,115.70125,115.97325,117.2205,112.2315,1,0.019,0.4,0,111.74375,0.774,0.456,0,0.0,0.0,112.9775,111.997,2.233,0,0,0,1.0,-0.86,-0.5382,0.86,0.011,0,0.702,1,0.269,111.95,113.94375,2.25,0.183,0.0,2,0.15,0,0.702,1.105,2.464,0.448,0.43,1,112.01875,1,0.7,0.0,0.357,0.258,0.053,0.913,0.988,130.04648,130.25162,116.52763,-723.9488,200.2306,-1,131.0027,0.582,164.47074,0.62,122.39664,0.594,1,0.152,1,2,2378,0.78,0.545,0.407,10.0,10.0,0.1037,96.4,0.0,1,1,0.607,104.4,1,0,0.593,166.36,-1,10.08,0.242,0.758,0.0,1.0,0.0,0.98,0.0,0.5,0.0,0.58,0.713,0.5,0.455,0.0,0.302,0.0,0,0,0.385,0.226,0.0,0.308,0.233,0.269,0.747,0.0,0.566,0.45,0.0,1.0,0.84
7784,2022.06.24 13:40:20,JPMm,SWEEP_REVERSAL,SELL,4,114.12,115.08,112.02,2.18,0.166,112.01875,112.6375,111.5375,0,2.068,0.071,2.1791,115.70125,115.97325,117.2205,112.2315,1,0.019,0.4,0,111.74375,0.774,0.456,0,0.0,0.0,112.9775,111.997,2.233,0,0,0,1.0,-0.86,-0.5382,0.86,0.011,0,0.702,1,0.269,111.95,113.94375,2.25,0.183,0.0,2,0.15,0,0.702,1.105,2.464,0.448,0.43,1,112.01875,1,0.7,0.0,0.357,0.258,0.053,0.913,0.988,130.04648,130.25162,116.52763,-723.9488,200.2306,-1,131.0027,0.582,164.47074,0.62,122.39664,0.594,1,0.152,1,2,2378,0.78,0.545,0.407,10.0,10.0,0.1037,96.4,0.0,1,1,0.607,104.4,1,0,0.593,166.36,-1,10.08,0.242,0.758,0.0,1.0,0.0,0.97,0.0,0.5,0.0,0.58,0.713,0.5,0.455,0.0,0.302,0.0,0,0,0.385,0.226,0.0,0.308,0.233,0.269,0.747,0.0,0.566,0.45,0.0,1.0,0.84
7785,2022.06.24 13:40:40,JPMm,MEAN_REVERSION,SELL,4,114.51,115.28,112.02,3.23,0.638,112.01875,112.6375,111.5375,0,2.068,0.071,2.5835,115.70125,115.97325,117.2205,112.2315,1,0.015,0.4,0,111.74375,0.774,0.456,0,0.0,0.0,112.9775,111.997,2.233,0,0,0,1.0,-0.86,-0.5382,0.86,0.011,0,0.702,1,0.269,111.95,113.94375,2.655,0.587,0.0,2,0.15,0,0.702,1.286,2.869,0.448,0.451,1,112.01875,1,0.7,0.0,0.357,0.258,0.053,0.913,0.988,130.04648,130.25162,116.52763,-723.9488,200.2306,-1,131.0027,0.582,164.47074,0.62,122.39664,0.594,1,0.152,1,2,2378,0.78,0.545,0.407,10.0,10.0,0.1037,96.4,0.0,1,1,0.607,104.4,1,0,0.593,166.36,-1,10.484,0.242,0.758,0.0,1.0,0.0,0.99,0.0,0.5,0.0,0.58,0.805,0.5,0.455,0.0,0.302,0.0,0,0,0.44,0.226,0.0,0.88,0.233,0.269,0.767,0.0,0.56,0.45,0.0,1.0,0.84
7786,2022.06.24 13:40:59,JPMm,NAKED_POC,SELL,4,114.41,115.71,112.0,1.85,0.599,112.01875,112.6375,111.5375,0,2.068,0.071,2.4798,115.70125,115.97325,117.2205,112.2315,1,0.016,0.4,0,111.74375,0.774,0.456,0,0.0,0.0,112.9775,111.997,2.233,0,0,0,1.0,-0.86,-0.5382,0.86,0.011,0,0.702,1,0.269,111.95,113.94375,2.551,0.484,0.0,2,0.15,0,0.702,1.24,2.765,0.448,0.445,1,112.01875,1,0.7,0.0,0.357,0.258,0.053,0.913,0.988,130.04648,130.25162,116.52763,-723.9488,200.2306,-1,131.0027,0.582,164.47074,0.62,122.39664,0.594,1,0.152,1,2,2378,0.78,0.545,0.407,10.0,10.0,0.1037,96.4,0.0,1,1,0.607,104.4,1,0,0.593,166.36,-1,10.381,0.242,0.758,0.0,1.0,0.0,0.98,0.0,0.5,0.0,0.58,0.818,0.5,0.455,0.0,0.302,0.0,0,0,0.448,0.226,0.0,0.88,0.233,0.269,0.762,0.0,0.56,0.45,0.0,1.0,0.84
7792,2022.06.24 15:00:00,JPMm,ANCHORED_PULLBACK,BUY,4,116.52,116.17,121.31,13.86,0.791,112.01325,115.9735,111.63,0,0.063,1.077,4.3724,115.70125,115.84125,117.0525,112.2075,1,0.006,0.85,2,116.35675,0.622,0.004,0,0.0,0.0,116.51375,119.5325,3.088,0,0,0,1.0,-0.755,-0.1852,0.755,0.722,2,0.379,3,1.0,116.229,115.33475,0.19,1.077,2.9077,0,0.25,2,1.0,1.519,3.088,0.492,0.597,2,119.5325,6,0.65,0.621,0.183,0.926,0.088,0.662,0.95,130.04648,130.25162,116.52763,-723.9488,200.2306,-1,131.0027,0.582,164.47074,0.62,122.39664,0.594,1,0.152,1,2,2380,0.783,0.542,0.413,10.0,10.0,0.0992,100.8,0.0,1,1,0.607,104.4,1,0,0.593,166.36,-1,12.026,0.242,0.758,0.0,1.0,0.0,0.39,0.0,0.5,0.0,0.433,0.683,0.5,0.541,0.0,0.9,0.0,0,0,0.632,0.801,0.0,0.791,0.21,0.739,0.462,0.0,0.491,0.4,0.0,1.0,1.073
7794,2022.06.24 15:40:00,JPMm,BREAKOUT,BUY,4,117.5,116.36,119.63,1.86,0.59,112.01325,115.9735,111.63,0,0.063,1.077,5.3448,115.70125,115.84125,117.0525,112.2075,0,0.015,0.85,2,116.35675,0.622,0.004,0,0.0,0.0,116.51375,119.5325,3.088,0,0,0,1.0,-0.755,-0.1852,0.755,0.439,2,0.393,3,1.0,116.229,115.33475,1.162,2.049,0.0,2,0.25,3,0.977,1.236,2.116,0.584,0.559,2,116.35675,8,0.724,0.0,0.268,0.627,0.088,0.662,0.95,130.04648,130.25162,116.52763,-723.9488,200.2306,-1,131.0027,0.582,164.47074,0.62,122.39664,0.594,1,0.152,1,2,2380,0.783,0.542,0.413,10.0,10.0,0.0992,100.8,0.0,1,1,0.607,104.4,1,0,0.593,166.36,-1,12.998,0.242,0.758,0.0,1.0,0.0,0.97,0.0,0.5,0.0,0.465,0.807,0.5,0.445,0.0,0.275,0.0,0,0,0.428,0.391,0.0,0.295,0.206,0.622,0.747,0.0,0.447,0.45,0.0,1.0,0.956
7795,2022.06.24 15:40:59,JPMm,NAKED_POC,BUY,4,117.49,116.03,119.53,1.4,0.646,112.01325,115.9735,111.63,0,0.063,1.077,5.3348,115.70125,115.84125,117.0525,112.2075,0,0.015,0.85,2,116.35675,0.622,0.004,0,0.0,0.0,116.51375,119.5325,3.088,0,0,0,1.0,-0.755,-0.1852,0.755,0.439,2,0.393,3,1.0,116.229,115.33475,1.152,2.039,0.0,2,0.25,3,0.977,1.242,2.126,0.584,0.56,2,116.35675,8,0.724,0.0,0.268,0.627,0.088,0.662,0.95,130.04648,130.25162,116.52763,-723.9488,200.2306,-1,131.0027,0.582,164.47074,0.62,122.39664,0.594,1,0.152,1,2,2380,0.783,0.542,0.413,10.0,10.0,0.0992,100.8,0.0,1,1,0.607,104.4,1,0,0.593,166.36,-1,12.988,0.242,0.758,0.0,1.0,0.0,0.94,0.0,0.5,0.0,0.465,0.778,0.5,0.445,0.0,0.275,0.0,0,0,0.41,0.391,0.0,0.295,0.206,0.622,0.747,0.0,0.447,0.45,0.0,1.0,0.948
7796,2022.06.24 15:41:40,JPMm,TREND_CONTINUATION,SELL,4,117.57,118.78,116.36,1.0,0.739,112.01325,115.9735,111.63,0,0.063,1.077,5.5134,115.70125,115.84125,117.0525,112.2075,0,0.017,0.85,2,116.35675,0.622,0.004,0,0.0,0.0,116.51375,119.5325,3.088,0,0,0,1.0,-0.755,-0.1852,0.755,0.439,2,0.393,3,1.0,116.229,115.33475,1.331,2.218,0.0,2,0.25,3,0.977,1.296,2.218,0.584,0.566,2,116.35675,8,0.724,0.0,0.268,0.627,0.088,0.662,0.95,130.04648,130.25162,116.52763,-723.9488,200.2306,-1,131.0027,0.582,164.47074,0.62,122.39664,0.594,1,0.152,1,2,2380,0.783,0.542,0.413,10.0,10.0,0.0992,100.8,0.0,1,1,0.607,104.4,1,0,0.593,166.36,-1,13.067,0.242,0.758,0.0,1.0,0.0,0.99,0.0,0.5,0.0,0.465,0.775,0.5,0.445,0.0,0.275,0.0,0,0,0.409,0.391,0.0,0.295,0.206,0.622,0.747,0.0,0.447,0.421,0.0,1.0,0.955
7798,2022.06.24 16:00:20,JPMm,BREAKOUT_RETEST,BUY,4,117.16,116.67,119.63,5.08,0.443,116.38125,117.72,113.8525,1,0.343,1.473,0.6447,115.666,115.84125,117.0525,112.2075,0,0.012,0.65,0,116.38125,0.648,0.335,0,0.0,0.0,117.32325,119.5325,2.367,0,0,0,0.675,0.51,0.0986,0.51,0.204,2,0.571,3,0.892,116.38125,115.34,0.645,1.634,0.0,2,0.25,0,0.571,0.985,2.348,0.419,0.424,1,116.38125,8,0.73,0.0,0.339,0.153,0.088,0.736,0.941,130.00526,130.25162,116.52763,-683.0288,40.92,-1,131.01095,0.574,164.19871,0.625,121.95974,0.551,1,0.401,1,2,2381,0.783,0.542,0.413,10.0,10.0,0.095,105.3,0.0,1,1,0.607,104.4,1,0,0.593,166.36,-1,12.119,0.134,0.866,0.0,1.0,0.0,0.03,0.0,0.5,0.0,1.0,0.461,0.5,0.524,0.0,0.232,0.0,0,0,0.274,0.519,0.0,0.639,0.448,0.562,0.433,0.0,0.519,0.4,0.0,1.0,0.896
7799,2022.06.24 16:00:20,JPMm,PULLBACK,BUY,4,117.16,116.67,119.63,5.08,0.504,116.38125,117.72,113.8525,1,0.343,1.473,0.6447,115.666,115.84125,117.0525,112.2075,0,0.012,0.65,0,116.38125,0.648,0.335,0,0.0,0.0,117.32325,119.5325,2.367,0,0,0,0.675,0.51,0.0986,0.51,0.204,2,0.571,3,0.892,116.38125,115.34,0.645,1.634,0.0,2,0.25,0,0.571,0.985,2.348,0.419,0.424,1,116.38125,8,0.73,0.0,0.339,0.153,0.088,0.736,0.941,130.00526,130.25162,116.52763,-683.0288,40.92,-1,131.01095,0.574,164.19871,0.625,121.95974,0.551,1,0.401,1,2,2381,0.783,0.542,0.413,10.0,10.0,0.095,105.3,0.0,1,1,0.607,104.4,1,0,0.593,166.36,-1,12.119,0.134,0.866,0.0,1.0,0.0,0.03,0.0,0.5,0.0,1.0,0.461,0.5,0.524,0.0,0.232,0.0,0,0,0.274,0.519,0.0,0.639,0.448,0.562,0.433,0.0,0.519,0.4,0.0,1.0,0.896
7803,2022.06.24 16:01:40,JPMm,MEAN_REVERSION,SELL,4,117.09,117.83,116.38,0.96,0.609,116.38125,117.72,113.8525,1,0.343,1.473,0.6732,115.666,115.84125,117.0525,112.2075,0,0.012,0.65,0,116.38125,0.648,0.335,0,0.0,0.0,117.32325,119.5325,2.367,0,0,0,0.675,0.51,0.0986,0.51,0.204,2,0.571,3,0.892,116.38125,115.34,0.673,1.662,0.0,2,0.25,0,0.571,0.973,2.32,0.419,0.422,1,116.38125,8,0.73,0.0,0.339,0.153,0.088,0.736,0.941,130.00526,130.25162,116.52763,-683.0288,40.92,-1,131.01095,0.574,164.19871,0.625,121.95974,0.551,1,0.401,1,2,2381,0.783,0.542,0.413,10.0,10.0,0.095,105.3,0.0,1,1,0.607,104.4,1,0,0.593,166.36,-1,12.053,0.134,0.866,0.0,1.0,0.0,0.11,0.0,0.5,0.0,1.0,0.413,0.5,0.524,0.0,0.232,0.0,0,0,0.302,0.519,0.0,0.393,0.448,0.562,0.433,0.0,0.519,0.4,0.0,1.0,0.896
7805,2022.06.24 17:40:00,JPMm,BREAKOUT,BUY,3,116.93,116.36,119.63,4.78,0.266,116.36975,117.4745,115.756,1,0.006,1.631,0.4383,115.35,115.734,116.916,112.188,1,0.01,0.35,0,116.36975,0.607,0.164,0,0.0,0.0,0.0,119.5325,2.317,0,0,1,0.5,0.72,0.4056,0.72,0.592,2,0.648,3,0.837,117.10625,115.38775,0.263,1.374,0.0,2,0.0,0,0.648,0.93,2.574,0.361,0.464,1,116.36975,8,0.721,0.474,0.122,0.216,0.0,0.713,0.936,130.00526,130.25162,116.52763,-683.0288,40.92,-1,131.01095,0.574,164.19871,0.625,121.95974,0.551,1,0.401,1,2,2382,0.783,0.542,0.413,10.0,10.0,0.0952,105.0,0.0,1,1,0.607,104.4,1,0,0.593,166.36,-1,11.933,0.134,0.866,0.0,1.0,0.0,0.23,0.0,0.5,0.0,0.888,0.241,0.5,0.568,0.0,0.254,0.0,0,0,0.427,0.718,0.0,0.737,0.31,0.53,0.575,0.0,0.574,0.4,0.0,1.0,0.835
7806,2022.06.24 17:40:59,JPMm,NAKED_POC,BUY,3,116.94,115.6,119.53,1.93,0.419,116.36975,117.4745,115.756,1,0.006,1.631,0.4479,115.35,115.734,116.916,112.188,1,0.011,0.35,0,116.36975,0.607,0.164,0,0.0,0.0,0.0,119.5325,2.317,0,0,1,0.5,0.72,0.4056,0.72,0.592,2,0.648,3,0.837,117.10625,115.38775,0.254,1.383,0.0,2,0.0,0,0.648,0.926,2.564,0.361,0.464,1,116.36975,8,0.721,0.493,0.122,0.216,0.0,0.713,0.936,130.00526,130.25162,116.52763,-683.0288,40.92,-1,131.01095,0.574,164.19871,0.625,121.95974,0.551,1,0.401,1,2,2382,0.783,0.542,0.413,10.0,10.0,0.0952,105.0,0.0,1,1,0.607,104.4,1,0,0.593,166.36,-1,11.943,0.134,0.866,0.0,1.0,0.0,0.33,0.0,0.5,0.0,0.888,0.271,0.5,0.568,0.0,0.254,0.0,0,0,0.409,0.718,0.0,0.737,0.31,0.53,0.576,0.0,0.574,0.4,0.0,1.0,0.835
7807,2022.06.24 17:41:40,JPMm,TREND_CONTINUATION,BUY,3,117.01,115.75,119.63,2.08,0.389,116.36975,117.4745,115.756,1,0.006,1.631,0.5145,115.35,115.734,116.916,112.188,1,0.011,0.35,0,116.36975,0.607,0.164,0,0.0,0.0,0.0,119.5325,2.317,0,0,1,0.5,0.72,0.4056,0.72,0.592,2,0.648,3,0.837,117.10625,115.38775,0.187,1.45,0.0,2,0.0,0,0.648,0.902,2.498,0.361,0.461,1,116.36975,8,0.721,0.626,0.122,0.216,0.0,0.713,0.936,130.00526,130.25162,116.52763,-683.0288,40.92,-1,131.01095,0.574,164.19871,0.625,121.95974,0.551,1,0.401,1,2,2382,0.783,0.542,0.413,10.0,10.0,0.0952,105.0,0.0,1,1,0.607,104.4,1,0,0.593,166.36,-1,12.01,0.134,0.866,0.0,1.0,0.0,0.77,0.0,0.5,0.0,0.888,0.305,0.5,0.568,0.0,0.254,0.0,0,0,0.389,0.718,0.0,0.517,0.31,0.53,0.585,0.0,0.574,0.4,0.0,1.0,0.835
7811,2022.06.24 18:00:20,JPMm,BREAKOUT_RETEST,BUY,3,117.22,116.36,119.63,2.8,0.417,117.13175,117.2675,116.3625,1,0.041,0.394,-0.0115,115.35,115.734,116.916,112.188,0,0.014,0.5,0,116.40775,0.695,0.374,0,0.0,0.0,0.0,119.5325,2.381,0,0,1,0.55,0.755,0.5881,0.755,1.0,2,0.6,0,0.722,117.0865,117.539,0.033,0.408,0.0,2,0.0,0,0.6,0.706,2.352,0.3,0.432,1,116.40775,8,0.739,0.935,0.0,0.226,0.144,0.872,0.907,130.00526,130.25162,116.52763,-683.0288,40.92,-1,131.01095,0.574,164.19871,0.625,121.95974,0.551,1,0.401,1,2,2383,0.783,0.542,0.413,10.0,10.0,0.0975,102.6,0.0,1,1,0.607,104.4,1,0,0.593,166.36,0,12.499,0.134,0.866,0.0,1.0,0.5,0.87,0.0,0.5,0.0,0.828,0.646,0.5,0.549,0.0,0.29,0.0,0,0,0.368,0.79,0.0,0.46,0.279,0.375,0.711,0.0,0.584,0.4,0.0,1.0,0.836
7812,2022.06.24 18:00:20,JPMm,PULLBACK,BUY,3,117.22,116.41,119.63,2.96,0.491,117.13175,117.2675,116.3625,1,0.041,0.394,-0.0115,115.35,115.734,116.916,112.188,0,0.014,0.5,0,116.40775,0.695,0.374,0,0.0,0.0,0.0,119.5325,2.381,0,0,1,0.55,0.755,0.5881,0.755,1.0,2,0.6,0,0.722,117.0865,117.539,0.033,0.408,0.0,2,0.0,0,0.6,0.706,2.352,0.3,0.432,1,116.40775,8,0.739,0.935,0.0,0.226,0.144,0.872,0.907,130.00526,130.25162,116.52763,-683.0288,40.92,-1,131.01095,0.574,164.19871,0.625,121.95974,0.551,1,0.401,1,2,2383,0.783,0.542,0.413,10.0,10.0,0.0975,102.6,0.0,1,1,0.607,104.4,1,0,0.593,166.36,0,12.499,0.134,0.866,0.0,1.0,0.5,0.86,0.0,0.5,0.0,0.828,0.646,0.5,0.549,0.0,0.29,0.0,0,0,0.368,0.79,0.0,0.46,0.279,0.375,0.711,0.0,0.584,0.4,0.0,1.0,0.836
7814,2022.06.24 18:01:40,JPMm,MEAN_REVERSION,SELL,3,117.15,117.97,116.41,0.9,0.601,117.13175,117.2675,116.3625,1,0.041,0.394,0.0178,115.35,115.734,116.916,112.188,0,0.014,0.5,0,116.40775,0.695,0.374,0,0.0,0.0,0.0,119.5325,2.381,0,0,1,0.55,0.755,0.5881,0.755,1.0,2,0.6,0,0.722,117.0865,117.539,0.062,0.379,0.0,2,0.0,0,0.6,0.697,2.323,0.3,0.431,1,116.40775,8,0.739,0.876,0.0,0.226,0.144,0.872,0.907,130.00526,130.25162,116.52763,-683.0288,40.92,-1,131.01095,0.574,164.19871,0.625,121.95974,0.551,1,0.401,1,2,2383,0.783,0.542,0.413,10.0,10.0,0.0975,102.6,0.0,1,1,0.607,104.4,1,0,0.593,166.36,0,12.43,0.134,0.866,0.0,1.0,0.5,0.96,0.0,0.5,0.0,0.828,0.611,0.5,0.549,0.0,0.29,0.0,0,0,0.347,0.79,0.0,0.46,0.279,0.375,0.716,0.0,0.584,0.4,0.0,1.0,0.836
7816,2022.06.24 19:40:00,JPMm,BREAKOUT,BUY,3,117.15,115.62,119.63,1.63,0.289,117.08675,117.273,116.7515,1,0.012,0.452,-0.0361,115.35,115.734,116.916,112.188,0,0.013,0.35,0,117.08675,0.711,0.675,0,0.0,0.0,0.0,119.5325,2.49,0,0,1,0.6,0.615,0.7087,0.615,1.0,0,0.763,0,0.661,116.975,117.571,0.074,0.512,0.0,2,0.25,0,0.763,0.732,2.441,0.3,0.436,1,119.5325,6,0.65,0.853,0.1,0.185,0.22,0.918,0.931,130.00526,130.25162,116.52763,-683.0288,40.92,-1,131.01095,0.574,164.19871,0.625,121.95974,0.551,1,0.401,1,2,2384,0.783,0.542,0.413,10.0,10.0,0.0983,101.7,0.0,1,1,0.607,104.4,1,0,0.593,166.36,0,12.535,0.134,0.866,0.0,1.0,0.5,0.35,0.0,0.5,0.0,0.593,0.586,0.5,0.568,0.0,0.353,0.0,0,0,0.363,0.864,0.0,0.61,0.315,0.219,0.65,0.0,0.584,0.4,0.0,1.0,0.821
7817,2022.06.24 19:40:59,JPMm,NAKED_POC,BUY,3,117.21,116.6,119.53,3.8,0.446,117.08675,117.273,116.7515,1,0.012,0.452,0.0229,115.35,115.734,116.916,112.188,0,0.014,0.35,0,117.08675,0.711,0.675,0,0.0,0.0,0.0,119.5325,2.49,0,0,1,0.6,0.615,0.7087,0.615,1.0,0,0.763,0,0.661,116.975,117.571,0.133,0.453,0.0,2,0.25,0,0.763,0.715,2.382,0.3,0.434,1,116.7515,5,0.6,0.735,0.1,0.185,0.22,0.918,0.931,130.00526,130.25162,116.52763,-683.0288,40.92,-1,131.01095,0.574,164.19871,0.625,121.95974,0.551,1,0.401,1,2,2384,0.783,0.542,0.413,10.0,10.0,0.0983,101.7,0.0,1,1,0.607,104.4,1,0,0.593,166.36,0,12.594,0.134,0.866,0.0,1.0,0.5,0.78,0.0,0.5,0.0,0.593,0.604,0.5,0.568,0.0,0.357,0.0,0,0,0.376,0.72,0.0,0.477,0.315,0.183,0.65,0.0,0.584,0.4,0.0,1.0,0.821
7820,2022.06.24 19:41:40,JPMm,TREND_CONTINUATION,BUY,3,117.17,115.95,119.63,2.02,0.405,117.08675,117.273,116.7515,1,0.012,0.452,-0.0165,115.35,115.734,116.916,112.188,0,0.013,0.35,0,117.08675,0.711,0.675,0,0.0,0.0,0.0,119.5325,2.49,0,0,1,0.6,0.615,0.7087,0.615,1.0,0,0.763,0,0.661,116.975,117.571,0.093,0.493,0.0,2,0.25,0,0.763,0.726,2.421,0.3,0.435,1,116.7515,5,0.6,0.813,0.1,0.185,0.22,0.918,0.931,130.00526,130.25162,116.52763,-683.0288,40.92,-1,131.01095,0.574,164.19871,0.625,121.95974,0.551,1,0.401,1,2,2384,0.783,0.542,0.413,10.0,10.0,0.0983,101.7,0.0,1,1,0.607,104.4,1,0,0.593,166.36,0,12.555,0.134,0.866,0.0,1.0,0.5,0.45,0.0,0.5,0.0,0.593,0.573,0.5,0.568,0.0,0.353,0.0,0,0,0.356,0.864,0.0,0.61,0.315,0.219,0.65,0.0,0.584,0.4,0.0,1.0,0.821
7822,2022.06.27 13:40:00,JPMm,NAKED_POC,BUY,4,117.29,116.72,119.53,3.9,0.404,117.08,117.152,116.864,1,0.022,0.268,0.0706,115.35,115.734,116.916,112.188,0,0.014,0.3,4,117.08,0.715,0.662,0,0.0,0.0,0.0,119.5325,2.403,0,0,1,0.65,0.825,0.738,0.825,0.934,0,0.682,1,0.284,117.056,117.464,0.095,0.317,-0.2355,1,0.75,6,0.75,0.384,2.403,0.16,0.267,0,119.5325,6,0.65,0.81,0.62,0.247,0.713,0.892,0.985,130.04648,130.25162,113.28913,-887.757,-204.7282,-2,131.0027,0.574,164.47074,0.618,122.39664,0.585,1,0.411,1,2,2385,0.783,0.542,0.413,14.0,10.0,0.1412,99.1,0.0,1,1,0.607,104.4,1,0,0.593,166.36,0,13.001,0.129,0.871,0.0,0.0,0.5,0.0,0.0,0.5,0.0,0.0,0.534,0.5,0.0,0.0,0.0,0.0,0,0,0.021,0.0,0.0,0.0,0.0,0.0,0.5,0.0,0.0,0.0,0.0,0.0,0.0
7823,2022.06.27 13:40:20,JPMm,BREAKOUT,BUY,4,117.44,115.95,119.67,1.5,0.467,117.08,117.152,116.864,0,0.022,0.268,0.2219,115.35,115.734,116.916,112.188,0,0.016,0.3,4,117.08,0.715,0.662,0,0.0,0.0,0.0,119.5325,2.403,0,0,1,0.65,0.825,0.738,0.825,0.143,0,0.686,1,0.284,117.056,117.464,0.246,0.165,0.0,2,0.15,0,0.686,0.965,2.252,0.429,0.409,1,116.864,5,0.6,0.508,0.317,0.247,0.202,0.892,0.985,130.04648,130.25162,113.28913,-887.757,-204.7282,-2,131.0027,0.574,164.47074,0.618,122.39664,0.585,1,0.411,1,2,2385,0.783,0.542,0.413,14.0,10.1,0.1412,99.1,0.0,1,1,0.607,104.4,1,0,0.593,166.36,0,13.153,0.129,0.871,0.0,0.0,0.5,0.01,0.0,0.5,0.0,1.0,0.57,0.5,0.563,0.0,0.371,0.0,0,0,0.36,0.542,0.0,0.396,0.336,0.321,0.694,0.0,0.581,0.4,0.0,1.0,0.896
7824,2022.06.27 13:40:20,JPMm,PULLBACK,BUY,4,117.44,115.95,119.67,1.5,0.371,117.08,117.152,116.864,0,0.022,0.268,0.2219,115.35,115.734,116.916,112.188,0,0.016,0.3,4,117.08,0.715,0.662,0,0.0,0.0,0.0,119.5325,2.403,0,0,1,0.65,0.825,0.738,0.825,0.143,0,0.686,1,0.284,117.056,117.464,0.246,0.165,0.0,2,0.15,0,0.686,0.965,2.252,0.429,0.409,1,116.864,5,0.6,0.508,0.317,0.247,0.202,0.892,0.985,130.04648,130.25162,113.28913,-887.757,-204.7282,-2,131.0027,0.574,164.47074,0.618,122.39664,0.585,1,0.411,1,2,2385,0.783,0.542,0.413,14.0,10.1,0.1412,99.1,0.0,1,1,0.607,104.4,1,0,0.593,166.36,0,13.153,0.129,0.871,0.0,0.0,0.5,0.01,0.0,0.5,0.0,1.0,0.57,0.5,0.563,0.0,0.371,0.0,0,0,0.36,0.542,0.0,0.396,0.336,0.321,0.694,0.0,0.581,0.4,0.0,1.0,0.896
7827,2022.06.27 13:40:40,JPMm,BREAKOUT_RETEST,BUY,4,117.21,116.9,119.67,8.07,0.449,117.08,117.152,116.864,1,0.022,0.268,-0.0101,115.35,115.734,116.916,112.188,0,0.013,0.3,4,117.08,0.715,0.662,0,0.0,0.0,0.0,119.5325,2.403,0,0,1,0.65,0.825,0.738,0.825,1.0,0,0.686,1,0.284,117.056,117.464,0.014,0.397,0.0,2,0.15,0,0.686,0.745,2.484,0.3,0.383,1,119.5325,6,0.65,0.972,0.06,0.247,0.202,0.892,0.985,130.04648,130.25162,113.28913,-887.757,-204.7282,-2,131.0027,0.574,164.47074,0.618,122.39664,0.585,1,0.411,1,2,2385,0.783,0.542,0.413,14.0,10.2,0.1412,99.1,0.0,1,1,0.607,104.4,1,0,0.593,166.36,0,12.921,0.129,0.871,0.0,0.0,0.5,0.0,0.0,0.5,0.0,0.77,0.459,0.5,0.563,0.0,0.371,0.0,0,0,0.342,0.793,0.0,0.649,0.255,0.344,0.65,0.0,0.611,0.4,0.0,1.0,0.778
7828,2022.06.27 13:40:59,JPMm,TREND_CONTINUATION,BUY,4,117.26,116.07,119.67,2.03,0.429,117.08,117.152,116.864,1,0.022,0.268,0.0403,115.35,115.734,116.916,112.188,0,0.014,0.3,4,117.08,0.715,0.662,0,0.0,0.0,0.0,119.5325,2.403,0,0,1,0.65,0.825,0.738,0.825,0.934,0,0.686,1,0.284,117.056,117.464,0.065,0.347,0.0,2,0.15,0,0.686,0.754,2.433,0.31,0.384,1,119.5325,6,0.65,0.871,0.08,0.247,0.202,0.892,0.985,130.04648,130.25162,113.28913,-887.757,-204.7282,-2,131.0027,0.574,164.47074,0.618,122.39664,0.585,1,0.411,1,2,2385,0.783,0.542,0.413,14.0,10.2,0.1412,99.1,0.0,1,1,0.607,104.4,1,0,0.593,166.36,0,12.971,0.129,0.871,0.0,0.0,0.5,0.01,0.0,0.5,0.0,0.77,0.43,0.5,0.563,0.0,0.371,0.0,0,0,0.36,0.661,0.0,0.519,0.255,0.287,0.65,0.0,0.611,0.4,0.0,1.0,0.904
7832,2022.06.27 13:46:40,JPMm,MEAN_REVERSION,BUY,4,116.52,115.73,117.18,0.83,0.637,117.08,117.152,116.864,0,0.022,0.268,-0.6657,115.35,115.734,116.916,112.188,1,0.007,0.3,4,117.08,0.715,0.662,0,0.0,0.0,0.0,119.5325,2.403,0,0,1,0.65,0.825,0.738,0.825,0.061,0,0.686,1,0.284,117.056,117.464,0.641,1.053,0.0,2,0.15,0,0.686,1.384,3.139,0.441,0.458,1,117.08,8,0.743,0.0,0.342,0.247,0.202,0.892,0.985,130.04648,130.25162,113.28913,-887.757,-204.7282,-2,131.0027,0.574,164.47074,0.618,122.39664,0.585,1,0.411,1,2,2385,0.783,0.542,0.413,10.0,10.2,0.1009,99.1,0.0,1,1,0.607,104.4,1,0,0.593,166.36,0,12.225,0.129,0.871,0.0,0.0,0.5,0.05,0.0,0.5,0.0,0.411,0.393,0.5,0.799,0.0,0.379,0.0,0,0,0.455,0.583,0.0,0.945,0.255,0.16,0.451,0.0,0.599,0.4,0.0,1.0,0.903
7835,2022.06.27 13:51:40,JPMm,SWEEP_REVERSAL,BUY,4,116.32,115.33,117.18,0.87,0.213,117.08,117.152,116.864,0,0.022,0.268,-0.8674,115.35,115.734,116.916,112.188,1,0.005,0.3,4,117.08,0.715,0.662,0,0.0,0.0,0.0,119.5325,2.403,0,0,1,0.65,0.825,0.738,0.825,0.061,0,0.686,1,0.284,117.056,117.464,0.843,1.255,0.0,2,0.15,0,0.686,1.473,3.341,0.441,0.468,1,117.08,8,0.743,0.0,0.342,0.247,0.202,0.892,0.985,130.04648,130.25162,113.28913,-887.757,-204.7282,-2,131.0027,0.574,164.47074,0.618,122.39664,0.585,1,0.411,1,2,2385,0.783,0.542,0.413,10.0,10.2,0.1009,99.1,0.0,1,1,0.607,104.4,1,0,0.593,166.36,0,12.023,0.129,0.871,0.0,0.0,0.5,0.05,0.0,0.5,0.0,0.411,0.374,0.5,0.918,0.0,0.456,0.0,0,0,0.534,0.631,0.0,0.945,0.255,0.185,0.422,0.0,0.604,0.4,0.0,1.0,0.903
7838,2022.06.27 14:00:00,JPMm,ANCHORED_PULLBACK,SELL,4,116.16,116.58,115.37,1.9,0.685,117.05325,117.207,116.7765,0,0.771,0.029,-0.8945,115.982,115.4975,117.36,112.89,1,0.007,0.35,0,117.05325,0.602,0.338,0,0.0,0.0,116.49,119.5325,3.377,0,0,0,1.0,0.86,0.6352,0.86,0.02,0,0.705,2,0.281,117.0225,116.19225,0.864,0.032,0.1427,0,0.15,2,1.0,2.016,3.377,0.597,0.609,2,117.05325,8,0.72,0.0,0.354,0.958,0.053,0.89,0.97,130.04648,130.25162,113.28913,-887.757,-204.7282,-2,131.0027,0.574,164.47074,0.618,122.39664,0.585,1,0.411,1,2,2386,0.783,0.542,0.413,10.0,10.0,0.1001,99.9,0.0,1,1,0.607,104.4,1,0,0.593,166.36,0,11.777,0.129,0.871,0.0,0.0,0.5,0.01,0.0,0.5,0.0,0.361,0.43,0.5,0.726,0.0,0.726,0.0,0,0,0.551,0.527,0.0,1.0,0.257,0.535,0.437,0.0,0.507,0.4,0.0,1.0,0.843
7840,2022.06.27 15:40:00,JPMm,NAKED_POC,BUY,4,117.38,117.08,119.53,7.16,0.471,116.9895,117.162,116.334,0,0.051,0.392,0.2872,115.982,115.855,117.34,112.588,1,0.014,0.6,0,116.3685,0.708,0.33,0,0.0,0.0,116.1125,119.5325,2.702,0,1,0,0.75,0.72,0.4474,0.72,0.046,2,0.642,0,0.587,116.955,117.231,0.321,0.048,0.0,2,0.55,6,0.75,0.653,2.227,0.293,0.372,1,116.955,2,0.55,0.357,0.706,0.216,0.61,0.943,0.889,130.04648,130.25162,113.28913,-887.757,-204.7282,-2,131.0027,0.574,164.47074,0.618,122.39664,0.585,1,0.411,1,2,2387,0.783,0.542,0.413,10.0,10.0,0.0989,101.1,0.0,1,1,0.607,104.4,1,0,0.593,166.36,0,12.833,0.129,0.871,0.0,0.0,0.5,0.27,0.0,0.5,0.0,0.0,0.546,0.5,0.0,0.0,0.0,0.0,0,0,0.028,0.0,0.0,0.0,0.0,0.0,0.5,0.0,0.0,0.0,0.0,0.0,0.0
7842,2022.06.27 16:00:00,JPMm,BREAKOUT,BUY,4,117.66,116.95,119.63,2.78,0.604,116.32275,117.0835,116.1885,0,0.621,0.107,1.2579,115.982,115.90075,117.2245,112.9885,0,0.017,0.5,0,116.32275,0.781,0.771,0,0.0,0.0,0.0,119.5325,2.005,0,0,1,1.0,0.755,0.2011,0.755,0.287,1,0.298,0,0.492,116.94925,117.66525,0.621,0.107,0.0681,0,0.4,2,0.65,1.117,2.005,0.557,0.415,1,116.94925,2,0.55,0.0,0.374,0.926,0.238,0.963,0.896,129.51765,129.8357,113.28913,-936.7247,-48.9677,-2,130.40144,0.612,163.98538,0.641,122.44735,0.604,1,0.448,1,2,2388,0.783,0.542,0.413,10.0,10.0,0.1017,98.4,0.0,1,1,0.607,104.4,1,0,0.593,166.36,0,13.481,0.125,0.875,0.0,0.0,0.5,0.3,0.0,0.5,0.0,1.0,0.336,0.5,0.449,0.0,0.29,0.0,0,0,0.349,0.294,0.0,0.517,0.279,0.698,0.769,0.0,0.492,0.421,0.0,1.0,0.836
7843,2022.06.27 16:00:20,JPMm,PULLBACK,BUY,4,117.71,116.95,119.63,2.53,0.459,116.32275,117.0835,116.1885,0,0.621,0.107,1.3088,115.982,115.90075,117.2245,112.9885,0,0.017,0.5,0,116.32275,0.781,0.771,0,0.0,0.0,0.0,119.5325,2.005,0,0,1,1.0,0.755,0.2011,0.755,0.287,2,0.598,0,0.492,116.94925,117.66525,0.672,0.056,0.0,2,0.4,0,0.598,0.796,1.955,0.407,0.364,1,116.94925,2,0.55,0.0,0.374,0.226,0.238,0.963,0.896,129.51765,129.8357,113.28913,-936.7247,-48.9677,-2,130.40144,0.612,163.98538,0.641,122.44735,0.604,1,0.448,1,2,2388,0.783,0.542,0.413,10.0,10.0,0.1017,98.4,0.0,1,1,0.607,104.4,1,0,0.593,166.36,0,13.532,0.125,0.875,0.0,0.0,0.5,0.68,0.0,0.5,0.0,1.0,0.35,0.5,0.51,0.0,0.284,0.0,0,0,0.357,0.361,0.0,0.349,0.263,0.441,0.865,0.0,0.575,0.421,0.0,1.0,0.786
7844,2022.06.27 16:00:20,JPMm,TREND_CONTINUATION,BUY,4,117.71,116.53,119.63,1.63,0.539,116.32275,117.0835,116.1885,0,0.621,0.107,1.3088,115.982,115.90075,117.2245,112.9885,0,0.017,0.5,0,116.32275,0.781,0.771,0,0.0,0.0,0.0,119.5325,2.005,0,0,1,1.0,0.755,0.2011,0.755,0.287,2,0.598,0,0.492,116.94925,117.66525,0.672,0.056,0.0,2,0.4,0,0.598,0.796,1.955,0.407,0.364,1,116.94925,2,0.55,0.0,0.374,0.226,0.238,0.963,0.896,129.51765,129.8357,113.28913,-936.7247,-48.9677,-2,130.40144,0.612,163.98538,0.641,122.44735,0.604,1,0.448,1,2,2388,0.783,0.542,0.413,10.0,10.0,0.1017,98.4,0.0,1,1,0.607,104.4,1,0,0.593,166.36,0,13.532,0.125,0.875,0.0,0.0,0.5,0.67,0.0,0.5,0.0,1.0,0.35,0.5,0.51,0.0,0.284,0.0,0,0,0.357,0.361,0.0,0.349,0.263,0.441,0.865,0.0,0.575,0.421,0.0,1.0,0.786
7848,2022.06.27 16:02:40,JPMm,SWEEP_REVERSAL,SELL,4,117.24,118.22,116.32,0.93,0.276,116.32275,117.0835,116.1885,0,0.621,0.107,0.9326,115.982,115.90075,117.2245,112.9885,0,0.014,0.5,0,116.32275,0.781,0.771,0,0.0,0.0,0.0,119.5325,2.005,0,0,1,1.0,0.755,0.2011,0.755,0.192,2,0.598,0,0.492,116.94925,117.21775,0.296,0.023,0.0,2,0.4,0,0.598,0.982,2.331,0.421,0.386,1,116.32275,8,0.756,0.409,0.402,0.226,0.238,0.963,0.836,129.51765,129.8357,113.28913,-936.7247,-48.9677,-2,130.40144,0.612,163.98538,0.641,122.44735,0.604,1,0.448,1,2,2388,0.783,0.542,0.413,10.0,10.0,0.1017,98.4,0.0,1,1,0.607,104.4,1,0,0.593,166.36,0,13.054,0.125,0.875,0.0,0.0,0.5,0.0,0.0,0.5,0.0,1.0,0.255,0.5,0.535,0.0,0.29,0.0,0,0,0.424,0.339,0.0,0.536,0.263,0.441,0.856,0.0,0.569,0.421,0.0,1.0,0.786
7849,2022.06.27 16:03:40,JPMm,MEAN_REVERSION,SELL,4,117.23,118.02,116.32,1.15,0.587,116.32275,117.0835,116.1885,0,0.621,0.107,0.9224,115.982,115.90075,117.2245,112.9885,0,0.014,0.5,0,116.32275,0.781,0.771,0,0.0,0.0,0.0,119.5325,2.005,0,0,1,1.0,0.755,0.2011,0.755,0.192,2,0.598,0,0.492,116.94925,117.21775,0.285,0.012,0.0,2,0.4,0,0.598,0.986,2.341,0.421,0.386,1,116.32275,8,0.756,0.429,0.402,0.226,0.238,0.963,0.836,129.51765,129.8357,113.28913,-936.7247,-48.9677,-2,130.40144,0.612,163.98538,0.641,122.44735,0.604,1,0.448,1,2,2388,0.783,0.542,0.413,10.0,10.0,0.1017,98.4,0.0,1,1,0.607,104.4,1,0,0.593,166.36,0,13.044,0.125,0.875,0.0,0.0,0.5,0.0,0.0,0.5,0.0,1.0,0.207,0.5,0.535,0.0,0.29,0.0,0,0,0.452,0.339,0.0,0.536,0.263,0.441,0.854,0.0,0.569,0.421,0.0,1.0,0.786
7850,2022.06.27 16:11:20,JPMm,BREAKOUT_RETEST,BUY,4,117.11,116.81,119.63,8.55,0.578,116.32275,117.0835,116.1885,1,0.621,0.107,0.6987,115.982,115.90075,117.2245,112.9885,1,0.011,0.5,0,116.32275,0.781,0.771,0,0.0,0.0,0.0,119.5325,2.005,0,0,1,1.0,0.755,0.2011,0.755,0.907,2,0.598,0,0.492,116.94925,117.21775,0.062,0.211,0.0,2,0.4,0,0.598,0.805,2.565,0.314,0.365,1,116.32275,8,0.756,0.876,0.188,0.226,0.238,0.963,0.836,129.51765,129.8357,113.28913,-936.7247,-48.9677,-2,130.40144,0.612,163.98538,0.641,122.44735,0.604,1,0.448,1,2,2388,0.783,0.542,0.413,10.0,10.0,0.1017,98.4,0.0,1,1,0.607,104.4,1,0,0.593,166.36,0,12.922,0.125,0.875,0.0,0.0,0.5,0.0,0.0,0.5,0.0,0.938,0.225,0.5,0.494,0.0,0.251,0.0,0,0,0.414,0.588,0.0,0.446,0.206,0.377,0.6,0.0,0.622,0.421,0.0,1.0,0.797
7854,2022.06.27 18:00:00,JPMm,BREAKOUT,SELL,3,115.82,117.34,113.28,1.67,0.582,116.34125,117.053,115.958,0,0.298,0.082,-0.5132,116.614,115.79375,116.95,112.7875,1,0.0,0.5,0,116.34125,0.8,0.241,0,0.0,0.0,0.0,119.5325,3.655,0,0,0,0.75,-0.72,-0.0958,0.72,0.554,2,0.596,0,0.496,116.23175,115.90325,0.405,0.082,0.1969,0,0.15,2,1.0,1.889,3.655,0.517,0.629,2,116.34125,8,0.76,0.189,0.194,0.916,0.152,0.95,0.721,129.51765,129.8357,113.28913,-936.7247,-48.9677,-2,130.40144,0.612,163.98538,0.641,122.44735,0.604,1,0.448,1,2,2390,0.778,0.548,0.409,10.0,10.0,0.0985,101.6,0.0,1,1,0.607,104.4,1,0,0.593,166.36,-1,11.243,0.125,0.875,0.0,0.0,0.0,0.7,0.0,0.5,0.0,0.557,0.412,0.5,0.449,0.0,0.396,0.0,0,0,0.346,0.581,0.0,1.0,0.278,1.0,0.471,0.0,0.496,0.4,0.0,1.0,0.978
7855,2022.06.27 18:00:20,JPMm,PULLBACK,SELL,3,115.84,117.36,112.79,2.0,0.411,116.34125,117.053,115.958,0,0.298,0.082,-0.4935,116.614,115.79375,116.95,112.7875,1,0.0,0.5,0,116.34125,0.8,0.241,0,0.0,0.0,0.0,119.5325,3.655,0,0,0,0.75,-0.72,-0.0958,0.72,0.554,0,0.691,0,0.496,116.23175,115.90325,0.386,0.062,0.0,2,0.15,0,0.691,1.334,3.635,0.367,0.487,1,116.34125,8,0.76,0.229,0.194,0.216,0.152,0.95,0.721,129.51765,129.8357,113.28913,-936.7247,-48.9677,-2,130.40144,0.612,163.98538,0.641,122.44735,0.604,1,0.448,1,2,2390,0.778,0.548,0.409,10.0,10.0,0.0985,101.6,0.0,1,1,0.607,104.4,1,0,0.593,166.36,-1,11.263,0.125,0.875,0.0,0.0,0.0,0.77,0.0,0.5,0.0,0.663,0.431,0.5,0.51,0.0,0.333,0.0,0,0,0.328,0.597,0.0,1.0,0.289,0.443,0.46,0.0,0.568,0.4,0.0,1.0,0.912
7856,2022.06.27 18:00:20,JPMm,TREND_CONTINUATION,SELL,3,115.84,117.06,113.3,2.08,0.484,116.34125,117.053,115.958,0,0.298,0.082,-0.4935,116.614,115.79375,116.95,112.7875,1,0.0,0.5,0,116.34125,0.8,0.241,0,0.0,0.0,0.0,119.5325,3.655,0,0,0,0.75,-0.72,-0.0958,0.72,0.554,0,0.691,0,0.496,116.23175,115.90325,0.386,0.062,0.0,2,0.15,0,0.691,1.334,3.635,0.367,0.487,1,116.34125,8,0.76,0.229,0.194,0.216,0.152,0.95,0.721,129.51765,129.8357,113.28913,-936.7247,-48.9677,-2,130.40144,0.612,163.98538,0.641,122.44735,0.604,1,0.448,1,2,2390,0.778,0.548,0.409,10.0,10.0,0.0985,101.6,0.0,1,1,0.607,104.4,1,0,0.593,166.36,-1,11.263,0.125,0.875,0.0,0.0,0.0,0.76,0.0,0.5,0.0,0.663,0.431,0.5,0.51,0.0,0.333,0.0,0,0,0.328,0.597,0.0,1.0,0.289,0.443,0.46,0.0,0.568,0.4,0.0,1.0,0.912
7857,2022.06.27 18:03:40,JPMm,NAKED_POC,BUY,3,116.09,115.81,119.53,12.11,0.297,116.34125,117.053,115.958,1,0.298,0.082,-0.3458,116.614,115.79375,116.95,112.7875,1,0.002,0.5,0,116.34125,0.8,0.241,0,0.0,0.0,0.0,119.5325,3.655,0,0,0,0.75,-0.72,-0.0958,0.72,0.458,0,0.691,0,0.496,116.23175,115.90325,0.238,0.085,0.0,2,0.15,0,0.691,1.33,3.488,0.381,0.486,1,116.34125,8,0.76,0.524,0.223,0.216,0.152,0.95,0.721,129.51765,129.8357,113.28913,-936.7247,-48.9677,-2,130.40144,0.612,163.98538,0.641,122.44735,0.604,1,0.448,1,2,2390,0.778,0.548,0.409,10.0,10.0,0.0985,101.6,0.0,1,1,0.607,104.4,1,0,0.593,166.36,-1,11.509,0.125,0.875,0.0,0.0,0.0,0.99,0.0,0.5,0.0,0.663,0.538,0.5,0.484,0.0,0.308,0.0,0,0,0.291,0.675,0.0,1.0,0.285,0.436,0.455,0.0,0.577,0.4,0.0,1.0,0.829
7859,2022.06.27 18:14:40,JPMm,BREAKOUT_RETEST,SELL,3,116.03,116.33,115.41,2.03,0.51,116.34125,117.053,115.958,1,0.298,0.082,-0.3064,116.614,115.79375,116.95,112.7875,1,0.002,0.5,0,116.34125,0.8,0.241,0,0.0,0.0,0.0,119.5325,3.655,0,0,0,0.75,-0.72,-0.0958,0.72,0.458,0,0.691,0,0.496,116.23175,115.90325,0.199,0.125,0.0,2,0.15,0,0.691,1.315,3.448,0.381,0.485,1,116.34125,8,0.76,0.603,0.223,0.216,0.152,0.95,0.721,129.51765,129.8357,113.28913,-936.7247,-48.9677,-2,130.40144,0.612,163.98538,0.641,122.44735,0.604,1,0.448,1,2,2390,0.778,0.548,0.409,10.0,10.0,0.0985,101.6,0.0,1,1,0.607,104.4,1,0,0.593,166.36,-1,11.45,0.125,0.875,0.0,0.0,0.0,0.99,0.0,0.5,0.0,0.562,0.535,0.5,0.487,0.0,0.292,0.0,0,0,0.284,0.675,0.0,1.0,0.285,0.436,0.462,0.0,0.577,0.4,0.0,1.0,0.829
7860,2022.06.27 18:15:40,JPMm,MEAN_REVERSION,BUY,3,116.17,115.36,117.15,1.21,0.649,116.34125,117.053,115.958,1,0.298,0.082,-0.2671,116.614,115.79375,116.95,112.7875,1,0.003,0.5,0,116.34125,0.8,0.241,0,0.0,0.0,0.0,119.5325,3.655,0,0,0,0.75,-0.72,-0.0958,0.72,0.852,0,0.691,0,0.496,116.23175,115.90325,0.159,0.164,0.0,2,0.15,0,0.691,1.098,3.409,0.322,0.459,1,117.053,4,0.6,0.682,0.104,0.216,0.152,0.95,0.721,129.51765,129.8357,113.28913,-936.7247,-48.9677,-2,130.40144,0.612,163.98538,0.641,122.44735,0.604,1,0.448,1,2,2390,0.778,0.548,0.409,10.0,10.0,0.0985,101.6,0.0,1,1,0.607,104.4,1,0,0.593,166.36,-1,11.588,0.125,0.875,0.0,0.0,0.0,0.99,0.0,0.5,0.0,0.525,0.533,0.5,0.548,0.0,0.346,0.0,0,0,0.323,0.751,0.0,1.0,0.242,0.434,0.496,0.0,0.606,0.4,0.0,1.0,0.879
7866,2022.06.28 13:40:00,JPMm,SWEEP_REVERSAL,SELL,4,118.93,119.89,116.12,2.92,0.163,116.11675,116.543,115.6905,0,2.745,0.62,2.9218,116.10625,115.79375,116.95,112.7875,0,0.033,0.25,4,117.13975,0.534,0.814,0,0.0,0.0,116.19125,119.5325,0.626,0,0,1,0.6,-0.79,-0.1405,0.79,0.008,0,0.765,1,0.435,116.0315,118.248,3.01,0.708,-0.4793,1,0.0,1,1.0,0.9,3.01,0.299,0.503,2,119.5325,6,0.65,0.0,0.598,0.237,0.15,0.748,1.0,130.08383,130.27464,113.28913,-934.3703,2.3544,-1,130.99523,0.575,163.80586,0.636,121.88117,0.561,1,0.49,1,2,2392,0.778,0.548,0.409,14.0,10.0,0.1454,96.3,0.0,1,1,0.607,104.4,1,0,0.593,166.36,0,15.091,0.13,0.87,0.0,1.0,0.5,0.0,0.0,0.5,0.0,0.405,0.516,0.5,0.466,0.0,0.315,0.0,0,0,0.275,0.305,0.0,0.2,0.143,0.36,0.833,0.0,0.534,0.389,0.0,1.0,0.806
7867,2022.06.28 13:40:20,JPMm,MEAN_REVERSION,SELL,4,118.91,119.68,116.12,3.63,0.685,116.11675,116.543,115.6905,0,2.745,0.62,2.901,116.10625,115.79375,116.95,112.7875,0,0.032,0.25,4,117.13975,0.534,0.814,0,0.0,0.0,116.19125,119.5325,0.626,0,0,1,0.6,-0.79,-0.1405,0.79,0.008,0,0.768,1,0.435,116.0315,118.248,2.99,0.688,0.0,2,0.0,0,0.768,1.342,2.99,0.449,0.497,1,119.5325,6,0.65,0.0,0.298,0.237,0.15,0.748,1.0,130.08383,130.27464,113.28913,-934.3703,2.3544,-1,130.99523,0.575,163.80586,0.636,121.88117,0.561,1,0.49,1,2,2392,0.778,0.548,0.409,14.0,10.1,0.1454,96.3,0.0,1,1,0.607,104.4,1,0,0.593,166.36,0,15.07,0.13,0.87,0.0,1.0,0.5,0.0,0.0,0.5,0.0,0.506,0.488,0.5,0.53,0.0,0.348,0.0,0,0,0.306,0.366,0.0,0.249,0.143,0.393,0.833,0.0,0.583,0.389,0.0,1.0,0.947
7868,2022.06.28 13:40:40,JPMm,NAKED_POC,BUY,4,119.33,118.1,120.77,1.18,0.723,116.11675,116.543,115.6905,0,2.745,0.62,3.1918,116.10625,115.79375,116.95,112.7875,0,0.035,0.25,4,117.13975,0.534,0.814,0,0.0,0.0,116.19125,119.5325,0.626,0,0,1,0.6,-0.79,-0.1405,0.79,0.008,0,0.768,1,0.435,116.0315,118.248,3.28,0.978,0.0,2,0.0,0,0.768,1.472,3.28,0.449,0.512,2,119.5325,6,0.65,0.0,0.298,0.237,0.15,0.748,1.0,130.08383,130.27464,113.28913,-934.3703,2.3544,-1,130.99523,0.575,163.80586,0.636,121.88117,0.561,1,0.49,1,2,2392,0.778,0.548,0.409,14.0,10.2,0.1454,96.3,0.0,1,1,0.607,104.4,1,0,0.593,166.36,0,15.506,0.13,0.87,0.0,1.0,0.5,0.03,0.0,0.5,0.0,0.506,0.566,0.5,0.53,0.0,0.348,0.0,0,0,0.337,0.366,0.0,0.249,0.143,0.393,0.833,0.0,0.593,0.389,0.0,1.0,0.947
7869,2022.06.28 13:43:40,JPMm,BREAKOUT,SELL,4,118.75,120.19,116.34,1.67,0.522,116.11675,116.543,115.6905,0,2.745,0.62,2.7348,116.10625,115.79375,116.95,112.7875,0,0.031,0.25,4,117.13975,0.534,0.814,0,0.0,0.0,116.19125,119.5325,0.626,0,0,1,0.6,-0.79,-0.1405,0.79,0.0,0,0.768,1,0.435,116.0315,118.248,2.823,0.521,0.0,2,0.0,0,0.768,1.271,2.823,0.45,0.488,1,119.5325,6,0.65,0.0,0.3,0.237,0.15,0.748,1.0,130.08383,130.27464,113.28913,-934.3703,2.3544,-1,130.99523,0.575,163.80586,0.636,121.88117,0.561,1,0.49,1,2,2392,0.778,0.548,0.409,10.0,10.2,0.1039,96.3,0.0,1,1,0.607,104.4,1,0,0.593,166.36,0,14.904,0.13,0.87,0.0,1.0,0.5,0.83,0.0,0.5,0.0,0.506,0.414,0.5,0.53,0.0,0.348,0.0,0,0,0.35,0.364,0.0,0.249,0.143,0.393,0.833,0.0,0.583,0.389,0.0,1.0,0.947
7870,2022.06.28 13:43:59,JPMm,TREND_CONTINUATION,SELL,4,118.79,119.95,116.38,2.08,0.44,116.11675,116.543,115.6905,0,2.745,0.62,2.7764,116.10625,115.79375,116.95,112.7875,0,0.031,0.25,4,117.13975,0.534,0.814,0,0.0,0.0,116.19125,119.5325,0.626,0,0,1,0.6,-0.79,-0.1405,0.79,0.008,0,0.768,1,0.435,116.0315,118.248,2.865,0.563,0.0,2,0.0,0,0.768,1.286,2.865,0.449,0.49,1,119.5325,6,0.65,0.0,0.298,0.237,0.15,0.748,1.0,130.08383,130.27464,113.28913,-934.3703,2.3544,-1,130.99523,0.575,163.80586,0.636,121.88117,0.561,1,0.49,1,2,2392,0.778,0.548,0.409,10.0,10.2,0.1039,96.3,0.0,1,1,0.607,104.4,1,0,0.593,166.36,0,14.945,0.13,0.87,0.0,1.0,0.5,0.83,0.0,0.5,0.0,0.506,0.401,0.5,0.53,0.0,0.348,0.0,0,0,0.357,0.366,0.0,0.249,0.143,0.393,0.833,0.0,0.583,0.389,0.0,1.0,0.947
7875,2022.06.28 14:00:00,JPMm,ANCHORED_PULLBACK,BUY,4,118.82,116.82,122.02,1.6,0.779,116.16925,116.633,115.52,0,2.681,0.789,2.8915,116.68525,115.79375,116.95,113.25,0,0.033,0.3,4,116.16925,0.595,0.17,0,0.0,0.0,118.7785,119.5325,0.921,0,0,1,0.975,-0.65,-0.1299,0.65,0.189,0,0.687,1,0.52,116.0765,117.83875,2.997,0.999,0.2953,0,0.25,2,1.0,1.713,2.997,0.572,0.553,2,119.5325,6,0.65,0.0,0.343,0.895,0.238,0.604,1.0,130.08383,130.27464,113.28913,-934.3703,2.3544,-1,130.99523,0.575,163.80586,0.636,121.88117,0.561,1,0.49,1,2,2393,0.778,0.548,0.409,10.0,10.0,0.1134,88.2,0.0,1,1,0.607,104.4,1,0,0.593,166.36,0,16.347,0.13,0.87,0.0,1.0,0.5,0.29,0.0,0.5,0.0,0.257,0.387,0.5,0.49,0.0,0.661,0.0,0,0,0.479,0.536,0.0,0.337,0.107,0.859,0.443,0.0,0.53,0.389,0.0,1.0,1.007
7876,2022.06.28 14:02:40,JPMm,PULLBACK,SELL,4,118.34,118.87,115.69,5.02,0.455,116.16925,116.633,115.52,0,2.681,0.789,2.4608,116.68525,115.79375,116.95,113.25,0,0.029,0.3,4,116.16925,0.595,0.17,0,0.0,0.0,118.7785,119.5325,0.921,0,0,1,0.975,-0.65,-0.1299,0.65,0.015,0,0.723,1,0.52,116.0765,117.83875,2.566,0.568,0.0,2,0.25,0,0.723,1.149,2.566,0.448,0.418,1,119.5325,6,0.65,0.0,0.396,0.195,0.238,0.604,1.0,130.08383,130.27464,113.28913,-934.3703,2.3544,-1,130.99523,0.575,163.80586,0.636,121.88117,0.561,1,0.49,1,2,2393,0.778,0.548,0.409,10.0,10.0,0.1134,88.2,0.0,1,1,0.607,104.4,1,0,0.593,166.36,0,15.802,0.13,0.87,0.0,1.0,0.5,0.0,0.0,0.5,0.0,0.266,0.458,0.5,0.553,0.0,0.639,0.0,0,0,0.447,0.458,0.0,0.357,0.107,0.493,0.835,0.0,0.597,0.389,0.0,1.0,0.947
7880,2022.06.28 15:45:40,JPMm,NAKED_POC,BUY,4,116.5,115.38,119.53,2.72,0.261,116.16925,118.117,115.52,1,0.051,0.871,0.2552,116.68525,115.90225,117.2725,113.3575,1,0.006,0.7,2,116.16925,0.597,0.338,0,0.0,0.0,117.78375,119.5325,1.617,0,0,1,0.103,0.0,0.0024,0.304,0.347,2,0.636,3,0.951,115.98375,117.09675,0.46,0.77,0.0,2,0.0,0,0.636,1.378,3.464,0.398,0.525,2,115.98375,2,0.55,0.079,0.196,0.0,0.0,0.691,1.0,130.08383,130.27464,113.28913,-934.3703,2.3544,-1,130.99523,0.575,163.80586,0.636,121.88117,0.561,1,0.49,1,2,2394,0.778,0.548,0.409,10.0,10.0,0.1106,90.4,0.0,1,1,0.607,104.4,1,0,0.593,166.36,0,13.381,0.13,0.87,0.0,1.0,0.5,0.42,0.0,0.5,0.0,0.528,0.461,0.5,0.483,0.0,0.339,0.0,0,0,0.304,0.8,0.0,0.904,0.143,1.0,0.495,0.0,0.595,0.389,0.0,1.0,0.856
7882,2022.06.28 16:00:00,JPMm,BREAKOUT,BUY,4,116.46,115.05,119.63,2.25,0.229,116.14125,118.171,115.7,1,0.045,0.518,0.2327,116.68525,115.90225,117.2725,113.3575,1,0.005,0.7,2,116.14125,0.602,0.54,0,0.0,0.0,116.335,119.5325,3.375,0,0,0,0.45,0.51,0.1154,0.51,0.767,2,0.5,3,0.707,116.2295,117.112,0.139,0.8,-0.134,1,0.55,0,0.5,1.131,3.375,0.335,0.377,1,115.7,5,0.6,0.722,0.59,0.153,0.193,0.915,0.959,130.04648,130.25162,113.28913,-894.1077,40.2627,-1,131.0027,0.555,163.51451,0.609,118.57172,0.368,1,0.495,1,2,2395,0.778,0.548,0.409,10.0,10.0,0.1064,94.0,0.0,1,1,0.607,104.4,1,0,0.593,166.36,1,12.83,0.151,0.849,0.0,1.0,1.0,0.72,0.0,0.5,0.0,0.691,0.606,0.5,0.508,0.0,0.289,0.0,0,0,0.332,0.8,0.0,0.939,0.111,0.781,0.544,0.0,0.599,0.4,0.0,1.0,0.8
7883,2022.06.28 16:00:20,JPMm,BREAKOUT_RETEST,BUY,4,116.38,116.1,119.63,11.53,0.355,116.14125,118.171,115.7,1,0.045,0.518,0.1476,116.68525,115.90225,117.2725,113.3575,1,0.004,0.7,2,116.14125,0.602,0.54,0,0.0,0.0,116.335,119.5325,3.375,0,0,0,0.45,0.51,0.1154,0.51,0.767,2,0.518,3,0.707,116.2295,117.112,0.054,0.885,0.0,2,0.25,0,0.518,1.159,3.46,0.335,0.43,1,115.7,5,0.6,0.893,0.17,0.153,0.088,0.915,0.959,130.04648,130.25162,113.28913,-894.1077,40.2627,-1,131.0027,0.555,163.51451,0.609,118.57172,0.368,1,0.495,1,2,2395,0.778,0.548,0.409,10.0,10.0,0.1064,94.0,0.0,1,1,0.607,104.4,1,0,0.593,166.36,1,12.745,0.151,0.849,0.0,1.0,1.0,0.36,0.0,0.5,0.0,0.691,0.593,0.5,0.508,0.0,0.338,0.0,0,0,0.343,0.8,0.0,0.982,0.155,0.912,0.46,0.0,0.627,0.4,0.0,1.0,0.825
7884,2022.06.28 16:00:20,JPMm,TREND_CONTINUATION,BUY,4,116.38,115.25,119.63,2.88,0.34,116.14125,118.171,115.7,1,0.045,0.518,0.1476,116.68525,115.90225,117.2725,113.3575,1,0.004,0.7,2,116.14125,0.602,0.54,0,0.0,0.0,116.335,119.5325,3.375,0,0,0,0.45,0.51,0.1154,0.51,0.767,2,0.518,3,0.707,116.2295,117.112,0.054,0.885,0.0,2,0.25,0,0.518,1.159,3.46,0.335,0.43,1,115.7,5,0.6,0.893,0.17,0.153,0.088,0.915,0.959,130.04648,130.25162,113.28913,-894.1077,40.2627,-1,131.0027,0.555,163.51451,0.609,118.57172,0.368,1,0.495,1,2,2395,0.778,0.548,0.409,10.0,10.0,0.1064,94.0,0.0,1,1,0.607,104.4,1,0,0.593,166.36,1,12.745,0.151,0.849,0.0,1.0,1.0,0.35,0.0,0.5,0.0,0.691,0.593,0.5,0.508,0.0,0.338,0.0,0,0,0.343,0.8,0.0,0.982,0.155,0.912,0.46,0.0,0.627,0.4,0.0,1.0,0.825
7885,2022.06.28 16:00:40,JPMm,ANCHORED_PULLBACK,BUY,4,116.5,116.05,118.17,3.74,0.51,116.14125,118.171,115.7,1,0.045,0.518,0.2753,116.68525,115.90225,117.2725,113.3575,1,0.005,0.7,2,116.14125,0.602,0.54,0,0.0,0.0,116.335,119.5325,3.375,0,0,0,0.45,0.51,0.1154,0.51,0.767,2,0.518,3,0.707,116.2295,117.112,0.181,0.757,0.0,2,0.25,0,0.518,1.116,3.332,0.335,0.425,1,115.7,5,0.6,0.637,0.17,0.153,0.088,0.915,0.959,130.04648,130.25162,113.28913,-894.1077,40.2627,-1,131.0027,0.555,163.51451,0.609,118.57172,0.368,1,0.495,1,2,2395,0.778,0.548,0.409,10.0,10.0,0.1064,94.0,0.0,1,1,0.607,104.4,1,0,0.593,166.36,1,12.872,0.151,0.849,0.0,1.0,1.0,0.81,0.0,0.5,0.0,0.691,0.624,0.5,0.508,0.0,0.32,0.0,0,0,0.355,0.8,0.0,0.901,0.111,0.912,0.544,0.0,0.62,0.4,0.0,1.0,0.902
7890,2022.06.28 16:02:40,JPMm,PULLBACK,BUY,4,116.46,115.05,119.63,2.25,0.438,116.14125,118.171,115.7,1,0.045,0.518,0.2327,116.68525,115.90225,117.2725,113.3575,1,0.005,0.7,2,116.14125,0.602,0.54,0,0.0,0.0,116.335,119.5325,3.375,0,0,0,0.45,0.51,0.1154,0.51,0.767,2,0.518,3,0.707,116.2295,117.112,0.139,0.8,0.0,2,0.25,0,0.518,1.131,3.375,0.335,0.427,1,115.7,5,0.6,0.722,0.17,0.153,0.088,0.915,0.959,130.04648,130.25162,113.28913,-894.1077,40.2627,-1,131.0027,0.555,163.51451,0.609,118.57172,0.368,1,0.495,1,2,2395,0.778,0.548,0.409,10.0,10.0,0.1064,94.0,0.0,1,1,0.607,104.4,1,0,0.593,166.36,1,12.83,0.151,0.849,0.0,1.0,1.0,0.6,0.0,0.5,0.0,0.691,0.646,0.5,0.508,0.0,0.32,0.0,0,0,0.368,0.8,0.0,0.901,0.111,0.912,0.544,0.0,0.62,0.4,0.0,1.0,0.891
7892,2022.06.28 16:04:40,JPMm,MEAN_REVERSION,BUY,4,116.4,115.65,117.81,1.88,0.59,116.14125,118.171,115.7,1,0.045,0.518,0.1689,116.68525,115.90225,117.2725,113.3575,1,0.004,0.7,2,116.14125,0.602,0.54,0,0.0,0.0,116.335,119.5325,3.375,0,0,0,0.45,0.51,0.1154,0.51,0.767,2,0.518,3,0.707,116.2295,117.112,0.075,0.864,0.0,2,0.25,0,0.518,1.152,3.439,0.335,0.429,1,115.7,5,0.6,0.85,0.17,0.153,0.088,0.915,0.959,130.04648,130.25162,113.28913,-894.1077,40.2627,-1,131.0027,0.555,163.51451,0.609,118.57172,0.368,1,0.495,1,2,2395,0.778,0.548,0.409,10.0,10.0,0.1064,94.0,0.0,1,1,0.607,104.4,1,0,0.593,166.36,1,12.766,0.151,0.849,0.0,1.0,1.0,0.3,0.0,0.5,0.0,0.691,0.6,0.5,0.508,0.0,0.32,0.0,0,0,0.34,0.8,0.0,0.982,0.155,0.912,0.46,0.0,0.622,0.4,0.0,1.0,0.891
7894,2022.06.28 17:45:40,JPMm,NAKED_POC,BUY,3,116.66,115.74,119.53,3.13,0.361,116.22875,118.0295,115.8,1,0.323,0.571,0.3456,116.68525,115.90225,117.2725,113.3575,1,0.007,0.65,2,116.22875,0.636,0.117,0,0.0,0.0,0.0,119.5325,2.944,0,0,0,0.5,0.545,0.1278,0.545,0.52,2,0.543,3,0.565,116.3145,115.88575,0.256,0.703,0.0,2,0.25,0,0.543,1.154,3.101,0.372,0.422,1,116.22875,8,0.727,0.488,0.244,0.164,0.088,0.947,0.949,130.04648,130.25162,113.28913,-894.1077,40.2627,-1,131.0027,0.555,163.51451,0.609,118.57172,0.368,1,0.495,1,2,2396,0.778,0.548,0.409,10.0,10.0,0.1043,95.9,0.0,1,1,0.607,104.4,1,0,0.593,166.36,1,12.79,0.151,0.849,0.0,1.0,1.0,0.64,0.0,0.5,0.0,0.573,0.578,0.5,0.496,0.0,0.278,0.0,0,0,0.306,0.705,0.0,0.999,0.107,0.437,0.496,0.0,0.585,0.4,0.0,1.0,0.841
7896,2022.06.28 18:00:00,JPMm,BREAKOUT,BUY,3,116.59,115.14,119.63,2.09,0.261,116.57375,117.8325,116.11,1,0.05,0.907,-0.0864,116.68525,116.29375,117.2725,113.3575,1,0.002,0.65,2,116.57375,0.637,0.531,0,0.0,0.0,0.0,119.5325,3.139,0,0,0,0.55,0.755,0.1147,0.755,0.993,2,0.586,0,0.177,116.5075,117.36875,0.018,0.907,0.0,2,0.0,0,0.586,0.945,3.139,0.301,0.386,1,116.11,5,0.6,0.964,0.002,0.226,0.035,0.856,0.951,130.04648,130.25162,113.28913,-894.1077,40.2627,-1,131.0027,0.555,163.51451,0.609,118.57172,0.368,1,0.495,1,2,2397,0.778,0.548,0.409,10.0,10.0,0.1032,96.9,0.0,1,1,0.607,104.4,1,0,0.593,166.36,1,12.576,0.151,0.849,0.0,1.0,1.0,0.13,0.0,0.5,0.0,0.773,0.514,0.5,0.547,0.0,0.31,0.0,0,0,0.296,0.812,0.0,0.99,0.15,0.38,0.493,0.0,0.624,0.4,0.0,1.0,0.813
7897,2022.06.28 18:00:20,JPMm,BREAKOUT_RETEST,BUY,3,116.52,116.11,119.63,7.65,0.404,116.57375,117.8325,116.11,1,0.05,0.907,-0.1586,116.68525,116.29375,117.2725,113.3575,1,0.001,0.65,2,116.57375,0.637,0.531,0,0.0,0.0,0.0,119.5325,3.139,0,0,0,0.55,0.755,0.1147,0.755,0.993,2,0.586,0,0.177,116.5075,117.36875,0.09,0.979,0.0,2,0.0,0,0.586,0.967,3.211,0.301,0.388,1,116.11,5,0.6,0.819,0.002,0.226,0.035,0.856,0.951,130.04648,130.25162,113.28913,-894.1077,40.2627,-1,131.0027,0.555,163.51451,0.609,118.57172,0.368,1,0.495,1,2,2397,0.778,0.548,0.409,10.0,10.0,0.1032,96.9,0.0,1,1,0.607,104.4,1,0,0.593,166.36,1,12.504,0.151,0.849,0.0,1.0,1.0,0.0,0.0,0.5,0.0,0.773,0.503,0.5,0.547,0.0,0.281,0.0,0,0,0.278,0.812,0.0,0.99,0.15,0.38,0.49,0.0,0.619,0.4,0.0,1.0,0.892
7898,2022.06.28 18:00:20,JPMm,TREND_CONTINUATION,BUY,3,116.52,115.36,119.63,2.68,0.388,116.57375,117.8325,116.11,1,0.05,0.907,-0.1586,116.68525,116.29375,117.2725,113.3575,1,0.001,0.65,2,116.57375,0.637,0.531,0,0.0,0.0,0.0,119.5325,3.139,0,0,0,0.55,0.755,0.1147,0.755,0.993,2,0.586,0,0.177,116.5075,117.36875,0.09,0.979,0.0,2,0.0,0,0.586,0.967,3.211,0.301,0.388,1,116.11,5,0.6,0.819,0.002,0.226,0.035,0.856,0.951,130.04648,130.25162,113.28913,-894.1077,40.2627,-1,131.0027,0.555,163.51451,0.609,118.57172,0.368,1,0.495,1,2,2397,0.778,0.548,0.409,10.0,10.0,0.1032,96.9,0.0,1,1,0.607,104.4,1,0,0.593,166.36,1,12.504,0.151,0.849,0.0,1.0,1.0,0.0,0.0,0.5,0.0,0.773,0.503,0.5,0.547,0.0,0.281,0.0,0,0,0.278,0.812,0.0,0.99,0.15,0.38,0.49,0.0,0.619,0.4,0.0,1.0,0.892
7902,2022.06.28 18:02:40,JPMm,PULLBACK,BUY,3,116.56,115.11,119.63,2.11,0.48,116.57375,117.8325,116.11,1,0.05,0.907,-0.1174,116.68525,116.29375,117.2725,113.3575,1,0.002,0.65,2,116.57375,0.637,0.531,0,0.0,0.0,0.0,119.5325,3.139,0,0,0,0.55,0.755,0.1147,0.755,0.993,2,0.586,0,0.177,116.5075,117.36875,0.049,0.938,0.0,2,0.0,0,0.586,0.954,3.17,0.301,0.387,1,116.11,5,0.6,0.902,0.002,0.226,0.035,0.856,0.951,130.04648,130.25162,113.28913,-894.1077,40.2627,-1,131.0027,0.555,163.51451,0.609,118.57172,0.368,1,0.495,1,2,2397,0.778,0.548,0.409,10.0,10.0,0.1032,96.9,0.0,1,1,0.607,104.4,1,0,0.593,166.36,1,12.545,0.151,0.849,0.0,1.0,1.0,0.05,0.0,0.5,0.0,0.773,0.553,0.5,0.547,0.0,0.31,0.0,0,0,0.32,0.812,0.0,0.99,0.15,0.38,0.492,0.0,0.624,0.4,0.0,1.0,0.813
7904,2022.06.28 18:04:40,JPMm,MEAN_REVERSION,BUY,3,116.47,116.11,117.93,4.1,0.588,116.57375,117.8325,116.11,1,0.05,0.907,-0.2102,116.68525,116.29375,117.2725,113.3575,1,0.001,0.65,2,116.57375,0.637,0.531,0,0.0,0.0,0.0,119.5325,3.139,0,0,0,0.55,0.755,0.1147,0.755,0.729,2,0.586,0,0.177,116.5075,117.36875,0.142,1.03,0.0,2,0.0,0,0.586,1.112,3.263,0.341,0.405,1,117.8325,4,0.6,0.716,0.081,0.226,0.035,0.856,0.951,130.04648,130.25162,113.28913,-894.1077,40.2627,-1,131.0027,0.555,163.51451,0.609,118.57172,0.368,1,0.495,1,2,2397,0.778,0.548,0.409,10.0,10.0,0.1032,96.9,0.0,1,1,0.607,104.4,1,0,0.593,166.36,1,12.452,0.151,0.849,0.0,1.0,1.0,0.0,0.0,0.5,0.0,0.773,0.49,0.5,0.547,0.0,0.281,0.0,0,0,0.283,0.812,0.0,0.99,0.107,0.38,0.491,0.0,0.619,0.4,0.0,1.0,0.892
7906,2022.06.28 18:19:20,JPMm,SWEEP_REVERSAL,BUY,3,115.87,114.9,116.67,0.83,0.124,116.57375,117.8325,116.11,0,0.05,0.907,-0.8292,116.68525,116.29375,117.2725,113.3575,1,0.005,0.65,2,116.57375,0.637,0.531,0,0.0,0.0,0.0,119.5325,3.139,0,0,0,0.55,0.755,0.1147,0.755,0.291,2,0.586,0,0.177,116.5075,117.36875,0.761,1.649,0.0,2,0.0,0,0.586,1.577,3.882,0.406,0.46,1,116.57375,8,0.727,0.0,0.213,0.226,0.035,0.856,0.951,130.04648,130.25162,113.28913,-894.1077,40.2627,-1,131.0027,0.555,163.51451,0.609,118.57172,0.368,1,0.495,1,2,2397,0.778,0.548,0.409,10.0,10.0,0.1032,96.9,0.0,1,1,0.607,104.4,1,0,0.593,166.36,1,11.833,0.151,0.849,0.0,1.0,1.0,0.0,0.0,0.5,0.0,0.534,0.329,0.5,0.498,0.0,0.314,0.0,0,0,0.378,0.65,0.0,1.0,0.107,0.478,0.383,0.0,0.583,0.4,0.0,1.0,0.924
7908,2022.06.29 13:40:00,JPMm,NAKED_POC,SELL,4,115.31,115.97,112.0,5.03,0.442,116.36225,116.957,115.859,0,0.487,0.044,-1.0188,116.4325,115.90225,116.881,112.966,1,0.006,0.6,0,116.36225,0.782,0.191,0,0.0,0.0,115.91175,111.997,3.208,0,0,0,0.794,0.529,0.0349,0.529,0.011,0,0.763,0,0.631,115.81325,115.44725,0.487,0.133,0.2091,0,0.4,2,1.0,1.919,3.208,0.598,0.595,2,115.81325,2,0.55,0.026,0.457,0.859,0.266,0.82,0.938,122.04754,129.68613,115.98788,-740.7319,153.3757,-1,130.3804,0.568,163.71183,0.624,117.41817,0.416,1,0.424,1,2,2399,0.778,0.548,0.409,10.0,10.0,0.0968,103.3,0.0,1,1,0.607,104.4,1,0,0.593,166.36,1,10.563,0.153,0.847,0.0,1.0,1.0,0.0,0.0,0.5,0.0,0.445,0.48,0.5,0.434,0.0,0.375,0.0,0,0,0.292,0.445,0.0,1.0,0.16,0.653,0.394,0.0,0.495,0.4,0.0,1.0,0.908
7909,2022.06.29 13:40:20,JPMm,BREAKOUT,SELL,4,115.25,115.92,112.0,4.88,0.459,116.36225,116.957,115.859,0,0.487,0.044,-1.0769,116.4325,115.90225,116.881,112.966,1,0.006,0.6,0,116.36225,0.782,0.191,0,0.0,0.0,115.91175,111.997,3.208,0,0,0,0.794,0.529,0.0349,0.529,0.011,0,0.785,0,0.631,115.81325,115.44725,0.545,0.191,0.0,2,0.4,0,0.785,1.412,3.15,0.448,0.482,1,115.81325,2,0.55,0.0,0.457,0.159,0.266,0.82,0.938,122.04754,129.68613,115.98788,-740.7319,153.3757,-1,130.3804,0.568,163.71183,0.624,117.41817,0.416,1,0.424,1,2,2399,0.778,0.548,0.409,10.0,10.0,0.0968,103.3,0.0,1,1,0.607,104.4,1,0,0.593,166.36,1,10.505,0.153,0.847,0.0,1.0,1.0,0.0,0.0,0.5,0.0,0.53,0.449,0.5,0.493,0.0,0.323,0.0,0,0,0.308,0.449,0.0,1.0,0.171,0.258,0.306,0.0,0.564,0.4,0.0,1.0,0.865
7910,2022.06.29 13:40:20,JPMm,ANCHORED_PULLBACK,SELL,4,115.25,115.92,113.18,3.1,0.246,116.36225,116.957,115.859,0,0.487,0.044,-1.0769,116.4325,115.90225,116.881,112.966,1,0.006,0.6,0,116.36225,0.782,0.191,0,0.0,0.0,115.91175,111.997,3.208,0,0,0,0.794,0.529,0.0349,0.529,0.011,0,0.785,0,0.631,115.81325,115.44725,0.545,0.191,0.0,2,0.4,0,0.785,1.412,3.15,0.448,0.482,1,115.81325,2,0.55,0.0,0.457,0.159,0.266,0.82,0.938,122.04754,129.68613,115.98788,-740.7319,153.3757,-1,130.3804,0.568,163.71183,0.624,117.41817,0.416,1,0.424,1,2,2399,0.778,0.548,0.409,10.0,10.0,0.0968,103.3,0.0,1,1,0.607,104.4,1,0,0.593,166.36,1,10.505,0.153,0.847,0.0,1.0,1.0,0.0,0.0,0.5,0.0,0.53,0.449,0.5,0.493,0.0,0.323,0.0,0,0,0.308,0.449,0.0,1.0,0.171,0.258,0.306,0.0,0.564,0.4,0.0,1.0,0.865
7911,2022.06.29 13:41:40,JPMm,MEAN_REVERSION,BUY,4,115.64,114.81,116.46,1.0,0.713,116.36225,116.957,115.859,0,0.487,0.044,-0.7961,116.4325,115.90225,116.881,112.966,1,0.004,0.6,0,116.36225,0.782,0.191,0,0.0,0.0,115.91175,111.997,3.208,0,0,0,0.794,0.529,0.0349,0.529,0.143,0,0.785,0,0.631,115.81325,115.44725,0.265,0.09,0.0,2,0.4,0,0.785,1.47,3.43,0.429,0.489,1,116.36225,8,0.756,0.471,0.417,0.159,0.266,0.82,0.938,122.04754,129.68613,115.98788,-740.7319,153.3757,-1,130.3804,0.568,163.71183,0.624,117.41817,0.416,1,0.424,1,2,2399,0.778,0.548,0.409,10.0,10.0,0.0968,103.3,0.0,1,1,0.607,104.4,1,0,0.593,166.36,1,10.882,0.153,0.847,0.0,1.0,1.0,0.09,0.0,0.5,0.0,0.61,0.594,0.5,0.543,0.0,0.356,0.0,0,0,0.361,0.625,0.0,1.0,0.197,0.258,0.376,0.0,0.57,0.4,0.0,1.0,0.865
7912,2022.06.29 13:41:59,JPMm,SWEEP_REVERSAL,BUY,4,115.63,114.6,116.46,0.81,0.309,116.36225,116.957,115.859,0,0.487,0.044,-0.8058,116.4325,115.90225,116.881,112.966,1,0.004,0.6,0,116.36225,0.782,0.191,0,0.0,0.0,115.91175,111.997,3.208,0,0,0,0.794,0.529,0.0349,0.529,0.143,0,0.785,0,0.631,115.81325,115.44725,0.274,0.08,0.0,2,0.4,0,0.785,1.466,3.421,0.429,0.489,1,116.36225,8,0.756,0.452,0.417,0.159,0.266,0.82,0.938,122.04754,129.68613,115.98788,-740.7319,153.3757,-1,130.3804,0.568,163.71183,0.624,117.41817,0.416,1,0.424,1,2,2399,0.778,0.548,0.409,10.0,10.0,0.0968,103.3,0.0,1,1,0.607,104.4,1,0,0.593,166.36,1,10.873,0.153,0.847,0.0,1.0,1.0,0.09,0.0,0.5,0.0,0.61,0.615,0.5,0.543,0.0,0.356,0.0,0,0,0.374,0.625,0.0,1.0,0.197,0.258,0.374,0.0,0.57,0.4,0.0,1.0,0.865
7918,2022.06.29 13:49:40,JPMm,BREAKOUT_RETEST,BUY,4,116.19,115.86,117.06,2.59,0.518,116.36225,116.957,115.859,1,0.487,0.044,-0.2636,116.4325,115.90225,116.881,112.966,1,0.002,0.6,0,116.36225,0.782,0.191,0,0.0,0.0,115.91175,111.997,3.208,0,0,0,0.794,0.529,0.0349,0.529,0.21,0,0.785,0,0.631,115.81325,115.44725,0.268,0.622,0.0,2,0.4,0,0.785,1.659,3.963,0.419,0.511,2,116.957,4,0.6,0.464,0.397,0.159,0.266,0.82,0.938,122.04754,129.68613,115.98788,-740.7319,153.3757,-1,130.3804,0.568,163.71183,0.624,117.41817,0.416,1,0.424,1,2,2399,0.778,0.548,0.409,10.0,10.0,0.0968,103.3,0.0,1,1,0.607,104.4,1,0,0.593,166.36,1,11.415,0.153,0.847,0.0,1.0,1.0,0.99,0.0,0.5,0.0,0.473,0.665,0.5,0.791,0.0,0.414,0.0,0,0,0.502,0.755,0.952,1.0,0.201,0.222,0.545,0.0,0.586,0.4,0.0,1.0,0.783
7920,2022.06.29 13:50:40,JPMm,PULLBACK,BUY,4,116.44,115.91,116.98,1.02,0.525,116.36225,116.957,115.859,1,0.487,0.044,-0.0215,116.4325,115.90225,116.881,112.966,1,0.004,0.6,0,116.36225,0.782,0.191,0,0.0,0.0,115.91175,111.997,3.208,0,0,0,0.794,0.529,0.0349,0.529,1.0,0,0.785,0,0.631,116.45375,117.0485,0.11,0.686,0.0,2,0.4,0,0.785,0.206,0.686,0.3,0.359,1,115.859,5,0.6,0.78,0.16,0.159,0.266,0.961,0.833,122.04754,129.68613,115.98788,-740.7319,153.3757,-1,130.3804,0.568,163.71183,0.624,117.41817,0.416,1,0.424,1,2,2399,0.778,0.548,0.409,10.0,10.0,0.0968,103.3,0.0,1,1,0.607,104.4,1,0,0.593,166.36,1,11.657,0.153,0.847,0.0,1.0,1.0,0.99,0.0,0.5,0.646,0.304,0.683,0.5,0.86,0.0,0.63,0.0,0,0,0.62,0.8,0.828,1.0,0.149,0.286,0.507,0.0,0.614,0.4,0.0,1.0,0.751
7921,2022.06.29 13:50:59,JPMm,TREND_CONTINUATION,BUY,4,116.42,115.18,119.0,2.08,0.441,116.36225,116.957,115.859,1,0.487,0.044,-0.0409,116.4325,115.90225,116.881,112.966,1,0.004,0.6,0,116.36225,0.782,0.191,0,0.0,0.0,115.91175,111.997,3.208,0,0,0,0.794,0.529,0.0349,0.529,1.0,0,0.785,0,0.631,116.45375,117.0485,0.129,0.705,0.0,2,0.4,0,0.785,0.212,0.705,0.3,0.36,1,115.859,5,0.6,0.741,0.16,0.159,0.266,0.961,0.833,122.04754,129.68613,115.98788,-740.7319,153.3757,-1,130.3804,0.568,163.71183,0.624,117.41817,0.416,1,0.424,1,2,2399,0.778,0.548,0.409,10.0,10.0,0.0968,103.3,0.0,1,1,0.607,104.4,1,0,0.593,166.36,1,11.638,0.153,0.847,0.0,1.0,1.0,0.98,0.0,0.5,0.646,0.349,0.691,0.5,0.86,0.0,0.63,0.0,0,0,0.625,0.8,0.828,1.0,0.171,0.286,0.545,0.0,0.614,0.4,0.0,1.0,0.751
7924,2022.06.29 15:40:00,JPMm,NAKED_POC,SELL,4,115.33,115.97,112.0,5.18,0.46,115.853,116.204,115.346,0,0.232,0.134,-0.4914,116.29175,115.90225,116.881,112.966,1,0.005,0.55,0,115.853,0.701,0.923,0,0.0,0.0,115.79625,111.997,3.244,1,1,0,0.75,-0.545,-0.1092,0.545,0.128,0,0.778,0,0.439,115.814,115.268,0.455,0.058,0.0,2,0.7,6,0.7,0.879,3.132,0.281,0.329,0,115.853,8,0.74,0.09,0.742,0.164,0.633,0.811,0.919,122.04754,129.68613,115.98788,-740.7319,153.3757,-1,130.3804,0.568,163.71183,0.624,117.41817,0.416,1,0.424,1,2,2401,0.774,0.55,0.412,10.0,10.0,0.094,106.4,0.0,1,1,0.607,104.4,1,0,0.593,166.36,1,10.27,0.153,0.847,0.0,1.0,1.0,0.71,0.0,0.5,0.0,0.0,0.59,0.5,0.0,0.0,0.0,0.0,0,0,0.054,0.0,0.0,0.0,0.0,0.0,0.5,0.0,0.0,0.0,0.0,0.0,0.0
7926,2022.06.29 16:00:00,JPMm,BREAKOUT,SELL,4,115.32,115.77,112.0,7.35,0.351,115.84175,115.9715,115.2795,1,0.338,0.249,-0.5059,116.17775,115.51075,116.881,112.966,1,0.002,0.4,0,115.84175,0.631,0.616,0,0.0,0.0,0.0,111.997,3.222,0,0,0,0.825,-0.755,-0.1733,0.755,0.434,2,0.63,0,0.671,115.7985,115.06325,0.464,0.249,-0.1609,1,0.45,0,0.63,1.24,3.222,0.385,0.412,1,115.84175,8,0.726,0.072,0.65,0.226,0.292,0.749,0.876,122.04754,130.28875,115.98788,-784.5308,-43.7988,-2,130.3804,0.559,163.71183,0.623,117.41817,0.443,1,0.477,1,2,2402,0.774,0.55,0.412,10.0,10.0,0.097,103.1,0.0,1,1,0.607,104.4,1,0,0.593,166.36,1,10.587,0.05,0.95,0.0,0.0,1.0,0.61,0.0,0.5,0.0,0.964,0.545,0.5,0.439,0.0,0.171,0.0,0,0,0.227,0.602,0.0,0.713,0.143,0.109,0.423,0.0,0.557,0.45,0.0,1.0,0.722
7927,2022.06.29 16:00:20,JPMm,PULLBACK,SELL,4,115.27,115.77,112.0,6.52,0.432,115.84175,115.9715,115.2795,0,0.338,0.249,-0.5543,116.17775,115.51075,116.881,112.966,1,0.002,0.4,0,115.84175,0.631,0.616,0,0.0,0.0,0.0,111.997,3.222,0,0,0,0.825,-0.755,-0.1733,0.755,0.282,2,0.637,0,0.671,115.7985,115.06325,0.512,0.2,0.0,2,0.15,0,0.637,1.294,3.173,0.408,0.465,1,115.84175,8,0.726,0.0,0.275,0.226,0.187,0.749,0.876,122.04754,130.28875,115.98788,-784.5308,-43.7988,-2,130.3804,0.559,163.71183,0.623,117.41817,0.443,1,0.477,1,2,2402,0.774,0.55,0.412,10.0,10.0,0.097,103.1,0.0,1,1,0.607,104.4,1,0,0.593,166.36,1,10.539,0.05,0.95,0.0,0.0,1.0,0.51,0.0,0.5,0.0,0.964,0.531,0.5,0.486,0.0,0.205,0.0,0,0,0.246,0.553,0.0,0.803,0.143,0.229,0.409,0.0,0.567,0.45,0.0,1.0,0.911
7928,2022.06.29 16:00:20,JPMm,TREND_CONTINUATION,SELL,4,115.27,116.51,112.0,2.64,0.508,115.84175,115.9715,115.2795,0,0.338,0.249,-0.5543,116.17775,115.51075,116.881,112.966,1,0.002,0.4,0,115.84175,0.631,0.616,0,0.0,0.0,0.0,111.997,3.222,0,0,0,0.825,-0.755,-0.1733,0.755,0.282,2,0.637,0,0.671,115.7985,115.06325,0.512,0.2,0.0,2,0.15,0,0.637,1.294,3.173,0.408,0.465,1,115.84175,8,0.726,0.0,0.275,0.226,0.187,0.749,0.876,122.04754,130.28875,115.98788,-784.5308,-43.7988,-2,130.3804,0.559,163.71183,0.623,117.41817,0.443,1,0.477,1,2,2402,0.774,0.55,0.412,10.0,10.0,0.097,103.1,0.0,1,1,0.607,104.4,1,0,0.593,166.36,1,10.539,0.05,0.95,0.0,0.0,1.0,0.5,0.0,0.5,0.0,0.964,0.531,0.5,0.486,0.0,0.205,0.0,0,0,0.246,0.553,0.0,0.803,0.143,0.229,0.409,0.0,0.567,0.45,0.0,1.0,0.911
7929,2022.06.29 16:00:40,JPMm,BREAKOUT_RETEST,SELL,4,115.39,115.77,112.0,8.88,0.536,115.84175,115.9715,115.2795,1,0.338,0.249,-0.438,116.17775,115.51075,116.881,112.966,1,0.001,0.4,0,115.84175,0.631,0.616,0,0.0,0.0,0.0,111.997,3.222,0,0,0,0.825,-0.755,-0.1733,0.755,0.461,2,0.637,0,0.671,115.7985,115.06325,0.396,0.317,0.0,2,0.15,0,0.637,1.253,3.29,0.381,0.46,1,115.84175,8,0.726,0.208,0.222,0.226,0.187,0.749,0.876,122.04754,130.28875,115.98788,-784.5308,-43.7988,-2,130.3804,0.559,163.71183,0.623,117.41817,0.443,1,0.477,1,2,2402,0.774,0.55,0.412,10.0,10.0,0.097,103.1,0.0,1,1,0.607,104.4,1,0,0.593,166.36,1,10.655,0.05,0.95,0.0,0.0,1.0,0.9,0.0,0.5,0.0,0.964,0.567,0.5,0.46,0.0,0.19,0.0,0,0,0.254,0.608,0.0,0.803,0.143,0.205,0.442,0.0,0.576,0.45,0.0,1.0,0.829
7930,2022.06.29 16:04:40,JPMm,MEAN_REVERSION,BUY,4,115.18,114.35,115.94,0.92,0.626,115.84175,115.9715,115.2795,0,0.338,0.249,-0.7385,116.17775,115.51075,116.881,112.966,1,0.004,0.4,0,115.84175,0.631,0.616,0,0.0,0.0,0.0,111.997,3.222,0,0,0,0.825,-0.755,-0.1733,0.755,0.12,2,0.637,0,0.671,115.7985,115.06325,0.697,0.016,0.0,2,0.15,0,0.637,1.291,2.989,0.432,0.465,1,115.84175,8,0.726,0.0,0.324,0.226,0.187,0.749,0.876,122.04754,130.28875,115.98788,-784.5308,-43.7988,-2,130.3804,0.559,163.71183,0.623,117.41817,0.443,1,0.477,1,2,2402,0.774,0.55,0.412,10.0,10.0,0.097,103.1,0.0,1,1,0.607,104.4,1,0,0.593,166.36,1,10.452,0.05,0.95,0.0,0.0,1.0,0.0,0.0,0.5,0.0,1.0,0.597,0.5,0.486,0.0,0.192,0.0,0,0,0.281,0.518,0.0,1.0,0.143,0.229,0.378,0.0,0.569,0.45,0.0,1.0,0.901
7932,2022.06.29 16:05:40,JPMm,SWEEP_REVERSAL,BUY,4,115.08,114.05,115.94,0.84,0.207,115.84175,115.9715,115.2795,0,0.338,0.249,-0.8355,116.17775,115.51075,116.881,112.966,1,0.005,0.4,0,115.84175,0.631,0.616,0,0.0,0.0,0.0,111.997,3.222,0,0,0,0.825,-0.755,-0.1733,0.755,0.12,2,0.637,0,0.671,115.7985,115.06325,0.794,0.081,0.0,2,0.15,0,0.637,1.25,2.892,0.432,0.46,1,115.84175,8,0.726,0.0,0.324,0.226,0.187,0.749,0.876,122.04754,130.28875,115.98788,-784.5308,-43.7988,-2,130.3804,0.559,163.71183,0.623,117.41817,0.443,1,0.477,1,2,2402,0.774,0.55,0.412,10.0,10.0,0.097,103.1,0.0,1,1,0.607,104.4,1,0,0.593,166.36,1,10.355,0.05,0.95,0.0,0.0,1.0,0.0,0.0,0.5,0.0,1.0,0.542,0.5,0.483,0.0,0.166,0.0,0,0,0.236,0.473,0.0,1.0,0.143,0.229,0.361,0.0,0.561,0.45,0.0,1.0,0.901
7934,2022.06.29 17:40:00,JPMm,NAKED_POC,SELL,3,115.03,115.85,112.0,3.71,0.536,115.8575,116.12,115.175,0,0.652,0.201,-0.8401,116.3675,115.51075,116.881,112.966,1,0.005,0.45,0,115.8575,0.703,0.271,0,0.0,0.0,0.0,111.997,2.947,0,0,0,0.9,-0.79,-0.2694,0.79,0.578,0,0.651,0,0.748,115.7,114.7025,0.68,0.332,0.0,2,0.15,0,0.651,1.119,3.079,0.363,0.465,1,115.8575,8,0.741,0.0,0.187,0.237,0.202,0.809,0.897,122.04754,130.28875,115.98788,-784.5308,-43.7988,-2,130.3804,0.559,163.71183,0.623,117.41817,0.443,1,0.477,1,2,2403,0.774,0.55,0.412,10.0,10.0,0.1015,98.5,0.0,1,1,0.607,104.4,1,0,0.593,166.36,1,10.792,0.05,0.95,0.0,0.0,1.0,0.91,0.0,0.5,0.0,0.895,0.598,0.5,0.474,0.0,0.304,0.0,0,0,0.323,0.554,0.0,1.0,0.143,0.335,0.382,0.0,0.573,0.421,0.0,1.0,0.849
7935,2022.06.29 18:00:00,JPMm,ANCHORED_PULLBACK,SELL,3,115.22,115.32,114.92,3.09,0.465,115.7625,115.896,114.917,1,0.102,0.551,-0.5689,116.3675,115.51075,116.881,112.966,1,0.003,0.55,0,115.7625,0.791,0.396,0,0.0,0.0,115.032,111.997,3.38,0,0,0,0.65,-0.825,-0.2499,0.825,0.782,2,0.508,0,0.549,115.3175,114.6945,0.102,0.551,0.0357,2,0.3,0,0.508,1.125,3.38,0.333,0.399,1,114.917,5,0.6,0.796,0.186,0.247,0.215,0.939,0.867,122.04754,130.28875,115.98788,-784.5308,-43.7988,-2,130.3804,0.559,163.71183,0.623,117.41817,0.443,1,0.477,1,2,2404,0.774,0.55,0.412,10.0,10.0,0.1049,95.4,0.0,1,1,0.607,104.4,1,0,0.593,166.36,1,11.347,0.05,0.95,0.0,0.0,1.0,0.92,0.0,0.5,0.0,0.752,0.614,0.5,0.551,0.0,0.268,0.0,0,0,0.341,0.8,0.0,0.734,0.095,0.305,0.565,0.0,0.611,0.4,0.0,1.0,0.971
7936,2022.06.29 18:00:20,JPMm,BREAKOUT,SELL,3,115.2,116.63,112.0,2.24,0.31,115.7625,115.896,114.917,1,0.102,0.551,-0.5899,116.3675,115.51075,116.881,112.966,1,0.003,0.55,0,115.7625,0.791,0.396,0,0.0,0.0,115.032,111.997,3.38,0,0,0,0.65,-0.825,-0.2499,0.825,0.782,2,0.568,0,0.549,115.3175,114.6945,0.123,0.53,0.0,2,0.0,0,0.568,1.118,3.359,0.333,0.458,1,115.7625,8,0.758,0.754,0.066,0.247,0.11,0.939,0.867,122.04754,130.28875,115.98788,-784.5308,-43.7988,-2,130.3804,0.559,163.71183,0.623,117.41817,0.443,1,0.477,1,2,2404,0.774,0.55,0.412,10.0,10.0,0.1049,95.4,0.0,1,1,0.607,104.4,1,0,0.593,166.36,1,11.326,0.05,0.95,0.0,0.0,1.0,0.89,0.0,0.5,0.0,0.903,0.602,0.5,0.551,0.0,0.268,0.0,0,0,0.334,0.814,0.0,0.713,0.095,0.311,0.565,0.0,0.611,0.4,0.0,1.0,0.971
7937,2022.06.29 18:00:20,JPMm,PULLBACK,SELL,3,115.2,116.63,112.0,2.24,0.534,115.7625,115.896,114.917,1,0.102,0.551,-0.5899,116.3675,115.51075,116.881,112.966,1,0.003,0.55,0,115.7625,0.791,0.396,0,0.0,0.0,115.032,111.997,3.38,0,0,0,0.65,-0.825,-0.2499,0.825,0.782,2,0.568,0,0.549,115.3175,114.6945,0.123,0.53,0.0,2,0.0,0,0.568,1.118,3.359,0.333,0.458,1,115.7625,8,0.758,0.754,0.066,0.247,0.11,0.939,0.867,122.04754,130.28875,115.98788,-784.5308,-43.7988,-2,130.3804,0.559,163.71183,0.623,117.41817,0.443,1,0.477,1,2,2404,0.774,0.55,0.412,10.0,10.0,0.1049,95.4,0.0,1,1,0.607,104.4,1,0,0.593,166.36,1,11.326,0.05,0.95,0.0,0.0,1.0,0.88,0.0,0.5,0.0,0.903,0.602,0.5,0.551,0.0,0.268,0.0,0,0,0.334,0.814,0.0,0.713,0.095,0.311,0.565,0.0,0.611,0.4,0.0,1.0,0.971
7939,2022.06.29 18:00:40,JPMm,BREAKOUT_RETEST,SELL,3,115.26,115.55,112.0,11.41,0.472,115.7625,115.896,114.917,1,0.102,0.551,-0.527,116.3675,115.51075,116.881,112.966,1,0.003,0.55,0,115.7625,0.791,0.396,0,0.0,0.0,115.032,111.997,3.38,0,0,0,0.65,-0.825,-0.2499,0.825,0.782,2,0.568,0,0.549,115.3175,114.6945,0.06,0.593,0.0,2,0.0,0,0.568,1.139,3.422,0.333,0.461,1,115.7625,8,0.758,0.879,0.066,0.247,0.11,0.939,0.867,122.04754,130.28875,115.98788,-784.5308,-43.7988,-2,130.3804,0.559,163.71183,0.623,117.41817,0.443,1,0.477,1,2,2404,0.774,0.55,0.412,10.0,10.0,0.1049,95.4,0.0,1,1,0.607,104.4,1,0,0.593,166.36,1,11.389,0.05,0.95,0.0,0.0,1.0,0.97,0.0,0.5,0.0,0.752,0.629,0.5,0.551,0.0,0.268,0.0,0,0,0.35,0.814,0.0,0.713,0.095,0.311,0.565,0.0,0.605,0.4,0.0,1.0,0.971
7940,2022.06.29 18:00:59,JPMm,TREND_CONTINUATION,SELL,3,115.24,116.38,112.0,2.83,0.452,115.7625,115.896,114.917,1,0.102,0.551,-0.5479,116.3675,115.51075,116.881,112.966,1,0.003,0.55,0,115.7625,0.791,0.396,0,0.0,0.0,115.032,111.997,3.38,0,0,0,0.65,-0.825,-0.2499,0.825,0.782,2,0.568,0,0.549,115.3175,114.6945,0.081,0.572,0.0,2,0.0,0,0.568,1.132,3.401,0.333,0.46,1,115.7625,8,0.758,0.837,0.066,0.247,0.11,0.939,0.867,122.04754,130.28875,115.98788,-784.5308,-43.7988,-2,130.3804,0.559,163.71183,0.623,117.41817,0.443,1,0.477,1,2,2404,0.774,0.55,0.412,10.0,10.0,0.1049,95.4,0.0,1,1,0.607,104.4,1,0,0.593,166.36,1,11.368,0.05,0.95,0.0,0.0,1.0,0.95,0.0,0.5,0.0,0.752,0.635,0.5,0.551,0.0,0.268,0.0,0,0,0.354,0.814,0.0,0.713,0.095,0.311,0.565,0.0,0.611,0.4,0.0,1.0,0.971
7942,2022.06.29 18:47:40,JPMm,MEAN_REVERSION,BUY,3,115.22,114.92,115.86,2.15,0.588,115.7625,115.896,114.917,1,0.102,0.551,-0.6738,116.3675,115.51075,116.881,112.966,1,0.004,0.55,0,115.7625,0.791,0.396,0,0.0,0.0,115.032,111.997,3.38,0,0,0,0.65,-0.825,-0.2499,0.825,0.907,2,0.568,0,0.549,114.9615,114.6945,0.166,0.446,0.0,2,0.0,0,0.568,1.028,3.275,0.314,0.451,1,115.7625,8,0.758,0.668,0.028,0.247,0.11,0.964,0.867,122.04754,130.28875,115.98788,-784.5308,-43.7988,-2,130.3804,0.559,163.71183,0.623,117.41817,0.443,1,0.477,1,2,2404,0.774,0.55,0.412,10.0,10.0,0.1049,95.4,0.0,1,1,0.607,104.4,1,0,0.593,166.36,1,11.347,0.05,0.95,0.0,0.0,1.0,0.0,0.0,0.5,0.0,0.64,0.379,0.5,0.538,0.0,0.292,0.0,0,0,0.351,0.814,0.0,0.792,0.095,0.321,0.565,0.0,0.613,0.45,0.0,1.0,0.953
7944,2022.06.29 19:40:00,JPMm,NAKED_POC,SELL,3,115.29,115.44,112.0,22.65,0.455,115.29375,115.4225,114.9075,1,0.016,0.289,-0.004,116.3675,115.51075,116.881,112.966,1,0.002,0.5,0,115.29375,0.791,0.284,0,0.0,0.0,0.0,111.997,3.53,0,0,0,0.7,-0.685,-0.1732,0.685,0.98,0,0.693,0,0.698,115.29375,115.60275,0.004,0.331,0.0,2,0.4,0,0.693,1.057,3.487,0.303,0.445,1,114.9075,5,0.6,0.992,0.166,0.206,0.28,0.969,0.876,122.04754,130.28875,115.98788,-784.5308,-43.7988,-2,130.3804,0.559,163.71183,0.623,117.41817,0.443,1,0.477,1,2,2405,0.774,0.55,0.412,10.0,10.0,0.1059,94.4,0.0,1,1,0.607,104.4,1,0,0.593,166.36,0,11.533,0.05,0.95,0.0,0.0,0.5,0.27,0.0,0.5,0.0,0.476,0.583,0.5,0.543,0.0,0.432,0.0,0,0,0.386,0.76,0.0,0.962,0.143,0.173,0.518,0.0,0.607,0.45,0.0,1.0,0.791
7945,2022.06.30 13:40:00,JPMm,SWEEP_REVERSAL,BUY,4,112.06,111.14,115.42,3.66,0.295,115.31775,115.4085,114.864,0,3.067,0.297,-3.6611,116.14025,115.51075,116.881,112.966,0,0.039,0.15,4,115.31775,0.513,0.75,0,0.0,0.0,115.2715,111.997,0.04,0,0,-1,0.75,-0.72,-0.1704,0.72,0.005,2,0.624,0,0.1,115.0455,113.32125,3.364,1.484,0.0322,2,0.4,0,0.624,1.645,3.661,0.449,0.391,1,115.31775,8,0.703,0.0,0.458,0.216,0.31,0.725,1.0,116.26083,130.28875,115.98788,-818.1947,-33.664,-2,130.40144,0.577,163.98538,0.625,116.26083,0.451,1,0.0,1,2,2406,0.774,0.55,0.412,10.0,10.0,0.109,91.7,0.0,1,1,0.607,104.4,1,0,0.593,166.36,0,8.352,0.002,0.998,0.0,0.0,0.5,0.0,0.0,0.5,0.0,0.798,0.529,0.5,0.54,0.0,0.322,0.0,0,0,0.308,0.185,0.0,0.314,0.143,0.303,0.17,0.0,0.647,0.4,0.0,1.0,0.939
0,2022.06.30 13:40:20,JPMm,MEAN_REVERSION,BUY,4,112.07,111.34,115.42,4.56,0.609,115.31775,115.4085,114.864,0,3.067,0.297,-3.6502,116.14025,115.51075,116.881,112.966,0,0.039,0.15,4,115.31775,0.513,0.75,0,0.0,0.0,115.2715,111.997,0.04,0,0,-1,0.75,-0.72,-0.1704,0.72,0.005,2,0.64,0,0.1,115.0455,113.32125,3.353,1.473,0.0,2,0.4,0,0.64,1.64,3.65,0.449,0.394,1,115.31775,8,0.703,0.0,0.458,0.216,0.31,0.725,1.0,116.26083,130.28875,115.98788,-818.1947,-33.664,-2,130.40144,0.577,163.98538,0.625,116.26083,0.451,1,0.0,1,2,2406,0.774,0.55,0.412,10.0,10.0,0.109,91.7,0.0,1,1,0.607,104.4,1,0,0.593,166.36,0,8.363,0.002,0.998,0.0,0.0,0.5,0.01,0.0,0.5,0.0,0.798,0.561,0.5,0.54,0.0,0.322,0.0,0,0,0.327,0.188,0.0,0.314,0.143,0.304,0.169,0.0,0.647,0.4,0.0,1.0,0.939
7957,2022.06.30 13:40:40,JPMm,NAKED_POC,BUY,4,111.85,110.51,115.32,2.59,0.649,115.31775,115.4085,114.864,0,3.067,0.297,-3.8901,116.14025,115.51075,116.881,112.966,0,0.041,0.15,4,115.31775,0.513,0.75,0,0.0,0.0,115.2715,111.997,0.04,0,0,-1,0.75,-0.72,-0.1704,0.72,0.005,2,0.64,0,0.1,115.0455,113.32125,3.593,1.713,0.0,2,0.4,0,0.64,1.747,3.89,0.449,0.407,1,115.31775,8,0.703,0.0,0.458,0.216,0.31,0.725,1.0,116.26083,130.28875,115.98788,-818.1947,-33.664,-2,130.40144,0.577,163.98538,0.625,116.26083,0.451,1,0.0,1,2,2406,0.774,0.55,0.412,10.0,10.0,0.109,91.7,0.0,1,1,0.607,104.4,1,0,0.593,166.36,0,8.123,0.002,0.998,0.0,0.0,0.5,0.0,0.0,0.5,0.0,0.798,0.461,0.5,0.54,0.0,0.322,0.0,0,0,0.314,0.188,0.0,0.314,0.143,0.304,0.169,0.0,0.653,0.4,0.0,1.0,0.939
7960,2022.06.30 14:00:00,JPMm,PULLBACK,SELL,4,111.22,112.68,108.3,2.0,0.757,115.236,115.59,114.646,0,3.635,1.698,-4.119,116.095,116.095,117.14,112.96,0,0.05,0.2,4,110.988,0.536,0.096,0,0.0,0.0,111.22025,119.5325,8.526,0,0,-1,1.0,-0.93,-0.1312,0.93,0.093,2,0.621,2,0.337,115.118,113.702,3.998,2.546,0.4097,0,0.0,2,1.0,2.343,3.998,0.586,0.652,3,115.118,2,0.55,0.0,0.272,0.979,0.15,0.695,1.0,116.26083,130.28875,115.98788,-818.1947,-33.664,-2,130.40144,0.577,163.98538,0.625,116.26083,0.451,1,0.0,1,2,2407,0.774,0.55,0.412,10.0,10.2,0.1026,97.5,0.0,1,1,0.607,104.4,1,0,0.593,166.36,0,6.995,0.002,0.998,0.0,0.0,0.5,0.41,0.0,0.5,0.0,0.081,0.478,0.5,0.746,0.0,0.673,0.0,0,0,0.506,0.661,0.0,0.385,0.095,1.0,0.35,0.0,0.54,0.4,0.0,1.0,1.111
7961,2022.06.30 14:00:20,JPMm,ANCHORED_PULLBACK,SELL,4,111.15,111.51,109.2,5.38,0.548,115.236,115.59,114.646,0,3.635,1.698,-4.1908,116.095,116.095,117.14,112.96,0,0.051,0.2,4,110.988,0.536,0.096,0,0.0,0.0,111.22025,119.5325,8.526,0,0,-1,1.0,-0.93,-0.1312,0.93,0.093,0,0.671,2,0.337,115.118,113.702,4.07,2.617,0.0,2,0.0,0,0.671,1.141,2.617,0.436,0.43,1,0.0,0,0.0,0.0,0.272,0.279,0.15,0.695,1.0,116.26083,130.28875,115.98788,-818.1947,-33.664,-2,130.40144,0.577,163.98538,0.625,116.26083,0.451,1,0.0,1,2,2407,0.774,0.55,0.412,10.0,10.2,0.1026,97.5,0.0,1,1,0.607,104.4,1,0,0.593,166.36,0,6.923,0.002,0.998,0.0,0.0,0.5,0.3,0.0,0.5,0.0,0.096,0.467,0.5,0.746,0.0,0.608,0.0,0,0,0.487,0.605,0.0,0.202,0.095,0.47,0.304,0.0,0.625,0.4,0.0,1.0,1.031
7963,2022.06.30 15:04:00,JPMm,BREAKOUT_RETEST,SELL,4,111.93,112.22,111.58,1.2,0.808,115.236,115.59,111.578,1,0.264,0.703,-3.3883,116.095,116.095,117.14,112.96,0,0.043,0.85,2,111.224,0.568,0.121,0,0.0,0.0,112.03375,119.5325,7.525,0,0,-1,1.0,-0.965,-0.2855,0.965,0.359,2,0.351,3,1.0,111.696,113.702,0.24,1.816,0.0,2,0.0,3,1.0,2.02,3.388,0.596,0.671,3,111.578,5,0.6,0.52,0.192,0.69,0.0,0.482,1.0,116.26083,130.28875,115.98788,-818.1947,-33.664,-2,130.40144,0.577,163.98538,0.625,116.26083,0.451,1,0.0,1,2,2408,0.774,0.55,0.412,10.0,10.0,0.1025,97.6,0.0,1,1,0.607,104.4,1,0,0.593,166.36,0,7.717,0.002,0.998,0.0,0.0,0.5,0.4,0.0,0.5,0.0,0.37,0.658,0.5,0.449,0.0,0.803,0.0,0,0,0.55,0.461,0.0,0.514,0.095,0.547,0.35,0.0,0.476,0.4,0.0,1.0,0.98
7966,2022.06.30 15:47:40,JPMm,BREAKOUT,SELL,4,113.21,115.16,111.22,1.02,0.498,115.236,115.59,111.578,1,0.264,0.703,-2.0764,116.095,116.095,117.14,112.96,1,0.03,0.85,2,111.224,0.568,0.121,0,0.0,0.0,112.03375,119.5325,7.525,0,0,-1,1.0,-0.965,-0.2855,0.965,0.0,2,0.351,3,1.0,111.696,113.702,1.552,0.504,0.0,2,0.0,3,1.0,1.35,2.076,0.65,0.593,2,111.224,8,0.714,0.0,0.3,0.69,0.0,0.482,1.0,116.26083,130.28875,115.98788,-818.1947,-33.664,-2,130.40144,0.577,163.98538,0.625,116.26083,0.451,1,0.0,1,2,2408,0.774,0.55,0.412,10.0,10.0,0.1025,97.6,0.0,1,1,0.607,104.4,1,0,0.593,166.36,0,9.029,0.002,0.998,0.0,0.0,0.5,0.99,0.0,0.5,0.0,0.583,0.411,0.5,0.475,0.0,0.256,0.0,0,0,0.298,0.433,0.0,0.789,0.095,0.567,0.467,0.0,0.465,0.4,0.0,1.0,0.947
7967,2022.06.30 15:49:40,JPMm,TREND_CONTINUATION,SELL,4,113.3,115.33,110.86,1.2,0.77,115.236,115.59,111.578,1,0.264,0.703,-1.9842,116.095,116.095,117.14,112.96,1,0.029,0.85,2,111.224,0.568,0.121,0,0.0,0.0,112.03375,119.5325,7.525,0,0,-1,1.0,-0.965,-0.2855,0.965,0.0,2,0.351,3,1.0,111.696,113.702,1.644,0.412,0.0,2,0.0,3,1.0,1.383,2.128,0.65,0.597,2,115.236,1,0.7,0.0,0.3,0.69,0.0,0.482,1.0,116.26083,130.28875,115.98788,-818.1947,-33.664,-2,130.40144,0.577,163.98538,0.625,116.26083,0.451,1,0.0,1,2,2408,0.774,0.55,0.412,10.0,10.0,0.1025,97.6,0.0,1,1,0.607,104.4,1,0,0.593,166.36,0,9.122,0.002,0.998,0.0,0.0,0.5,0.99,0.0,0.5,0.0,0.486,0.461,0.5,0.413,0.0,0.233,0.0,0,0,0.24,0.433,0.0,0.638,0.095,0.567,0.471,0.0,0.465,0.45,0.0,1.0,0.942
7968,2022.06.30 16:00:20,JPMm,ANCHORED_PULLBACK,BUY,4,113.35,112.58,115.24,2.45,0.521,115.236,115.59,111.578,1,1.399,0.368,-2.1241,116.095,116.095,117.14,112.96,1,0.03,0.85,2,115.236,0.613,0.881,0,0.0,0.0,112.86225,119.5325,6.73,0,0,0,0.8,-0.825,-0.4332,0.825,0.086,2,0.379,3,1.0,111.696,114.174,1.662,0.988,0.0,2,0.25,3,0.813,1.353,2.124,0.637,0.526,2,115.236,8,0.723,0.0,0.374,0.648,0.088,0.622,1.0,129.72359,116.22113,129.9485,747.7947,1565.9895,2,130.64328,0.559,163.75203,0.612,116.84797,0.455,1,0.106,1,2,2409,0.774,0.55,0.412,10.0,10.0,0.107,93.5,0.0,1,1,0.607,104.4,1,0,0.593,166.36,0,9.572,0.002,0.998,0.0,0.0,0.5,0.83,0.0,0.5,0.0,0.727,0.54,0.5,0.392,0.0,0.185,0.0,0,0,0.216,0.386,0.0,0.638,0.143,0.625,0.467,0.0,0.484,0.45,0.0,1.0,0.791
7970,2022.06.30 17:00:00,JPMm,SWEEP_REVERSAL,SELL,3,113.35,114.3,111.69,1.74,0.284,111.68725,113.205,110.87,0,0.274,0.949,1.7424,115.677,116.095,117.14,112.96,1,0.029,0.5,2,111.22025,0.681,0.0,1,0.0,0.0,113.3665,119.5325,6.479,0,0,0,0.8,-0.825,-0.4404,0.825,0.717,1,0.256,3,0.469,113.08825,114.48925,0.274,1.194,-1.7573,1,0.25,5,1.0,0.541,2.232,0.242,0.448,1,111.68725,1,0.7,0.451,0.485,0.247,0.387,0.907,0.986,129.72359,116.22113,129.9485,747.7947,1565.9895,2,130.64328,0.559,163.75203,0.612,116.84797,0.455,1,0.106,1,2,2410,0.776,0.541,0.419,10.0,10.0,0.1048,95.4,0.0,1,1,0.607,104.4,1,0,0.593,166.36,0,9.379,0.002,0.998,0.0,0.0,0.5,0.37,0.0,0.5,0.0,0.526,0.413,0.5,0.545,0.0,0.329,0.0,0,0,0.347,0.497,0.0,0.289,0.133,0.721,0.43,0.0,0.558,0.45,0.0,1.0,0.872
7971,2022.06.30 17:00:20,JPMm,PULLBACK,SELL,3,113.34,114.77,111.69,1.15,0.405,111.68725,113.205,110.87,0,0.274,0.949,1.7319,115.677,116.095,117.14,112.96,1,0.029,0.5,2,111.22025,0.681,0.0,1,0.0,0.0,113.3665,119.5325,6.479,0,0,0,0.8,-0.825,-0.4404,0.825,0.717,2,0.556,3,0.469,113.08825,114.48925,0.264,1.204,0.0,2,0.25,0,0.556,0.761,2.221,0.342,0.362,1,111.68725,1,0.7,0.472,0.185,0.247,0.088,0.907,0.986,129.72359,116.22113,129.9485,747.7947,1565.9895,2,130.64328,0.559,163.75203,0.612,116.84797,0.455,1,0.106,1,2,2410,0.776,0.541,0.419,10.0,10.0,0.1048,95.4,0.0,1,1,0.607,104.4,1,0,0.593,166.36,0,9.368,0.002,0.998,0.0,0.0,0.5,0.3,0.0,0.5,0.0,0.572,0.406,0.5,0.545,0.0,0.33,0.0,0,0,0.352,0.763,0.0,0.321,0.133,0.908,0.428,0.0,0.609,0.45,0.0,1.0,1.065
7972,2022.06.30 17:00:20,JPMm,MEAN_REVERSION,SELL,3,113.34,114.1,111.69,2.16,0.557,111.68725,113.205,110.87,0,0.274,0.949,1.7319,115.677,116.095,117.14,112.96,1,0.029,0.5,2,111.22025,0.681,0.0,1,0.0,0.0,113.3665,119.5325,6.479,0,0,0,0.8,-0.825,-0.4404,0.825,0.717,2,0.556,3,0.469,113.08825,114.48925,0.264,1.204,0.0,2,0.25,0,0.556,0.761,2.221,0.342,0.362,1,111.68725,1,0.7,0.472,0.185,0.247,0.088,0.907,0.986,129.72359,116.22113,129.9485,747.7947,1565.9895,2,130.64328,0.559,163.75203,0.612,116.84797,0.455,1,0.106,1,2,2410,0.776,0.541,0.419,10.0,10.0,0.1048,95.4,0.0,1,1,0.607,104.4,1,0,0.593,166.36,0,9.368,0.002,0.998,0.0,0.0,0.5,0.3,0.0,0.5,0.0,0.572,0.406,0.5,0.545,0.0,0.33,0.0,0,0,0.352,0.763,0.0,0.321,0.133,0.908,0.428,0.0,0.609,0.45,0.0,1.0,1.065
7973,2022.06.30 17:12:40,JPMm,BREAKOUT_RETEST,BUY,3,113.04,111.69,114.47,1.06,0.5,111.68725,113.205,110.87,1,0.274,0.949,1.3128,115.677,116.095,117.14,112.96,0,0.033,0.5,2,111.22025,0.681,0.0,1,0.0,0.0,113.3665,119.5325,6.479,0,0,0,0.8,-0.825,-0.4404,0.825,0.515,2,0.556,3,0.469,113.08825,114.48925,0.155,1.623,0.0,2,0.25,0,0.556,0.672,1.802,0.373,0.352,1,111.68725,1,0.7,0.689,0.245,0.247,0.088,0.907,0.986,129.72359,116.22113,129.9485,747.7947,1565.9895,2,130.64328,0.559,163.75203,0.612,116.84797,0.455,1,0.106,1,2,2410,0.776,0.541,0.419,10.0,10.0,0.1048,95.4,0.0,1,1,0.607,104.4,1,0,0.593,166.36,0,9.054,0.002,0.998,0.0,0.0,0.5,0.0,0.0,0.5,0.0,0.867,0.423,0.5,0.52,0.0,0.276,0.0,0,0,0.313,0.586,0.0,0.552,0.194,0.739,0.35,0.0,0.587,0.45,0.0,1.0,1.006
7975,2022.06.30 17:47:40,JPMm,BREAKOUT,SELL,3,112.67,113.18,110.28,4.64,0.333,111.68725,113.205,110.87,1,0.274,0.949,1.0298,115.677,116.095,117.14,112.96,0,0.036,0.5,2,111.22025,0.681,0.0,1,0.0,0.0,113.3665,119.5325,6.479,0,0,0,0.8,-0.825,-0.4404,0.825,0.101,2,0.556,3,0.469,113.08825,114.48925,0.438,1.906,0.0,2,0.25,0,0.556,0.829,1.906,0.435,0.37,1,113.08825,2,0.55,0.123,0.37,0.247,0.088,0.907,0.986,129.72359,116.22113,129.9485,747.7947,1565.9895,2,130.64328,0.559,163.75203,0.612,116.84797,0.455,1,0.106,1,2,2410,0.776,0.541,0.419,10.0,10.0,0.1048,95.4,0.0,1,1,0.607,104.4,1,0,0.593,166.36,0,8.666,0.002,0.998,0.0,0.0,0.5,0.2,0.0,0.5,0.0,0.836,0.509,0.5,0.435,0.0,0.245,0.0,0,0,0.234,0.514,0.0,0.603,0.133,0.625,0.35,0.0,0.592,0.45,0.0,1.0,0.963
7976,2022.06.30 17:49:40,JPMm,TREND_CONTINUATION,SELL,3,112.82,113.97,110.43,2.08,0.472,111.68725,113.205,110.87,1,0.274,0.949,1.187,115.677,116.095,117.14,112.96,0,0.034,0.5,2,111.22025,0.681,0.0,1,0.0,0.0,113.3665,119.5325,6.479,0,0,0,0.8,-0.825,-0.4404,0.825,0.515,2,0.556,3,0.469,113.08825,114.48925,0.281,1.749,0.0,2,0.25,0,0.556,0.652,1.749,0.373,0.35,0,113.205,4,0.6,0.438,0.245,0.247,0.088,0.907,0.986,129.72359,116.22113,129.9485,747.7947,1565.9895,2,130.64328,0.559,163.75203,0.612,116.84797,0.455,1,0.106,1,2,2410,0.776,0.541,0.419,10.0,10.0,0.1048,95.4,0.0,1,1,0.607,104.4,1,0,0.593,166.36,0,8.823,0.002,0.998,0.0,0.0,0.5,0.63,0.0,0.5,0.0,0.727,0.556,0.5,0.513,0.0,0.298,0.0,0,0,0.307,0.6,0.0,0.552,0.194,0.625,0.35,0.0,0.589,0.45,0.0,1.0,1.006
7982,2022.06.30 19:00:00,JPMm,ANCHORED_PULLBACK,SELL,3,112.3,112.56,110.38,7.34,0.549,112.78525,113.371,112.4125,0,0.395,0.271,-0.5058,115.677,116.095,117.14,112.96,0,0.04,0.45,0,112.78525,0.726,0.419,0,0.0,0.0,112.27375,119.5325,7.539,0,0,-1,0.8,-1.0,-0.3943,1.0,0.361,0,0.651,0,0.694,112.78525,112.03975,0.506,0.271,-1.1316,1,0.15,0,0.651,0.2,0.506,0.396,0.351,1,112.78525,8,0.745,0.0,0.552,0.3,0.191,0.804,0.904,129.72359,116.22113,129.9485,747.7947,1565.9895,2,130.64328,0.559,163.75203,0.612,116.84797,0.455,1,0.106,1,2,2412,0.776,0.541,0.419,10.0,10.0,0.1042,95.9,0.0,1,1,0.607,104.4,1,0,0.593,166.36,-1,8.235,0.002,0.998,0.0,0.0,0.0,0.45,0.0,0.5,0.0,0.553,0.399,0.5,0.504,0.0,0.334,0.0,0,0,0.345,0.572,0.0,0.903,0.143,0.311,0.565,0.0,0.61,0.45,0.0,1.0,0.883
7983,2022.06.30 19:00:20,JPMm,PULLBACK,SELL,3,112.41,113.85,109.53,2.0,0.417,112.78525,113.371,112.4125,0,0.395,0.271,-0.3912,115.677,116.095,117.14,112.96,0,0.038,0.45,0,112.78525,0.726,0.419,0,0.0,0.0,112.27375,119.5325,7.539,0,0,-1,0.8,-1.0,-0.3943,1.0,0.342,0,0.661,0,0.694,112.78525,112.03975,0.391,0.386,0.0,2,0.15,0,0.661,0.156,0.391,0.399,0.348,0,112.78525,8,0.745,0.218,0.257,0.3,0.191,0.804,0.904,129.72359,116.22113,129.9485,747.7947,1565.9895,2,130.64328,0.559,163.75203,0.612,116.84797,0.455,1,0.106,1,2,2412,0.776,0.541,0.419,10.0,10.0,0.1042,95.9,0.0,1,1,0.607,104.4,1,0,0.593,166.36,-1,8.35,0.002,0.998,0.0,0.0,0.0,0.82,0.0,0.5,0.0,0.553,0.413,0.5,0.504,0.0,0.351,0.0,0,0,0.344,0.555,0.0,0.903,0.143,0.367,0.565,0.0,0.612,0.45,0.0,1.0,0.942
7984,2022.06.30 19:05:40,JPMm,MEAN_REVERSION,BUY,3,112.25,111.48,112.89,0.83,0.583,112.78525,113.371,112.4125,0,0.395,0.271,-0.6622,115.677,116.095,117.14,112.96,0,0.041,0.45,0,112.78525,0.726,0.419,0,0.0,0.0,112.27375,119.5325,7.539,0,0,-1,0.8,-1.0,-0.3943,1.0,0.132,0,0.661,0,0.694,112.78525,112.03975,0.662,0.115,0.0,2,0.15,0,0.661,0.285,0.662,0.43,0.363,1,112.78525,8,0.745,0.0,0.32,0.3,0.191,0.804,0.904,129.72359,116.22113,129.9485,747.7947,1565.9895,2,130.64328,0.559,163.75203,0.612,116.84797,0.455,1,0.106,1,2,2412,0.776,0.541,0.419,10.0,10.0,0.1042,95.9,0.0,1,1,0.607,104.4,1,0,0.593,166.36,-1,8.183,0.002,0.998,0.0,0.0,0.0,0.0,0.0,0.5,0.0,0.884,0.449,0.5,0.566,0.0,0.403,0.0,0,0,0.361,0.433,0.0,0.808,0.143,0.578,0.213,0.0,0.609,0.45,0.0,1.0,0.942
7986,2022.06.30 19:06:40,JPMm,SWEEP_REVERSAL,BUY,3,112.08,111.12,112.89,0.84,0.186,112.78525,113.371,112.4125,0,0.395,0.271,-0.8394,115.677,116.095,117.14,112.96,0,0.043,0.45,0,112.78525,0.726,0.419,0,0.0,0.0,112.27375,119.5325,7.539,0,0,-1,0.8,-1.0,-0.3943,1.0,0.068,0,0.661,0,0.694,112.78525,112.03975,0.839,0.062,0.0,2,0.15,0,0.661,0.369,0.839,0.44,0.373,1,112.78525,8,0.745,0.0,0.34,0.3,0.191,0.804,0.904,129.72359,116.22113,129.9485,747.7947,1565.9895,2,130.64328,0.559,163.75203,0.612,116.84797,0.455,1,0.106,1,2,2412,0.776,0.541,0.419,10.0,10.0,0.1042,95.9,0.0,1,1,0.607,104.4,1,0,0.593,166.36,-1,8.006,0.002,0.998,0.0,0.0,0.0,0.0,0.0,0.5,0.0,0.884,0.401,0.5,0.566,0.0,0.403,0.0,0,0,0.39,0.421,0.0,0.475,0.143,0.578,0.187,0.0,0.609,0.45,0.0,1.0,0.942
7989,2022.06.30 19:29:40,JPMm,BREAKOUT_RETEST,SELL,3,112.55,112.84,111.93,2.14,0.517,112.78525,113.371,112.4125,1,0.395,0.271,-0.2452,115.677,116.095,117.14,112.96,0,0.037,0.45,0,112.78525,0.726,0.419,0,0.0,0.0,112.27375,119.5325,7.539,0,0,-1,0.8,-1.0,-0.3943,1.0,0.292,0,0.661,0,0.694,112.78525,112.03975,0.245,0.532,0.0,2,0.15,0,0.661,0.216,0.532,0.406,0.355,1,113.371,4,0.6,0.51,0.273,0.3,0.191,0.804,0.904,129.72359,116.22113,129.9485,747.7947,1565.9895,2,130.64328,0.559,163.75203,0.612,116.84797,0.455,1,0.106,1,2,2412,0.776,0.541,0.419,10.0,10.0,0.1042,95.9,0.0,1,1,0.607,104.4,1,0,0.593,166.36,-1,8.496,0.002,0.998,0.0,0.0,0.0,0.99,0.0,0.5,0.0,0.669,0.654,0.5,0.529,0.0,0.461,0.0,0,0,0.436,0.557,0.0,0.903,0.143,0.345,0.539,0.0,0.598,0.45,0.0,1.0,0.858
