ticket,timestamp,symbol,setupType,direction,session,entryPrice,SL,TP,RR,thesis,vpPOC,vpVAH,vpVAL,vpInsideVA,vpDistToHVN,vpDistToLVN,vpPriceVsPOC,vpDailyPOC,vpCompPOC,vpCompVAH,vpCompVAL,vpCompInsideVA,vpDistCompPOC,vpThinnessRatio,vpProfileShape,vpBestHVN,vpBestHVNScore,vpVAOverlapRatio,vpVAOverlapBias,vpRangePOC,vpBreakoutPOC,vpPullbackPOC,vpNearestNakedPOC,vpDistNakedPOC_ATR,vpUpthrust,vpSpring,vpCompPosition,vpMigrationConf,vpDevPOCDir,vpDevPOCSlope,vpMigrationScore,auctAcceptance,auctState,auctBalance,auctProfileShape,auctShapeConf,auctMajorHVN,auctMajorLVN,auctDistHVN,auctDistLVN,auctVAExpRate,auctVAState,auctFailure,auctRegime,auctRegimeConf,auctExpReward,auctExpMoveATR,auctTargetProb,auctTradeQuality,auctTradeGrade,auctTargetPrice,auctTargetType,auctTargetConf,auctProfitZone,auctExhaustion,auctContinuation,auctReversalRisk,auctHVNStrength,auctLVNStrength,vpLTPOC60d,vpLTPOC30d,vpLTPOC10d,vpLTPOCVelocity,vpLTPOCAcceleration,vpLTPOCMigration,vpLTMajorHVNPrice,vpLTMajorHVNStrength,vpLTMajorLVNPrice,vpLTMajorLVNStrength,vpLTNearestZonePrice,vpLTNearestZoneStrength,vpLTNearestZoneDir,vpLTAcceptanceAtPrice,vpLTValid,profilerArchetype,profilerSamples,profilerMigMean,profilerBalMean,profilerTQMean,spreadPoints,avgSpread,spreadToATR,atrProxy,dataQuality,bosConfirmed,bosBullish,bosScore,bosLevel,chochConfirmed,chochBullish,chochScore,chochLevel,trendDirection,structDistATR,ltTransitionScore,ltBalanceStability,ltTrendDuration,ltTrendExhaustion,structureBias,msSpreadScore,msTickVelocity,msTickImbalance,msLiqVacuum,msCompression,ofDeltaProxy,ofCvdProxy,ofAbsorption,ofExhaustion,ofParticipation,ofDivergence,ofBullDiv,ofBearDiv,ofFlowIntensity,liqDensity,liqSweep,liqStopCluster,liqEqualHL,liqSessionLiq,liqPremDisc,smOrderBlock,smFVG,smMitigation,smBreakerBlock,smRejectionBlock,smZoneQuality
14284,2024.03.01 00:00:00,XAUEURm,TREND_CONTINUATION,BUY,1,1893.498,1889.123,1902.613,2.08,0.507,1889.66263,1891.13275,1889.121,1,0.064,0.063,0.149,1877.21377,1873.12615,1877.4413,1870.0439,0,0.005,0.65,2,1889.97213,0.778,0.784,0,0.0,0.0,0.0,0.0,0.0,0,0,1,0.8,0.93,0.3424,0.93,0.357,2,0.402,0,0.226,1889.74,1890.59113,0.128,0.106,-0.4023,1,0.45,5,1.0,0.89,3.0,0.297,0.43,1,0.0,0,0.0,0.744,0.673,0.279,0.503,0.923,0.917,1870.43409,1872.79948,1872.17616,-126.2551,-4.9578,-2,1872.05321,0.46,1836.07271,0.36,0.0,0.0,0,0.105,1,0,16222,0.752,0.582,0.443,3292.0,3292.0,0.9029,3646.1,0.0,1,1,0.925,1362.075,1,1,0.685,1491.726,0,110.193,0.009,0.991,0.0,0.0,0.5,0.68,0.0,0.5,0.0,0.803,0.588,0.5,0.576,0.0,0.334,0.0,0,0,0.359,0.25,0.0,0.454,0.18,0.04,0.65,0.0,0.416,0.0,0.0,0.0,0.0
0,2024.03.01 00:00:20,XAUEURm,BREAKOUT_RETEST,BUY,1,1893.498,1892.404,1895.431,1.77,0.531,1889.66263,1891.13275,1889.121,1,0.064,0.063,0.149,1877.21377,1873.12615,1877.4413,1870.0439,0,0.005,0.65,2,1889.97213,0.778,0.784,0,0.0,0.0,0.0,0.0,0.0,0,0,1,0.8,0.93,0.3424,0.93,0.357,0,0.653,0,0.226,1889.74,1890.59113,0.128,0.106,0.0,2,0.15,0,0.653,1.19,3.0,0.397,0.423,1,0.0,0,0.0,0.744,0.253,0.279,0.098,0.923,0.917,1870.43409,1872.79948,1872.17616,-126.2551,-4.9578,-2,1872.05321,0.46,1836.07271,0.36,0.0,0.0,0,0.105,1,0,16222,0.752,0.582,0.443,3292.0,3292.0,0.9029,3646.1,0.0,1,1,0.925,1362.075,1,1,0.685,1491.726,0,110.193,0.009,0.991,0.0,0.0,0.5,0.67,0.0,0.5,0.0,0.873,0.587,0.5,0.576,0.0,0.386,0.0,0,0,0.379,0.535,0.0,0.57,0.316,0.157,0.65,0.0,0.455,0.0,0.0,0.0,0.0
14285,2024.03.01 00:00:20,XAUEURm,PULLBACK,BUY,1,1893.498,1888.029,1904.436,2.0,0.579,1889.66263,1891.13275,1889.121,1,0.064,0.063,0.149,1877.21377,1873.12615,1877.4413,1870.0439,0,0.005,0.65,2,1889.97213,0.778,0.784,0,0.0,0.0,0.0,0.0,0.0,0,0,1,0.8,0.93,0.3424,0.93,0.357,0,0.653,0,0.226,1889.74,1890.59113,0.128,0.106,0.0,2,0.15,0,0.653,1.19,3.0,0.397,0.423,1,0.0,0,0.0,0.744,0.253,0.279,0.098,0.923,0.917,1870.43409,1872.79948,1872.17616,-126.2551,-4.9578,-2,1872.05321,0.46,1836.07271,0.36,0.0,0.0,0,0.105,1,0,16222,0.752,0.582,0.443,3292.0,3292.0,0.9029,3646.1,0.0,1,1,0.925,1362.075,1,1,0.685,1491.726,0,110.193,0.009,0.991,0.0,0.0,0.5,0.66,0.0,0.5,0.0,0.873,0.587,0.5,0.576,0.0,0.386,0.0,0,0,0.379,0.535,0.0,0.57,0.316,0.157,0.65,0.0,0.455,0.0,0.0,0.0,0.0
0,2024.03.01 01:56:40,XAUEURm,MEAN_REVERSION,BUY,1,1890.814,1888.097,1893.06,0.83,0.63,1889.76768,1890.30545,1888.9226,0,0.164,0.153,-0.6613,1877.21377,1873.12615,1877.4413,1870.0439,0,0.004,0.45,0,1889.76768,0.751,0.495,0,0.0,0.0,0.0,0.0,0.0,0,0,1,1.0,0.965,0.0777,0.965,0.075,0,0.718,1,0.027,1889.69085,1888.38483,0.639,0.254,0.0,2,0.15,0,0.718,1.316,3.0,0.439,0.434,1,1889.76768,8,0.75,0.0,0.338,0.29,0.053,0.961,0.922,1870.43409,1872.79948,1872.17616,-126.2551,-4.9578,-2,1872.05321,0.46,1836.07271,0.36,0.0,0.0,0,0.105,1,0,16223,0.752,0.582,0.443,3292.0,3292.0,0.9695,3395.6,0.0,1,1,0.925,1362.075,1,1,0.685,1491.726,0,117.529,0.009,0.991,0.0,0.0,0.5,0.0,0.0,0.5,0.0,0.773,0.431,0.5,0.568,0.0,0.382,0.0,0,0,0.364,0.465,0.0,0.713,0.328,0.188,0.65,0.0,0.463,0.0,0.0,0.0,0.0
0,2024.03.01 05:17:40,XAUEURm,MEAN_REVERSION,BUY,1,1892.282,1891.534,1893.659,1.84,0.622,1890.36687,1890.78,1888.4665,1,0.062,0.085,-0.614,1889.54533,1873.12615,1878.6742,1870.0439,0,0.007,0.7,2,1890.36687,0.8,0.182,0,0.0,0.0,0.0,0.0,0.0,0,0,1,0.825,-0.58,-0.124,0.58,0.555,2,0.637,0,0.614,1888.4665,1888.87963,0.233,0.049,0.0,2,0.4,0,0.637,1.1,3.0,0.367,0.397,1,1890.36687,8,0.76,0.533,0.293,0.174,0.263,0.739,0.723,1870.43409,1872.79948,1872.17616,-124.9964,1.2587,-1,1872.05321,0.461,1836.07271,0.361,0.0,0.0,0,0.116,1,0,16227,0.752,0.582,0.443,3292.0,3292.0,1.468,2242.5,0.0,1,1,0.925,1362.075,1,1,0.685,1491.726,1,178.62,0.014,0.986,0.0,1.0,1.0,0.0,0.0,0.5,0.0,0.659,0.195,0.5,0.526,0.0,0.326,0.0,0,0,0.471,0.588,0.0,0.655,0.172,0.343,0.65,0.0,0.504,0.0,0.0,0.0,0.0
0,2024.03.01 07:00:00,XAUEURm,BREAKOUT,BUY,1,1895.056,1893.427,1899.709,2.86,0.555,1890.32088,1890.6475,1888.9055,0,0.775,0.073,0.7754,1889.54533,1873.12615,1878.6742,1870.0439,0,0.01,0.4,0,1890.32088,0.8,0.265,0,0.0,0.0,1892.06,0.0,0.0,0,0,1,0.701,-0.642,-0.0271,0.642,0.272,2,0.622,3,0.422,1890.212,1891.40963,0.834,0.19,0.142,0,0.15,2,0.989,1.678,3.0,0.559,0.579,2,1890.32088,8,0.76,0.0,0.278,0.893,0.053,0.847,0.901,1870.43409,1872.79948,1872.17616,-124.9964,1.2587,-1,1872.05321,0.461,1836.07271,0.361,0.0,0.0,0,0.116,1,0,16229,0.752,0.582,0.443,3292.0,3292.0,1.7688,1861.1,0.0,1,1,0.925,1362.075,1,1,0.685,1491.726,1,216.711,0.014,0.986,0.0,1.0,1.0,0.11,0.0,0.5,0.0,0.854,0.574,0.5,0.405,0.0,0.422,0.0,0,0,0.334,0.548,0.0,0.661,0.1,1.0,0.437,0.0,0.454,0.0,0.0,0.0,0.0
0,2024.03.01 08:10:40,XAUEURm,SWEEP_REVERSAL,BUY,2,1891.702,1889.826,1893.613,1.02,0.156,1890.32088,1891.954,1889.341,0,0.018,0.562,-1.0188,1889.54533,1873.12615,1878.6742,1870.0439,0,0.008,0.6,0,1890.32088,0.796,0.249,0,0.0,0.0,1889.85942,0.0,0.0,0,0,1,0.45,0.685,0.087,0.685,0.065,0,0.684,0,0.649,1889.66763,1888.57887,0.671,0.09,0.0,2,0.0,0,0.684,1.321,3.0,0.44,0.493,1,1890.32088,8,0.759,0.0,0.28,0.206,0.13,0.696,0.929,1870.43409,1872.79948,1872.17616,-125.2206,-0.2242,-2,1872.05321,0.462,1836.07271,0.361,0.0,0.0,0,0.13,1,0,16230,0.748,0.589,0.446,3292.0,3292.0,1.7551,1875.6,0.0,1,1,0.925,1362.075,1,1,0.685,1491.726,1,213.247,0.009,0.991,0.0,0.0,1.0,0.0,0.0,0.5,0.0,0.463,0.407,0.5,0.475,0.0,0.337,0.0,0,0,0.333,0.615,0.0,0.475,0.067,0.78,0.5,0.0,0.522,0.0,0.0,0.0,0.0
0,2024.03.01 09:00:00,XAUEURm,BREAKOUT,BUY,2,1888.43,1885.188,1892.879,1.37,0.571,1889.5865,1892.3932,1888.507,0,2.058,0.339,-2.0583,1889.54533,1874.35905,1879.9071,1870.0439,0,0.005,0.45,0,1889.5865,0.8,0.202,0,0.0,0.0,1885.2015,0.0,0.0,0,0,1,0.75,0.545,0.1084,0.545,0.297,2,0.426,3,0.611,1889.8024,1884.4049,2.158,0.339,0.5891,0,0.25,2,1.0,1.666,3.0,0.555,0.582,2,1889.5865,8,0.76,0.0,0.311,0.863,0.088,0.792,0.902,1870.43409,1872.79948,1872.17616,-125.2206,-0.2242,-2,1872.05321,0.462,1836.07271,0.361,0.0,0.0,0,0.13,1,0,16231,0.748,0.589,0.446,3292.0,3292.0,1.5232,2161.3,0.0,1,1,0.925,1362.075,1,1,0.685,1491.726,0,183.55,0.009,0.991,0.0,0.0,0.5,0.58,0.0,0.5,0.0,0.553,0.479,0.5,0.386,0.0,0.419,0.0,0,0,0.296,0.463,0.0,0.517,0.071,0.828,0.437,0.0,0.443,0.0,0.0,0.0,0.0
0,2024.03.01 09:01:20,XAUEURm,PULLBACK,BUY,2,1888.632,1885.39,1892.879,1.31,0.383,1889.5865,1892.3932,1888.507,0,2.058,0.339,-1.9648,1889.54533,1874.35905,1879.9071,1870.0439,0,0.005,0.45,0,1889.5865,0.8,0.202,0,0.0,0.0,1885.2015,0.0,0.0,0,0,1,0.75,0.545,0.1084,0.545,0.297,2,0.63,3,0.611,1889.8024,1884.4049,2.065,0.433,0.0,2,0.25,0,0.63,1.216,3.0,0.405,0.437,1,1889.5865,8,0.76,0.0,0.311,0.164,0.088,0.792,0.902,1870.43409,1872.79948,1872.17616,-125.2206,-0.2242,-2,1872.05321,0.462,1836.07271,0.361,0.0,0.0,0,0.13,1,0,16231,0.748,0.589,0.446,3292.0,3292.0,1.5232,2161.3,0.0,1,1,0.925,1362.075,1,1,0.685,1491.726,0,183.643,0.009,0.991,0.0,0.0,0.5,0.81,0.0,0.5,0.0,0.659,0.472,0.5,0.502,0.0,0.433,0.0,0,0,0.341,0.382,0.0,0.441,0.071,0.327,0.65,0.0,0.499,0.0,0.0,0.0,0.0
0,2024.03.01 09:20:59,XAUEURm,MEAN_REVERSION,BUY,2,1892.343,1891.583,1893.094,0.99,0.634,1889.5865,1892.3932,1888.507,1,2.058,0.339,-0.2478,1889.54533,1874.35905,1879.9071,1870.0439,0,0.007,0.45,0,1889.5865,0.8,0.202,0,0.0,0.0,1885.2015,0.0,0.0,0,0,1,0.75,0.545,0.1084,0.545,0.325,2,0.63,3,0.611,1889.8024,1887.6434,0.348,0.651,0.0,2,0.25,0,0.63,1.204,3.0,0.401,0.436,1,1889.8024,2,0.55,0.305,0.302,0.164,0.088,0.792,0.907,1870.43409,1872.79948,1872.17616,-125.2206,-0.2242,-2,1872.05321,0.462,1836.07271,0.361,0.0,0.0,0,0.13,1,0,16231,0.748,0.589,0.446,3292.0,3292.0,1.5232,2161.3,0.0,1,1,0.925,1362.075,1,1,0.685,1491.726,0,185.36,0.009,0.991,0.0,0.0,0.5,0.98,0.0,0.5,0.0,0.585,0.6,0.5,0.406,0.0,0.331,0.0,0,0,0.314,0.493,1.0,0.784,0.071,0.803,0.65,0.0,0.506,0.0,0.0,0.0,0.0
0,2024.03.01 09:53:40,XAUEURm,BREAKOUT_RETEST,BUY,2,1893.966,1892.662,1897.628,2.81,0.477,1889.5865,1892.3932,1888.507,1,2.058,0.339,0.5032,1889.54533,1874.35905,1879.9071,1870.0439,0,0.008,0.45,0,1889.5865,0.8,0.202,0,0.0,0.0,1885.2015,0.0,0.0,0,0,1,0.75,0.545,0.1084,0.545,0.488,2,0.63,3,0.611,1889.8024,1887.6434,0.403,1.402,0.0,2,0.25,0,0.63,1.13,3.0,0.377,0.427,1,1889.5865,8,0.76,0.193,0.254,0.164,0.088,0.792,0.907,1870.43409,1872.79948,1872.17616,-125.2206,-0.2242,-2,1872.05321,0.462,1836.07271,0.361,0.0,0.0,0,0.13,1,0,16231,0.748,0.589,0.446,3292.0,3292.0,1.5232,2161.3,0.0,1,1,0.925,1362.075,1,1,0.685,1491.726,0,186.111,0.009,0.991,0.0,0.0,0.5,0.34,0.0,0.5,0.0,0.609,0.606,0.5,0.399,0.0,0.412,0.0,0,0,0.348,0.44,0.0,0.735,0.071,0.608,0.65,0.0,0.507,0.0,0.0,0.0,0.0
0,2024.03.01 09:55:00,XAUEURm,TREND_CONTINUATION,BUY,2,1893.818,1891.224,1899.221,2.08,0.453,1889.5865,1892.3932,1888.507,1,2.058,0.339,0.4347,1889.54533,1874.35905,1879.9071,1870.0439,0,0.007,0.45,0,1889.5865,0.8,0.202,0,0.0,0.0,1885.2015,0.0,0.0,0,0,1,0.75,0.545,0.1084,0.545,0.157,2,0.63,3,0.611,1889.8024,1887.6434,0.335,1.334,0.0,2,0.25,0,0.63,1.279,3.0,0.426,0.445,1,1889.5865,8,0.76,0.33,0.353,0.164,0.088,0.792,0.907,1870.43409,1872.79948,1872.17616,-125.2206,-0.2242,-2,1872.05321,0.462,1836.07271,0.361,0.0,0.0,0,0.13,1,0,16231,0.748,0.589,0.446,3292.0,3292.0,1.5232,2161.3,0.0,1,1,0.925,1362.075,1,1,0.685,1491.726,0,186.043,0.009,0.991,0.0,0.0,0.5,0.11,0.0,0.5,0.0,0.787,0.524,0.5,0.438,0.0,0.387,0.0,0,0,0.301,0.372,0.0,0.735,0.071,0.608,0.65,0.0,0.507,0.0,0.0,0.0,0.0
14288,2024.03.01 11:00:00,XAUEURm,BREAKOUT,BUY,2,1902.464,1896.169,1910.332,1.25,0.457,1891.53915,1892.6997,1884.9627,0,2.425,0.704,2.4252,1890.4252,1874.2101,1879.6092,1868.811,0,0.008,0.5,0,1891.53915,0.74,0.428,0,0.0,0.0,1898.27817,0.0,0.0,0,0,1,0.395,0.4983,0.0267,0.498,0.226,2,0.399,1,0.006,1890.76545,1896.5682,2.671,0.827,1.2235,0,0.0,2,1.0,1.698,3.0,0.566,0.554,2,1891.53915,8,0.748,0.0,0.232,0.849,0.0,0.84,0.816,1870.43409,1872.79948,1872.17616,-125.2206,-0.2242,-2,1872.05321,0.462,1836.07271,0.361,0.0,0.0,0,0.13,1,0,16233,0.748,0.589,0.446,3292.0,3292.0,1.046,3147.4,0.0,1,1,0.925,1362.075,1,1,0.685,1491.726,-1,130.503,0.009,0.991,0.0,0.0,0.0,0.8,0.0,0.5,0.0,0.712,0.53,0.5,0.475,0.0,0.509,0.0,0,0,0.364,0.38,0.0,0.421,0.1,1.0,0.745,0.0,0.414,0.0,0.0,0.0,0.0
14290,2024.03.01 11:01:20,XAUEURm,PULLBACK,BUY,2,1902.205,1897.484,1911.647,2.0,0.259,1891.53915,1892.6997,1884.9627,0,2.425,0.704,2.3429,1890.4252,1874.2101,1879.6092,1868.811,0,0.008,0.5,0,1891.53915,0.74,0.428,0,0.0,0.0,1898.27817,0.0,0.0,0,0,1,0.395,0.4983,0.0267,0.498,0.226,2,0.52,1,0.006,1890.76545,1896.5682,2.589,0.745,0.0,2,0.0,0,0.52,1.248,3.0,0.416,0.381,1,1891.53915,8,0.748,0.0,0.232,0.149,0.0,0.84,0.816,1870.43409,1872.79948,1872.17616,-125.2206,-0.2242,-2,1872.05321,0.462,1836.07271,0.361,0.0,0.0,0,0.13,1,0,16233,0.748,0.589,0.446,3292.0,3292.0,1.046,3147.4,0.0,1,1,0.925,1362.075,1,1,0.685,1491.726,-1,130.42,0.009,0.991,0.0,0.0,0.0,0.6,0.0,0.5,0.0,0.848,0.47,0.5,0.491,0.0,0.509,0.0,0,0,0.369,0.359,0.0,0.428,0.1,0.686,0.87,0.0,0.459,0.0,0.0,0.0,0.0
14292,2024.03.01 11:55:00,XAUEURm,TREND_CONTINUATION,BUY,2,1901.435,1894.516,1909.303,1.14,0.303,1891.53915,1892.6997,1884.9627,0,2.425,0.704,2.0982,1890.4252,1874.2101,1879.6092,1868.811,0,0.008,0.5,0,1891.53915,0.74,0.428,0,0.0,0.0,1898.27817,0.0,0.0,0,0,1,0.395,0.4983,0.0267,0.498,0.376,2,0.52,1,0.006,1890.76545,1896.5682,2.344,0.5,0.0,2,0.0,0,0.52,1.181,3.0,0.394,0.374,1,1891.53915,8,0.748,0.0,0.187,0.149,0.0,0.84,0.816,1870.43409,1872.79948,1872.17616,-125.2206,-0.2242,-2,1872.05321,0.462,1836.07271,0.361,0.0,0.0,0,0.13,1,0,16233,0.748,0.589,0.446,3292.0,3292.0,1.046,3147.4,0.0,1,1,0.925,1362.075,1,1,0.685,1491.726,-1,130.176,0.009,0.991,0.0,0.0,0.0,0.07,0.0,0.5,0.0,0.731,0.624,0.5,0.482,0.0,0.356,0.0,0,0,0.361,0.471,0.0,0.333,0.1,1.0,0.433,0.0,0.459,0.0,0.0,0.0,0.0
0,2024.03.01 12:00:00,XAUEURm,BREAKOUT_RETEST,BUY,2,1901.696,1900.742,1903.417,1.8,0.749,1898.133,1900.125,1888.9698,1,0.085,1.087,0.0852,1890.73705,1874.29095,1881.3366,1868.811,0,0.008,0.7,2,1898.133,0.778,0.0,1,0.0,0.0,1898.12783,0.0,0.0,0,0,1,0.75,0.72,0.1522,0.72,1.0,1,0.145,3,0.805,1898.5314,1893.3522,0.04,1.588,1.0748,0,0.3,2,1.0,1.35,3.0,0.45,0.582,2,1900.125,4,0.6,0.92,0.12,0.916,0.105,0.952,0.898,1870.4382,1872.80306,1870.60066,-373.1481,-247.9275,-2,1872.05748,0.459,1836.07348,0.365,0.0,0.0,0,0.0,1,0,16234,0.748,0.589,0.446,3292.0,3292.0,1.0351,3180.4,0.0,1,1,0.925,1362.075,1,1,0.685,1491.726,-1,128.904,0.001,0.999,0.0,0.0,0.0,0.5,0.0,0.5,0.0,0.747,0.47,0.5,0.523,0.0,0.429,0.0,0,0,0.346,0.684,0.0,0.509,0.14,1.0,0.65,0.0,0.444,0.0,0.0,0.0,0.0
14294,2024.03.01 13:34:20,XAUEURm,BREAKOUT,BUY,4,1900.766,1895.667,1909.264,1.67,0.273,1898.25187,1900.125,1892.6325,1,0.06,0.601,-0.2288,1890.102,1874.29095,1886.0337,1868.811,0,0.007,0.5,2,1898.25187,0.718,0.407,0,0.0,0.0,0.0,0.0,0.0,0,0,1,0.55,0.58,0.1949,0.58,0.347,2,0.575,3,0.874,1896.37875,1893.38175,0.322,1.204,0.0,2,0.25,0,0.575,1.194,3.0,0.398,0.433,1,1896.37875,2,0.55,0.356,0.296,0.174,0.088,0.626,0.935,1870.4382,1872.80306,1870.60066,-373.1481,-247.9275,-2,1872.05748,0.459,1836.07348,0.365,0.0,0.0,0,0.0,1,0,16235,0.748,0.589,0.446,3292.0,3292.0,0.9684,3399.3,0.0,1,1,0.925,1362.075,1,1,0.685,1491.726,-1,120.331,0.001,0.999,0.0,0.0,0.0,0.95,0.0,0.5,0.0,0.466,0.775,0.5,0.527,0.0,0.326,0.0,0,0,0.454,0.698,0.0,0.489,0.1,0.682,0.65,0.0,0.454,0.0,0.0,0.0,0.0
14295,2024.03.01 13:34:20,XAUEURm,PULLBACK,BUY,4,1900.766,1895.667,1910.964,2.0,0.475,1898.25187,1900.125,1892.6325,1,0.06,0.601,-0.2288,1890.102,1874.29095,1886.0337,1868.811,0,0.007,0.5,2,1898.25187,0.718,0.407,0,0.0,0.0,0.0,0.0,0.0,0,0,1,0.55,0.58,0.1949,0.58,0.347,2,0.575,3,0.874,1896.37875,1893.38175,0.322,1.204,0.0,2,0.25,0,0.575,1.194,3.0,0.398,0.433,1,1896.37875,2,0.55,0.356,0.296,0.174,0.088,0.626,0.935,1870.4382,1872.80306,1870.60066,-373.1481,-247.9275,-2,1872.05748,0.459,1836.07348,0.365,0.0,0.0,0,0.0,1,0,16235,0.748,0.589,0.446,3292.0,3292.0,0.9684,3399.3,0.0,1,1,0.925,1362.075,1,1,0.685,1491.726,-1,120.331,0.001,0.999,0.0,0.0,0.0,0.94,0.0,0.5,0.0,0.466,0.775,0.5,0.527,0.0,0.326,0.0,0,0,0.454,0.698,0.0,0.489,0.1,0.682,0.65,0.0,0.454,0.0,0.0,0.0,0.0
0,2024.03.01 14:00:00,XAUEURm,BREAKOUT_RETEST,BUY,4,1899.001,1897.94,1901.824,2.66,0.427,1896.14175,1898.5317,1895.3451,1,0.122,0.478,-0.1223,1889.3682,1874.29095,1887.5994,1868.811,0,0.006,0.3,4,1896.14175,0.774,0.443,0,0.0,0.0,1895.75037,0.0,0.0,0,0,1,0.6,0.615,0.2188,0.615,0.522,0,0.677,2,0.516,1896.4073,1894.01735,0.197,0.478,0.0,2,0.25,0,0.677,1.115,3.0,0.372,0.44,1,1898.5317,4,0.6,0.605,0.244,0.185,0.238,0.911,0.977,1870.4382,1872.80306,1870.60066,-373.1481,-247.9275,-2,1872.05748,0.459,1836.07348,0.365,0.0,0.0,0,0.0,1,0,16236,0.748,0.589,0.446,3292.0,3292.0,0.9304,3538.3,0.0,1,1,0.925,1362.075,1,1,0.685,1491.726,0,115.105,0.001,0.999,0.0,0.0,0.5,0.3,0.0,0.5,0.0,1.0,0.636,0.5,0.546,0.0,0.391,0.0,0,0,0.402,0.864,0.0,0.95,0.241,0.344,0.464,0.0,0.465,0.0,0.0,0.0,0.0
0,2024.03.01 14:00:20,XAUEURm,MEAN_REVERSION,BUY,4,1899.001,1896.17,1901.824,1.0,0.648,1896.14175,1898.5317,1895.3451,1,0.122,0.478,-0.1223,1889.3682,1874.29095,1887.5994,1868.811,0,0.006,0.3,4,1896.14175,0.774,0.443,0,0.0,0.0,1895.75037,0.0,0.0,0,0,1,0.6,0.615,0.2188,0.615,0.522,0,0.677,2,0.516,1896.4073,1894.01735,0.197,0.478,0.0,2,0.25,0,0.677,1.115,3.0,0.372,0.44,1,1898.5317,4,0.6,0.605,0.244,0.185,0.238,0.911,0.977,1870.4382,1872.80306,1870.60066,-373.1481,-247.9275,-2,1872.05748,0.459,1836.07348,0.365,0.0,0.0,0,0.0,1,0,16236,0.748,0.589,0.446,3292.0,3292.0,0.9304,3538.3,0.0,1,1,0.925,1362.075,1,1,0.685,1491.726,0,115.105,0.001,0.999,0.0,0.0,0.5,0.3,0.0,0.5,0.0,1.0,0.634,0.5,0.546,0.0,0.391,0.0,0,0,0.401,0.864,0.0,0.95,0.241,0.344,0.464,0.0,0.465,0.0,0.0,0.0,0.0
14298,2024.03.01 14:02:40,XAUEURm,TREND_CONTINUATION,BUY,4,1899.931,1895.685,1908.777,2.08,0.402,1896.14175,1898.5317,1895.3451,1,0.122,0.478,0.1405,1889.3682,1874.29095,1887.5994,1868.811,0,0.006,0.3,4,1896.14175,0.774,0.443,0,0.0,0.0,1895.75037,0.0,0.0,0,0,1,0.6,0.615,0.2188,0.615,0.83,0,0.677,2,0.516,1896.4073,1894.01735,0.065,0.741,0.0,2,0.25,0,0.677,0.976,3.0,0.325,0.424,1,1895.3451,5,0.6,0.869,0.151,0.185,0.238,0.911,0.977,1870.4382,1872.80306,1870.60066,-373.1481,-247.9275,-2,1872.05748,0.459,1836.07348,0.365,0.0,0.0,0,0.0,1,0,16236,0.748,0.589,0.446,3292.0,3292.0,0.9304,3538.3,0.0,1,1,0.925,1362.075,1,1,0.685,1491.726,0,115.368,0.001,0.999,0.0,0.0,0.5,0.99,0.0,0.5,0.0,0.722,0.647,0.5,0.546,0.0,0.399,0.0,0,0,0.412,0.72,0.0,0.811,0.205,0.287,0.65,0.0,0.474,0.0,0.0,0.0,0.0
14300,2024.03.01 15:34:20,XAUEURm,BREAKOUT,BUY,4,1905.23,1899.314,1915.133,1.67,0.497,1896.41798,1898.5682,1895.4406,0,0.87,0.018,1.3935,1889.37048,1874.29218,1887.6036,1868.811,0,0.007,0.4,0,1896.41798,0.792,0.454,0,0.0,0.0,1893.29038,0.0,0.0,0,0,1,0.975,0.65,0.22,0.65,0.12,0,0.71,0,0.654,1898.37273,1894.26775,0.9,1.936,0.0,2,0.4,0,0.71,1.296,3.0,0.432,0.417,1,1896.41798,8,0.758,0.0,0.424,0.195,0.271,0.534,0.926,1870.4382,1872.80306,1870.60066,-373.1481,-247.9275,-2,1872.05748,0.459,1836.07348,0.365,0.0,0.0,0,0.0,1,0,16237,0.748,0.589,0.446,3292.0,3292.0,0.8311,3961.2,0.0,1,1,0.925,1362.075,1,1,0.685,1491.726,-1,104.388,0.001,0.999,0.0,0.0,0.0,0.86,0.0,0.5,0.0,0.616,0.372,0.5,0.453,0.0,0.45,0.0,0,0,0.393,0.311,0.0,0.502,0.189,0.471,0.872,0.0,0.471,0.0,0.0,0.0,0.0
14301,2024.03.01 15:34:20,XAUEURm,PULLBACK,BUY,4,1905.23,1899.314,1917.114,2.01,0.455,1896.41798,1898.5682,1895.4406,0,0.87,0.018,1.3935,1889.37048,1874.29218,1887.6036,1868.811,0,0.007,0.4,0,1896.41798,0.792,0.454,0,0.0,0.0,1893.29038,0.0,0.0,0,0,1,0.975,0.65,0.22,0.65,0.12,0,0.71,0,0.654,1898.37273,1894.26775,0.9,1.936,0.0,2,0.4,0,0.71,1.296,3.0,0.432,0.417,1,1896.41798,8,0.758,0.0,0.424,0.195,0.271,0.534,0.926,1870.4382,1872.80306,1870.60066,-373.1481,-247.9275,-2,1872.05748,0.459,1836.07348,0.365,0.0,0.0,0,0.0,1,0,16237,0.748,0.589,0.446,3292.0,3292.0,0.8311,3961.2,0.0,1,1,0.925,1362.075,1,1,0.685,1491.726,-1,104.388,0.001,0.999,0.0,0.0,0.0,0.85,0.0,0.5,0.0,0.616,0.372,0.5,0.453,0.0,0.45,0.0,0,0,0.393,0.311,0.0,0.502,0.189,0.471,0.872,0.0,0.471,0.0,0.0,0.0,0.0
14304,2024.03.01 16:02:40,XAUEURm,TREND_CONTINUATION,BUY,4,1913.615,1904.361,1926.258,1.37,0.577,1896.17513,1899.179,1894.88775,0,2.03,0.176,2.7976,1889.87903,1873.89437,1889.1445,1868.811,0,0.007,0.25,4,1896.17513,0.8,0.29,0,0.0,0.0,1901.57455,0.0,0.0,0,0,1,1.0,0.86,0.1897,0.86,0.04,0,0.657,1,0.759,1896.60425,1909.04887,2.713,0.252,0.0,2,0.15,0,0.657,1.332,3.0,0.444,0.456,1,1896.17513,8,0.76,0.0,0.348,0.258,0.202,0.512,0.955,1869.83401,1872.69162,1870.70875,-289.7548,83.3933,-1,1871.25713,0.479,1898.90627,0.381,1903.78553,0.364,-1,0.0,1,0,16238,0.748,0.589,0.446,3292.0,3292.0,0.651,5057.1,0.0,1,1,0.925,1362.075,1,1,0.685,1491.726,-1,83.426,0.149,0.851,0.0,1.0,0.0,0.99,0.0,0.5,0.0,0.689,0.707,0.5,0.483,0.0,0.452,0.0,0,0,0.45,0.19,0.0,0.395,0.213,0.585,0.827,0.0,0.468,0.0,0.0,0.0,0.0
14306,2024.03.01 17:00:00,XAUEURm,ANCHORED_PULLBACK,BUY,3,1922.587,1916.03,1930.77,1.25,0.714,1895.76788,1906.1325,1892.313,0,3.378,1.692,4.1007,1890.44753,1872.64657,1889.2674,1868.811,0,0.008,0.5,2,1895.76788,0.782,0.0,1,0.0,0.0,1917.75075,0.0,0.0,0,0,1,1.0,0.895,0.3351,0.895,0.115,2,0.453,1,0.219,1897.8408,1912.35127,3.739,1.21,1.6607,0,0.0,2,1.0,2.179,3.739,0.583,0.595,2,1897.8408,2,0.55,0.0,0.266,0.968,0.0,0.505,0.899,1869.83401,1872.69162,1870.70875,-289.7548,83.3933,-1,1871.25713,0.479,1898.90627,0.381,1903.78553,0.364,-1,0.0,1,0,16239,0.748,0.589,0.446,3292.0,3292.0,0.5738,5737.4,0.0,1,1,0.925,1362.075,1,1,0.685,1491.726,0,75.097,0.149,0.851,0.0,1.0,0.5,0.82,0.0,0.5,0.0,0.736,0.579,0.5,0.496,0.0,0.544,0.0,0,0,0.414,0.34,0.0,0.421,0.067,1.0,0.745,0.0,0.399,0.0,0.0,0.0,0.0
14308,2024.03.01 17:34:20,XAUEURm,BREAKOUT,BUY,3,1924.134,1912.659,1938.477,1.25,0.491,1895.76788,1906.1325,1892.313,0,3.378,1.692,4.3703,1890.44753,1872.64657,1889.2674,1868.811,0,0.008,0.5,2,1895.76788,0.782,0.0,1,0.0,0.0,1917.75075,0.0,0.0,0,0,1,1.0,0.895,0.3351,0.895,0.115,2,0.495,1,0.219,1897.8408,1912.35127,4.009,1.48,0.0,2,0.0,0,0.495,1.298,3.0,0.433,0.366,1,0.0,0,0.0,0.0,0.266,0.269,0.0,0.505,0.899,1869.83401,1872.69162,1870.70875,-289.7548,83.3933,-1,1871.25713,0.479,1898.90627,0.381,1903.78553,0.364,-1,0.0,1,0,16239,0.748,0.589,0.446,3292.0,3292.0,0.5738,5737.4,0.0,1,1,0.925,1362.075,1,1,0.685,1491.726,0,75.367,0.149,0.851,0.0,1.0,0.5,0.52,0.0,0.5,0.0,0.717,0.384,0.5,0.509,0.0,0.459,0.0,0,0,0.406,0.247,0.0,0.238,0.067,0.679,0.857,0.0,0.45,0.0,0.0,0.0,0.0
14309,2024.03.01 17:34:20,XAUEURm,PULLBACK,BUY,3,1924.134,1920.469,1941.346,4.7,0.472,1895.76788,1906.1325,1892.313,0,3.378,1.692,4.3703,1890.44753,1872.64657,1889.2674,1868.811,0,0.008,0.5,2,1895.76788,0.782,0.0,1,0.0,0.0,1917.75075,0.0,0.0,0,0,1,1.0,0.895,0.3351,0.895,0.115,2,0.495,1,0.219,1897.8408,1912.35127,4.009,1.48,0.0,2,0.0,0,0.495,1.298,3.0,0.433,0.366,1,0.0,0,0.0,0.0,0.266,0.269,0.0,0.505,0.899,1869.83401,1872.69162,1870.70875,-289.7548,83.3933,-1,1871.25713,0.479,1898.90627,0.381,1903.78553,0.364,-1,0.0,1,0,16239,0.748,0.589,0.446,3292.0,3292.0,0.5738,5737.4,0.0,1,1,0.925,1362.075,1,1,0.685,1491.726,0,75.367,0.149,0.851,0.0,1.0,0.5,0.52,0.0,0.5,0.0,0.717,0.384,0.5,0.509,0.0,0.459,0.0,0,0,0.406,0.247,0.0,0.238,0.067,0.679,0.857,0.0,0.45,0.0,0.0,0.0,0.0
14312,2024.03.01 18:02:40,XAUEURm,TREND_CONTINUATION,BUY,3,1925.717,1918.641,1940.458,2.08,0.777,1922.2299,1922.997,1898.4498,1,0.016,1.545,0.0331,1890.9804,1872.87495,1890.4854,1868.811,0,0.008,0.8,2,1922.2299,0.785,0.219,0,0.0,0.0,0.0,0.0,0.0,0,0,1,1.0,0.93,0.5226,0.93,1.0,1,0.33,3,0.832,1921.4628,1912.2576,0.163,1.724,0.0,2,0.0,3,0.965,1.5,3.0,0.5,0.632,2,0.0,0,0.0,0.674,0.0,0.679,0.0,0.893,0.805,1869.83401,1872.69162,1870.70875,-289.7548,83.3933,-1,1871.25713,0.479,1898.90627,0.381,1903.78553,0.364,-1,0.0,1,0,16240,0.743,0.576,0.447,3292.0,3292.0,0.5583,5896.5,0.0,1,1,0.925,1362.075,1,1,0.685,1491.726,0,73.601,0.149,0.851,0.0,1.0,0.5,0.82,0.0,0.5,0.0,0.581,0.436,0.5,0.554,0.0,0.421,0.0,0,0,0.373,0.573,0.0,0.344,0.093,1.0,0.65,0.0,0.441,0.0,0.0,0.0,0.0
0,2024.03.01 19:00:40,XAUEURm,BREAKOUT_RETEST,BUY,3,1926.303,1924.462,1928.221,1.04,0.51,1922.61795,1924.929,1911.0627,1,0.012,1.996,0.064,1889.2815,1873.01985,1891.2582,1868.811,0,0.008,0.45,2,1922.61795,0.746,0.41,0,0.0,0.0,0.0,0.0,0.0,0,0,1,0.8,0.965,0.6305,0.965,1.0,2,0.452,2,0.262,1921.8476,1910.29235,0.19,2.073,0.0,2,0.0,0,0.452,0.9,3.0,0.3,0.345,0,1924.929,4,0.6,0.621,0.0,0.29,0.0,0.753,0.891,1869.83401,1872.69162,1870.70875,-289.7548,83.3933,-1,1871.25713,0.479,1898.90627,0.381,1903.78553,0.364,-1,0.0,1,0,16241,0.743,0.576,0.447,3292.0,3292.0,0.5364,6136.7,0.0,1,1,0.925,1362.075,1,1,0.685,1491.726,0,70.816,0.149,0.851,0.0,1.0,0.5,0.5,0.0,0.5,0.0,0.787,0.344,0.5,0.549,0.0,0.396,0.0,0,0,0.417,0.698,0.0,0.47,0.093,0.576,0.65,0.0,0.461,0.0,0.0,0.0,0.0
14314,2024.03.01 19:36:20,XAUEURm,BREAKOUT,BUY,3,1926.403,1917.198,1941.745,1.67,0.326,1922.61795,1924.929,1911.0627,1,0.012,1.996,0.0803,1889.2815,1873.01985,1891.2582,1868.811,0,0.008,0.45,2,1922.61795,0.746,0.41,0,0.0,0.0,0.0,0.0,0.0,0,0,1,0.8,0.965,0.6305,0.965,1.0,2,0.452,2,0.262,1921.8476,1910.29235,0.206,2.089,0.0,2,0.0,0,0.452,0.9,3.0,0.3,0.345,0,1911.0627,5,0.6,0.588,0.0,0.29,0.0,0.753,0.891,1869.83401,1872.69162,1870.70875,-289.7548,83.3933,-1,1871.25713,0.479,1898.90627,0.381,1903.78553,0.364,-1,0.0,1,0,16241,0.743,0.576,0.447,3292.0,3292.0,0.5364,6136.7,0.0,1,1,0.925,1362.075,1,1,0.685,1491.726,0,70.832,0.149,0.851,0.0,1.0,0.5,0.99,0.0,0.5,0.0,0.746,0.639,0.5,0.55,0.0,0.398,0.0,0,0,0.407,0.698,0.0,0.47,0.093,0.315,0.65,0.0,0.461,0.0,0.0,0.0,0.0
14315,2024.03.01 19:36:20,XAUEURm,PULLBACK,BUY,3,1926.403,1917.198,1944.813,2.0,0.563,1922.61795,1924.929,1911.0627,1,0.012,1.996,0.0803,1889.2815,1873.01985,1891.2582,1868.811,0,0.008,0.45,2,1922.61795,0.746,0.41,0,0.0,0.0,0.0,0.0,0.0,0,0,1,0.8,0.965,0.6305,0.965,1.0,2,0.452,2,0.262,1921.8476,1910.29235,0.206,2.089,0.0,2,0.0,0,0.452,0.9,3.0,0.3,0.345,0,1911.0627,5,0.6,0.588,0.0,0.29,0.0,0.753,0.891,1869.83401,1872.69162,1870.70875,-289.7548,83.3933,-1,1871.25713,0.479,1898.90627,0.381,1903.78553,0.364,-1,0.0,1,0,16241,0.743,0.576,0.447,3292.0,3292.0,0.5364,6136.7,0.0,1,1,0.925,1362.075,1,1,0.685,1491.726,0,70.832,0.149,0.851,0.0,1.0,0.5,0.98,0.0,0.5,0.0,0.746,0.639,0.5,0.55,0.0,0.398,0.0,0,0,0.407,0.698,0.0,0.47,0.093,0.315,0.65,0.0,0.461,0.0,0.0,0.0,0.0
14318,2024.03.01 20:25:40,XAUEURm,TREND_CONTINUATION,BUY,3,1925.38,1918.021,1940.711,2.08,0.485,1922.13775,1924.929,1920.144,1,0.047,1.384,-0.0081,1889.2815,1873.01985,1891.2582,1868.811,0,0.008,0.3,2,1922.13775,0.735,0.583,0,0.0,0.0,0.0,0.0,0.0,0,0,1,0.8,0.825,0.6328,0.825,1.0,0,0.728,2,0.644,1922.5365,1912.9665,0.073,1.487,0.0,2,0.25,0,0.728,0.9,3.0,0.3,0.394,1,1920.144,5,0.6,0.854,0.1,0.247,0.088,0.513,0.944,1872.91405,1873.38776,1872.25109,-151.6347,138.1202,-1,1871.7044,0.514,1898.80056,0.314,0.0,0.0,0,0.013,1,0,16242,0.743,0.576,0.447,3292.0,3292.0,0.5368,6132.4,0.0,1,1,0.925,1362.075,1,1,0.685,1491.726,0,70.715,0.459,0.541,0.0,1.0,0.5,0.99,0.0,0.5,0.0,0.78,0.437,0.5,0.574,0.0,0.378,0.0,0,0,0.361,0.864,0.0,0.477,0.14,0.309,0.65,0.0,0.465,0.0,0.0,0.0,0.0
0,2024.03.01 21:00:40,XAUEURm,BREAKOUT_RETEST,BUY,3,1924.45,1922.634,1927.02,1.41,0.523,1922.12708,1922.7942,1920.92625,1,0.165,0.1,-0.16,1889.2815,1873.21687,1891.386,1869.024,0,0.008,0.35,0,1922.12708,0.775,0.467,0,0.0,0.0,0.0,0.0,0.0,0,0,1,0.8,0.825,0.6237,0.825,0.293,0,0.738,0,0.557,1921.99365,1919.99227,0.138,0.193,0.0,2,0.4,0,0.738,1.218,3.0,0.406,0.43,1,0.0,0,0.0,0.724,0.372,0.247,0.251,0.751,0.942,1872.91405,1873.38776,1872.25109,-151.6347,138.1202,-1,1871.7044,0.514,1898.80056,0.314,0.0,0.0,0,0.013,1,0,16243,0.743,0.576,0.447,3292.0,3292.0,0.5437,6054.9,0.0,1,1,0.925,1362.075,1,1,0.685,1491.726,1,71.466,0.459,0.541,0.0,1.0,1.0,0.2,0.0,0.5,0.0,0.776,0.498,0.5,0.538,0.0,0.33,0.0,0,0,0.295,0.643,0.0,0.795,0.1,0.146,0.65,0.0,0.452,0.0,0.0,0.0,0.0
0,2024.03.01 21:37:20,XAUEURm,PULLBACK,BUY,3,1924.344,1915.262,1942.509,2.0,0.572,1922.12708,1922.7942,1920.92625,1,0.165,0.1,-0.1776,1889.2815,1873.21687,1891.386,1869.024,0,0.008,0.35,0,1922.12708,0.775,0.467,0,0.0,0.0,0.0,0.0,0.0,0,0,1,0.8,0.825,0.6237,0.825,0.293,0,0.738,0,0.557,1921.99365,1919.99227,0.156,0.175,0.0,2,0.4,0,0.738,1.218,3.0,0.406,0.43,1,0.0,0,0.0,0.689,0.372,0.247,0.251,0.751,0.942,1872.91405,1873.38776,1872.25109,-151.6347,138.1202,-1,1871.7044,0.514,1898.80056,0.314,0.0,0.0,0,0.013,1,0,16243,0.743,0.576,0.447,3292.0,3292.0,0.5437,6054.9,0.0,1,1,0.925,1362.075,1,1,0.685,1491.726,1,71.449,0.459,0.541,0.0,1.0,1.0,0.65,0.0,0.5,0.0,0.971,0.374,0.5,0.557,0.0,0.305,0.0,0,0,0.364,0.643,0.0,0.795,0.1,0.167,0.65,0.0,0.452,0.0,0.0,0.0,0.0
14320,2024.03.03 23:05:40,XAUEURm,NAKED_POC,BUY,1,1923.729,1919.0,1932.703,1.9,0.756,1922.073,1922.481,1920.577,0,0.25,0.023,-0.2734,1889.2815,1873.21687,1891.386,1869.024,0,0.008,0.35,0,1922.073,0.769,0.379,0,0.0,0.0,0.0,1922.13025,0.441,0,0,1,1.0,0.825,0.6256,0.825,0.17,0,0.666,1,0.077,1920.985,1919.897,0.092,0.09,0.0,2,0.4,0,0.666,0.637,1.5,0.424,0.268,0,1922.481,4,0.6,0.817,0.409,0.247,0.14,0.623,0.977,1872.91405,1873.38776,1872.25109,-152.7716,-1.1369,-2,1871.7044,0.515,1898.80056,0.315,0.0,0.0,0,0.022,1,0,16244,0.743,0.576,0.447,3292.0,3292.0,0.5502,5982.9,0.0,1,1,0.925,1362.075,1,1,0.685,1491.726,1,72.207,0.004,0.996,0.0,0.0,1.0,0.99,0.0,0.5,0.0,1.0,0.49,0.5,0.574,0.0,0.339,0.0,0,0,0.313,0.548,0.0,0.887,0.1,0.391,0.65,0.0,0.452,0.0,0.0,0.0,0.0
14322,2024.03.03 23:19:40,XAUEURm,PULLBACK,BUY,1,1925.517,1916.543,1943.466,2.0,0.587,1922.073,1922.481,1920.577,1,0.25,0.023,0.0254,1889.2815,1873.21687,1891.386,1869.024,0,0.008,0.35,0,1922.073,0.769,0.379,0,0.0,0.0,0.0,1922.13025,0.441,0,0,1,1.0,0.825,0.6256,0.825,0.949,0,0.666,1,0.077,1922.209,1919.897,0.003,0.389,0.0,2,0.4,0,0.666,0.12,0.389,0.308,0.252,0,0.0,0,0.0,0.995,0.175,0.247,0.14,0.976,0.977,1872.91405,1873.38776,1872.25109,-152.7716,-1.1369,-2,1871.7044,0.515,1898.80056,0.315,0.0,0.0,0,0.022,1,0,16244,0.743,0.576,0.447,3292.0,3292.0,0.5502,5982.9,0.0,1,1,0.925,1362.075,1,1,0.685,1491.726,1,72.506,0.004,0.996,0.0,0.0,1.0,0.99,0.0,0.5,0.0,0.66,0.749,0.5,0.542,0.0,0.425,0.0,0,0,0.482,0.612,0.0,0.554,0.1,0.145,0.65,0.0,0.466,0.0,0.0,0.0,0.0
14323,2024.03.03 23:19:59,XAUEURm,TREND_CONTINUATION,BUY,1,1925.461,1918.282,1940.418,2.08,0.512,1922.073,1922.481,1920.577,1,0.25,0.023,0.016,1889.2815,1873.21687,1891.386,1869.024,0,0.008,0.35,0,1922.073,0.769,0.379,0,0.0,0.0,0.0,1922.13025,0.441,0,0,1,1.0,0.825,0.6256,0.825,1.0,0,0.666,1,0.077,1922.209,1919.897,0.007,0.38,0.0,2,0.4,0,0.666,0.114,0.38,0.3,0.251,0,0.0,0,0.0,0.987,0.16,0.247,0.14,0.976,0.977,1872.91405,1873.38776,1872.25109,-152.7716,-1.1369,-2,1871.7044,0.515,1898.80056,0.315,0.0,0.0,0,0.022,1,0,16244,0.743,0.576,0.447,3292.0,3292.0,0.5502,5982.9,0.0,1,1,0.925,1362.075,1,1,0.685,1491.726,1,72.496,0.004,0.996,0.0,0.0,1.0,0.98,0.0,0.5,0.0,0.66,0.752,0.5,0.542,0.0,0.425,0.0,0,0,0.484,0.612,0.0,0.576,0.1,0.145,0.65,0.0,0.466,0.0,0.0,0.0,0.0
14326,2024.03.04 01:20:20,XAUEURm,MEAN_REVERSION,BUY,1,1920.722,1916.429,1924.641,0.91,0.661,1921.34925,1922.485,1920.007,0,0.429,0.006,-0.7303,1889.2815,1874.13818,1891.9836,1870.02,0,0.008,0.6,0,1921.34925,0.697,0.051,0,0.0,0.0,0.0,0.0,0.0,0,0,1,1.0,0.825,0.465,0.825,0.234,0,0.776,3,0.365,1920.93625,1918.87125,0.653,0.269,0.0,2,0.4,0,0.776,1.245,3.0,0.415,0.416,1,1921.34925,8,0.739,0.0,0.39,0.247,0.14,0.734,0.742,1872.91405,1873.38776,1872.25109,-151.8358,0.9358,-1,1871.7044,0.517,1898.80056,0.315,0.0,0.0,0,0.023,1,0,16246,0.743,0.576,0.447,3292.0,3292.0,0.6134,5366.4,0.0,1,1,0.925,1362.075,1,1,0.685,1491.726,1,79.941,0.007,0.993,0.0,1.0,1.0,0.0,0.0,0.5,0.0,0.883,0.423,0.5,0.559,0.0,0.444,0.0,0,0,0.391,0.452,0.0,0.739,0.1,0.123,0.65,0.0,0.451,0.0,0.0,0.0,0.0
14328,2024.03.04 01:34:40,XAUEURm,SWEEP_REVERSAL,BUY,1,1920.32,1914.954,1924.641,0.81,0.259,1921.34925,1922.485,1920.007,0,0.429,0.006,-0.8052,1889.2815,1874.13818,1891.9836,1870.02,0,0.008,0.6,0,1921.34925,0.697,0.051,0,0.0,0.0,0.0,0.0,0.0,0,0,1,1.0,0.825,0.465,0.825,0.234,0,0.776,3,0.365,1920.93625,1918.87125,0.728,0.343,0.0,2,0.4,0,0.776,1.245,3.0,0.415,0.416,1,1921.34925,8,0.739,0.0,0.39,0.247,0.14,0.734,0.742,1872.91405,1873.38776,1872.25109,-151.8358,0.9358,-1,1871.7044,0.517,1898.80056,0.315,0.0,0.0,0,0.023,1,0,16246,0.743,0.576,0.447,3292.0,3292.0,0.6134,5366.4,0.0,1,1,0.925,1362.075,1,1,0.685,1491.726,1,79.866,0.007,0.993,0.0,1.0,1.0,0.0,0.0,0.5,0.0,1.0,0.514,0.5,0.547,0.0,0.398,0.0,0,0,0.332,0.452,0.0,0.739,0.1,0.149,0.65,0.0,0.451,0.0,0.0,0.0,0.0
0,2024.03.04 02:32:40,XAUEURm,BREAKOUT_RETEST,BUY,1,1922.025,1920.593,1924.608,1.8,0.589,1921.31595,1921.9917,1918.4778,1,0.547,0.076,-0.5413,1889.2815,1874.17332,1892.0064,1870.058,0,0.009,0.65,2,1921.31595,0.723,0.333,0,0.0,0.0,0.0,0.0,0.0,0,0,1,1.0,0.825,0.2627,0.825,0.512,2,0.62,3,0.42,1919.96445,1919.15355,0.258,0.088,0.0,2,0.4,0,0.62,1.12,3.0,0.373,0.383,1,1921.31595,8,0.745,0.484,0.306,0.247,0.14,0.84,0.553,1872.91405,1873.38776,1872.25109,-151.8358,0.9358,-1,1871.7044,0.517,1898.80056,0.315,0.0,0.0,0,0.023,1,0,16247,0.743,0.576,0.447,3292.0,3292.0,0.6899,4771.7,0.0,1,1,0.925,1362.075,1,1,0.685,1491.726,1,90.177,0.007,0.993,0.0,1.0,1.0,0.99,0.0,0.5,0.0,0.574,0.596,0.5,0.502,0.0,0.361,0.0,0,0,0.353,0.509,0.0,0.641,0.1,0.176,0.65,0.0,0.456,0.0,0.0,0.0,0.0
14330,2024.03.04 03:20:20,XAUEURm,MEAN_REVERSION,BUY,1,1920.266,1916.467,1923.392,0.82,0.701,1918.07235,1920.0996,1917.1263,0,0.02,0.606,-0.2313,1919.8365,1874.20292,1892.0256,1870.09,0,0.009,0.55,0,1918.07235,0.731,0.598,0,0.0,0.0,0.0,0.0,0.0,0,0,1,0.475,-0.3767,-0.0333,0.377,0.338,0,0.782,1,0.028,1917.80205,1920.77535,0.174,0.801,0.0,2,0.25,0,0.782,1.198,3.0,0.399,0.407,1,1920.0996,4,0.6,0.651,0.299,0.113,0.088,0.846,0.792,1872.91405,1873.38776,1872.25109,-151.8358,0.9358,-1,1871.7044,0.517,1898.80056,0.315,0.0,0.0,0,0.023,1,0,16248,0.743,0.576,0.447,3292.0,3292.0,0.6933,4748.3,0.0,1,1,0.925,1362.075,1,1,0.685,1491.726,1,90.252,0.007,0.993,0.0,1.0,1.0,0.01,0.0,0.5,0.0,0.745,0.362,0.5,0.572,0.0,0.348,0.0,0,0,0.394,0.845,0.0,0.891,0.067,0.277,0.65,0.0,0.457,0.0,0.0,0.0,0.0
0,2024.03.04 07:00:00,XAUEURm,ANCHORED_PULLBACK,BUY,1,1922.682,1921.614,1924.842,2.02,0.311,1917.23005,1918.027,1916.8678,0,0.486,0.094,0.7318,1917.7995,1874.88835,1892.4702,1870.831,0,0.015,0.4,0,1917.23005,0.724,0.244,0,0.0,0.0,1918.0115,0.0,0.0,0,0,1,0.975,-0.65,-0.1885,0.65,0.1,0,0.744,1,0.133,1917.8821,1918.96885,0.511,0.143,0.0,2,0.4,0,0.744,1.305,3.0,0.435,0.39,1,1917.23005,8,0.745,0.0,0.43,0.195,0.14,0.761,0.897,1872.91405,1873.38776,1872.25109,-151.8329,0.0029,-1,1871.7044,0.52,1898.80056,0.317,0.0,0.0,0,0.032,1,0,16252,0.743,0.581,0.441,3292.0,3292.0,1.1153,2951.6,0.0,1,1,0.925,1362.075,1,1,0.685,1491.726,1,146.009,0.004,0.996,0.0,0.029,1.0,0.93,0.0,0.5,0.0,0.618,0.629,0.5,0.507,0.0,0.35,0.0,0,0,0.369,0.437,0.0,0.846,0.0,0.186,0.873,0.0,0.516,0.0,0.0,0.0,0.0
0,2024.03.04 10:29:40,XAUEURm,SWEEP_REVERSAL,BUY,2,1921.881,1919.797,1923.942,0.99,0.235,1920.64975,1921.7995,1919.2445,0,0.013,0.723,-0.9887,1918.68097,1874.88835,1895.1751,1870.831,0,0.021,0.5,0,1920.64975,0.703,0.598,0,0.0,0.0,1920.5404,0.0,0.0,0,0,1,0.45,0.51,0.0858,0.51,0.189,0,0.771,0,0.435,1920.2665,1918.7335,0.805,0.069,0.0,2,0.25,0,0.771,1.265,3.0,0.422,0.466,1,1920.64975,8,0.741,0.0,0.343,0.153,0.175,0.868,0.844,1872.91405,1873.38776,1872.25109,-148.3744,3.4585,-1,1871.7044,0.523,1898.80056,0.319,0.0,0.0,0,0.03,1,0,16255,0.743,0.581,0.441,3292.0,3292.0,1.5795,2084.2,0.0,1,1,0.925,1362.075,1,1,0.685,1491.726,0,206.387,0.015,0.985,0.0,1.0,0.5,0.0,0.0,0.5,0.0,0.707,0.41,0.5,0.512,0.0,0.339,0.0,0,0,0.343,0.664,0.0,0.741,0.0,0.445,0.65,0.0,0.529,0.0,0.0,0.0,0.0
0,2024.03.04 11:03:40,XAUEURm,MEAN_REVERSION,BUY,2,1921.647,1919.866,1923.974,1.31,0.647,1920.68162,1921.30975,1919.29975,0,0.533,0.194,-1.0454,1919.2212,1874.88835,1897.88,1870.831,0,0.02,0.4,0,1920.68162,0.745,0.7,0,0.0,0.0,1918.10102,0.0,0.0,0,0,1,0.75,0.72,0.18,0.72,0.237,0,0.687,0,0.504,1919.80225,1918.79725,0.65,0.199,0.0,2,0.15,0,0.687,1.243,3.0,0.414,0.456,1,1920.68162,8,0.749,0.0,0.289,0.216,0.153,0.791,0.851,1872.91405,1873.38776,1872.25109,-148.3744,3.4585,-1,1871.7044,0.523,1898.80056,0.319,0.0,0.0,0,0.03,1,0,16256,0.743,0.581,0.441,3292.0,3292.0,1.4791,2225.6,0.0,1,1,0.925,1362.075,1,1,0.685,1491.726,0,193.167,0.015,0.985,0.0,1.0,0.5,0.29,0.0,0.5,0.0,0.92,0.535,0.5,0.504,0.0,0.373,0.0,0,0,0.321,0.458,0.0,0.723,0.0,0.374,0.65,0.0,0.523,0.0,0.0,0.0,0.0
0,2024.03.04 11:43:40,XAUEURm,TREND_CONTINUATION,BUY,2,1919.857,1917.186,1923.974,1.54,0.478,1920.68162,1921.30975,1919.29975,0,0.533,0.194,-1.8496,1919.2212,1874.88835,1897.88,1870.831,0,0.019,0.4,0,1920.68162,0.745,0.7,0,0.0,0.0,1918.10102,0.0,0.0,0,0,1,0.75,0.72,0.18,0.72,0.046,0,0.687,0,0.504,1919.80225,1917.66662,1.455,0.495,0.0,2,0.15,0,0.687,1.329,3.0,0.443,0.466,1,1920.68162,8,0.749,0.0,0.346,0.216,0.153,0.791,0.955,1872.91405,1873.38776,1872.25109,-148.3744,3.4585,-1,1871.7044,0.523,1898.80056,0.319,0.0,0.0,0,0.03,1,0,16256,0.743,0.581,0.441,3292.0,3292.0,1.4791,2225.6,0.0,1,1,0.925,1362.075,1,1,0.685,1491.726,0,192.363,0.015,0.985,0.0,1.0,0.5,0.0,0.0,0.5,0.0,0.831,0.309,0.5,0.5,0.0,0.34,0.0,0,0,0.401,0.39,0.0,0.482,0.0,0.391,0.446,0.0,0.523,0.0,0.0,0.0,0.0
14332,2024.03.04 11:45:40,XAUEURm,PULLBACK,BUY,2,1919.898,1916.56,1923.974,1.22,0.406,1920.68162,1921.30975,1919.29975,0,0.533,0.194,-1.8312,1919.2212,1874.88835,1897.88,1870.831,0,0.019,0.4,0,1920.68162,0.745,0.7,0,0.0,0.0,1918.10102,0.0,0.0,0,0,1,0.75,0.72,0.18,0.72,0.046,0,0.687,0,0.504,1919.80225,1917.66662,1.436,0.477,0.0,2,0.15,0,0.687,1.329,3.0,0.443,0.466,1,1920.68162,8,0.749,0.0,0.346,0.216,0.153,0.791,0.955,1872.91405,1873.38776,1872.25109,-148.3744,3.4585,-1,1871.7044,0.523,1898.80056,0.319,0.0,0.0,0,0.03,1,0,16256,0.743,0.581,0.441,3292.0,3292.0,1.4791,2225.6,0.0,1,1,0.925,1362.075,1,1,0.685,1491.726,0,192.381,0.015,0.985,0.0,1.0,0.5,0.05,0.0,0.5,0.0,0.724,0.359,0.5,0.465,0.0,0.34,0.0,0,0,0.36,0.39,0.049,0.482,0.0,0.441,0.446,0.0,0.523,0.0,0.0,0.0,0.0
0,2024.03.04 12:29:40,XAUEURm,SWEEP_REVERSAL,BUY,2,1921.123,1918.828,1923.645,1.1,0.275,1920.64845,1921.6841,1918.4292,0,0.902,0.0,-1.2275,1919.2212,1874.88835,1897.88,1870.831,0,0.019,0.55,0,1920.35255,0.74,0.189,0,0.0,0.0,1917.695,0.0,0.0,0,0,1,0.825,0.58,0.146,0.58,0.459,0,0.675,0,0.42,1918.28125,1916.6538,0.196,0.513,0.0,2,0.4,0,0.675,1.143,3.0,0.381,0.395,1,1920.35255,8,0.748,0.608,0.322,0.174,0.224,0.805,0.851,1872.91405,1873.38776,1872.25109,-152.0708,-3.6964,-2,1871.7044,0.524,1898.80056,0.319,0.0,0.0,0,0.036,1,0,16257,0.743,0.581,0.441,3292.0,3292.0,1.4342,2295.4,0.0,1,1,0.925,1362.075,1,1,0.685,1491.726,0,187.072,0.004,0.996,0.0,0.0,0.5,0.6,0.0,0.5,0.0,0.737,0.616,0.5,0.522,0.0,0.4,0.0,0,0,0.386,0.419,0.523,0.704,0.0,0.788,0.65,0.0,0.508,0.0,0.0,0.0,0.0
0,2024.03.04 12:51:40,XAUEURm,BREAKOUT_RETEST,BUY,2,1921.939,1921.25,1923.645,2.48,0.499,1920.64845,1921.6841,1918.4292,1,0.902,0.0,-0.872,1919.2212,1874.88835,1897.88,1870.831,0,0.019,0.55,0,1920.35255,0.74,0.189,0,0.0,0.0,1917.695,0.0,0.0,0,0,1,0.825,0.58,0.146,0.58,0.578,0,0.675,0,0.42,1918.28125,1916.6538,0.159,0.868,0.0,2,0.4,0,0.675,1.09,3.0,0.363,0.389,1,1920.35255,8,0.748,0.681,0.286,0.174,0.224,0.805,0.851,1872.91405,1873.38776,1872.25109,-152.0708,-3.6964,-2,1871.7044,0.524,1898.80056,0.319,0.0,0.0,0,0.036,1,0,16257,0.743,0.581,0.441,3292.0,3292.0,1.4342,2295.4,0.0,1,1,0.925,1362.075,1,1,0.685,1491.726,0,187.427,0.004,0.996,0.0,0.0,0.5,0.99,0.0,0.5,0.0,0.753,0.44,0.5,0.479,0.0,0.358,0.0,0,0,0.323,0.482,0.0,0.855,0.0,0.601,0.65,0.0,0.507,0.0,0.0,0.0,0.0
0,2024.03.04 13:43:40,XAUEURm,TREND_CONTINUATION,BUY,4,1923.54,1920.642,1929.578,2.08,0.403,1917.65242,1920.1172,1917.26325,0,0.183,0.828,1.0748,1919.2212,1877.59325,1900.5849,1870.831,0,0.018,0.55,0,1917.65242,0.744,0.709,0,0.0,0.0,1917.64137,0.0,0.0,0,0,1,0.6,0.615,0.0988,0.615,0.518,2,0.597,0,0.643,1918.0416,1921.02527,0.914,0.322,0.0,2,0.25,0,0.597,1.117,3.0,0.372,0.428,1,1917.65242,8,0.749,0.0,0.245,0.185,0.216,0.848,0.792,1872.91405,1873.38776,1872.25109,-152.0708,-3.6964,-2,1871.7044,0.524,1898.80056,0.319,0.0,0.0,0,0.036,1,0,16258,0.743,0.581,0.441,3292.0,3292.0,1.3631,2415.0,0.0,1,1,0.925,1362.075,1,1,0.685,1491.726,0,178.805,0.004,0.996,0.0,0.0,0.5,0.68,0.0,0.5,0.0,0.41,0.615,0.5,0.446,0.0,0.474,0.0,0,0,0.393,0.675,0.0,0.739,0.0,0.488,0.842,0.0,0.503,0.0,0.0,0.0,0.0
0,2024.03.04 13:44:40,XAUEURm,BREAKOUT,BUY,4,1923.91,1921.481,1929.948,2.49,0.386,1917.65242,1920.1172,1917.26325,0,0.183,0.828,1.228,1919.2212,1877.59325,1900.5849,1870.831,0,0.018,0.55,0,1917.65242,0.744,0.709,0,0.0,0.0,1917.64137,0.0,0.0,0,0,1,0.6,0.615,0.0988,0.615,0.637,2,0.597,0,0.643,1918.0416,1921.02527,1.067,0.169,0.0,2,0.25,0,0.597,1.063,3.0,0.354,0.422,1,1917.65242,8,0.749,0.0,0.209,0.185,0.216,0.848,0.792,1872.91405,1873.38776,1872.25109,-152.0708,-3.6964,-2,1871.7044,0.524,1898.80056,0.319,0.0,0.0,0,0.036,1,0,16258,0.743,0.581,0.441,3292.0,3292.0,1.3631,2415.0,0.0,1,1,0.925,1362.075,1,1,0.685,1491.726,0,178.958,0.004,0.996,0.0,0.0,0.5,0.9,0.0,0.5,0.0,0.41,0.65,0.5,0.446,0.0,0.474,0.0,0,0,0.414,0.703,0.0,0.739,0.0,0.488,0.866,0.0,0.504,0.0,0.0,0.0,0.0
0,2024.03.04 13:45:40,XAUEURm,PULLBACK,BUY,4,1924.401,1921.481,1931.646,2.48,0.347,1917.65242,1920.1172,1917.26325,0,0.183,0.828,1.4313,1919.2212,1877.59325,1900.5849,1870.831,0,0.018,0.55,0,1917.65242,0.744,0.709,0,0.0,0.0,1917.64137,0.0,0.0,0,0,1,0.6,0.615,0.0988,0.615,0.198,2,0.597,0,0.643,1918.0416,1921.02527,1.27,0.035,0.0,2,0.25,0,0.597,1.261,3.0,0.42,0.445,1,1917.65242,8,0.749,0.0,0.341,0.185,0.216,0.848,0.792,1872.91405,1873.38776,1872.25109,-152.0708,-3.6964,-2,1871.7044,0.524,1898.80056,0.319,0.0,0.0,0,0.036,1,0,16258,0.743,0.581,0.441,3292.0,3292.0,1.3631,2415.0,0.0,1,1,0.925,1362.075,1,1,0.685,1491.726,0,179.161,0.004,0.996,0.0,0.0,0.5,0.98,0.0,0.5,0.0,0.471,0.647,0.5,0.445,0.0,0.447,0.0,0,0,0.401,0.602,0.0,0.739,0.0,0.488,0.869,0.0,0.504,0.0,0.0,0.0,0.0
14334,2024.03.04 15:00:40,XAUEURm,ANCHORED_PULLBACK,BUY,4,1933.664,1925.717,1945.883,1.54,0.359,1918.15287,1922.08925,1915.966,0,3.838,2.016,3.6348,1920.17467,1875.72897,1914.7371,1871.048,0,0.016,0.35,2,1918.15287,0.716,0.141,0,0.0,0.0,1931.82063,0.0,0.0,0,0,1,0.722,0.6411,0.0226,0.641,0.227,2,0.649,1,0.372,1917.7155,1928.64988,3.765,0.512,0.0,2,0.0,0,0.649,1.566,3.765,0.416,0.476,1,1918.15287,8,0.743,0.0,0.232,0.192,0.0,0.678,0.917,1872.91405,1873.38776,1872.25109,-152.0708,-3.6964,-2,1871.7044,0.524,1898.80056,0.319,0.0,0.0,0,0.036,1,0,16260,0.748,0.579,0.442,3292.0,3292.0,0.9793,3361.7,0.0,1,1,0.925,1362.075,1,1,0.685,1491.726,-1,131.462,0.004,0.996,0.0,0.0,0.0,0.0,0.0,0.5,0.0,0.476,0.407,0.5,0.445,0.0,0.501,0.0,0,0,0.389,0.542,0.0,0.333,0.0,0.946,0.87,0.0,0.497,0.0,0.0,0.0,0.0
0,2024.03.04 15:45:40,XAUEURm,PULLBACK,BUY,4,1936.939,1934.776,1947.024,4.66,0.386,1918.15287,1922.08925,1915.966,0,3.838,2.016,4.609,1920.17467,1875.72897,1914.7371,1871.048,0,0.017,0.35,2,1918.15287,0.716,0.141,0,0.0,0.0,1931.82063,0.0,0.0,0,0,1,0.722,0.6411,0.0226,0.641,0.103,2,0.649,1,0.372,1917.7155,1928.64988,4.739,1.486,0.0,2,0.0,0,0.649,1.303,3.0,0.434,0.445,1,0.0,0,0.0,0.0,0.269,0.192,0.0,0.678,0.917,1872.91405,1873.38776,1872.25109,-152.0708,-3.6964,-2,1871.7044,0.524,1898.80056,0.319,0.0,0.0,0,0.036,1,0,16260,0.748,0.579,0.442,3292.0,3292.0,0.9793,3361.7,0.0,1,1,0.925,1362.075,1,1,0.685,1491.726,-1,132.436,0.004,0.996,0.0,0.0,0.0,0.29,0.0,0.5,0.0,0.916,0.613,0.5,0.52,0.0,0.445,0.0,0,0,0.402,0.391,0.0,0.238,0.0,1.0,0.87,0.0,0.507,0.0,0.0,0.0,0.0
14336,2024.03.04 16:00:00,XAUEURm,BREAKOUT,BUY,4,1943.168,1936.415,1952.958,1.45,0.65,1917.78137,1931.69925,1915.966,0,1.624,0.079,5.6421,1918.5629,1890.05683,1919.4341,1871.048,0,0.013,0.65,2,1917.78137,0.8,0.091,0,0.0,0.0,1934.00995,0.0,0.0,0,0,1,1.0,0.895,0.1696,0.895,0.046,1,0.322,3,0.799,1933.51463,1938.96075,1.624,0.234,2.454,0,0.15,2,1.0,1.779,3.0,0.593,0.598,2,1933.51463,2,0.55,0.0,0.346,0.968,0.053,0.506,0.938,1871.56243,1871.70616,1872.77439,137.5047,289.5755,2,1871.84246,0.54,1927.84946,0.283,0.0,0.0,0,0.033,1,0,16261,0.748,0.579,0.442,3292.0,3292.0,0.8407,3916.0,0.0,1,1,0.925,1362.075,1,1,0.685,1491.726,-1,115.281,0.006,0.994,0.0,0.0,0.0,0.92,0.0,0.5,0.0,0.669,0.637,0.5,0.372,0.0,0.477,0.0,0,0,0.384,0.072,0.0,0.421,0.0,1.0,0.745,0.0,0.438,0.0,0.0,0.0,0.0
14337,2024.03.04 16:00:20,XAUEURm,TREND_CONTINUATION,BUY,4,1943.104,1936.91,1952.894,1.58,0.769,1917.78137,1931.69925,1915.966,0,1.624,0.079,5.6258,1918.5629,1890.05683,1919.4341,1871.048,0,0.013,0.65,2,1917.78137,0.8,0.091,0,0.0,0.0,1934.00995,0.0,0.0,0,0,1,1.0,0.895,0.1696,0.895,0.046,2,0.379,3,0.799,1933.51463,1938.96075,1.608,0.217,0.0,2,0.15,3,1.0,1.929,3.0,0.643,0.616,2,1933.51463,2,0.55,0.0,0.346,0.669,0.053,0.506,0.938,1871.56243,1871.70616,1872.77439,137.5047,289.5755,2,1871.84246,0.54,1927.84946,0.283,0.0,0.0,0,0.033,1,0,16261,0.748,0.579,0.442,3292.0,3292.0,0.8407,3916.0,0.0,1,1,0.925,1362.075,1,1,0.685,1491.726,-1,115.265,0.006,0.994,0.0,0.0,0.0,0.91,0.0,0.5,0.0,0.574,0.623,0.5,0.372,0.0,0.477,0.0,0,0,0.376,0.035,0.0,0.383,0.0,1.0,0.745,0.0,0.438,0.0,0.0,0.0,0.0
14340,2024.03.04 17:19:59,XAUEURm,BREAKOUT_RETEST,BUY,3,1952.273,1940.809,1965.728,1.17,0.619,1931.57785,1950.255,1925.8935,1,3.613,1.488,3.7951,1918.53767,1876.98852,1918.5722,1871.048,0,0.016,0.75,0,1918.58505,0.789,0.268,0,0.0,0.0,1948.35328,0.0,0.0,0,0,1,1.0,0.93,0.2706,0.93,0.424,2,0.431,0,0.538,1931.57785,1942.94655,3.795,1.316,0.0,2,0.0,0,0.431,1.466,3.795,0.386,0.45,1,1931.57785,1,0.7,0.0,0.173,0.279,0.108,0.83,0.844,1871.56243,1871.70616,1872.77439,137.5047,289.5755,2,1871.84246,0.54,1927.84946,0.283,0.0,0.0,0,0.033,1,0,16262,0.748,0.579,0.442,3292.0,3292.0,0.7179,4585.7,0.0,1,1,0.925,1362.075,1,1,0.685,1491.726,-1,100.431,0.006,0.994,0.0,0.0,0.0,0.94,0.0,0.5,0.0,0.803,0.458,0.5,0.479,0.0,0.479,0.0,0,0,0.361,0.365,0.0,0.333,0.0,1.0,0.756,0.0,0.491,0.0,0.0,0.0,0.0
14342,2024.03.04 17:49:40,XAUEURm,PULLBACK,BUY,3,1952.518,1945.639,1966.275,2.0,0.647,1931.57785,1950.255,1925.8935,1,3.613,1.488,3.8485,1918.53767,1876.98852,1918.5722,1871.048,0,0.016,0.75,0,1918.58505,0.789,0.268,0,0.0,0.0,1948.35328,0.0,0.0,0,0,1,1.0,0.93,0.2706,0.93,0.424,2,0.431,0,0.538,1931.57785,1942.94655,3.849,1.369,0.0,2,0.0,0,0.431,1.487,3.849,0.386,0.452,1,1931.57785,1,0.7,0.0,0.173,0.279,0.108,0.83,0.844,1871.56243,1871.70616,1872.77439,137.5047,289.5755,2,1871.84246,0.54,1927.84946,0.283,0.0,0.0,0,0.033,1,0,16262,0.748,0.579,0.442,3292.0,3292.0,0.7179,4585.7,0.0,1,1,0.925,1362.075,1,1,0.685,1491.726,-1,100.484,0.006,0.994,0.0,0.0,0.0,0.99,0.0,0.5,0.0,1.0,0.689,0.5,0.499,0.0,0.411,0.0,0,0,0.428,0.365,0.0,0.333,0.0,1.0,0.759,0.0,0.491,0.0,0.0,0.0,0.0
14344,2024.03.04 18:15:40,XAUEURm,BREAKOUT,BUY,3,1952.142,1944.952,1964.125,1.67,0.449,1948.39913,1950.255,1931.69625,1,0.064,1.096,0.0941,1918.53767,1888.86957,1918.5722,1871.048,0,0.013,0.75,2,1948.39913,0.769,0.0,1,0.0,0.0,0.0,0.0,0.0,0,0,1,0.8,0.965,0.5054,0.965,1.0,2,0.357,3,0.893,1947.7805,1942.21288,0.223,1.385,0.0,2,0.0,3,0.983,1.5,3.0,0.5,0.636,2,1931.69625,5,0.6,0.554,0.0,0.69,0.0,0.827,0.919,1871.56243,1871.70616,1872.77439,137.5047,289.5755,2,1871.84246,0.54,1927.84946,0.283,0.0,0.0,0,0.033,1,0,16263,0.748,0.579,0.442,3292.0,3292.0,0.6868,4793.3,0.0,1,1,0.925,1362.075,1,1,0.685,1491.726,-1,96.054,0.006,0.994,0.0,0.0,0.0,0.99,0.0,0.5,0.0,0.639,0.489,0.5,0.543,0.0,0.392,0.0,0,0,0.327,0.62,0.0,0.344,0.0,1.0,0.65,0.0,0.472,0.0,0.0,0.0,0.0
14345,2024.03.04 18:16:00,XAUEURm,TREND_CONTINUATION,BUY,3,1952.198,1946.446,1964.181,2.08,0.712,1948.39913,1950.255,1931.69625,1,0.064,1.096,0.1057,1918.53767,1888.86957,1918.5722,1871.048,0,0.013,0.75,2,1948.39913,0.769,0.0,1,0.0,0.0,0.0,0.0,0.0,0,0,1,0.8,0.965,0.5054,0.965,1.0,2,0.357,3,0.893,1947.7805,1942.21288,0.235,1.396,0.0,2,0.0,3,0.983,1.5,3.0,0.5,0.636,2,1931.69625,5,0.6,0.53,0.0,0.69,0.0,0.827,0.919,1871.56243,1871.70616,1872.77439,137.5047,289.5755,2,1871.84246,0.54,1927.84946,0.283,0.0,0.0,0,0.033,1,0,16263,0.748,0.579,0.442,3292.0,3292.0,0.6868,4793.3,0.0,1,1,0.925,1362.075,1,1,0.685,1491.726,-1,96.066,0.006,0.994,0.0,0.0,0.0,0.99,0.0,0.5,0.0,0.639,0.472,0.5,0.543,0.0,0.392,0.0,0,0,0.337,0.62,0.0,0.344,0.0,1.0,0.65,0.0,0.472,0.0,0.0,0.0,0.0
0,2024.03.04 19:24:40,XAUEURm,BREAKOUT_RETEST,BUY,3,1950.091,1948.601,1953.547,2.32,0.526,1947.76063,1950.255,1940.2775,1,0.039,0.764,-0.1936,1918.53767,1888.86957,1918.5722,1871.048,0,0.012,0.5,2,1947.76063,0.766,0.577,0,0.0,0.0,0.0,0.0,0.0,0,0,1,0.8,0.825,0.6835,0.825,0.399,2,0.543,3,1.0,1947.76063,1942.273,0.194,0.911,0.0,2,0.25,0,0.543,1.171,3.0,0.39,0.439,1,1950.255,4,0.6,0.613,0.28,0.247,0.088,0.635,0.949,1871.56243,1871.70616,1872.77439,137.5047,289.5755,2,1871.84246,0.54,1927.84946,0.283,0.0,0.0,0,0.033,1,0,16264,0.748,0.579,0.442,3292.0,3292.0,0.6628,4966.6,0.0,1,1,0.925,1362.075,1,1,0.685,1491.726,0,92.289,0.006,0.994,0.0,0.0,0.5,0.99,0.0,0.5,0.0,0.819,0.647,0.5,0.561,0.0,0.324,0.0,0,0,0.386,0.743,0.0,0.771,0.0,0.429,0.65,0.0,0.498,0.0,0.0,0.0,0.0
14348,2024.03.04 20:00:00,XAUEURm,PULLBACK,BUY,3,1951.032,1943.42,1966.255,2.0,0.571,1947.63735,1949.0916,1945.6014,1,0.02,0.937,0.0202,1918.53767,1888.86957,1918.5722,1871.048,0,0.012,0.3,0,1947.63735,0.791,0.659,0,0.0,0.0,0.0,0.0,0.0,0,0,1,0.8,0.825,0.7928,0.825,1.0,0,0.736,3,0.623,1947.63735,1942.40205,0.02,1.052,0.0,2,0.25,0,0.736,0.9,3.0,0.3,0.427,1,1945.6014,5,0.6,0.96,0.1,0.247,0.088,0.779,0.953,1872.41753,1871.95094,1871.95531,0.5278,-136.9769,1,1870.8913,0.566,1909.96266,0.271,0.0,0.0,0,0.056,1,0,16265,0.748,0.579,0.442,3292.0,3292.0,0.6488,5074.4,0.0,1,1,0.925,1362.075,1,1,0.685,1491.726,0,90.515,0.502,0.498,0.9,1.0,0.5,0.48,0.0,0.5,0.0,0.803,0.476,0.5,0.559,0.0,0.395,0.0,0,0,0.34,0.72,0.0,0.477,0.0,0.286,0.65,0.0,0.52,0.0,0.0,0.0,0.0
0,2024.03.04 20:15:40,XAUEURm,BREAKOUT,BUY,3,1950.905,1948.386,1963.591,5.04,0.347,1947.63735,1949.0916,1945.6014,1,0.02,0.937,-0.0048,1918.53767,1888.86957,1918.5722,1871.048,0,0.012,0.3,0,1947.63735,0.791,0.659,0,0.0,0.0,0.0,0.0,0.0,0,0,1,0.8,0.825,0.7928,0.825,1.0,0,0.736,3,0.623,1947.63735,1942.40205,0.005,1.027,0.0,2,0.25,0,0.736,0.9,3.0,0.3,0.427,1,1945.6014,5,0.6,0.99,0.1,0.247,0.088,0.779,0.953,1872.41753,1871.95094,1871.95531,0.5278,-136.9769,1,1870.8913,0.566,1909.96266,0.271,0.0,0.0,0,0.056,1,0,16265,0.748,0.579,0.442,3292.0,3292.0,0.6488,5074.4,0.0,1,1,0.925,1362.075,1,1,0.685,1491.726,0,90.49,0.502,0.498,0.9,1.0,0.5,0.66,0.0,0.5,0.0,0.747,0.548,0.5,0.556,0.0,0.377,0.0,0,0,0.346,0.864,0.0,0.694,0.0,0.343,0.65,0.0,0.52,0.0,0.0,0.0,0.0
14350,2024.03.04 20:16:00,XAUEURm,TREND_CONTINUATION,BUY,3,1950.972,1944.883,1963.658,2.08,0.495,1947.63735,1949.0916,1945.6014,1,0.02,0.937,0.0084,1918.53767,1888.86957,1918.5722,1871.048,0,0.012,0.3,0,1947.63735,0.791,0.659,0,0.0,0.0,0.0,0.0,0.0,0,0,1,0.8,0.825,0.7928,0.825,1.0,0,0.736,3,0.623,1947.63735,1942.40205,0.008,1.04,0.0,2,0.25,0,0.736,0.9,3.0,0.3,0.427,1,1945.6014,5,0.6,0.983,0.1,0.247,0.088,0.779,0.953,1872.41753,1871.95094,1871.95531,0.5278,-136.9769,1,1870.8913,0.566,1909.96266,0.271,0.0,0.0,0,0.056,1,0,16265,0.748,0.579,0.442,3292.0,3292.0,0.6488,5074.4,0.0,1,1,0.925,1362.075,1,1,0.685,1491.726,0,90.503,0.502,0.498,0.9,1.0,0.5,0.77,0.0,0.5,0.0,0.747,0.585,0.5,0.556,0.0,0.42,0.0,0,0,0.385,0.72,0.0,0.477,0.0,0.286,0.65,0.0,0.52,0.0,0.0,0.0,0.0
0,2024.03.04 21:24:40,XAUEURm,BREAKOUT_RETEST,BUY,3,1951.042,1949.503,1953.255,1.44,0.506,1947.94888,1948.95575,1946.942,1,0.031,0.144,-0.0388,1918.53767,1888.86957,1918.5722,1871.048,0,0.011,0.45,0,1947.94888,0.771,0.672,0,0.0,0.0,0.0,0.0,0.0,0,0,1,0.8,0.825,0.8398,0.825,0.943,0,0.802,2,0.061,1947.837,1946.60638,0.017,0.223,0.0,2,0.4,0,0.802,0.926,3.0,0.309,0.371,1,0.0,0,0.0,0.966,0.177,0.247,0.14,0.923,0.747,1872.41753,1871.95094,1871.95531,0.5278,-136.9769,1,1870.8913,0.566,1909.96266,0.271,0.0,0.0,0,0.056,1,0,16266,0.748,0.579,0.442,3292.0,3292.0,0.6416,5130.6,0.0,1,1,0.925,1362.075,1,1,0.685,1491.726,0,89.524,0.502,0.498,0.9,1.0,0.5,0.94,0.0,0.5,0.0,0.84,0.438,0.5,0.572,0.0,0.349,0.0,0,0,0.349,0.734,0.0,0.798,0.0,0.181,0.65,0.0,0.517,0.0,0.0,0.0,0.0
0,2024.03.04 23:34:40,XAUEURm,BREAKOUT_RETEST,BUY,1,1950.091,1948.568,1951.935,1.21,0.589,1947.6613,1948.6432,1946.6794,1,0.287,0.143,-0.1698,1918.53767,1888.86957,1922.53255,1871.048,0,0.011,0.45,0,1947.4431,0.777,0.819,0,0.0,0.0,0.0,0.0,0.0,0,0,1,1.0,0.825,0.8111,0.825,0.442,0,0.803,2,0.024,1947.7704,1946.3521,0.191,0.088,0.0,2,0.4,0,0.803,1.151,3.0,0.384,0.381,1,1948.6432,4,0.6,0.617,0.327,0.247,0.14,0.825,0.767,1872.41753,1871.95094,1871.95531,0.5278,-136.9769,1,1870.8913,0.566,1909.96266,0.271,0.0,0.0,0,0.056,1,0,16267,0.748,0.579,0.442,3292.0,3292.0,0.6483,5078.3,0.0,1,1,0.925,1362.075,1,1,0.685,1491.726,0,90.26,0.502,0.498,0.9,1.0,0.5,0.99,0.0,0.5,0.0,0.876,0.681,0.5,0.554,0.0,0.292,0.0,0,0,0.391,0.666,0.0,0.788,0.0,0.178,0.65,0.0,0.492,0.0,0.0,0.0,0.0
14352,2024.03.04 23:38:40,XAUEURm,PULLBACK,BUY,1,1950.513,1942.896,1965.748,2.0,0.619,1947.6613,1948.6432,1946.6794,1,0.287,0.143,-0.0867,1918.53767,1888.86957,1922.53255,1871.048,0,0.011,0.45,0,1947.4431,0.777,0.819,0,0.0,0.0,0.0,0.0,0.0,0,0,1,1.0,0.825,0.8111,0.825,0.489,0,0.803,2,0.024,1947.7704,1946.3521,0.108,0.171,0.0,2,0.4,0,0.803,1.13,3.0,0.377,0.379,1,0.0,0,0.0,0.784,0.313,0.247,0.14,0.825,0.767,1872.41753,1871.95094,1871.95531,0.5278,-136.9769,1,1870.8913,0.566,1909.96266,0.271,0.0,0.0,0,0.056,1,0,16267,0.748,0.579,0.442,3292.0,3292.0,0.6483,5078.3,0.0,1,1,0.925,1362.075,1,1,0.685,1491.726,0,90.343,0.502,0.498,0.9,1.0,0.5,0.99,0.0,0.5,0.0,0.816,0.738,0.5,0.561,0.0,0.315,0.0,0,0,0.437,0.676,0.0,0.788,0.0,0.178,0.65,0.0,0.492,0.0,0.0,0.0,0.0
14353,2024.03.04 23:39:40,XAUEURm,TREND_CONTINUATION,BUY,1,1950.48,1944.386,1963.176,2.08,0.55,1947.6613,1948.6432,1946.6794,1,0.287,0.143,-0.0932,1918.53767,1888.86957,1922.53255,1871.048,0,0.011,0.45,0,1947.4431,0.777,0.819,0,0.0,0.0,0.0,0.0,0.0,0,0,1,1.0,0.825,0.8111,0.825,0.489,0,0.803,2,0.024,1947.7704,1946.3521,0.115,0.165,0.0,2,0.4,0,0.803,1.13,3.0,0.377,0.379,1,0.0,0,0.0,0.771,0.313,0.247,0.14,0.825,0.767,1872.41753,1871.95094,1871.95531,0.5278,-136.9769,1,1870.8913,0.566,1909.96266,0.271,0.0,0.0,0,0.056,1,0,16267,0.748,0.579,0.442,3292.0,3292.0,0.6483,5078.3,0.0,1,1,0.925,1362.075,1,1,0.685,1491.726,0,90.336,0.502,0.498,0.9,1.0,0.5,0.98,0.0,0.5,0.0,0.816,0.791,0.5,0.561,0.0,0.315,0.0,0,0,0.469,0.676,0.0,0.788,0.0,0.178,0.65,0.0,0.492,0.0,0.0,0.0,0.0
14356,2024.03.05 00:00:00,XAUEURm,NAKED_POC,BUY,1,1949.881,1945.717,1957.451,1.82,0.798,1947.45213,1948.647,1946.4745,1,0.042,0.259,-0.171,1918.53767,1888.86957,1922.53255,1871.048,0,0.011,0.5,0,1947.45213,0.8,0.33,0,0.0,0.0,0.0,1947.4874,0.178,0,0,1,1.0,0.825,0.6919,0.825,0.354,0,0.749,0,0.638,1946.909,1945.27963,0.063,0.259,0.0414,2,0.4,0,0.749,0.595,1.5,0.397,0.376,1,1948.647,4,0.6,0.873,0.354,0.247,0.268,0.796,0.792,1872.41753,1871.95094,1871.95531,0.519,-0.0088,1,1870.8913,0.566,1909.96266,0.271,0.0,0.0,0,0.064,1,0,16268,0.748,0.579,0.442,3292.0,3292.0,0.6523,5046.8,0.0,1,1,0.925,1362.075,1,1,0.685,1491.726,0,90.782,0.011,0.989,0.9,0.088,0.5,0.01,0.0,0.5,0.0,0.762,0.516,0.5,0.56,0.0,0.282,0.0,0,0,0.29,0.679,0.0,0.895,0.0,0.203,0.65,0.0,0.496,0.0,0.0,0.0,0.0
14358,2024.03.05 00:33:40,XAUEURm,BREAKOUT,BUY,1,1950.817,1943.247,1963.434,1.67,0.386,1947.45213,1948.647,1946.4745,1,0.042,0.259,0.0144,1918.53767,1888.86957,1922.53255,1871.048,0,0.012,0.5,0,1947.45213,0.8,0.33,0,0.0,0.0,0.0,1947.4874,0.178,0,0,1,1.0,0.825,0.6919,0.825,1.0,0,0.774,0,0.638,1947.56075,1949.0815,0.007,0.308,0.0,2,0.4,0,0.774,0.093,0.308,0.3,0.343,0,0.0,0,0.0,0.986,0.16,0.247,0.268,0.949,0.88,1872.41753,1871.95094,1871.95531,0.519,-0.0088,1,1870.8913,0.566,1909.96266,0.271,0.0,0.0,0,0.064,1,0,16268,0.748,0.579,0.442,3292.0,3292.0,0.6523,5046.8,0.0,1,1,0.925,1362.075,1,1,0.685,1491.726,0,90.967,0.011,0.989,0.9,0.088,0.5,0.99,0.0,0.5,0.0,0.766,0.591,0.5,0.583,0.0,0.399,0.0,0,0,0.389,0.612,0.0,0.582,0.0,0.214,0.65,0.0,0.515,0.0,0.0,0.0,0.0
14360,2024.03.05 01:00:40,XAUEURm,MEAN_REVERSION,BUY,1,1950.213,1946.207,1957.725,1.87,0.599,1946.8735,1948.2476,1946.5564,1,0.005,0.3,0.0095,1918.53767,1888.86957,1922.53255,1871.048,0,0.012,0.4,0,1946.8735,0.74,0.542,0,0.0,0.0,0.0,0.0,0.0,0,0,1,0.8,1.0,0.5152,1.0,1.0,2,0.616,0,0.894,1947.1906,1946.4507,0.054,0.094,0.0,2,0.0,0,0.616,0.9,3.0,0.3,0.476,1,0.0,0,0.0,0.892,0.0,0.3,0.179,0.842,0.896,1872.41753,1871.95094,1871.95531,0.519,-0.0088,1,1870.8913,0.566,1909.96266,0.271,0.0,0.0,0,0.064,1,0,16269,0.748,0.579,0.442,3292.0,3292.0,0.6574,5007.9,0.0,1,1,0.925,1362.075,1,1,0.685,1491.726,0,91.552,0.011,0.989,0.9,0.088,0.5,0.18,0.0,0.5,0.0,0.588,0.358,0.5,0.568,0.0,0.495,0.0,0,0,0.453,0.736,0.0,0.642,0.0,0.279,0.65,0.0,0.509,0.0,0.0,0.0,0.0
0,2024.03.05 02:00:40,XAUEURm,BREAKOUT_RETEST,BUY,1,1949.043,1947.506,1951.29,1.46,0.612,1946.806,1947.9976,1945.6144,1,0.245,0.22,-0.206,1918.53767,1888.86957,1922.53255,1871.048,0,0.011,0.45,0,1946.806,0.8,0.437,0,0.0,0.0,0.0,0.0,0.0,0,0,1,1.0,1.0,0.2626,1.0,0.422,0,0.761,2,0.02,1947.2032,1944.0256,0.283,0.337,0.0,2,0.15,0,0.761,1.16,3.0,0.387,0.408,1,1947.9976,4,0.6,0.433,0.233,0.3,0.053,0.82,0.936,1872.41753,1871.95094,1871.95531,0.519,-0.0088,1,1870.8913,0.566,1909.96266,0.271,0.0,0.0,0,0.064,1,0,16270,0.752,0.577,0.443,3292.0,3292.0,0.6427,5122.5,0.0,1,1,0.925,1362.075,1,1,0.685,1491.726,0,89.276,0.011,0.989,0.9,0.088,0.5,0.88,0.0,0.5,0.0,0.822,0.389,0.5,0.554,0.0,0.338,0.0,0,0,0.368,0.66,0.0,0.76,0.0,0.216,0.65,0.0,0.495,0.0,0.0,0.0,0.0
14362,2024.03.05 03:18:40,XAUEURm,PULLBACK,BUY,1,1949.168,1941.639,1964.227,2.0,0.638,1945.45275,1947.1486,1944.5396,1,0.097,0.163,0.0843,1918.53767,1888.86957,1922.53255,1871.048,0,0.011,0.5,0,1945.45275,0.768,0.2,0,0.0,0.0,0.0,0.0,0.0,0,0,1,1.0,0.825,0.1072,0.825,0.426,0,0.717,0,0.705,1945.5832,1944.14825,0.058,0.344,0.0,2,0.4,0,0.717,1.158,3.0,0.386,0.453,1,0.0,0,0.0,0.883,0.332,0.247,0.281,0.887,0.937,1872.41753,1871.95094,1871.95531,0.519,-0.0088,1,1870.8913,0.566,1909.96266,0.271,0.0,0.0,0,0.064,1,0,16271,0.752,0.577,0.443,3292.0,3292.0,0.6558,5019.5,0.0,1,1,0.925,1362.075,1,1,0.685,1491.726,0,91.133,0.011,0.989,0.9,0.088,0.5,0.99,0.0,0.5,0.0,0.911,0.647,0.5,0.57,0.0,0.42,0.0,0,0,0.427,0.564,0.0,0.647,0.0,0.189,0.65,0.0,0.499,0.0,0.0,0.0,0.0
14363,2024.03.05 03:19:00,XAUEURm,TREND_CONTINUATION,BUY,1,1948.963,1942.94,1961.512,2.08,0.567,1945.45275,1947.1486,1944.5396,1,0.097,0.163,0.0435,1918.53767,1888.86957,1922.53255,1871.048,0,0.011,0.5,0,1945.45275,0.768,0.2,0,0.0,0.0,0.0,0.0,0.0,0,0,1,1.0,0.825,0.1072,0.825,0.795,0,0.717,0,0.705,1945.5832,1944.14825,0.017,0.303,0.0,2,0.4,0,0.717,0.992,3.0,0.331,0.434,1,0.0,0,0.0,0.965,0.222,0.247,0.281,0.887,0.937,1872.41753,1871.95094,1871.95531,0.519,-0.0088,1,1870.8913,0.566,1909.96266,0.271,0.0,0.0,0,0.064,1,0,16271,0.752,0.577,0.443,3292.0,3292.0,0.6558,5019.5,0.0,1,1,0.925,1362.075,1,1,0.685,1491.726,0,91.092,0.011,0.989,0.9,0.088,0.5,0.98,0.0,0.5,0.0,0.774,0.63,0.5,0.57,0.0,0.42,0.0,0,0,0.417,0.612,0.0,0.582,0.0,0.189,0.65,0.0,0.519,0.0,0.0,0.0,0.0
0,2024.03.05 05:00:00,XAUEURm,ANCHORED_PULLBACK,BUY,1,1951.743,1950.104,1955.002,1.99,0.489,1945.19185,1946.3659,1944.5396,0,0.613,0.03,0.7298,1945.96888,1888.86957,1922.53255,1871.048,0,0.013,0.35,0,1945.19185,0.784,0.429,0,0.0,0.0,1947.6635,0.0,0.0,0,0,1,0.75,-0.72,-0.0759,0.72,0.095,0,0.75,1,0.227,1945.3223,1948.58355,0.701,0.03,-0.1753,1,0.15,1,1.0,0.857,3.0,0.286,0.463,1,1945.19185,8,0.757,0.0,0.632,0.216,0.053,0.858,0.946,1872.41753,1871.95094,1871.95531,0.5098,-0.0093,1,1870.8913,0.567,1909.96266,0.271,0.0,0.0,0,0.07,1,0,16273,0.752,0.577,0.443,3292.0,3292.0,0.7372,4465.6,0.0,1,1,0.925,1362.075,1,1,0.685,1491.726,0,103.012,0.011,0.989,0.9,0.093,0.5,0.97,0.0,0.5,0.0,0.931,0.694,0.5,0.472,0.0,0.332,0.0,0,0,0.391,0.355,0.0,0.553,0.0,0.146,0.853,0.0,0.472,0.0,0.0,0.0,0.0
14366,2024.03.05 06:00:00,XAUEURm,BREAKOUT,BUY,1,1954.523,1948.723,1964.936,1.8,0.548,1945.10687,1947.8845,1944.181,0,1.292,0.225,1.4703,1947.13525,1889.1695,1923.399,1871.048,0,0.015,0.5,2,1945.10687,0.726,0.188,0,0.0,0.0,1950.96657,0.0,0.0,0,0,1,0.717,-0.5082,-0.041,0.508,0.115,0,0.687,1,0.266,1945.29205,1951.40282,1.426,0.041,0.4507,0,0.4,2,1.0,1.748,3.0,0.583,0.53,2,1945.10687,8,0.745,0.0,0.426,0.852,0.14,0.824,0.881,1872.41753,1871.95094,1871.95531,0.5098,-0.0093,1,1870.8913,0.567,1909.96266,0.271,0.0,0.0,0,0.07,1,0,16274,0.752,0.577,0.443,3292.0,3292.0,0.7903,4165.3,0.0,1,1,0.925,1362.075,1,1,0.685,1491.726,0,111.108,0.011,0.989,0.9,0.093,0.5,0.77,0.0,0.5,0.0,0.58,0.579,0.5,0.511,0.0,0.483,0.0,0,0,0.393,0.323,0.0,0.998,0.0,0.896,0.745,0.0,0.458,0.0,0.0,0.0,0.0
0,2024.03.05 07:00:00,XAUEURm,ANCHORED_PULLBACK,BUY,1,1953.681,1953.024,1954.889,1.84,0.338,1945.84758,1949.3659,1944.181,0,0.33,0.277,1.2418,1947.13525,1889.1695,1923.399,1871.048,0,0.017,0.7,0,1945.10687,0.751,0.376,0,0.0,0.0,1949.1097,0.0,0.0,0,0,1,0.139,0.0,-0.0053,0.327,0.613,0,0.793,3,0.304,1949.18072,1950.66213,0.33,0.075,0.0,2,0.15,0,0.793,1.074,3.0,0.358,0.464,1,1949.18072,2,0.55,0.339,0.176,0.0,0.053,1.0,0.559,1872.41753,1871.95094,1871.95531,0.5098,-0.0093,1,1870.8913,0.567,1909.96266,0.271,0.0,0.0,0,0.07,1,0,16275,0.752,0.577,0.443,3292.0,3292.0,0.9002,3657.1,0.0,1,1,0.925,1362.075,1,1,0.685,1491.726,0,126.316,0.011,0.989,0.9,0.093,0.5,0.9,0.0,0.5,0.0,0.921,0.786,0.5,0.535,0.0,0.414,0.0,0,0,0.498,0.685,0.0,0.748,0.0,0.52,0.895,0.0,0.517,0.0,0.0,0.0,0.0
0,2024.03.05 08:00:00,XAUEURm,BREAKOUT_RETEST,BUY,2,1951.258,1950.273,1953.226,2.0,0.384,1948.4454,1949.934,1947.2876,1,0.048,0.383,-0.1563,1947.13525,1889.1695,1923.399,1871.048,0,0.019,0.4,0,1948.4454,0.783,0.809,0,0.0,0.0,1948.66913,0.0,0.0,0,0,1,0.436,0.6714,0.0483,0.671,0.761,0,0.763,0,0.654,1948.6108,1946.7914,0.21,0.383,0.0,2,0.0,0,0.763,1.008,3.0,0.336,0.496,1,1949.934,4,0.6,0.579,0.072,0.201,0.131,0.845,0.891,1872.90074,1872.30085,1869.86632,-278.436,-278.9458,-2,1871.35785,0.566,1910.85577,0.269,0.0,0.0,0,0.08,1,0,16276,0.752,0.577,0.443,3292.0,3292.0,1.0734,3066.8,0.0,1,1,0.925,1362.075,1,1,0.685,1491.726,1,149.842,0.016,0.984,0.0,0.0,1.0,0.02,0.0,0.5,0.0,0.873,0.361,0.5,0.512,0.0,0.384,0.0,0,0,0.391,0.875,0.0,1.0,0.0,0.506,0.46,0.0,0.56,0.0,0.0,0.0,0.0
14368,2024.03.05 08:02:00,XAUEURm,BREAKOUT,BUY,2,1951.821,1947.221,1959.488,1.67,0.252,1948.4454,1949.934,1947.2876,1,0.048,0.383,0.0273,1947.13525,1889.1695,1923.399,1871.048,0,0.019,0.4,0,1948.4454,0.783,0.809,0,0.0,0.0,1948.66913,0.0,0.0,0,0,1,0.436,0.6714,0.0483,0.671,1.0,0,0.763,0,0.654,1948.6108,1946.7914,0.027,0.567,0.0,2,0.0,0,0.763,0.9,3.0,0.3,0.483,1,1947.2876,5,0.6,0.947,0.0,0.201,0.131,0.845,0.891,1872.90074,1872.30085,1869.86632,-278.436,-278.9458,-2,1871.35785,0.566,1910.85577,0.269,0.0,0.0,0,0.08,1,0,16276,0.752,0.577,0.443,3292.0,3292.0,1.0734,3066.8,0.0,1,1,0.925,1362.075,1,1,0.685,1491.726,1,150.025,0.016,0.984,0.0,0.0,1.0,0.42,0.0,0.5,0.0,0.873,0.42,0.5,0.512,0.0,0.428,0.0,0,0,0.373,0.729,0.0,1.0,0.0,0.449,0.46,0.0,0.56,0.0,0.0,0.0,0.0
14369,2024.03.05 08:02:20,XAUEURm,TREND_CONTINUATION,BUY,2,1951.813,1948.133,1959.48,2.08,0.368,1948.4454,1949.934,1947.2876,1,0.048,0.383,0.0247,1947.13525,1889.1695,1923.399,1871.048,0,0.019,0.4,0,1948.4454,0.783,0.809,0,0.0,0.0,1948.66913,0.0,0.0,0,0,1,0.436,0.6714,0.0483,0.671,1.0,0,0.763,0,0.654,1948.6108,1946.7914,0.029,0.564,0.0,2,0.0,0,0.763,0.9,3.0,0.3,0.483,1,1947.2876,5,0.6,0.941,0.0,0.201,0.131,0.845,0.891,1872.90074,1872.30085,1869.86632,-278.436,-278.9458,-2,1871.35785,0.566,1910.85577,0.269,0.0,0.0,0,0.08,1,0,16276,0.752,0.577,0.443,3292.0,3292.0,1.0734,3066.8,0.0,1,1,0.925,1362.075,1,1,0.685,1491.726,1,150.023,0.016,0.984,0.0,0.0,1.0,0.42,0.0,0.5,0.0,0.873,0.412,0.5,0.512,0.0,0.428,0.0,0,0,0.377,0.729,0.0,1.0,0.0,0.449,0.46,0.0,0.56,0.0,0.0,0.0,0.0
0,2024.03.05 08:07:40,XAUEURm,PULLBACK,BUY,2,1954.023,1951.654,1963.223,3.88,0.323,1948.4454,1949.934,1947.2876,0,0.048,0.383,0.7453,1947.13525,1889.1695,1923.399,1871.048,0,0.02,0.4,0,1948.4454,0.783,0.809,0,0.0,0.0,1948.66913,0.0,0.0,0,0,1,0.436,0.6714,0.0483,0.671,0.201,0,0.763,0,0.654,1948.6108,1951.2572,0.691,0.172,0.0,2,0.0,0,0.763,1.259,3.0,0.42,0.525,2,1948.4454,8,0.757,0.0,0.24,0.201,0.131,0.845,0.836,1872.90074,1872.30085,1869.86632,-278.436,-278.9458,-2,1871.35785,0.566,1910.85577,0.269,0.0,0.0,0,0.08,1,0,16276,0.752,0.577,0.443,3292.0,3292.0,1.0734,3066.8,0.0,1,1,0.925,1362.075,1,1,0.685,1491.726,1,150.743,0.016,0.984,0.0,0.0,1.0,0.99,0.0,0.5,0.0,0.73,0.495,0.5,0.494,0.0,0.34,0.0,0,0,0.287,0.692,0.0,0.475,0.0,0.517,0.873,0.0,0.534,0.0,0.0,0.0,0.0
14372,2024.03.05 09:00:00,XAUEURm,ANCHORED_PULLBACK,BUY,2,1956.469,1952.804,1959.817,0.91,0.681,1948.28525,1950.6266,1947.6467,0,1.089,0.191,1.4735,1946.78697,1890.10257,1926.09455,1871.048,0,0.019,0.35,2,1948.28525,0.8,0.356,0,0.0,0.0,1953.79955,0.0,0.0,0,0,1,0.75,0.545,0.0822,0.545,0.125,2,0.644,1,0.427,1948.9238,1952.3294,1.281,0.255,0.1005,0,0.4,2,0.674,1.744,3.0,0.581,0.473,1,1948.28525,8,0.76,0.0,0.423,0.863,0.14,0.864,0.934,1872.90074,1872.30085,1869.86632,-278.436,-278.9458,-2,1871.35785,0.566,1910.85577,0.269,0.0,0.0,0,0.08,1,0,16277,0.752,0.577,0.443,3292.0,3292.0,0.9916,3319.9,0.0,1,1,0.925,1362.075,1,1,0.685,1491.726,0,139.986,0.016,0.984,0.0,0.0,0.5,0.26,0.0,0.5,0.0,0.699,0.423,0.5,0.371,0.0,0.464,0.0,0,0,0.343,0.404,0.0,0.613,0.0,0.75,0.437,0.0,0.469,0.0,0.0,0.0,0.0
14374,2024.03.05 10:02:00,XAUEURm,BREAKOUT,BUY,2,1959.983,1953.191,1968.473,1.25,0.461,1948.82505,1953.6372,1947.6793,0,1.919,0.974,2.3163,1947.29228,1890.24927,1926.51835,1871.048,0,0.02,0.65,2,1948.82505,0.756,0.0,1,0.0,0.0,1955.24565,0.0,0.0,0,0,1,0.825,0.755,0.2019,0.755,0.236,2,0.549,0,0.235,1949.0542,1956.15785,2.249,0.157,0.0,2,0.0,4,0.565,1.544,3.0,0.515,0.455,1,1948.82505,8,0.751,0.0,0.229,0.226,0.047,0.835,0.759,1872.90074,1872.30085,1869.86632,-278.436,-278.9458,-2,1871.35785,0.566,1910.85577,0.269,0.0,0.0,0,0.08,1,0,16278,0.752,0.577,0.443,3292.0,3292.0,0.9694,3395.9,0.0,1,1,0.925,1362.075,1,1,0.685,1491.726,0,137.888,0.016,0.984,0.0,0.0,0.5,0.95,0.0,0.5,0.0,0.589,0.568,0.5,0.397,0.0,0.421,0.0,0,0,0.329,0.351,0.0,0.266,0.0,0.54,0.85,0.0,0.484,0.0,0.0,0.0,0.0
14375,2024.03.05 10:02:20,XAUEURm,TREND_CONTINUATION,BUY,2,1959.965,1955.89,1968.455,2.08,0.505,1948.82505,1953.6372,1947.6793,0,1.919,0.974,2.311,1947.29228,1890.24927,1926.51835,1871.048,0,0.02,0.65,2,1948.82505,0.756,0.0,1,0.0,0.0,1955.24565,0.0,0.0,0,0,1,0.825,0.755,0.2019,0.755,0.236,2,0.549,0,0.235,1949.0542,1956.15785,2.244,0.152,0.0,2,0.0,4,0.565,1.544,3.0,0.515,0.455,1,1948.82505,8,0.751,0.0,0.229,0.226,0.047,0.835,0.759,1872.90074,1872.30085,1869.86632,-278.436,-278.9458,-2,1871.35785,0.566,1910.85577,0.269,0.0,0.0,0,0.08,1,0,16278,0.752,0.577,0.443,3292.0,3292.0,0.9694,3395.9,0.0,1,1,0.925,1362.075,1,1,0.685,1491.726,0,137.882,0.016,0.984,0.0,0.0,0.5,0.94,0.0,0.5,0.0,0.589,0.558,0.5,0.397,0.0,0.421,0.0,0,0,0.322,0.351,0.0,0.266,0.0,0.54,0.85,0.0,0.484,0.0,0.0,0.0,0.0
0,2024.03.05 10:07:40,XAUEURm,PULLBACK,BUY,2,1960.15,1958.198,1970.338,5.22,0.429,1948.82505,1953.6372,1947.6793,0,1.919,0.974,2.3655,1947.29228,1890.24927,1926.51835,1871.048,0,0.02,0.65,2,1948.82505,0.756,0.0,1,0.0,0.0,1955.24565,0.0,0.0,0,0,1,0.825,0.755,0.2019,0.755,0.236,2,0.549,0,0.235,1949.0542,1956.15785,2.298,0.206,0.0,2,0.0,4,0.565,1.544,3.0,0.515,0.455,1,1948.82505,8,0.751,0.0,0.229,0.226,0.047,0.835,0.759,1872.90074,1872.30085,1869.86632,-278.436,-278.9458,-2,1871.35785,0.566,1910.85577,0.269,0.0,0.0,0,0.08,1,0,16278,0.752,0.577,0.443,3292.0,3292.0,0.9694,3395.9,0.0,1,1,0.925,1362.075,1,1,0.685,1491.726,0,137.937,0.016,0.984,0.0,0.0,0.5,0.97,0.0,0.5,0.0,0.626,0.587,0.5,0.411,0.0,0.42,0.0,0,0,0.344,0.351,0.0,0.266,0.0,0.601,0.85,0.0,0.484,0.0,0.0,0.0,0.0
14378,2024.03.05 11:00:00,XAUEURm,ANCHORED_PULLBACK,BUY,2,1959.003,1954.695,1962.469,0.8,0.841,1948.62037,1955.61725,1947.221,0,0.055,0.939,2.0984,1946.74225,1890.7058,1945.3108,1884.1532,0,0.019,0.75,2,1948.62037,0.726,0.417,0,0.0,0.0,1955.70837,0.0,0.0,0,0,1,0.9,0.79,0.3122,0.79,0.907,2,0.432,3,0.591,1955.61725,1958.13612,0.028,0.718,0.7216,0,0.0,2,1.0,1.392,3.0,0.464,0.601,2,1948.62037,8,0.745,0.945,0.028,0.937,0.0,0.921,0.738,1872.90074,1872.30085,1869.86632,-278.436,-278.9458,-2,1871.35785,0.566,1910.85577,0.269,0.0,0.0,0,0.08,1,0,16279,0.752,0.577,0.443,3292.0,3292.0,0.9743,3379.0,0.0,1,1,0.925,1362.075,1,1,0.685,1491.726,0,138.289,0.016,0.984,0.0,0.0,0.5,0.48,0.0,0.5,0.0,0.603,0.625,0.5,0.562,0.0,0.398,0.0,0,0,0.403,0.745,0.0,0.379,0.0,1.0,0.668,0.0,0.491,0.0,0.0,0.0,0.0
0,2024.03.05 12:00:00,XAUEURm,BREAKOUT_RETEST,BUY,2,1959.834,1958.724,1961.5,1.5,0.597,1955.77745,1958.2079,1953.8871,1,0.091,1.783,0.2212,1946.98295,1890.7805,1928.053,1871.048,0,0.019,0.4,0,1955.77745,0.787,0.354,0,0.0,0.0,1956.6363,0.0,0.0,0,0,1,0.975,0.825,0.3951,0.825,0.622,0,0.7,3,0.315,1957.1277,1949.29625,0.169,2.096,0.0,2,0.0,0,0.7,1.07,3.0,0.357,0.442,1,1958.2079,4,0.6,0.661,0.113,0.247,0.0,0.819,0.945,1872.23146,1874.18035,1872.91078,-151.311,127.125,-1,1871.25203,0.578,0.0,0.0,0.0,0.0,0,0.064,1,0,16280,0.745,0.578,0.442,3292.0,3292.0,0.9523,3457.0,0.0,1,1,0.925,1362.075,1,1,0.685,1491.726,0,135.409,0.424,0.576,0.0,1.0,0.5,0.59,0.0,0.5,0.0,0.691,0.528,0.5,0.502,0.0,0.399,0.0,0,0,0.327,0.732,0.0,0.475,0.0,0.475,0.46,0.0,0.525,0.0,0.0,0.0,0.0
14380,2024.03.05 12:03:40,XAUEURm,BREAKOUT,BUY,2,1960.318,1955.133,1968.961,1.67,0.4,1955.77745,1958.2079,1953.8871,1,0.091,1.783,0.3612,1946.98295,1890.7805,1928.053,1871.048,0,0.019,0.4,0,1955.77745,0.787,0.354,0,0.0,0.0,1956.6363,0.0,0.0,0,0,1,0.975,0.825,0.3951,0.825,0.826,0,0.7,3,0.315,1957.1277,1949.29625,0.029,2.236,0.0,2,0.0,0,0.7,0.978,3.0,0.326,0.431,1,1955.77745,8,0.757,0.941,0.052,0.247,0.0,0.819,0.945,1872.23146,1874.18035,1872.91078,-151.311,127.125,-1,1871.25203,0.578,0.0,0.0,0.0,0.0,0,0.064,1,0,16280,0.745,0.578,0.442,3292.0,3292.0,0.9523,3457.0,0.0,1,1,0.925,1362.075,1,1,0.685,1491.726,0,135.549,0.424,0.576,0.0,1.0,0.5,0.99,0.0,0.5,0.0,0.641,0.595,0.5,0.502,0.0,0.391,0.0,0,0,0.364,0.732,0.0,0.428,0.0,0.475,0.722,0.0,0.548,0.0,0.0,0.0,0.0
14381,2024.03.05 12:03:59,XAUEURm,TREND_CONTINUATION,BUY,2,1960.318,1956.17,1968.961,2.08,0.557,1955.77745,1958.2079,1953.8871,1,0.091,1.783,0.3612,1946.98295,1890.7805,1928.053,1871.048,0,0.019,0.4,0,1955.77745,0.787,0.354,0,0.0,0.0,1956.6363,0.0,0.0,0,0,1,0.975,0.825,0.3951,0.825,0.826,0,0.7,3,0.315,1957.1277,1949.29625,0.029,2.236,0.0,2,0.0,0,0.7,0.978,3.0,0.326,0.431,1,1955.77745,8,0.757,0.941,0.052,0.247,0.0,0.819,0.945,1872.23146,1874.18035,1872.91078,-151.311,127.125,-1,1871.25203,0.578,0.0,0.0,0.0,0.0,0,0.064,1,0,16280,0.745,0.578,0.442,3292.0,3292.0,0.9523,3457.0,0.0,1,1,0.925,1362.075,1,1,0.685,1491.726,0,135.549,0.424,0.576,0.0,1.0,0.5,0.98,0.0,0.5,0.0,0.641,0.6,0.5,0.502,0.0,0.391,0.0,0,0,0.367,0.732,0.0,0.428,0.0,0.475,0.722,0.0,0.548,0.0,0.0,0.0,0.0
14384,2024.03.05 12:08:00,XAUEURm,PULLBACK,BUY,2,1959.3,1954.115,1969.671,2.0,0.623,1955.77745,1958.2079,1953.8871,1,0.091,1.783,0.0667,1946.98295,1890.7805,1928.053,1871.048,0,0.019,0.4,0,1955.77745,0.787,0.354,0,0.0,0.0,1956.6363,0.0,0.0,0,0,1,0.975,0.825,0.3951,0.825,1.0,0,0.7,3,0.315,1955.5074,1949.29625,0.145,1.941,0.0,2,0.0,0,0.7,0.9,3.0,0.3,0.425,1,1953.8871,5,0.6,0.71,0.0,0.247,0.0,0.847,0.945,1872.23146,1874.18035,1872.91078,-151.311,127.125,-1,1871.25203,0.578,0.0,0.0,0.0,0.0,0,0.064,1,0,16280,0.745,0.578,0.442,3292.0,3292.0,0.9523,3457.0,0.0,1,1,0.925,1362.075,1,1,0.685,1491.726,0,135.254,0.424,0.576,0.0,1.0,0.5,0.04,0.0,0.5,0.0,0.624,0.629,0.5,0.526,0.0,0.4,0.0,0,0,0.395,0.732,0.0,0.47,0.0,0.475,0.46,0.0,0.548,0.0,0.0,0.0,0.0
14386,2024.03.05 14:03:40,XAUEURm,BREAKOUT,BUY,4,1964.294,1960.915,1968.741,1.32,0.585,1957.1595,1958.541,1954.857,0,0.463,1.146,0.8393,1947.76185,1888.93448,1947.07675,1881.3507,0,0.016,0.2,4,1957.1595,0.779,0.435,0,0.0,0.0,1957.42675,0.0,0.0,0,0,1,1.0,0.72,0.2884,0.72,0.11,0,0.726,1,0.5,1956.699,1966.83,0.94,1.273,0.0,2,0.25,0,0.726,1.3,3.0,0.433,0.46,1,1957.1595,8,0.756,0.0,0.367,0.216,0.238,0.81,0.965,1872.23146,1874.18035,1872.91078,-151.311,127.125,-1,1871.25203,0.578,0.0,0.0,0.0,0.0,0,0.064,1,0,16282,0.745,0.578,0.442,3292.0,3292.0,0.7191,4578.1,0.0,1,1,0.925,1362.075,1,1,0.685,1491.726,0,103.224,0.424,0.576,0.0,1.0,0.5,0.84,0.0,0.5,0.0,0.497,0.53,0.5,0.447,0.0,0.361,0.0,0,0,0.297,0.604,0.0,0.454,0.0,0.345,0.834,0.0,0.538,0.0,0.0,0.0,0.0
14388,2024.03.05 14:04:40,XAUEURm,TREND_CONTINUATION,BUY,4,1962.477,1956.983,1968.741,1.14,0.562,1957.1595,1958.541,1954.857,0,0.463,1.146,0.4424,1947.76185,1888.93448,1947.07675,1881.3507,0,0.015,0.2,4,1957.1595,0.779,0.435,0,0.0,0.0,1957.42675,0.0,0.0,0,0,1,1.0,0.72,0.2884,0.72,0.215,0,0.726,1,0.5,1956.699,1966.83,0.543,1.67,0.0,2,0.25,0,0.726,1.253,3.0,0.418,0.454,1,1957.1595,8,0.756,0.0,0.336,0.216,0.238,0.81,0.965,1872.23146,1874.18035,1872.91078,-151.311,127.125,-1,1871.25203,0.578,0.0,0.0,0.0,0.0,0,0.064,1,0,16282,0.745,0.578,0.442,3292.0,3292.0,0.7191,4578.1,0.0,1,1,0.925,1362.075,1,1,0.685,1491.726,0,102.827,0.424,0.576,0.0,1.0,0.5,0.56,0.0,0.5,0.0,0.572,0.551,0.5,0.447,0.0,0.397,0.0,0,0,0.324,0.628,0.0,0.552,0.0,0.345,0.807,0.0,0.523,0.0,0.0,0.0,0.0
0,2024.03.05 14:08:40,XAUEURm,PULLBACK,BUY,4,1963.898,1960.915,1968.741,1.62,0.48,1957.1595,1958.541,1954.857,0,0.463,1.146,0.7528,1947.76185,1888.93448,1947.07675,1881.3507,0,0.016,0.2,4,1957.1595,0.779,0.435,0,0.0,0.0,1957.42675,0.0,0.0,0,0,1,1.0,0.72,0.2884,0.72,0.11,0,0.726,1,0.5,1956.699,1966.83,0.853,1.36,0.0,2,0.25,0,0.726,1.3,3.0,0.433,0.46,1,1957.1595,8,0.756,0.0,0.367,0.216,0.238,0.81,0.965,1872.23146,1874.18035,1872.91078,-151.311,127.125,-1,1871.25203,0.578,0.0,0.0,0.0,0.0,0,0.064,1,0,16282,0.745,0.578,0.442,3292.0,3292.0,0.7191,4578.1,0.0,1,1,0.925,1362.075,1,1,0.685,1491.726,0,103.138,0.424,0.576,0.0,1.0,0.5,0.98,0.0,0.5,0.0,0.514,0.489,0.5,0.446,0.0,0.362,0.0,0,0,0.285,0.604,0.0,0.454,0.0,0.227,0.834,0.0,0.538,0.0,0.0,0.0,0.0
0,2024.03.05 14:47:20,XAUEURm,BREAKOUT_RETEST,BUY,4,1961.421,1960.048,1963.675,1.64,0.594,1957.1595,1958.541,1954.857,1,0.463,1.146,0.2118,1947.76185,1888.93448,1947.07675,1881.3507,0,0.015,0.2,4,1957.1595,0.779,0.435,0,0.0,0.0,1957.42675,0.0,0.0,0,0,1,1.0,0.72,0.2884,0.72,0.66,0,0.726,1,0.5,1956.699,1966.83,0.312,1.901,0.0,2,0.25,0,0.726,1.053,3.0,0.351,0.431,1,1956.699,2,0.55,0.375,0.202,0.216,0.238,0.81,0.965,1872.23146,1874.18035,1872.91078,-151.311,127.125,-1,1871.25203,0.578,0.0,0.0,0.0,0.0,0,0.064,1,0,16282,0.745,0.578,0.442,3292.0,3292.0,0.7191,4578.1,0.0,1,1,0.925,1362.075,1,1,0.685,1491.726,0,102.597,0.424,0.576,0.0,1.0,0.5,0.0,0.0,0.5,0.0,1.0,0.359,0.5,0.444,0.0,0.411,0.0,0,0,0.383,0.72,0.0,0.629,0.0,0.305,0.65,0.0,0.544,0.0,0.0,0.0,0.0
14390,2024.03.05 15:00:00,XAUEURm,ANCHORED_PULLBACK,BUY,4,1965.157,1958.98,1971.867,1.09,0.712,1957.1595,1961.304,1954.857,0,0.757,0.717,0.9409,1948.1738,1888.93448,1947.07675,1881.3507,0,0.015,0.35,2,1957.1595,0.786,0.458,0,0.0,0.0,1960.48025,0.0,0.0,0,0,1,1.0,0.93,0.2716,0.93,0.532,2,0.635,1,0.477,1956.699,1966.83,1.033,0.993,0.5525,0,0.0,2,1.0,1.561,3.0,0.52,0.592,2,1957.1595,8,0.757,0.0,0.14,0.979,0.0,0.801,0.949,1872.23146,1874.18035,1872.91078,-151.311,127.125,-1,1871.25203,0.578,0.0,0.0,0.0,0.0,0,0.064,1,0,16283,0.745,0.578,0.442,3292.0,3292.0,0.6582,5001.2,0.0,1,1,0.925,1362.075,1,1,0.685,1491.726,0,94.663,0.424,0.576,0.0,1.0,0.5,0.92,0.0,0.5,0.0,0.569,0.313,0.5,0.472,0.0,0.44,0.0,0,0,0.43,0.616,0.0,0.613,0.0,1.0,0.686,0.0,0.451,0.0,0.0,0.0,0.0
14392,2024.03.05 16:04:59,XAUEURm,TREND_CONTINUATION,BUY,4,1958.514,1951.787,1965.541,1.04,0.536,1955.67863,1962.2485,1955.17325,1,0.158,0.383,-0.0815,1947.89813,1890.71483,1947.61625,1873.397,0,0.012,0.35,2,1955.67863,0.8,0.779,0,0.0,0.0,1954.56178,0.0,0.0,0,0,1,1.0,0.79,0.2527,0.79,0.817,2,0.523,1,0.073,1955.67863,1952.64638,0.081,0.459,0.0,2,0.25,0,0.523,0.982,3.0,0.327,0.342,0,1962.2485,4,0.6,0.837,0.155,0.237,0.088,1.0,0.966,1873.21919,1872.63409,1871.68352,-110.4232,40.8878,-1,1869.97471,0.596,0.0,0.0,0.0,0.0,0,0.086,1,0,16284,0.745,0.578,0.442,3292.0,3292.0,0.5872,5605.9,0.0,1,1,0.925,1362.075,1,1,0.685,1491.726,1,83.268,0.193,0.807,0.0,1.0,1.0,0.64,0.0,0.5,0.0,0.949,0.601,0.5,0.476,0.0,0.389,0.0,0,0,0.359,0.864,0.0,0.478,0.0,0.54,0.65,0.0,0.513,0.0,0.0,0.0,0.0
14394,2024.03.05 16:15:40,XAUEURm,PULLBACK,BUY,4,1960.437,1952.028,1977.255,2.0,0.609,1955.67863,1962.2485,1955.17325,1,0.158,0.383,0.2616,1947.89813,1890.71483,1947.61625,1873.397,0,0.012,0.35,2,1955.67863,0.8,0.779,0,0.0,0.0,1954.56178,0.0,0.0,0,0,1,1.0,0.79,0.2527,0.79,0.627,2,0.523,1,0.073,1955.67863,1952.64638,0.262,0.802,0.0,2,0.25,0,0.523,1.068,3.0,0.356,0.352,1,1955.17325,5,0.6,0.477,0.212,0.237,0.088,1.0,0.966,1873.21919,1872.63409,1871.68352,-110.4232,40.8878,-1,1869.97471,0.596,0.0,0.0,0.0,0.0,0,0.086,1,0,16284,0.745,0.578,0.442,3292.0,3292.0,0.5872,5605.9,0.0,1,1,0.925,1362.075,1,1,0.685,1491.726,1,83.611,0.193,0.807,0.0,1.0,1.0,0.99,0.0,0.5,0.0,1.0,0.756,0.5,0.491,0.0,0.37,0.0,0,0,0.449,0.72,0.0,0.725,0.0,0.45,0.65,0.0,0.501,0.0,0.0,0.0,0.0
0,2024.03.05 16:47:20,XAUEURm,BREAKOUT_RETEST,BUY,4,1959.187,1957.505,1965.541,3.78,0.574,1955.67863,1962.2485,1955.17325,1,0.158,0.383,0.0386,1947.89813,1890.71483,1947.61625,1873.397,0,0.012,0.35,2,1955.67863,0.8,0.779,0,0.0,0.0,1954.56178,0.0,0.0,0,0,1,1.0,0.79,0.2527,0.79,0.817,2,0.523,1,0.073,1955.67863,1952.64638,0.039,0.58,0.0,2,0.25,0,0.523,0.982,3.0,0.327,0.342,0,1962.2485,4,0.6,0.923,0.155,0.237,0.088,1.0,0.966,1873.21919,1872.63409,1871.68352,-110.4232,40.8878,-1,1869.97471,0.596,0.0,0.0,0.0,0.0,0,0.086,1,0,16284,0.745,0.578,0.442,3292.0,3292.0,0.5872,5605.9,0.0,1,1,0.925,1362.075,1,1,0.685,1491.726,1,83.388,0.193,0.807,0.0,1.0,1.0,0.5,0.0,0.5,0.0,1.0,0.486,0.5,0.501,0.0,0.389,0.0,0,0,0.314,0.72,0.0,0.652,0.0,0.45,0.65,0.0,0.513,0.0,0.0,0.0,0.0
0,2024.03.05 18:18:40,XAUEURm,BREAKOUT,BUY,3,1963.848,1961.346,1968.09,1.7,0.351,1958.64043,1963.77155,1956.93005,1,0.016,0.716,0.3264,1947.1035,1890.80153,1945.9059,1884.189,0,0.012,0.5,0,1958.64043,0.8,0.636,0,0.0,0.0,0.0,0.0,0.0,0,0,1,0.8,1.0,0.137,1.0,0.661,2,0.578,0,0.753,1959.66665,1964.79778,0.152,0.723,0.0,2,0.0,0,0.578,1.053,3.0,0.351,0.445,1,1958.64043,8,0.76,0.697,0.102,0.3,0.151,0.671,0.921,1873.21919,1872.63409,1871.68352,-110.4232,40.8878,-1,1869.97471,0.596,0.0,0.0,0.0,0.0,0,0.086,1,0,16286,0.745,0.578,0.442,3292.0,3292.0,0.561,5868.2,0.0,1,1,0.925,1362.075,1,1,0.685,1491.726,1,80.454,0.193,0.807,0.0,1.0,1.0,0.02,0.0,0.5,0.0,0.742,0.402,0.5,0.567,0.0,0.479,0.0,0,0,0.421,0.707,0.0,0.684,0.0,0.529,0.65,0.0,0.505,0.0,0.0,0.0,0.0
0,2024.03.05 18:18:59,XAUEURm,PULLBACK,BUY,3,1963.848,1961.346,1968.09,1.7,0.591,1958.64043,1963.77155,1956.93005,1,0.016,0.716,0.3264,1947.1035,1890.80153,1945.9059,1884.189,0,0.012,0.5,0,1958.64043,0.8,0.636,0,0.0,0.0,0.0,0.0,0.0,0,0,1,0.8,1.0,0.137,1.0,0.661,2,0.578,0,0.753,1959.66665,1964.79778,0.152,0.723,0.0,2,0.0,0,0.578,1.053,3.0,0.351,0.445,1,1958.64043,8,0.76,0.697,0.102,0.3,0.151,0.671,0.921,1873.21919,1872.63409,1871.68352,-110.4232,40.8878,-1,1869.97471,0.596,0.0,0.0,0.0,0.0,0,0.086,1,0,16286,0.745,0.578,0.442,3292.0,3292.0,0.561,5868.2,0.0,1,1,0.925,1362.075,1,1,0.685,1491.726,1,80.454,0.193,0.807,0.0,1.0,1.0,0.02,0.0,0.5,0.0,0.742,0.396,0.5,0.567,0.0,0.479,0.0,0,0,0.424,0.707,0.0,0.684,0.0,0.529,0.65,0.0,0.505,0.0,0.0,0.0,0.0
14396,2024.03.05 18:24:40,XAUEURm,TREND_CONTINUATION,BUY,3,1965.773,1958.731,1980.444,2.08,0.523,1958.64043,1963.77155,1956.93005,1,0.016,0.716,0.6545,1947.1035,1890.80153,1945.9059,1884.189,0,0.012,0.5,0,1958.64043,0.8,0.636,0,0.0,0.0,0.0,0.0,0.0,0,0,1,0.8,1.0,0.137,1.0,0.394,2,0.578,0,0.753,1959.66665,1964.79778,0.48,0.395,0.0,2,0.0,0,0.578,1.173,3.0,0.391,0.459,1,1958.64043,8,0.76,0.041,0.182,0.3,0.151,0.671,0.921,1873.21919,1872.63409,1871.68352,-110.4232,40.8878,-1,1869.97471,0.596,0.0,0.0,0.0,0.0,0,0.086,1,0,16286,0.745,0.578,0.442,3292.0,3292.0,0.561,5868.2,0.0,1,1,0.925,1362.075,1,1,0.685,1491.726,1,80.782,0.193,0.807,0.0,1.0,1.0,0.99,0.0,0.5,0.0,0.777,0.433,0.5,0.545,0.0,0.471,0.0,0,0,0.392,0.703,0.0,0.618,0.0,0.538,0.72,0.0,0.497,0.0,0.0,0.0,0.0
0,2024.03.05 18:47:20,XAUEURm,BREAKOUT_RETEST,BUY,3,1964.818,1963.058,1970.484,3.22,0.545,1958.64043,1963.77155,1956.93005,1,0.016,0.716,0.4917,1947.1035,1890.80153,1945.9059,1884.189,0,0.012,0.5,0,1958.64043,0.8,0.636,0,0.0,0.0,0.0,0.0,0.0,0,0,1,0.8,1.0,0.137,1.0,0.543,2,0.578,0,0.753,1959.66665,1964.79778,0.317,0.558,0.0,2,0.0,0,0.578,1.105,3.0,0.368,0.451,1,1958.64043,8,0.76,0.366,0.137,0.3,0.151,0.671,0.921,1873.21919,1872.63409,1871.68352,-110.4232,40.8878,-1,1869.97471,0.596,0.0,0.0,0.0,0.0,0,0.086,1,0,16286,0.745,0.578,0.442,3292.0,3292.0,0.561,5868.2,0.0,1,1,0.925,1362.075,1,1,0.685,1491.726,1,80.619,0.193,0.807,0.0,1.0,1.0,0.24,0.0,0.5,0.0,0.479,0.313,0.5,0.544,0.0,0.355,0.0,0,0,0.417,0.735,0.0,0.618,0.0,0.593,0.65,0.0,0.497,0.0,0.0,0.0,0.0
0,2024.03.05 20:18:40,XAUEURm,BREAKOUT,BUY,3,1964.607,1961.52,1979.342,4.77,0.345,1958.81705,1962.3654,1954.1769,1,0.16,0.118,0.4238,1947.1035,1890.80153,1950.31425,1884.189,0,0.012,0.75,0,1958.81705,0.785,0.11,0,0.0,0.0,1963.36178,0.0,0.0,0,0,1,0.8,1.0,0.0816,1.0,0.915,0,0.651,3,0.47,1962.09245,1959.90885,0.132,0.239,0.0,2,0.15,0,0.651,0.938,3.0,0.313,0.421,1,1958.81705,8,0.757,0.736,0.086,0.3,0.053,0.897,0.872,1873.21919,1872.63409,1871.68352,-116.0587,-5.6355,-2,1869.97471,0.597,0.0,0.0,0.0,0.0,0,0.09,1,0,16288,0.745,0.578,0.442,3292.0,3292.0,0.5585,5894.1,0.0,1,1,0.925,1362.075,1,1,0.685,1491.726,1,80.229,0.008,0.992,0.0,0.0,1.0,0.65,0.0,0.5,0.0,0.752,0.539,0.5,0.544,0.0,0.341,0.0,0,0,0.323,0.738,0.0,0.642,0.0,0.385,0.435,0.0,0.494,0.0,0.0,0.0,0.0
0,2024.03.05 20:18:59,XAUEURm,PULLBACK,BUY,3,1964.538,1961.52,1982.22,5.86,0.591,1958.81705,1962.3654,1954.1769,1,0.16,0.118,0.4121,1947.1035,1890.80153,1950.31425,1884.189,0,0.012,0.75,0,1958.81705,0.785,0.11,0,0.0,0.0,1963.36178,0.0,0.0,0,0,1,0.8,1.0,0.0816,1.0,0.494,0,0.651,3,0.47,1962.09245,1959.90885,0.144,0.227,0.0,2,0.15,0,0.651,1.128,3.0,0.376,0.443,1,1958.81705,8,0.757,0.713,0.212,0.3,0.053,0.897,0.872,1873.21919,1872.63409,1871.68352,-116.0587,-5.6355,-2,1869.97471,0.597,0.0,0.0,0.0,0.0,0,0.09,1,0,16288,0.745,0.578,0.442,3292.0,3292.0,0.5585,5894.1,0.0,1,1,0.925,1362.075,1,1,0.685,1491.726,1,80.217,0.008,0.992,0.0,0.0,1.0,0.6,0.0,0.5,0.0,0.884,0.547,0.5,0.516,0.0,0.322,0.0,0,0,0.312,0.651,0.0,0.713,0.0,0.385,0.435,0.0,0.477,0.0,0.0,0.0,0.0
14398,2024.03.05 20:24:40,XAUEURm,TREND_CONTINUATION,BUY,3,1964.91,1957.837,1979.645,2.08,0.511,1958.81705,1962.3654,1954.1769,1,0.16,0.118,0.4752,1947.1035,1890.80153,1950.31425,1884.189,0,0.012,0.75,0,1958.81705,0.785,0.11,0,0.0,0.0,1963.36178,0.0,0.0,0,0,1,0.8,1.0,0.0816,1.0,0.915,0,0.651,3,0.47,1962.09245,1959.90885,0.08,0.29,0.0,2,0.15,0,0.651,0.938,3.0,0.313,0.421,1,1958.81705,8,0.757,0.839,0.086,0.3,0.053,0.897,0.872,1873.21919,1872.63409,1871.68352,-116.0587,-5.6355,-2,1869.97471,0.597,0.0,0.0,0.0,0.0,0,0.09,1,0,16288,0.745,0.578,0.442,3292.0,3292.0,0.5585,5894.1,0.0,1,1,0.925,1362.075,1,1,0.685,1491.726,1,80.28,0.008,0.992,0.0,0.0,1.0,0.91,0.0,0.5,0.0,0.836,0.59,0.5,0.546,0.0,0.364,0.0,0,0,0.363,0.738,0.0,0.642,0.0,0.326,0.435,0.0,0.494,0.0,0.0,0.0,0.0
0,2024.03.05 20:47:20,XAUEURm,BREAKOUT_RETEST,BUY,3,1963.427,1961.52,1965.657,1.17,0.552,1958.81705,1962.3654,1954.1769,1,0.16,0.118,0.2236,1947.1035,1890.80153,1950.31425,1884.189,0,0.012,0.75,0,1958.81705,0.785,0.11,0,0.0,0.0,1963.36178,0.0,0.0,0,0,1,0.8,1.0,0.0816,1.0,0.127,0,0.651,3,0.47,1958.81705,1959.90885,0.224,0.038,0.0,2,0.15,0,0.651,1.293,3.0,0.431,0.475,1,1962.3654,4,0.6,0.553,0.322,0.3,0.053,1.0,0.872,1873.21919,1872.63409,1871.68352,-116.0587,-5.6355,-2,1869.97471,0.597,0.0,0.0,0.0,0.0,0,0.09,1,0,16288,0.745,0.578,0.442,3292.0,3292.0,0.5585,5894.1,0.0,1,1,0.925,1362.075,1,1,0.685,1491.726,1,80.029,0.008,0.992,0.0,0.0,1.0,0.45,0.0,0.5,0.0,0.965,0.381,0.5,0.541,0.0,0.351,0.0,0,0,0.374,0.464,0.0,0.855,0.0,0.311,0.65,0.0,0.47,0.0,0.0,0.0,0.0
0,2024.03.05 21:00:00,XAUEURm,MEAN_REVERSION,BUY,3,1963.108,1958.398,1967.485,0.93,0.63,1961.52555,1964.1933,1959.9249,0,0.193,0.049,-0.2904,1947.1035,1890.80153,1950.31425,1884.189,0,0.012,0.6,0,1961.52555,0.767,0.69,0,0.0,0.0,0.0,0.0,0.0,0,0,1,0.8,0.825,0.0877,0.825,0.482,0,0.712,0,0.58,1958.67995,1960.2806,0.193,0.079,0.0,2,0.4,0,0.712,1.133,3.0,0.378,0.397,1,1964.1933,4,0.6,0.614,0.315,0.247,0.256,0.591,0.722,1873.21919,1872.63409,1871.68352,-116.0587,-5.6355,-2,1869.97471,0.597,0.0,0.0,0.0,0.0,0,0.09,1,0,16289,0.745,0.578,0.442,3292.0,3292.0,0.5591,5887.6,0.0,1,1,0.925,1362.075,1,1,0.685,1491.726,1,80.063,0.008,0.992,0.0,0.0,1.0,0.57,0.0,0.5,0.0,1.0,0.419,0.5,0.571,0.0,0.334,0.0,0,0,0.353,0.621,0.0,0.646,0.0,0.381,0.65,0.0,0.475,0.0,0.0,0.0,0.0
0,2024.03.05 21:01:40,XAUEURm,SWEEP_REVERSAL,BUY,3,1963.207,1961.383,1967.485,2.35,0.283,1961.52555,1964.1933,1959.9249,0,0.193,0.049,-0.2735,1947.1035,1890.80153,1950.31425,1884.189,0,0.012,0.6,0,1961.52555,0.767,0.69,0,0.0,0.0,0.0,0.0,0.0,0,0,1,0.8,0.825,0.0877,0.825,0.482,0,0.712,0,0.58,1958.67995,1960.2806,0.21,0.062,0.0,2,0.4,0,0.712,1.133,3.0,0.378,0.397,1,1964.1933,4,0.6,0.58,0.315,0.247,0.256,0.591,0.722,1873.21919,1872.63409,1871.68352,-116.0587,-5.6355,-2,1869.97471,0.597,0.0,0.0,0.0,0.0,0,0.09,1,0,16289,0.745,0.578,0.442,3292.0,3292.0,0.5591,5887.6,0.0,1,1,0.925,1362.075,1,1,0.685,1491.726,1,80.08,0.008,0.992,0.0,0.0,1.0,0.64,0.0,0.5,0.0,1.0,0.406,0.5,0.571,0.0,0.334,0.0,0,0,0.362,0.621,0.0,0.646,0.0,0.381,0.65,0.0,0.475,0.0,0.0,0.0,0.0
14400,2024.03.05 23:03:00,XAUEURm,MEAN_REVERSION,BUY,1,1961.189,1956.532,1964.951,0.81,0.664,1961.659,1964.209,1959.789,0,0.226,0.066,-0.6463,1947.1035,1890.80153,1950.31425,1884.189,0,0.012,0.65,0,1959.619,0.729,0.094,0,0.0,0.0,0.0,0.0,0.0,0,0,1,1.0,0.825,0.074,0.825,0.046,0,0.733,0,0.659,1959.619,1957.919,0.296,0.004,0.0,2,0.4,0,0.733,1.329,3.0,0.443,0.483,1,1961.659,1,0.7,0.408,0.446,0.247,0.272,0.979,0.961,1873.21919,1872.63409,1871.68352,-116.0587,-5.6355,-2,1869.97471,0.597,0.0,0.0,0.0,0.0,0,0.09,1,0,16290,0.757,0.571,0.444,3292.0,3292.0,0.5655,5821.1,0.0,1,1,0.925,1362.075,1,1,0.685,1491.726,0,80.649,0.008,0.992,0.0,0.0,0.5,0.0,0.0,0.5,0.0,1.0,0.57,0.5,0.584,0.0,0.319,0.0,0,0,0.345,0.52,0.0,0.895,0.0,0.417,0.65,0.0,0.485,0.0,0.0,0.0,0.0
0,2024.03.06 00:00:00,XAUEURm,BREAKOUT_RETEST,BUY,1,1962.012,1960.399,1964.957,1.83,0.693,1958.24113,1961.6654,1957.34,1,0.022,0.313,0.0891,1957.2045,1890.80153,1950.31425,1884.189,0,0.013,0.6,2,1959.68292,0.746,0.451,0,0.0,0.0,0.0,1959.5595,0.156,0,0,1,1.0,0.7936,0.0461,0.794,0.859,1,0.328,3,0.455,1958.42135,1960.58405,0.056,0.347,-0.0176,2,0.55,3,0.897,0.181,0.347,0.521,0.339,0,1961.6654,4,0.6,0.889,0.262,0.638,0.193,0.955,0.826,1873.21919,1872.63409,1871.68352,-113.8009,2.2579,-1,1869.97471,0.597,0.0,0.0,0.0,0.0,0,0.096,1,0,16291,0.757,0.571,0.444,3292.0,3292.0,0.6123,5376.3,0.0,1,1,0.925,1362.075,1,1,0.685,1491.726,0,87.474,0.018,0.982,0.0,1.0,0.5,0.77,0.0,0.5,0.0,0.608,0.674,0.5,0.573,0.0,0.315,0.0,0,0,0.402,0.722,0.0,0.816,0.0,0.393,0.65,0.0,0.437,0.0,0.0,0.0,0.0
14402,2024.03.06 00:00:00,XAUEURm,NAKED_POC,BUY,1,1962.012,1956.534,1970.076,1.47,0.779,1958.24113,1961.6654,1957.34,1,0.022,0.313,0.0891,1957.2045,1890.80153,1950.31425,1884.189,0,0.013,0.6,2,1959.68292,0.746,0.451,0,0.0,0.0,0.0,1959.5595,0.156,0,0,1,1.0,0.7936,0.0461,0.794,0.859,2,0.628,3,0.455,1958.42135,1960.58405,0.056,0.347,0.0,2,0.25,0,0.628,0.111,0.347,0.321,0.309,0,1961.6654,4,0.6,0.889,0.142,0.238,0.088,0.955,0.826,1873.21919,1872.63409,1871.68352,-113.8009,2.2579,-1,1869.97471,0.597,0.0,0.0,0.0,0.0,0,0.096,1,0,16291,0.757,0.571,0.444,3292.0,3292.0,0.6123,5376.3,0.0,1,1,0.925,1362.075,1,1,0.685,1491.726,0,87.474,0.018,0.982,0.0,1.0,0.5,0.76,0.0,0.5,0.0,0.844,0.674,0.5,0.573,0.0,0.336,0.0,0,0,0.411,0.864,0.0,0.739,0.0,0.363,0.65,0.0,0.491,0.0,0.0,0.0,0.0
0,2024.03.06 09:05:20,XAUEURm,MEAN_REVERSION,BUY,2,1957.01,1954.915,1959.926,1.39,0.615,1956.63362,1958.846,1956.03025,0,1.561,0.332,-1.1135,1957.25715,1956.92677,1967.94765,1919.4558,1,0.001,0.35,0,1956.63362,0.73,0.62,0,0.0,0.0,1952.77953,0.0,0.0,0,0,0,1.0,-0.685,-0.0507,0.685,0.097,2,0.631,2,0.221,1956.83475,1954.22012,1.19,0.192,0.0,2,0.25,0,0.631,1.307,3.0,0.436,0.415,1,1956.63362,8,0.746,0.0,0.371,0.206,0.088,0.915,0.897,1869.00201,1873.79565,1871.68352,-247.458,-135.1477,-2,1870.05307,0.59,0.0,0.0,0.0,0.0,0,0.107,1,0,16300,0.746,0.578,0.439,3292.0,3292.0,1.2572,2618.4,0.0,1,1,0.925,1362.075,1,1,0.685,1491.726,0,177.696,0.014,0.986,0.0,0.0,0.5,0.91,0.0,0.5,0.0,0.593,0.456,0.5,0.468,0.0,0.483,0.0,0,0,0.36,0.515,0.0,0.63,0.0,0.184,0.566,0.0,0.519,0.0,0.0,0.0,0.0
0,2024.03.06 09:37:40,XAUEURm,SWEEP_REVERSAL,BUY,2,1957.255,1954.637,1959.926,1.02,0.201,1956.63362,1958.846,1956.03025,0,1.561,0.332,-1.0199,1957.25715,1956.92677,1967.94765,1919.4558,1,0.001,0.35,0,1956.63362,0.73,0.62,0,0.0,0.0,1952.77953,0.0,0.0,0,0,0,1.0,-0.685,-0.0507,0.685,0.097,2,0.631,2,0.221,1956.83475,1954.22012,1.097,0.098,0.0,2,0.25,0,0.631,1.307,3.0,0.436,0.415,1,1956.63362,8,0.746,0.0,0.371,0.206,0.088,0.915,0.897,1869.00201,1873.79565,1871.68352,-247.458,-135.1477,-2,1870.05307,0.59,0.0,0.0,0.0,0.0,0,0.107,1,0,16300,0.746,0.578,0.439,3292.0,3292.0,1.2572,2618.4,0.0,1,1,0.925,1362.075,1,1,0.685,1491.726,0,177.789,0.014,0.986,0.0,0.0,0.5,0.1,0.0,0.5,0.0,0.675,0.558,0.5,0.432,0.0,0.389,0.0,0,0,0.32,0.515,0.0,0.63,0.0,0.393,0.393,0.0,0.519,0.0,0.0,0.0,0.0
0,2024.03.06 10:00:40,XAUEURm,ANCHORED_PULLBACK,BUY,2,1958.319,1957.824,1959.327,2.04,0.361,1956.63362,1959.24825,1954.019,1,0.435,1.102,-0.6139,1957.70013,1956.92677,1967.94765,1919.4558,1,0.001,0.65,0,1958.64487,0.73,0.0,2,0.0,0.0,1953.74662,0.0,0.0,0,0,0,1.0,-0.895,-0.1135,0.895,0.356,0,0.655,0,0.694,1953.81787,1955.82912,0.462,0.306,0.0,2,0.0,0,0.655,1.19,3.0,0.397,0.501,2,1954.019,5,0.6,0.076,0.193,0.269,0.139,0.895,0.755,1869.00201,1873.79565,1871.68352,-247.458,-135.1477,-2,1870.05307,0.59,0.0,0.0,0.0,0.0,0,0.107,1,0,16301,0.746,0.578,0.439,3292.0,3292.0,1.2578,2617.3,0.0,1,1,0.925,1362.075,1,1,0.685,1491.726,0,178.274,0.014,0.986,0.0,0.0,0.5,0.62,0.0,0.5,0.0,0.523,0.456,0.5,0.389,0.0,0.332,0.0,0,0,0.276,0.765,1.0,0.66,0.0,0.485,0.491,0.0,0.519,0.0,0.0,0.0,0.0
14404,2024.03.06 13:00:00,XAUEURm,ANCHORED_PULLBACK,BUY,4,1965.118,1961.581,1968.691,1.01,0.293,1953.88435,1957.9801,1951.973,0,1.155,0.096,2.5671,1957.57832,1957.80825,1968.1995,1918.3215,1,0.001,0.55,2,1953.88435,0.755,0.0,1,0.0,0.0,1960.13222,0.0,0.0,0,0,0,1.0,-0.825,-0.073,0.825,0.098,2,0.582,3,0.756,1958.25315,1961.2567,1.155,0.184,0.0,2,0.4,4,0.575,1.606,3.0,0.535,0.407,1,1958.25315,2,0.55,0.0,0.431,0.247,0.14,0.333,0.937,1873.6263,1873.24644,1871.68352,-181.1457,66.3123,-1,1871.20136,0.585,0.0,0.0,0.0,0.0,0,0.111,1,0,16304,0.746,0.578,0.439,3292.0,3292.0,1.0641,3093.6,0.0,1,1,0.925,1362.075,1,1,0.685,1491.726,-1,153.021,0.193,0.807,0.0,1.0,0.0,0.65,0.0,0.5,0.0,0.436,0.68,0.5,0.337,0.0,0.363,0.0,0,0,0.354,0.245,0.0,0.365,0.1,0.672,0.817,0.0,0.478,0.0,0.0,0.0,0.0
14406,2024.03.06 14:01:20,XAUEURm,BREAKOUT,BUY,4,1966.958,1961.376,1975.221,1.48,0.271,1954.12025,1960.562,1951.973,0,1.707,0.037,2.8883,1957.85967,1958.34848,1968.35385,1920.32805,1,0.002,0.7,2,1954.12025,0.798,0.451,0,0.0,0.0,1961.0624,0.0,0.0,0,0,0,0.197,0.3666,0.0102,0.367,0.208,2,0.585,3,0.579,1958.41475,1963.6295,1.589,0.011,0.0,2,0.15,0,0.585,1.256,3.0,0.419,0.446,1,1958.41475,2,0.55,0.0,0.298,0.11,0.053,0.823,0.763,1873.6263,1873.24644,1871.68352,-181.1457,66.3123,-1,1871.20136,0.585,0.0,0.0,0.0,0.0,0,0.111,1,0,16305,0.746,0.578,0.439,3292.0,3292.0,0.9961,3305.0,0.0,1,1,0.925,1362.075,1,1,0.685,1491.726,-1,143.792,0.193,0.807,0.0,1.0,0.0,0.79,0.0,0.5,0.0,0.509,0.575,0.5,0.393,0.0,0.342,0.0,0,0,0.299,0.319,0.0,0.543,0.1,0.261,0.876,0.0,0.499,0.0,0.0,0.0,0.0
0,2024.03.06 14:05:40,XAUEURm,PULLBACK,BUY,4,1965.38,1964.024,1967.228,1.36,0.196,1954.12025,1960.562,1951.973,0,1.707,0.037,2.4108,1957.85967,1958.34848,1968.35385,1920.32805,1,0.001,0.7,2,1954.12025,0.798,0.451,0,0.0,0.0,1961.0624,0.0,0.0,0,0,0,0.197,0.3666,0.0102,0.367,0.792,2,0.585,3,0.579,1958.41475,1963.6295,1.111,0.466,0.0,2,0.15,0,0.585,0.994,3.0,0.331,0.415,1,1958.41475,2,0.55,0.0,0.122,0.11,0.053,0.823,0.763,1873.6263,1873.24644,1871.68352,-181.1457,66.3123,-1,1871.20136,0.585,0.0,0.0,0.0,0.0,0,0.111,1,0,16305,0.746,0.578,0.439,3292.0,3292.0,0.9961,3305.0,0.0,1,1,0.925,1362.075,1,1,0.685,1491.726,-1,143.314,0.193,0.807,0.0,1.0,0.0,0.38,0.0,0.5,0.0,0.434,0.594,0.5,0.447,0.0,0.396,0.0,0,0,0.349,0.574,0.0,0.488,0.1,0.284,0.765,0.0,0.525,0.0,0.0,0.0,0.0
14408,2024.03.06 14:09:40,XAUEURm,TREND_CONTINUATION,BUY,4,1965.632,1961.666,1973.895,2.08,0.232,1954.12025,1960.562,1951.973,0,1.707,0.037,2.4871,1957.85967,1958.34848,1968.35385,1920.32805,1,0.001,0.7,2,1954.12025,0.798,0.451,0,0.0,0.0,1961.0624,0.0,0.0,0,0,0,0.197,0.3666,0.0102,0.367,0.792,2,0.585,3,0.579,1958.41475,1963.6295,1.188,0.39,0.0,2,0.15,0,0.585,0.994,3.0,0.331,0.415,1,1958.41475,2,0.55,0.0,0.122,0.11,0.053,0.823,0.763,1873.6263,1873.24644,1871.68352,-181.1457,66.3123,-1,1871.20136,0.585,0.0,0.0,0.0,0.0,0,0.111,1,0,16305,0.746,0.578,0.439,3292.0,3292.0,0.9961,3305.0,0.0,1,1,0.925,1362.075,1,1,0.685,1491.726,-1,143.391,0.193,0.807,0.0,1.0,0.0,0.43,0.0,0.5,0.0,0.434,0.538,0.5,0.447,0.0,0.396,0.0,0,0,0.315,0.574,0.0,0.488,0.1,0.284,0.773,0.0,0.525,0.0,0.0,0.0,0.0
0,2024.03.06 15:00:00,XAUEURm,ANCHORED_PULLBACK,BUY,4,1971.096,1968.159,1976.894,1.97,0.339,1962.00553,1964.4604,1957.58675,0,1.424,0.46,1.4245,1957.56732,1958.34848,1968.35385,1920.32805,1,0.002,0.35,0,1958.07772,0.727,0.721,0,0.0,0.0,1969.9472,0.0,0.0,0,0,0,0.75,0.72,0.0868,0.72,0.206,1,0.344,0,0.562,1961.02357,1965.44235,1.666,0.58,-0.4214,1,0.0,5,1.0,0.957,3.0,0.319,0.535,2,1962.00553,1,0.7,0.0,0.538,0.216,0.412,0.825,0.924,1873.6263,1873.24644,1871.68352,-181.1457,66.3123,-1,1871.20136,0.585,0.0,0.0,0.0,0.0,0,0.111,1,0,16306,0.746,0.578,0.439,3292.0,3292.0,0.8087,4070.6,0.0,1,1,0.925,1362.075,1,1,0.685,1491.726,-1,117.763,0.193,0.807,0.0,1.0,0.0,0.13,0.0,0.5,0.532,0.435,0.578,0.5,0.435,0.0,0.35,0.0,0,0,0.317,0.262,0.0,0.54,0.1,0.768,0.813,0.0,0.456,0.0,0.0,0.0,0.0
0,2024.03.06 15:05:00,XAUEURm,BREAKOUT_RETEST,BUY,4,1963.29,1960.472,1971.189,2.8,0.503,1962.00553,1964.4604,1957.58675,1,1.424,0.46,-0.4932,1957.56732,1958.34848,1968.35385,1920.32805,1,0.0,0.35,0,1958.07772,0.727,0.721,0,0.0,0.0,1969.9472,0.0,0.0,0,0,0,0.75,0.72,0.0868,0.72,0.602,2,0.644,0,0.562,1961.02357,1957.09578,0.252,0.713,0.0,2,0.0,0,0.644,1.079,3.0,0.36,0.46,1,1958.07772,8,0.745,0.496,0.12,0.216,0.112,0.825,0.915,1873.6263,1873.24644,1871.68352,-181.1457,66.3123,-1,1871.20136,0.585,0.0,0.0,0.0,0.0,0,0.111,1,0,16306,0.746,0.578,0.439,3292.0,3292.0,0.8087,4070.6,0.0,1,1,0.925,1362.075,1,1,0.685,1491.726,-1,115.845,0.193,0.807,0.0,1.0,0.0,0.01,0.0,0.5,0.354,0.313,0.496,0.5,0.406,0.0,0.316,0.0,0,0,0.251,0.587,1.0,0.88,0.1,0.55,0.527,0.0,0.494,0.0,0.0,0.0,0.0
0,2024.03.06 16:01:20,XAUEURm,BREAKOUT,BUY,4,1964.894,1962.713,1972.321,3.4,0.262,1961.72303,1965.74105,1959.89665,1,0.016,1.551,-0.0254,1957.56732,1958.34848,1972.356,1920.32805,1,0.001,0.4,0,1961.72303,0.696,0.569,0,0.0,0.0,1962.80863,0.0,0.0,0,0,0,0.55,0.755,0.1392,0.755,1.0,0,0.653,1,0.197,1961.35775,1970.48963,0.051,1.868,0.0,2,0.0,0,0.653,0.9,3.0,0.3,0.387,1,1959.89665,5,0.6,0.897,0.0,0.226,0.0,0.751,0.904,1872.292,1873.24644,1871.68352,-168.9844,12.1613,-1,1870.596,0.594,0.0,0.0,0.0,0.0,0,0.097,1,0,16307,0.746,0.578,0.439,3292.0,3292.0,0.6917,4759.1,0.0,1,1,0.925,1362.075,1,1,0.685,1491.726,-1,99.424,0.039,0.961,0.0,1.0,0.0,0.32,0.0,0.5,0.0,0.806,0.464,0.5,0.512,0.0,0.469,0.0,0,0,0.363,0.812,0.0,0.713,0.093,0.501,0.46,0.0,0.498,0.0,0.0,0.0,0.0
0,2024.03.06 16:10:40,XAUEURm,PULLBACK,BUY,4,1968.385,1965.625,1972.321,1.43,0.488,1961.72303,1965.74105,1959.89665,1,0.016,1.551,0.7081,1957.56732,1958.34848,1972.356,1920.32805,1,0.001,0.4,0,1961.72303,0.696,0.569,0,0.0,0.0,1962.80863,0.0,0.0,0,0,0,0.55,0.755,0.1392,0.755,0.341,0,0.653,1,0.197,1961.35775,1970.48963,0.785,1.134,0.0,2,0.0,0,0.653,1.197,3.0,0.399,0.421,1,1961.72303,8,0.739,0.0,0.198,0.226,0.0,0.751,0.904,1872.292,1873.24644,1871.68352,-168.9844,12.1613,-1,1870.596,0.594,0.0,0.0,0.0,0.0,0,0.097,1,0,16307,0.746,0.578,0.439,3292.0,3292.0,0.6917,4759.1,0.0,1,1,0.925,1362.075,1,1,0.685,1491.726,-1,100.158,0.039,0.961,0.0,1.0,0.0,0.99,0.0,0.5,0.0,0.773,0.593,0.5,0.486,0.0,0.359,0.0,0,0,0.345,0.812,0.0,0.44,0.087,0.456,0.63,0.0,0.478,0.0,0.0,0.0,0.0
14410,2024.03.06 16:13:40,XAUEURm,TREND_CONTINUATION,BUY,4,1970.116,1964.405,1982.014,2.08,0.4,1961.72303,1965.74105,1959.89665,0,0.016,1.551,1.0718,1957.56732,1958.34848,1972.356,1920.32805,1,0.002,0.4,0,1961.72303,0.696,0.569,0,0.0,0.0,1962.80863,0.0,0.0,0,0,0,0.55,0.755,0.1392,0.755,0.218,0,0.653,1,0.197,1961.35775,1970.48963,1.149,0.77,0.0,2,0.0,0,0.653,1.252,3.0,0.417,0.428,1,1961.72303,8,0.739,0.0,0.235,0.226,0.0,0.751,0.904,1872.292,1873.24644,1871.68352,-168.9844,12.1613,-1,1870.596,0.594,0.0,0.0,0.0,0.0,0,0.097,1,0,16307,0.746,0.578,0.439,3292.0,3292.0,0.6917,4759.1,0.0,1,1,0.925,1362.075,1,1,0.685,1491.726,-1,100.522,0.039,0.961,0.0,1.0,0.0,0.99,0.0,0.5,0.0,0.74,0.692,0.5,0.495,0.0,0.351,0.0,0,0,0.404,0.693,0.0,0.44,0.067,0.512,0.808,0.0,0.478,0.0,0.0,0.0,0.0
0,2024.03.06 17:08:40,XAUEURm,BREAKOUT_RETEST,BUY,3,1968.638,1966.75,1971.616,1.58,0.549,1961.79045,1965.7829,1960.7016,1,0.617,0.806,0.6969,1957.56732,1958.34848,1972.356,1920.32805,1,0.001,0.35,0,1961.79045,0.8,0.752,0,0.0,0.0,0.0,0.0,0.0,0,0,0,0.9,0.79,0.197,0.79,0.545,2,0.616,1,0.082,1962.8793,1971.5901,0.483,1.224,0.0,2,0.0,0,0.616,1.105,3.0,0.368,0.392,1,1961.79045,8,0.76,0.033,0.136,0.237,0.0,0.793,0.964,1872.292,1873.24644,1871.68352,-168.9844,12.1613,-1,1870.596,0.594,0.0,0.0,0.0,0.0,0,0.097,1,0,16308,0.746,0.578,0.439,3292.0,3292.0,0.6452,5102.1,0.0,1,1,0.925,1362.075,1,1,0.685,1491.726,0,93.473,0.039,0.961,0.0,1.0,0.5,0.21,0.0,0.5,0.0,0.631,0.361,0.5,0.429,0.0,0.33,0.0,0,0,0.344,0.663,0.0,0.66,0.087,0.416,0.634,0.0,0.473,0.0,0.0,0.0,0.0
14412,2024.03.06 18:03:40,XAUEURm,BREAKOUT,BUY,3,1969.163,1961.15,1982.518,1.67,0.311,1964.69405,1967.2347,1962.1534,1,0.043,1.13,0.2203,1957.56732,1958.3952,1972.356,1924.4904,1,0.001,0.35,0,1964.69405,0.794,0.722,0,0.0,0.0,1964.99883,0.0,0.0,0,0,0,0.65,0.65,0.228,0.65,0.592,0,0.791,0,0.552,1964.3311,1971.5901,0.288,1.071,0.0,2,0.25,0,0.791,1.084,3.0,0.361,0.464,1,1962.1534,5,0.6,0.423,0.222,0.195,0.198,0.864,0.963,1872.292,1873.24644,1871.68352,-168.9844,12.1613,-1,1870.596,0.594,0.0,0.0,0.0,0.0,0,0.097,1,0,16309,0.746,0.578,0.439,3292.0,3292.0,0.6162,5342.0,0.0,1,1,0.925,1362.075,1,1,0.685,1491.726,0,89.374,0.039,0.961,0.0,1.0,0.5,0.93,0.0,0.5,0.0,0.871,0.583,0.5,0.549,0.0,0.371,0.0,0,0,0.363,0.8,0.0,0.819,0.1,0.433,0.563,0.0,0.47,0.0,0.0,0.0,0.0
0,2024.03.06 18:13:40,XAUEURm,PULLBACK,BUY,3,1971.141,1968.178,1975.648,1.52,0.37,1964.69405,1967.2347,1962.1534,0,0.043,1.13,0.5906,1957.56732,1958.3952,1972.356,1924.4904,1,0.002,0.35,0,1964.69405,0.794,0.722,0,0.0,0.0,1964.99883,0.0,0.0,0,0,0,0.65,0.65,0.228,0.65,0.574,0,0.791,0,0.552,1964.3311,1971.5901,0.659,0.7,0.0,2,0.25,0,0.791,1.092,3.0,0.364,0.465,1,1964.69405,8,0.759,0.0,0.228,0.195,0.198,0.864,0.963,1872.292,1873.24644,1871.68352,-168.9844,12.1613,-1,1870.596,0.594,0.0,0.0,0.0,0.0,0,0.097,1,0,16309,0.746,0.578,0.439,3292.0,3292.0,0.6162,5342.0,0.0,1,1,0.925,1362.075,1,1,0.685,1491.726,0,89.744,0.039,0.961,0.0,1.0,0.5,0.99,0.0,0.5,0.0,0.622,0.589,0.5,0.523,0.0,0.354,0.0,0,0,0.352,0.759,0.0,0.682,0.1,0.433,0.802,0.0,0.47,0.0,0.0,0.0,0.0
14414,2024.03.06 18:13:59,XAUEURm,TREND_CONTINUATION,BUY,3,1971.118,1964.708,1984.473,2.08,0.435,1964.69405,1967.2347,1962.1534,0,0.043,1.13,0.5863,1957.56732,1958.3952,1972.356,1924.4904,1,0.002,0.35,0,1964.69405,0.794,0.722,0,0.0,0.0,1964.99883,0.0,0.0,0,0,0,0.65,0.65,0.228,0.65,0.574,0,0.791,0,0.552,1964.3311,1971.5901,0.654,0.705,0.0,2,0.25,0,0.791,1.092,3.0,0.364,0.465,1,1964.69405,8,0.759,0.0,0.228,0.195,0.198,0.864,0.963,1872.292,1873.24644,1871.68352,-168.9844,12.1613,-1,1870.596,0.594,0.0,0.0,0.0,0.0,0,0.097,1,0,16309,0.746,0.578,0.439,3292.0,3292.0,0.6162,5342.0,0.0,1,1,0.925,1362.075,1,1,0.685,1491.726,0,89.74,0.039,0.961,0.0,1.0,0.5,0.98,0.0,0.5,0.0,0.622,0.596,0.5,0.523,0.0,0.354,0.0,0,0,0.356,0.759,0.0,0.682,0.1,0.433,0.801,0.0,0.47,0.0,0.0,0.0,0.0
0,2024.03.06 19:08:40,XAUEURm,BREAKOUT_RETEST,BUY,3,1967.822,1965.981,1971.332,1.91,0.608,1964.9674,1968.04,1963.2604,1,0.164,1.358,-0.0765,1957.56732,1957.91168,1972.356,1927.4181,1,0.001,0.35,0,1964.9674,0.759,0.629,0,0.0,0.0,1969.93,0.0,0.0,0,0,0,1.0,0.685,0.2559,0.685,0.828,0,0.722,0,0.664,1964.9674,1959.1636,0.077,0.939,0.0,2,0.0,0,0.722,0.977,3.0,0.326,0.488,1,1968.04,4,0.6,0.847,0.051,0.206,0.133,0.885,0.98,1872.292,1873.24644,1871.68352,-168.9844,12.1613,-1,1870.596,0.594,0.0,0.0,0.0,0.0,0,0.097,1,0,16310,0.754,0.571,0.439,3292.0,3292.0,0.5758,5717.4,0.0,1,1,0.925,1362.075,1,1,0.685,1491.726,0,83.272,0.039,0.961,0.0,1.0,0.5,0.06,0.0,0.5,0.0,0.5,0.234,0.5,0.482,0.0,0.393,0.0,0,0,0.461,0.811,0.0,0.99,0.14,0.285,0.519,0.0,0.491,0.0,0.0,0.0,0.0
0,2024.03.06 20:03:40,XAUEURm,BREAKOUT,BUY,3,1969.571,1967.006,1984.51,5.82,0.311,1964.3113,1968.0058,1963.5724,1,0.01,0.649,0.3293,1957.56732,1956.84875,1972.356,1935.7025,1,0.002,0.45,0,1964.3113,0.732,0.942,0,0.0,0.0,1966.05363,0.0,0.0,0,0,0,0.75,0.72,0.2201,0.72,0.772,2,0.628,1,0.063,1966.2817,1969.2373,0.0,0.495,0.0,2,0.25,0,0.628,1.003,3.0,0.334,0.346,0,1964.3113,8,0.746,0.999,0.168,0.216,0.088,0.811,0.847,1872.292,1873.24644,1871.68352,-190.0511,-21.0667,-2,1870.596,0.597,0.0,0.0,0.0,0.0,0,0.085,1,0,16311,0.754,0.571,0.439,3292.0,3292.0,0.5509,5975.4,0.0,1,1,0.925,1362.075,1,1,0.685,1491.726,0,79.968,0.003,0.997,0.0,0.0,0.5,0.85,0.0,0.5,0.0,0.603,0.744,0.5,0.549,0.0,0.391,0.0,0,0,0.468,0.8,0.0,0.728,0.1,0.277,0.583,0.0,0.476,0.0,0.0,0.0,0.0
14416,2024.03.06 20:13:59,XAUEURm,TREND_CONTINUATION,BUY,3,1969.931,1962.76,1984.87,2.08,0.444,1964.3113,1968.0058,1963.5724,1,0.01,0.649,0.3895,1957.56732,1956.84875,1972.356,1935.7025,1,0.002,0.45,0,1964.3113,0.732,0.942,0,0.0,0.0,1966.05363,0.0,0.0,0,0,0,0.75,0.72,0.2201,0.72,0.628,2,0.628,1,0.063,1966.2817,1969.2373,0.06,0.435,0.0,2,0.25,0,0.628,1.067,3.0,0.356,0.353,1,1964.3113,8,0.746,0.88,0.212,0.216,0.088,0.811,0.847,1872.292,1873.24644,1871.68352,-190.0511,-21.0667,-2,1870.596,0.597,0.0,0.0,0.0,0.0,0,0.085,1,0,16311,0.754,0.571,0.439,3292.0,3292.0,0.5509,5975.4,0.0,1,1,0.925,1362.075,1,1,0.685,1491.726,0,80.029,0.003,0.997,0.0,0.0,0.5,0.98,0.0,0.5,0.0,0.734,0.604,0.5,0.567,0.0,0.368,0.0,0,0,0.38,0.8,0.0,0.898,0.1,0.277,0.598,0.0,0.459,0.0,0.0,0.0,0.0
0,2024.03.06 20:45:40,XAUEURm,PULLBACK,BUY,3,1971.516,1968.976,1975.648,1.63,0.384,1964.3113,1968.0058,1963.5724,0,0.01,0.649,0.6548,1957.56732,1956.84875,1972.356,1935.7025,1,0.002,0.45,0,1964.3113,0.732,0.942,0,0.0,0.0,1966.05363,0.0,0.0,0,0,0,0.75,0.72,0.2201,0.72,0.209,2,0.628,1,0.063,1966.2817,1969.2373,0.325,0.17,0.0,2,0.25,0,0.628,1.256,3.0,0.419,0.375,1,1966.2817,2,0.55,0.35,0.337,0.216,0.088,0.811,0.847,1872.292,1873.24644,1871.68352,-190.0511,-21.0667,-2,1870.596,0.597,0.0,0.0,0.0,0.0,0,0.085,1,0,16311,0.754,0.571,0.439,3292.0,3292.0,0.5509,5975.4,0.0,1,1,0.925,1362.075,1,1,0.685,1491.726,0,80.294,0.003,0.997,0.0,0.0,0.5,0.99,0.0,0.5,0.0,0.909,0.645,0.5,0.574,0.0,0.342,0.0,0,0,0.397,0.755,0.0,0.674,0.1,0.278,0.785,0.0,0.459,0.0,0.0,0.0,0.0
0,2024.03.06 21:08:59,XAUEURm,BREAKOUT_RETEST,BUY,3,1971.088,1969.055,1973.536,1.2,0.539,1966.372,1968.066,1963.71,1,0.014,0.253,0.234,1957.56732,1956.84875,1972.356,1941.3415,1,0.002,0.45,0,1966.372,0.766,0.649,0,0.0,0.0,0.0,0.0,0.0,0,0,0,0.8,0.93,0.1852,0.93,0.771,0,0.699,0,0.629,1967.582,1969.276,0.035,0.243,0.0,2,0.15,0,0.699,1.003,3.0,0.334,0.45,1,1963.71,5,0.6,0.93,0.129,0.279,0.178,0.821,0.761,1872.292,1873.24644,1871.68352,-190.0511,-21.0667,-2,1870.596,0.597,0.0,0.0,0.0,0.0,0,0.085,1,0,16312,0.754,0.571,0.439,3292.0,3292.0,0.541,6085.5,0.0,1,1,0.925,1362.075,1,1,0.685,1491.726,-1,78.771,0.003,0.997,0.0,0.0,0.0,0.27,0.0,0.5,0.0,0.741,0.448,0.5,0.558,0.0,0.476,0.0,0,0,0.389,0.747,0.0,0.874,0.136,0.262,0.567,0.0,0.475,0.0,0.0,0.0,0.0
14418,2024.03.06 22:04:00,XAUEURm,BREAKOUT,BUY,1,1972.697,1963.569,1987.911,1.67,0.46,1966.372,1968.066,1963.71,0,0.014,0.253,0.4984,1957.56732,1956.84875,1972.356,1941.3415,1,0.002,0.45,0,1966.372,0.766,0.649,0,0.0,0.0,0.0,0.0,0.0,0,0,0,0.8,0.93,0.1852,0.93,0.203,0,0.699,0,0.629,1967.582,1969.276,0.3,0.021,0.0,2,0.15,0,0.699,1.259,3.0,0.42,0.48,1,1966.372,8,0.753,0.401,0.299,0.279,0.178,0.821,0.761,1872.292,1873.24644,1871.68352,-190.0511,-21.0667,-2,1870.596,0.597,0.0,0.0,0.0,0.0,0,0.085,1,0,16312,0.754,0.571,0.439,3292.0,3292.0,0.541,6085.5,0.0,1,1,0.925,1362.075,1,1,0.685,1491.726,-1,79.036,0.003,0.997,0.0,0.0,0.0,0.24,0.0,0.5,0.0,0.635,0.5,0.5,0.522,0.0,0.372,0.0,0,0,0.306,0.537,0.0,0.882,0.163,0.253,0.813,0.0,0.458,0.0,0.0,0.0,0.0
14419,2024.03.06 22:14:00,XAUEURm,TREND_CONTINUATION,BUY,1,1972.697,1965.394,1987.911,2.08,0.522,1966.372,1968.066,1963.71,0,0.014,0.253,0.4984,1957.56732,1956.84875,1972.356,1941.3415,1,0.002,0.45,0,1966.372,0.766,0.649,0,0.0,0.0,0.0,0.0,0.0,0,0,0,0.8,0.93,0.1852,0.93,0.203,0,0.699,0,0.629,1967.582,1969.276,0.3,0.021,0.0,2,0.15,0,0.699,1.259,3.0,0.42,0.48,1,1966.372,8,0.753,0.401,0.299,0.279,0.178,0.821,0.761,1872.292,1873.24644,1871.68352,-190.0511,-21.0667,-2,1870.596,0.597,0.0,0.0,0.0,0.0,0,0.085,1,0,16312,0.754,0.571,0.439,3292.0,3292.0,0.541,6085.5,0.0,1,1,0.925,1362.075,1,1,0.685,1491.726,-1,79.036,0.003,0.997,0.0,0.0,0.0,0.1,0.0,0.5,0.0,0.635,0.5,0.5,0.522,0.0,0.372,0.0,0,0,0.306,0.537,0.0,0.882,0.163,0.253,0.813,0.0,0.458,0.0,0.0,0.0,0.0
14420,2024.03.06 23:01:00,XAUEURm,ANCHORED_PULLBACK,BUY,1,1972.987,1965.935,1981.923,1.27,0.422,1967.824,1969.034,1964.678,0,0.227,0.169,0.306,1957.56732,1956.84875,1972.356,1944.161,1,0.002,0.45,0,1967.824,0.8,0.596,0,0.0,0.0,1967.76968,0.0,0.0,0,0,0,1.0,0.965,0.1456,0.965,0.445,2,0.494,0,0.647,1967.824,1970.97,0.306,0.209,-0.0,2,0.15,0,0.494,1.15,3.0,0.383,0.407,1,1967.824,8,0.76,0.388,0.227,0.29,0.182,0.731,0.891,1872.292,1873.24644,1871.68352,-190.0511,-21.0667,-2,1870.596,0.597,0.0,0.0,0.0,0.0,0,0.085,1,0,16313,0.754,0.571,0.439,3292.0,3292.0,0.5384,6114.1,0.0,1,1,0.925,1362.075,1,1,0.685,1491.726,-1,78.713,0.003,0.997,0.0,0.0,0.0,0.99,0.0,0.5,0.0,0.737,0.527,0.5,0.559,0.0,0.373,0.0,0,0,0.333,0.716,0.0,0.969,0.196,0.256,0.791,0.0,0.463,0.0,0.0,0.0,0.0
0,2024.03.06 23:10:20,XAUEURm,BREAKOUT_RETEST,BUY,1,1972.076,1970.242,1974.504,1.32,0.621,1967.824,1969.034,1964.678,1,0.227,0.169,0.157,1957.56732,1956.84875,1972.356,1944.161,1,0.002,0.45,0,1967.824,0.8,0.596,0,0.0,0.0,1967.76968,0.0,0.0,0,0,0,1.0,0.965,0.1456,0.965,0.366,2,0.637,0,0.647,1967.824,1970.97,0.157,0.358,0.0,2,0.15,0,0.637,1.185,3.0,0.395,0.447,1,1964.678,5,0.6,0.686,0.25,0.29,0.182,0.731,0.891,1872.292,1873.24644,1871.68352,-190.0511,-21.0667,-2,1870.596,0.597,0.0,0.0,0.0,0.0,0,0.085,1,0,16313,0.754,0.571,0.439,3292.0,3292.0,0.5384,6114.1,0.0,1,1,0.925,1362.075,1,1,0.685,1491.726,-1,78.564,0.003,0.997,0.0,0.0,0.0,0.06,0.0,0.5,0.0,0.875,0.419,0.5,0.563,0.0,0.368,0.0,0,0,0.365,0.723,0.0,0.969,0.181,0.279,0.572,0.0,0.463,0.0,0.0,0.0,0.0
14424,2024.03.07 00:02:40,XAUEURm,PULLBACK,BUY,1,1972.963,1963.961,1990.967,2.0,0.536,1967.7149,1970.5562,1965.9068,1,0.036,0.38,0.3259,1957.56732,1956.84875,1969.5365,1944.161,0,0.002,0.45,0,1967.7149,0.8,0.421,0,0.0,0.0,1968.564,1967.84325,0.115,0,0,0,0.8,0.825,0.1259,0.825,0.434,0,0.715,2,0.024,1968.4898,1971.3311,0.197,0.277,0.0,2,0.0,0,0.715,0.125,0.326,0.385,0.288,0,1967.7149,8,0.76,0.606,0.17,0.247,0.0,0.735,0.949,1872.292,1873.24644,1871.68352,-199.0247,-8.9736,-2,1870.596,0.598,0.0,0.0,0.0,0.0,0,0.079,1,0,16314,0.754,0.571,0.439,3292.0,3292.0,0.5485,6001.4,0.0,1,1,0.925,1362.075,1,1,0.685,1491.726,-1,80.187,0.003,0.997,0.0,0.0,0.0,0.83,0.0,0.5,0.0,0.647,0.523,0.5,0.547,0.0,0.373,0.0,0,0,0.327,0.732,0.281,1.0,0.248,0.346,0.734,0.0,0.481,0.0,0.0,0.0,0.0
14426,2024.03.07 00:04:00,XAUEURm,BREAKOUT,BUY,1,1972.837,1963.835,1987.841,1.67,0.312,1967.7149,1970.5562,1965.9068,1,0.036,0.38,0.3049,1957.56732,1956.84875,1969.5365,1944.161,0,0.002,0.45,0,1967.7149,0.8,0.421,0,0.0,0.0,1968.564,1967.84325,0.115,0,0,0,0.8,0.825,0.1259,0.825,0.434,0,0.715,2,0.024,1968.4898,1971.3311,0.176,0.298,0.0,2,0.0,0,0.715,0.117,0.305,0.385,0.287,0,1967.7149,8,0.76,0.648,0.17,0.247,0.0,0.735,0.949,1872.292,1873.24644,1871.68352,-199.0247,-8.9736,-2,1870.596,0.598,0.0,0.0,0.0,0.0,0,0.079,1,0,16314,0.754,0.571,0.439,3292.0,3292.0,0.5485,6001.4,0.0,1,1,0.925,1362.075,1,1,0.685,1491.726,-1,80.166,0.003,0.997,0.0,0.0,0.0,0.86,0.0,0.5,0.0,0.647,0.601,0.5,0.547,0.0,0.373,0.0,0,0,0.374,0.732,0.281,1.0,0.248,0.346,0.729,0.0,0.481,0.0,0.0,0.0,0.0
14428,2024.03.07 00:14:00,XAUEURm,TREND_CONTINUATION,BUY,1,1971.488,1964.286,1986.492,2.08,0.455,1967.7149,1970.5562,1965.9068,1,0.036,0.38,0.0802,1957.56732,1956.84875,1969.5365,1944.161,1,0.002,0.45,0,1967.7149,0.8,0.421,0,0.0,0.0,1968.564,1967.84325,0.115,0,0,0,0.8,0.825,0.1259,0.825,0.776,0,0.715,2,0.024,1968.4898,1971.3311,0.049,0.522,0.0,2,0.0,0,0.715,0.174,0.522,0.334,0.294,0,1965.9068,5,0.6,0.902,0.067,0.247,0.0,0.735,0.949,1872.292,1873.24644,1871.68352,-199.0247,-8.9736,-2,1870.596,0.598,0.0,0.0,0.0,0.0,0,0.079,1,0,16314,0.754,0.571,0.439,3292.0,3292.0,0.5485,6001.4,0.0,1,1,0.925,1362.075,1,1,0.685,1491.726,-1,79.941,0.003,0.997,0.0,0.0,0.0,0.14,0.0,0.5,0.0,0.642,0.731,0.5,0.543,0.0,0.377,0.0,0,0,0.452,0.814,0.0,0.99,0.21,0.384,0.46,0.0,0.482,0.0,0.0,0.0,0.0
0,2024.03.07 01:10:20,XAUEURm,BREAKOUT_RETEST,BUY,1,1971.448,1969.686,1973.948,1.42,0.553,1968.40127,1969.5288,1967.27375,1,0.05,0.279,-0.0418,1957.56732,1956.84875,1969.5365,1944.161,1,0.002,0.35,0,1968.40127,0.742,0.608,0,0.0,0.0,0.0,0.0,0.0,0,0,0,0.8,1.0,0.1249,1.0,0.622,0,0.768,0,0.673,1967.75698,1971.30062,0.068,0.536,0.0,2,0.15,0,0.768,1.07,3.0,0.357,0.476,1,0.0,0,0.0,0.864,0.173,0.3,0.187,0.779,0.958,1872.292,1873.24644,1871.68352,-199.0247,-8.9736,-2,1870.596,0.598,0.0,0.0,0.0,0.0,0,0.079,1,0,16315,0.754,0.571,0.439,3292.0,3292.0,0.5606,5871.9,0.0,1,1,0.925,1362.075,1,1,0.685,1491.726,-1,81.699,0.003,0.997,0.0,0.0,0.0,0.24,0.0,0.5,0.0,0.528,0.465,0.5,0.521,0.0,0.526,0.0,0,0,0.388,0.747,0.0,1.0,0.195,0.129,0.529,0.0,0.466,0.0,0.0,0.0,0.0
14430,2024.03.07 02:04:00,XAUEURm,BREAKOUT,BUY,1,1971.56,1962.718,1986.296,1.67,0.353,1968.89358,1969.73895,1967.3719,1,0.013,0.529,-0.1061,1957.56732,1956.84875,1969.5365,1944.161,1,0.002,0.35,0,1968.89358,0.724,0.545,0,0.0,0.0,0.0,0.0,0.0,0,0,0,0.8,0.825,0.1121,0.825,0.704,0,0.73,0,0.7,1967.87912,1965.85023,0.066,0.41,0.0,2,0.25,0,0.73,1.033,3.0,0.344,0.451,1,0.0,0,0.0,0.868,0.189,0.247,0.227,0.783,0.913,1872.292,1873.24644,1871.68352,-199.0247,-8.9736,-2,1870.596,0.598,0.0,0.0,0.0,0.0,0,0.079,1,0,16316,0.754,0.571,0.439,3292.0,3292.0,0.5585,5894.6,0.0,1,1,0.925,1362.075,1,1,0.685,1491.726,0,81.403,0.003,0.997,0.0,0.0,0.5,0.97,0.0,0.5,0.0,0.606,0.321,0.5,0.557,0.0,0.41,0.0,0,0,0.438,0.8,0.0,1.0,0.15,0.127,0.529,0.0,0.483,0.0,0.0,0.0,0.0
14432,2024.03.07 02:14:40,XAUEURm,TREND_CONTINUATION,BUY,1,1971.385,1964.312,1986.121,2.08,0.502,1968.89358,1969.73895,1967.3719,1,0.013,0.529,-0.1358,1957.56732,1956.84875,1969.5365,1944.161,1,0.002,0.35,0,1968.89358,0.724,0.545,0,0.0,0.0,0.0,0.0,0.0,0,0,0,0.8,0.825,0.1121,0.825,0.704,0,0.73,0,0.7,1967.87912,1965.85023,0.036,0.38,0.0,2,0.25,0,0.73,1.033,3.0,0.344,0.451,1,0.0,0,0.0,0.927,0.189,0.247,0.227,0.783,0.913,1872.292,1873.24644,1871.68352,-199.0247,-8.9736,-2,1870.596,0.598,0.0,0.0,0.0,0.0,0,0.079,1,0,16316,0.754,0.571,0.439,3292.0,3292.0,0.5585,5894.6,0.0,1,1,0.925,1362.075,1,1,0.685,1491.726,0,81.373,0.003,0.997,0.0,0.0,0.5,0.89,0.0,0.5,0.0,0.623,0.545,0.5,0.564,0.0,0.435,0.0,0,0,0.371,0.8,0.0,1.0,0.15,0.127,0.523,0.0,0.483,0.0,0.0,0.0,0.0
14434,2024.03.07 02:31:40,XAUEURm,PULLBACK,BUY,1,1973.694,1964.852,1991.378,2.0,0.437,1968.89358,1969.73895,1967.3719,0,0.013,0.529,0.2559,1957.56732,1956.84875,1969.5365,1944.161,0,0.002,0.35,0,1968.89358,0.724,0.545,0,0.0,0.0,0.0,0.0,0.0,0,0,0,0.8,0.825,0.1121,0.825,0.306,0,0.73,0,0.7,1968.89358,1971.4297,0.256,0.174,0.0,2,0.25,0,0.73,1.212,3.0,0.404,0.49,1,1967.3719,5,0.6,0.488,0.308,0.247,0.227,0.933,0.975,1872.292,1873.24644,1871.68352,-199.0247,-8.9736,-2,1870.596,0.598,0.0,0.0,0.0,0.0,0,0.079,1,0,16316,0.754,0.571,0.439,3292.0,3292.0,0.5585,5894.6,0.0,1,1,0.925,1362.075,1,1,0.685,1491.726,0,81.765,0.003,0.997,0.0,0.0,0.5,0.99,0.0,0.5,0.0,0.748,0.549,0.5,0.574,0.0,0.434,0.0,0,0,0.375,0.642,0.0,1.0,0.107,0.126,0.719,0.0,0.483,0.0,0.0,0.0,0.0
14436,2024.03.07 03:00:00,XAUEURm,ANCHORED_PULLBACK,BUY,1,1975.037,1970.487,1983.446,1.85,0.748,1968.7872,1969.8002,1966.9638,0,0.436,0.09,0.5056,1957.87835,1957.63972,1970.57295,1944.7065,0,0.002,0.35,0,1968.382,0.721,0.521,0,0.0,0.0,1972.24235,0.0,0.0,0,0,1,1.0,0.825,0.0904,0.825,0.193,0,0.712,1,0.084,1968.5846,1971.0158,0.54,0.125,0.0802,0,0.4,2,0.733,1.713,3.0,0.571,0.446,1,1968.7872,1,0.7,0.0,0.402,0.947,0.14,0.896,0.936,1872.292,1873.24644,1871.68352,-199.0247,-8.9736,-2,1870.596,0.598,0.0,0.0,0.0,0.0,0,0.079,1,0,16317,0.754,0.571,0.439,3292.0,3292.0,0.5627,5850.4,0.0,1,1,0.925,1362.075,1,1,0.685,1491.726,-1,82.612,0.003,0.997,0.0,0.0,0.0,0.21,0.0,0.5,0.0,0.919,0.424,0.5,0.508,0.0,0.423,0.0,0,0,0.367,0.524,0.0,1.0,0.375,0.667,0.437,0.0,0.436,0.0,0.0,0.0,0.0
0,2024.03.07 04:00:00,XAUEURm,BREAKOUT_RETEST,BUY,1,1975.697,1974.012,1979.575,2.3,0.862,1972.0288,1973.447,1967.7742,1,0.067,0.149,0.067,1967.54165,1957.63972,1970.57295,1944.7065,0,0.003,0.7,2,1972.0288,0.794,0.0,1,0.0,0.0,0.0,0.0,0.0,0,0,1,1.0,1.0,0.1267,1.0,0.423,1,0.291,3,0.462,1971.8262,1973.2444,0.103,0.149,0.505,0,0.45,2,1.0,1.61,3.0,0.537,0.539,2,1967.7742,5,0.6,0.794,0.353,1.0,0.157,0.887,0.965,1872.57839,1873.451,1871.77899,-205.6668,-6.6421,-2,1870.86875,0.597,0.0,0.0,0.0,0.0,0,0.077,1,0,16318,0.754,0.571,0.439,3292.0,3292.0,0.5862,5616.1,0.0,1,1,0.925,1362.075,1,1,0.685,1491.726,0,86.175,0.004,0.996,0.0,0.0,0.5,0.8,0.0,0.5,0.0,0.734,0.517,0.5,0.55,0.0,0.424,0.0,0,0,0.345,0.444,0.0,0.649,0.172,0.779,0.65,0.0,0.433,0.0,0.0,0.0,0.0
14438,2024.03.07 04:04:00,XAUEURm,BREAKOUT,BUY,1,1981.096,1974.759,1995.136,2.22,0.52,1972.0288,1973.447,1967.7742,0,0.067,0.149,1.0283,1967.54165,1957.63972,1970.57295,1944.7065,0,0.004,0.7,2,1972.0288,0.794,0.0,1,0.0,0.0,0.0,0.0,0.0,0,0,1,1.0,1.0,0.1267,1.0,0.028,2,0.591,3,0.462,1971.8262,1973.2444,1.064,0.812,0.0,2,0.15,4,0.577,1.637,3.0,0.546,0.481,1,1972.0288,8,0.759,0.0,0.352,0.3,0.053,0.887,0.965,1872.57839,1873.451,1871.77899,-205.6668,-6.6421,-2,1870.86875,0.597,0.0,0.0,0.0,0.0,0,0.077,1,0,16318,0.754,0.571,0.439,3292.0,3292.0,0.5862,5616.1,0.0,1,1,0.925,1362.075,1,1,0.685,1491.726,0,87.136,0.004,0.996,0.0,0.0,0.5,0.99,0.0,0.5,0.0,0.73,0.633,0.5,0.451,0.0,0.344,0.0,0,0,0.353,0.308,0.0,0.38,0.162,0.421,0.85,0.0,0.459,0.0,0.0,0.0,0.0
14440,2024.03.07 04:14:40,XAUEURm,TREND_CONTINUATION,BUY,1,1979.016,1972.277,1993.056,2.08,0.599,1972.0288,1973.447,1967.7742,0,0.067,0.149,0.658,1967.54165,1957.63972,1970.57295,1944.7065,0,0.003,0.7,2,1972.0288,0.794,0.0,1,0.0,0.0,0.0,0.0,0.0,0,0,1,1.0,1.0,0.1267,1.0,0.028,2,0.591,3,0.462,1971.8262,1973.2444,0.694,0.442,0.0,2,0.15,4,0.577,1.637,3.0,0.546,0.481,1,1972.0288,8,0.759,0.0,0.352,0.3,0.053,0.887,0.965,1872.57839,1873.451,1871.77899,-205.6668,-6.6421,-2,1870.86875,0.597,0.0,0.0,0.0,0.0,0,0.077,1,0,16318,0.754,0.571,0.439,3292.0,3292.0,0.5862,5616.1,0.0,1,1,0.925,1362.075,1,1,0.685,1491.726,0,86.766,0.004,0.996,0.0,0.0,0.5,0.33,0.0,0.5,0.0,0.474,0.511,0.5,0.373,0.0,0.349,0.0,0,0,0.258,0.308,0.0,0.57,0.162,0.651,0.808,0.0,0.459,0.0,0.0,0.0,0.0
14442,2024.03.07 04:31:40,XAUEURm,PULLBACK,BUY,1,1983.623,1974.759,2000.471,1.9,0.51,1972.0288,1973.447,1967.7742,0,0.067,0.149,1.4783,1967.54165,1957.63972,1970.57295,1944.7065,0,0.004,0.7,2,1972.0288,0.794,0.0,1,0.0,0.0,0.0,0.0,0.0,0,0,1,1.0,1.0,0.1267,1.0,0.028,2,0.591,3,0.462,1971.8262,1973.2444,1.514,1.262,0.0,2,0.15,4,0.577,1.637,3.0,0.546,0.481,1,1972.0288,8,0.759,0.0,0.352,0.3,0.053,0.887,0.965,1872.57839,1873.451,1871.77899,-205.6668,-6.6421,-2,1870.86875,0.597,0.0,0.0,0.0,0.0,0,0.077,1,0,16318,0.754,0.571,0.439,3292.0,3292.0,0.5862,5616.1,0.0,1,1,0.925,1362.075,1,1,0.685,1491.726,0,87.586,0.004,0.996,0.0,0.0,0.5,0.99,0.0,0.5,0.0,0.636,0.703,0.5,0.422,0.0,0.324,0.0,0,0,0.378,0.308,0.0,0.266,0.162,0.64,0.85,0.0,0.459,0.0,0.0,0.0,0.0
14444,2024.03.07 06:00:00,XAUEURm,BREAKOUT_RETEST,BUY,1,1977.975,1974.566,1984.967,2.05,0.515,1971.80118,1976.9083,1967.375,1,0.228,0.03,0.5466,1968.66008,1956.6085,1971.2398,1945.2286,0,0.003,0.7,0,1971.80118,0.8,0.283,0,0.0,0.0,1976.31575,0.0,0.0,0,0,1,0.8,1.0,0.1898,1.0,0.034,2,0.609,3,0.332,1976.22735,1974.1845,0.293,0.095,-0.5666,1,0.45,0,0.609,1.335,3.0,0.445,0.35,0,1971.80118,8,0.76,0.414,0.77,0.3,0.157,0.542,0.968,1872.57839,1873.451,1871.77899,-205.6668,-6.6421,-2,1870.86875,0.597,0.0,0.0,0.0,0.0,0,0.077,1,0,16320,0.757,0.571,0.434,3292.0,3292.0,0.6244,5272.2,0.0,1,1,0.925,1362.075,1,1,0.685,1491.726,0,92.229,0.004,0.996,0.0,0.0,0.5,0.0,0.0,0.5,0.0,1.0,0.364,0.5,0.459,0.0,0.252,0.0,0,0,0.32,0.428,0.0,0.501,0.166,0.556,0.436,0.0,0.483,0.0,0.0,0.0,0.0
0,2024.03.07 06:04:00,XAUEURm,BREAKOUT,BUY,1,1976.705,1974.566,1989.886,6.16,0.353,1971.80118,1976.9083,1967.375,1,0.228,0.03,0.3057,1968.66008,1956.6085,1971.2398,1945.2286,0,0.003,0.7,0,1971.80118,0.8,0.283,0,0.0,0.0,1976.31575,0.0,0.0,0,0,1,0.8,1.0,0.1898,1.0,0.116,2,0.631,3,0.332,1971.80118,1974.1845,0.306,0.146,0.0,2,0.15,0,0.631,1.298,3.0,0.433,0.453,1,1971.80118,8,0.76,0.389,0.325,0.3,0.053,1.0,0.968,1872.57839,1873.451,1871.77899,-205.6668,-6.6421,-2,1870.86875,0.597,0.0,0.0,0.0,0.0,0,0.077,1,0,16320,0.757,0.571,0.434,3292.0,3292.0,0.6244,5272.2,0.0,1,1,0.925,1362.075,1,1,0.685,1491.726,0,91.988,0.004,0.996,0.0,0.0,0.5,0.11,0.0,0.5,0.0,0.995,0.258,0.5,0.525,0.0,0.336,0.0,0,0,0.437,0.417,0.0,0.76,0.188,0.675,0.65,0.0,0.49,0.0,0.0,0.0,0.0
14446,2024.03.07 06:15:40,XAUEURm,TREND_CONTINUATION,BUY,1,1977.845,1971.518,1991.026,2.08,0.505,1971.80118,1976.9083,1967.375,1,0.228,0.03,0.5219,1968.66008,1956.6085,1971.2398,1945.2286,0,0.003,0.7,0,1971.80118,0.8,0.283,0,0.0,0.0,1976.31575,0.0,0.0,0,0,1,0.8,1.0,0.1898,1.0,0.034,2,0.631,3,0.332,1976.22735,1974.1845,0.318,0.07,0.0,2,0.15,0,0.631,1.335,3.0,0.445,0.4,1,1971.80118,8,0.76,0.365,0.35,0.3,0.053,0.542,0.968,1872.57839,1873.451,1871.77899,-205.6668,-6.6421,-2,1870.86875,0.597,0.0,0.0,0.0,0.0,0,0.077,1,0,16320,0.757,0.571,0.434,3292.0,3292.0,0.6244,5272.2,0.0,1,1,0.925,1362.075,1,1,0.685,1491.726,0,92.204,0.004,0.996,0.0,0.0,0.5,0.52,0.0,0.5,0.0,0.939,0.457,0.5,0.47,0.0,0.285,0.0,0,0,0.281,0.501,0.0,0.57,0.197,0.712,0.435,0.0,0.49,0.0,0.0,0.0,0.0
0,2024.03.07 06:31:40,XAUEURm,PULLBACK,BUY,1,1977.355,1974.566,1993.172,5.67,0.58,1971.80118,1976.9083,1967.375,1,0.228,0.03,0.429,1968.66008,1956.6085,1971.2398,1945.2286,0,0.003,0.7,0,1971.80118,0.8,0.283,0,0.0,0.0,1976.31575,0.0,0.0,0,0,1,0.8,1.0,0.1898,1.0,0.011,2,0.631,3,0.332,1976.22735,1974.1845,0.411,0.023,0.0,2,0.15,0,0.631,1.345,3.0,0.448,0.401,1,1971.80118,8,0.76,0.179,0.357,0.3,0.053,0.542,0.968,1872.57839,1873.451,1871.77899,-205.6668,-6.6421,-2,1870.86875,0.597,0.0,0.0,0.0,0.0,0,0.077,1,0,16320,0.757,0.571,0.434,3292.0,3292.0,0.6244,5272.2,0.0,1,1,0.925,1362.075,1,1,0.685,1491.726,0,92.111,0.004,0.996,0.0,0.0,0.5,0.16,0.0,0.5,0.0,0.968,0.447,0.5,0.536,0.0,0.336,0.0,0,0,0.327,0.496,0.0,0.57,0.171,0.624,0.699,0.0,0.49,0.0,0.0,0.0,0.0
0,2024.03.07 08:00:00,XAUEURm,BREAKOUT_RETEST,BUY,2,1980.867,1979.481,1983.458,1.87,0.51,1976.23242,1978.5097,1975.1973,1,0.022,0.516,0.2906,1968.66008,1956.6085,1971.2398,1945.2286,0,0.005,0.4,0,1976.23242,0.771,0.676,0,0.0,0.0,1975.99437,0.0,0.0,0,0,1,0.8,0.825,0.2182,0.825,0.521,0,0.681,0,0.851,1977.47457,1980.1659,0.022,0.561,-0.3664,1,0.55,0,0.681,1.116,3.0,0.372,0.387,1,1975.1973,5,0.6,0.957,0.664,0.247,0.363,0.504,0.964,1870.95152,1871.60059,1872.43935,100.1926,305.8594,2,1869.86914,0.602,0.0,0.0,0.0,0.0,0,0.078,1,0,16322,0.757,0.571,0.434,3292.0,3292.0,0.7126,4619.7,0.0,1,1,0.925,1362.075,1,1,0.685,1491.726,1,105.881,0.008,0.992,0.0,0.0,1.0,0.98,0.0,0.5,0.0,0.635,0.575,0.5,0.513,0.0,0.405,0.0,0,0,0.361,0.706,0.0,0.563,0.1,0.174,0.65,0.0,0.509,0.0,0.0,0.0,0.0
14448,2024.03.07 08:04:00,XAUEURm,BREAKOUT,BUY,2,1981.346,1974.416,1992.895,1.67,0.349,1976.23242,1978.5097,1975.1973,1,0.022,0.516,0.3943,1968.66008,1956.6085,1971.2398,1945.2286,0,0.005,0.4,0,1976.23242,0.771,0.676,0,0.0,0.0,1975.99437,0.0,0.0,0,0,1,0.8,0.825,0.2182,0.825,0.423,0,0.681,0,0.851,1977.47457,1980.1659,0.125,0.457,0.0,2,0.25,0,0.681,1.16,3.0,0.387,0.438,1,1976.23242,8,0.754,0.749,0.273,0.247,0.258,0.504,0.964,1870.95152,1871.60059,1872.43935,100.1926,305.8594,2,1869.86914,0.602,0.0,0.0,0.0,0.0,0,0.078,1,0,16322,0.757,0.571,0.434,3292.0,3292.0,0.7126,4619.7,0.0,1,1,0.925,1362.075,1,1,0.685,1491.726,1,105.985,0.008,0.992,0.0,0.0,1.0,0.97,0.0,0.5,0.0,0.502,0.68,0.5,0.513,0.0,0.429,0.0,0,0,0.433,0.72,0.0,0.635,0.13,0.266,0.744,0.0,0.524,0.0,0.0,0.0,0.0
14450,2024.03.07 08:10:59,XAUEURm,ANCHORED_PULLBACK,BUY,2,1982.167,1974.735,1988.114,0.8,0.27,1976.23242,1978.5097,1975.1973,0,0.022,0.516,0.572,1968.66008,1956.6085,1971.2398,1945.2286,0,0.005,0.4,0,1976.23242,0.771,0.676,0,0.0,0.0,1975.99437,0.0,0.0,0,0,1,0.8,0.825,0.2182,0.825,0.183,0,0.681,0,0.851,1977.47457,1980.1659,0.303,0.279,0.0,2,0.25,0,0.681,1.268,3.0,0.423,0.45,1,1976.23242,8,0.754,0.394,0.345,0.247,0.258,0.504,0.964,1870.95152,1871.60059,1872.43935,100.1926,305.8594,2,1869.86914,0.602,0.0,0.0,0.0,0.0,0,0.078,1,0,16322,0.757,0.571,0.434,3292.0,3292.0,0.7126,4619.7,0.0,1,1,0.925,1362.075,1,1,0.685,1491.726,1,106.163,0.008,0.992,0.0,0.0,1.0,0.98,0.0,0.5,0.0,0.639,0.695,0.5,0.535,0.0,0.471,0.0,0,0,0.466,0.63,0.0,0.586,0.1,0.321,0.859,0.0,0.524,0.0,0.0,0.0,0.0
14452,2024.03.07 08:15:40,XAUEURm,TREND_CONTINUATION,BUY,2,1982.079,1976.535,1993.628,2.08,0.502,1976.23242,1978.5097,1975.1973,0,0.022,0.516,0.553,1968.66008,1956.6085,1971.2398,1945.2286,0,0.005,0.4,0,1976.23242,0.771,0.676,0,0.0,0.0,1975.99437,0.0,0.0,0,0,1,0.8,0.825,0.2182,0.825,0.183,0,0.681,0,0.851,1977.47457,1980.1659,0.284,0.298,0.0,2,0.25,0,0.681,1.268,3.0,0.423,0.45,1,1976.23242,8,0.754,0.432,0.345,0.247,0.258,0.504,0.964,1870.95152,1871.60059,1872.43935,100.1926,305.8594,2,1869.86914,0.602,0.0,0.0,0.0,0.0,0,0.078,1,0,16322,0.757,0.571,0.434,3292.0,3292.0,0.7126,4619.7,0.0,1,1,0.925,1362.075,1,1,0.685,1491.726,1,106.144,0.008,0.992,0.0,0.0,1.0,0.78,0.0,0.5,0.0,0.641,0.584,0.5,0.536,0.0,0.47,0.0,0,0,0.399,0.63,0.0,0.586,0.1,0.321,0.856,0.0,0.524,0.0,0.0,0.0,0.0
14454,2024.03.07 08:31:40,XAUEURm,PULLBACK,BUY,2,1983.92,1980.305,1997.779,3.83,0.429,1976.23242,1978.5097,1975.1973,0,0.022,0.516,0.9515,1968.66008,1956.6085,1971.2398,1945.2286,0,0.005,0.4,0,1976.23242,0.771,0.676,0,0.0,0.0,1975.99437,0.0,0.0,0,0,1,0.8,0.825,0.2182,0.825,0.009,0,0.681,0,0.851,1977.47457,1980.1659,0.683,0.1,0.0,2,0.25,0,0.681,1.346,3.0,0.449,0.459,1,1976.23242,8,0.754,0.0,0.397,0.247,0.258,0.504,0.964,1870.95152,1871.60059,1872.43935,100.1926,305.8594,2,1869.86914,0.602,0.0,0.0,0.0,0.0,0,0.078,1,0,16322,0.757,0.571,0.434,3292.0,3292.0,0.7126,4619.7,0.0,1,1,0.925,1362.075,1,1,0.685,1491.726,1,106.542,0.008,0.992,0.0,0.0,1.0,0.99,0.0,0.5,0.0,0.688,0.495,0.5,0.526,0.0,0.418,0.0,0,0,0.328,0.59,0.0,0.488,0.1,0.298,0.866,0.0,0.524,0.0,0.0,0.0,0.0
14456,2024.03.07 08:57:40,XAUEURm,MEAN_REVERSION,BUY,2,1978.77,1975.074,1981.802,0.82,0.64,1976.23242,1978.5097,1975.1973,1,0.022,0.516,-0.1633,1968.66008,1956.6085,1971.2398,1945.2286,0,0.004,0.4,0,1976.23242,0.771,0.676,0,0.0,0.0,1975.99437,0.0,0.0,0,0,1,0.8,0.825,0.2182,0.825,0.446,0,0.681,0,0.851,1976.23243,1972.92002,0.163,0.554,0.0,2,0.25,0,0.681,1.149,3.0,0.383,0.473,1,1978.5097,4,0.6,0.673,0.266,0.247,0.258,0.8,0.961,1870.95152,1871.60059,1872.43935,100.1926,305.8594,2,1869.86914,0.602,0.0,0.0,0.0,0.0,0,0.078,1,0,16322,0.757,0.571,0.434,3292.0,3292.0,0.7126,4619.7,0.0,1,1,0.925,1362.075,1,1,0.685,1491.726,1,105.427,0.008,0.992,0.0,0.0,1.0,0.0,0.0,0.5,0.0,0.641,0.101,0.5,0.485,0.0,0.338,0.0,0,0,0.52,0.864,0.097,0.976,0.14,0.353,0.46,0.0,0.524,0.0,0.0,0.0,0.0
0,2024.03.07 10:00:00,XAUEURm,BREAKOUT_RETEST,BUY,2,1981.054,1979.76,1984.373,2.57,0.535,1976.36078,1979.15025,1975.2879,1,0.126,0.471,0.325,1967.36757,1956.79725,1971.4965,1945.3645,0,0.005,0.45,0,1976.36078,0.755,0.757,0,0.0,0.0,1977.2166,0.0,0.0,0,0,1,0.8,1.0,0.2337,1.0,0.427,2,0.555,0,0.69,1976.57535,1980.4377,0.275,0.621,0.0,2,0.3,0,0.555,1.158,3.0,0.386,0.415,1,1976.36078,8,0.751,0.45,0.292,0.3,0.243,0.803,0.935,1870.95152,1871.60059,1872.43935,100.1926,305.8594,2,1869.86914,0.602,0.0,0.0,0.0,0.0,0,0.078,1,0,16324,0.757,0.571,0.434,3292.0,3292.0,0.7635,4311.9,0.0,1,1,0.925,1362.075,1,1,0.685,1491.726,1,113.482,0.008,0.992,0.0,0.0,1.0,0.99,0.0,0.5,0.0,0.898,0.43,0.5,0.56,0.0,0.367,0.0,0,0,0.357,0.711,0.0,0.631,0.212,0.205,0.694,0.0,0.537,0.0,0.0,0.0,0.0
14458,2024.03.07 10:04:00,XAUEURm,BREAKOUT,BUY,2,1981.287,1974.819,1992.067,1.67,0.361,1976.36078,1979.15025,1975.2879,1,0.126,0.471,0.379,1967.36757,1956.79725,1971.4965,1945.3645,0,0.005,0.45,0,1976.36078,0.755,0.757,0,0.0,0.0,1977.2166,0.0,0.0,0,0,1,0.8,1.0,0.2337,1.0,0.298,2,0.614,0,0.69,1976.57535,1980.4377,0.329,0.566,0.0,2,0.0,0,0.614,1.216,3.0,0.405,0.482,1,1976.36078,8,0.751,0.342,0.211,0.3,0.138,0.803,0.935,1870.95152,1871.60059,1872.43935,100.1926,305.8594,2,1869.86914,0.602,0.0,0.0,0.0,0.0,0,0.078,1,0,16324,0.757,0.571,0.434,3292.0,3292.0,0.7635,4311.9,0.0,1,1,0.925,1362.075,1,1,0.685,1491.726,1,113.536,0.008,0.992,0.0,0.0,1.0,0.9,0.0,0.5,0.0,1.0,0.481,0.5,0.56,0.0,0.367,0.0,0,0,0.326,0.712,0.0,0.618,0.22,0.209,0.708,0.0,0.529,0.0,0.0,0.0,0.0
14460,2024.03.07 10:15:40,XAUEURm,TREND_CONTINUATION,BUY,2,1981.54,1976.366,1992.32,2.08,0.53,1976.36078,1979.15025,1975.2879,1,0.126,0.471,0.4377,1967.36757,1956.79725,1971.4965,1945.3645,0,0.005,0.45,0,1976.36078,0.755,0.757,0,0.0,0.0,1977.2166,0.0,0.0,0,0,1,0.8,1.0,0.2337,1.0,0.298,2,0.614,0,0.69,1976.57535,1980.4377,0.388,0.508,0.0,2,0.0,0,0.614,1.216,3.0,0.405,0.482,1,1976.36078,8,0.751,0.224,0.211,0.3,0.138,0.803,0.935,1870.95152,1871.60059,1872.43935,100.1926,305.8594,2,1869.86914,0.602,0.0,0.0,0.0,0.0,0,0.078,1,0,16324,0.757,0.571,0.434,3292.0,3292.0,0.7635,4311.9,0.0,1,1,0.925,1362.075,1,1,0.685,1491.726,1,113.595,0.008,0.992,0.0,0.0,1.0,0.47,0.0,0.5,0.0,0.786,0.67,0.5,0.497,0.0,0.366,0.0,0,0,0.397,0.639,0.0,0.57,0.2,0.383,0.721,0.0,0.529,0.0,0.0,0.0,0.0
14462,2024.03.07 10:31:40,XAUEURm,PULLBACK,BUY,2,1981.72,1975.252,1994.656,2.0,0.6,1976.36078,1979.15025,1975.2879,1,0.126,0.471,0.4794,1967.36757,1956.79725,1971.4965,1945.3645,0,0.005,0.45,0,1976.36078,0.755,0.757,0,0.0,0.0,1977.2166,0.0,0.0,0,0,1,0.8,1.0,0.2337,1.0,0.328,2,0.614,0,0.69,1976.57535,1980.4377,0.43,0.466,0.0,2,0.0,0,0.614,1.202,3.0,0.401,0.481,1,1976.36078,8,0.751,0.141,0.202,0.3,0.138,0.803,0.935,1870.95152,1871.60059,1872.43935,100.1926,305.8594,2,1869.86914,0.602,0.0,0.0,0.0,0.0,0,0.078,1,0,16324,0.757,0.571,0.434,3292.0,3292.0,0.7635,4311.9,0.0,1,1,0.925,1362.075,1,1,0.685,1491.726,1,113.637,0.008,0.992,0.0,0.0,1.0,0.36,0.0,0.5,0.0,0.733,0.55,0.5,0.53,0.0,0.451,0.0,0,0,0.37,0.644,0.0,0.57,0.2,0.383,0.73,0.0,0.529,0.0,0.0,0.0,0.0
14464,2024.03.07 10:49:00,XAUEURm,ANCHORED_PULLBACK,BUY,2,1982.525,1975.923,1987.857,0.81,0.377,1976.36078,1979.15025,1975.2879,0,0.126,0.471,0.6661,1967.36757,1956.79725,1971.4965,1945.3645,0,0.005,0.45,0,1976.36078,0.755,0.757,0,0.0,0.0,1977.2166,0.0,0.0,0,0,1,0.8,1.0,0.2337,1.0,0.197,2,0.614,0,0.69,1976.57535,1980.4377,0.616,0.279,0.0,2,0.0,0,0.614,1.261,3.0,0.42,0.487,1,1976.36078,8,0.751,0.0,0.241,0.3,0.138,0.803,0.935,1870.95152,1871.60059,1872.43935,100.1926,305.8594,2,1869.86914,0.602,0.0,0.0,0.0,0.0,0,0.078,1,0,16324,0.757,0.571,0.434,3292.0,3292.0,0.7635,4311.9,0.0,1,1,0.925,1362.075,1,1,0.685,1491.726,1,113.824,0.008,0.992,0.0,0.0,1.0,0.99,0.0,0.5,0.0,0.792,0.631,0.5,0.562,0.0,0.363,0.0,0,0,0.393,0.614,0.0,0.57,0.196,0.43,0.844,0.0,0.529,0.0,0.0,0.0,0.0
14466,2024.03.07 11:05:40,XAUEURm,SWEEP_REVERSAL,BUY,2,1978.855,1974.852,1982.286,0.86,0.15,1978.9937,1979.1708,1975.983,0,0.065,0.554,-0.8571,1967.64972,1956.79725,1971.4965,1945.3645,0,0.005,0.45,0,1978.9937,0.791,0.567,0,0.0,0.0,0.0,0.0,0.0,0,0,1,0.8,1.0,0.2664,1.0,0.403,2,0.511,0,0.691,1976.3372,1974.7433,0.193,0.205,0.0,2,0.0,0,0.511,1.169,3.0,0.39,0.46,1,1978.9937,8,0.758,0.613,0.179,0.3,0.138,0.875,0.937,1870.95152,1871.60059,1872.43935,100.1926,305.8594,2,1869.86914,0.602,0.0,0.0,0.0,0.0,0,0.078,1,0,16325,0.757,0.571,0.434,3292.0,3292.0,0.8224,4002.9,0.0,1,1,0.925,1362.075,1,1,0.685,1491.726,1,121.695,0.008,0.992,0.0,0.0,1.0,0.0,0.0,0.5,0.0,0.425,0.303,0.5,0.488,0.0,0.361,0.0,0,0,0.409,0.666,0.0,0.95,0.1,0.425,0.65,0.0,0.534,0.0,0.0,0.0,0.0
0,2024.03.07 12:00:00,XAUEURm,BREAKOUT_RETEST,BUY,2,1980.785,1979.516,1984.07,2.59,0.694,1976.28697,1979.2233,1976.11425,1,0.211,0.551,0.2955,1967.73117,1956.79725,1971.4965,1945.3645,0,0.005,0.45,0,1976.28697,0.729,0.954,0,0.0,0.0,1976.58523,0.0,0.0,0,0,1,0.8,0.825,0.2384,0.825,0.615,1,0.249,0,0.786,1976.4597,1979.74148,0.253,0.551,-0.0193,2,0.3,3,0.913,1.673,3.0,0.558,0.598,2,1976.11425,5,0.6,0.494,0.235,0.648,0.262,0.975,0.919,1871.02325,1871.64966,1872.46577,97.2439,-2.9487,1,1869.9386,0.606,0.0,0.0,0.0,0.0,0,0.087,1,0,16326,0.757,0.571,0.434,3292.0,3292.0,0.8066,4081.3,0.0,1,1,0.925,1362.075,1,1,0.685,1491.726,1,119.83,0.023,0.977,0.0,1.0,1.0,0.79,0.0,0.5,0.0,0.466,0.521,0.5,0.521,0.0,0.398,0.0,0,0,0.328,0.637,0.0,0.907,0.1,0.422,0.65,0.0,0.476,0.0,0.0,0.0,0.0
0,2024.03.07 12:04:00,XAUEURm,BREAKOUT,BUY,2,1981.305,1979.516,1991.508,5.7,0.358,1976.28697,1979.2233,1976.11425,1,0.211,0.551,0.4229,1967.73117,1956.79725,1971.4965,1945.3645,0,0.005,0.45,0,1976.28697,0.729,0.954,0,0.0,0.0,1976.58523,0.0,0.0,0,0,1,0.8,0.825,0.2384,0.825,0.59,2,0.549,0,0.786,1978.5324,1979.74148,0.127,0.424,0.0,2,0.0,0,0.549,1.084,3.0,0.361,0.472,1,1976.28697,8,0.746,0.745,0.123,0.247,0.157,0.876,0.919,1871.02325,1871.64966,1872.46577,97.2439,-2.9487,1,1869.9386,0.606,0.0,0.0,0.0,0.0,0,0.087,1,0,16326,0.757,0.571,0.434,3292.0,3292.0,0.8066,4081.3,0.0,1,1,0.925,1362.075,1,1,0.685,1491.726,1,119.957,0.023,0.977,0.0,1.0,1.0,0.84,0.0,0.5,0.0,0.589,0.574,0.5,0.521,0.0,0.368,0.0,0,0,0.348,0.669,0.0,0.95,0.1,0.275,0.65,0.0,0.526,0.0,0.0,0.0,0.0
14468,2024.03.07 12:15:40,XAUEURm,TREND_CONTINUATION,BUY,2,1981.055,1976.157,1991.258,2.08,0.51,1976.28697,1979.2233,1976.11425,1,0.211,0.551,0.3617,1967.73117,1956.79725,1971.4965,1945.3645,0,0.005,0.45,0,1976.28697,0.729,0.954,0,0.0,0.0,1976.58523,0.0,0.0,0,0,1,0.8,0.825,0.2384,0.825,0.488,2,0.549,0,0.786,1978.5324,1979.74148,0.189,0.485,0.0,2,0.0,0,0.549,1.13,3.0,0.377,0.477,1,1976.28697,8,0.746,0.623,0.154,0.247,0.157,0.876,0.919,1871.02325,1871.64966,1872.46577,97.2439,-2.9487,1,1869.9386,0.606,0.0,0.0,0.0,0.0,0,0.087,1,0,16326,0.757,0.571,0.434,3292.0,3292.0,0.8066,4081.3,0.0,1,1,0.925,1362.075,1,1,0.685,1491.726,1,119.896,0.023,0.977,0.0,1.0,1.0,0.55,0.0,0.5,0.0,0.622,0.537,0.5,0.549,0.0,0.368,0.0,0,0,0.334,0.724,0.0,0.95,0.1,0.252,0.65,0.0,0.526,0.0,0.0,0.0,0.0
14470,2024.03.07 12:51:40,XAUEURm,PULLBACK,BUY,2,1981.084,1974.962,1993.328,2.0,0.583,1976.28697,1979.2233,1976.11425,1,0.211,0.551,0.3688,1967.73117,1956.79725,1971.4965,1945.3645,0,0.005,0.45,0,1976.28697,0.729,0.954,0,0.0,0.0,1976.58523,0.0,0.0,0,0,1,0.8,0.825,0.2384,0.825,0.488,2,0.549,0,0.786,1978.5324,1979.74148,0.181,0.478,0.0,2,0.0,0,0.549,1.13,3.0,0.377,0.477,1,1976.28697,8,0.746,0.637,0.154,0.247,0.157,0.876,0.919,1871.02325,1871.64966,1872.46577,97.2439,-2.9487,1,1869.9386,0.606,0.0,0.0,0.0,0.0,0,0.087,1,0,16326,0.757,0.571,0.434,3292.0,3292.0,0.8066,4081.3,0.0,1,1,0.925,1362.075,1,1,0.685,1491.726,1,119.903,0.023,0.977,0.0,1.0,1.0,0.99,0.0,0.5,0.0,0.476,0.75,0.5,0.49,0.0,0.367,0.0,0,0,0.444,0.724,0.0,0.95,0.1,0.367,0.65,0.0,0.526,0.0,0.0,0.0,0.0
14472,2024.03.07 14:00:00,XAUEURm,ANCHORED_PULLBACK,BUY,4,1987.569,1983.172,1993.187,1.28,0.817,1978.35102,1979.2658,1974.99685,0,1.193,0.372,1.3302,1968.59275,1956.57135,1968.9295,1944.2132,0,0.006,0.35,0,1978.35102,0.748,0.297,0,0.0,0.0,1984.50825,0.0,0.0,0,0,1,1.0,0.825,0.1177,0.825,0.337,2,0.369,3,0.647,1978.35102,1986.27908,1.33,0.449,0.3763,0,0.25,2,1.0,1.649,3.0,0.55,0.597,2,1978.35102,8,0.75,0.0,0.299,0.947,0.088,0.89,0.857,1871.02325,1871.64966,1872.46577,97.2439,-2.9487,1,1869.9386,0.606,0.0,0.0,0.0,0.0,0,0.087,1,0,16328,0.757,0.571,0.434,3292.0,3292.0,0.739,4454.9,0.0,1,1,0.925,1362.075,1,1,0.685,1491.726,1,111.302,0.023,0.977,0.0,1.0,1.0,0.41,0.0,0.5,0.0,0.522,0.421,0.5,0.361,0.0,0.435,0.0,0,0,0.33,0.536,0.0,0.517,0.107,0.836,0.437,0.0,0.469,0.0,0.0,0.0,0.0
0,2024.03.07 14:04:20,XAUEURm,BREAKOUT,BUY,4,1983.638,1981.807,1985.912,1.24,0.514,1978.35102,1979.2658,1974.99685,0,1.193,0.372,0.4478,1968.59275,1956.57135,1968.9295,1944.2132,0,0.005,0.35,0,1978.35102,0.748,0.297,0,0.0,0.0,1984.50825,0.0,0.0,0,0,1,1.0,0.825,0.1177,0.825,0.149,2,0.612,3,0.647,1978.35102,1981.7052,0.448,0.305,0.0,2,0.25,0,0.612,1.283,3.0,0.428,0.457,1,1978.35102,8,0.75,0.104,0.355,0.247,0.088,0.89,0.879,1871.02325,1871.64966,1872.46577,97.2439,-2.9487,1,1869.9386,0.606,0.0,0.0,0.0,0.0,0,0.087,1,0,16328,0.757,0.571,0.434,3292.0,3292.0,0.739,4454.9,0.0,1,1,0.925,1362.075,1,1,0.685,1491.726,1,110.42,0.023,0.977,0.0,1.0,1.0,0.03,0.0,0.5,0.0,0.622,0.377,0.5,0.448,0.0,0.371,0.0,0,0,0.356,0.385,0.0,0.82,0.107,0.33,0.863,0.0,0.523,0.0,0.0,0.0,0.0
0,2024.03.07 14:04:40,XAUEURm,BREAKOUT_RETEST,BUY,4,1982.244,1980.908,1984.692,1.83,0.601,1978.35102,1979.2658,1974.99685,1,1.193,0.372,0.1349,1968.59275,1956.57135,1968.9295,1944.2132,0,0.005,0.35,0,1978.35102,0.748,0.297,0,0.0,0.0,1984.50825,0.0,0.0,0,0,1,1.0,0.825,0.1177,0.825,0.806,2,0.612,3,0.647,1978.35102,1981.7052,0.135,0.618,0.0,2,0.25,0,0.612,0.987,3.0,0.329,0.423,1,1974.99685,5,0.6,0.73,0.158,0.247,0.088,0.89,0.879,1871.02325,1871.64966,1872.46577,97.2439,-2.9487,1,1869.9386,0.606,0.0,0.0,0.0,0.0,0,0.087,1,0,16328,0.757,0.571,0.434,3292.0,3292.0,0.739,4454.9,0.0,1,1,0.925,1362.075,1,1,0.685,1491.726,1,110.107,0.023,0.977,0.0,1.0,1.0,0.0,0.0,0.5,0.0,0.506,0.354,0.5,0.469,0.0,0.435,0.0,0,0,0.402,0.548,0.0,0.738,0.107,0.273,0.65,0.0,0.555,0.0,0.0,0.0,0.0
14474,2024.03.07 14:24:00,XAUEURm,TREND_CONTINUATION,BUY,4,1980.328,1974.982,1985.912,1.04,0.559,1978.35102,1979.2658,1974.99685,1,1.193,0.372,-0.2952,1968.59275,1956.57135,1968.9295,1944.2132,0,0.005,0.35,0,1978.35102,0.748,0.297,0,0.0,0.0,1984.50825,0.0,0.0,0,0,1,1.0,0.825,0.1177,0.825,0.567,2,0.612,3,0.647,1976.52148,1981.7052,0.115,1.048,0.0,2,0.25,0,0.612,1.095,3.0,0.365,0.409,1,1974.99685,5,0.6,0.769,0.23,0.247,0.088,0.676,0.879,1871.02325,1871.64966,1872.46577,97.2439,-2.9487,1,1869.9386,0.606,0.0,0.0,0.0,0.0,0,0.087,1,0,16328,0.757,0.571,0.434,3292.0,3292.0,0.739,4454.9,0.0,1,1,0.925,1362.075,1,1,0.685,1491.726,1,109.677,0.023,0.977,0.0,1.0,1.0,0.01,0.0,0.5,0.0,0.585,0.637,0.5,0.418,0.0,0.314,0.0,0,0,0.333,0.608,0.743,0.964,0.107,0.38,0.65,0.0,0.532,0.0,0.0,0.0,0.0
14476,2024.03.07 14:59:40,XAUEURm,MEAN_REVERSION,BUY,4,1974.981,1971.417,1981.643,1.87,0.599,1978.35102,1979.2658,1974.99685,0,1.193,0.372,-1.4954,1968.59275,1956.57135,1968.9295,1944.2132,0,0.003,0.35,0,1978.35102,0.748,0.297,0,0.0,0.0,1984.50825,0.0,0.0,0,0,1,1.0,0.825,0.1177,0.825,0.21,2,0.612,3,0.647,1976.52148,1981.7052,1.085,2.248,0.0,2,0.25,0,0.612,1.255,3.0,0.418,0.427,1,1978.35102,8,0.75,0.0,0.337,0.247,0.088,0.676,0.879,1871.02325,1871.64966,1872.46577,97.2439,-2.9487,1,1869.9386,0.606,0.0,0.0,0.0,0.0,0,0.087,1,0,16328,0.757,0.571,0.434,3292.0,3292.0,0.739,4454.9,0.0,1,1,0.925,1362.075,1,1,0.685,1491.726,1,108.476,0.023,0.977,0.0,1.0,1.0,0.21,0.0,0.5,0.0,0.615,0.363,0.5,0.449,0.0,0.413,0.0,0,0,0.382,0.399,0.0,0.964,0.107,0.564,0.462,0.0,0.532,0.0,0.0,0.0,0.0
14478,2024.03.07 15:06:40,XAUEURm,SWEEP_REVERSAL,BUY,4,1975.821,1970.434,1980.724,0.91,0.191,1977.4322,1980.4828,1972.6384,0,0.75,0.059,-0.9102,1968.59275,1956.57135,1968.9295,1944.2132,0,0.003,0.45,0,1977.4322,0.8,0.722,0,0.0,0.0,1972.47935,0.0,0.0,0,0,1,1.0,1.0,0.0703,1.0,0.263,2,0.623,0,0.467,1976.9964,1970.4594,0.829,0.384,0.0,2,0.15,0,0.623,1.231,3.0,0.41,0.437,1,1977.4322,8,0.76,0.0,0.281,0.3,0.146,0.811,0.895,1871.02325,1871.64966,1872.46577,97.2439,-2.9487,1,1869.9386,0.606,0.0,0.0,0.0,0.0,0,0.087,1,0,16329,0.757,0.571,0.434,3292.0,3292.0,0.6111,5387.0,0.0,1,1,0.925,1362.075,1,1,0.685,1491.726,1,89.864,0.023,0.977,0.0,1.0,1.0,0.21,0.0,0.5,0.0,0.898,0.408,0.5,0.49,0.0,0.507,0.0,0,0,0.405,0.362,0.0,0.855,0.369,0.636,0.65,0.0,0.503,0.0,0.0,0.0,0.0
0,2024.03.07 15:07:40,XAUEURm,PULLBACK,BUY,4,1977.983,1975.392,1980.724,1.06,0.647,1977.4322,1980.4828,1972.6384,1,0.75,0.059,-0.5089,1968.59275,1956.57135,1968.9295,1944.2132,0,0.003,0.45,0,1977.4322,0.8,0.722,0,0.0,0.0,1972.47935,0.0,0.0,0,0,1,1.0,1.0,0.0703,1.0,0.466,2,0.623,0,0.467,1976.9964,1970.4594,0.428,0.786,0.0,2,0.15,0,0.623,1.14,3.0,0.38,0.426,1,1977.4322,8,0.76,0.144,0.22,0.3,0.146,0.811,0.895,1871.02325,1871.64966,1872.46577,97.2439,-2.9487,1,1869.9386,0.606,0.0,0.0,0.0,0.0,0,0.087,1,0,16329,0.757,0.571,0.434,3292.0,3292.0,0.6111,5387.0,0.0,1,1,0.925,1362.075,1,1,0.685,1491.726,1,90.265,0.023,0.977,0.0,1.0,1.0,0.99,0.0,0.5,0.0,0.781,0.441,0.5,0.441,0.0,0.427,0.0,0,0,0.338,0.428,0.0,0.855,0.285,0.565,0.65,0.0,0.499,0.0,0.0,0.0,0.0
14480,2024.03.07 16:27:40,XAUEURm,TREND_CONTINUATION,BUY,4,1975.365,1968.648,1989.358,2.08,0.426,1977.87108,1980.16395,1970.0753,1,0.56,0.095,-1.0359,1968.47205,1957.33932,1972.8218,1945.2974,1,0.003,0.55,0,1977.87108,0.8,0.0,2,0.0,0.0,1971.63162,0.0,0.0,0,0,0,0.76,0.5319,0.0134,0.532,0.858,2,0.607,0,0.494,1972.82675,1968.69958,0.135,0.603,0.0,2,0.4,0,0.607,0.964,3.0,0.321,0.348,0,1970.0753,5,0.6,0.731,0.203,0.16,0.239,0.66,0.902,1872.27915,1872.50896,1872.92847,47.0441,-50.1998,1,1871.15484,0.614,0.0,0.0,0.0,0.0,0,0.099,1,0,16330,0.76,0.567,0.438,3292.0,3292.0,0.5881,5597.4,0.0,1,1,0.925,1362.075,1,1,0.685,1491.726,1,86.405,0.503,0.497,0.0,1.0,1.0,0.99,0.0,0.5,0.0,0.777,0.7,0.5,0.47,0.0,0.391,0.0,0,0,0.417,0.729,0.0,1.0,0.277,0.605,0.574,0.0,0.503,0.0,0.0,0.0,0.0
14482,2024.03.08 02:52:40,XAUEURm,MEAN_REVERSION,BUY,1,1970.835,1966.955,1974.112,0.84,0.821,1970.81963,1971.77925,1970.2865,0,0.255,0.035,-0.6756,1971.185,1957.4996,1975.812,1954.268,1,0.002,0.35,0,1970.81963,0.715,0.638,0,0.0,0.0,0.0,0.0,0.0,0,0,0,0.157,0.0,-0.0068,0.34,0.053,0,0.903,0,0.592,1970.81963,1969.32687,0.676,0.368,0.0,2,0.15,0,0.903,1.326,3.0,0.442,0.534,2,1970.81963,8,0.743,0.0,0.344,0.0,0.171,0.816,0.911,1872.27915,1872.50896,1872.629,16.1797,-36.272,1,1871.15484,0.617,0.0,0.0,0.0,0.0,0,0.112,1,0,16339,0.76,0.567,0.438,3292.0,3292.0,0.6787,4850.2,0.0,1,1,0.925,1362.075,1,1,0.685,1491.726,1,98.781,0.502,0.498,0.0,1.0,1.0,0.0,0.0,0.5,0.0,0.772,0.343,0.5,0.504,0.0,0.417,0.0,0,0,0.412,0.648,0.0,1.0,0.335,0.153,0.407,0.0,0.488,0.0,0.0,0.0,0.0
14484,2024.03.08 03:00:00,XAUEURm,SWEEP_REVERSAL,BUY,1,1970.963,1966.239,1974.899,0.83,0.208,1971.60742,1972.36405,1969.33755,0,0.641,0.0,-0.8332,1971.185,1957.4996,1975.812,1954.268,1,0.002,0.5,0,1971.60742,0.733,0.352,0,0.0,0.0,0.0,0.0,0.0,0,0,0,0.186,0.0,-0.003,0.344,0.169,0,0.822,0,0.466,1971.15345,1967.67298,0.737,0.0,0.0,2,0.15,0,0.822,1.274,3.0,0.425,0.507,2,1971.60742,8,0.747,0.0,0.309,0.0,0.146,0.941,0.858,1872.27915,1872.50896,1872.629,16.1797,-36.272,1,1871.15484,0.617,0.0,0.0,0.0,0.0,0,0.112,1,0,16340,0.753,0.571,0.439,3292.0,3292.0,0.6968,4724.5,0.0,1,1,0.925,1362.075,1,1,0.685,1491.726,0,101.437,0.502,0.498,0.0,1.0,0.5,0.18,0.0,0.5,0.0,0.601,0.267,0.5,0.459,0.0,0.435,0.0,0,0,0.452,0.573,0.0,1.0,0.329,0.315,0.435,0.0,0.477,0.0,0.0,0.0,0.0
14486,2024.03.08 04:53:40,XAUEURm,MEAN_REVERSION,BUY,1,1972.248,1968.556,1975.226,0.81,0.71,1969.42525,1971.934,1968.2545,1,0.023,0.484,-0.1017,1970.123,1957.4996,1973.6576,1954.268,1,0.002,0.55,0,1969.42525,0.736,0.581,0,0.0,0.0,0.0,0.0,0.0,0,0,0,0.312,-0.4428,-0.0197,0.443,0.822,0,0.754,0,0.68,1969.09075,1966.9165,0.029,0.442,0.0,2,0.0,0,0.754,0.98,3.0,0.327,0.493,1,1971.934,4,0.6,0.942,0.053,0.133,0.136,0.841,0.884,1872.27915,1872.50896,1875.6678,417.6502,401.4704,2,1871.15484,0.619,0.0,0.0,0.0,0.0,0,0.12,1,0,16341,0.753,0.571,0.439,3292.0,3292.0,0.7133,4615.2,0.0,1,1,0.925,1362.075,1,1,0.685,1491.726,0,104.117,0.018,0.982,0.0,0.0,0.5,0.45,0.0,0.5,0.0,0.69,0.502,0.5,0.566,0.0,0.425,0.0,0,0,0.341,0.806,0.0,1.0,0.277,0.318,0.499,0.0,0.505,0.0,0.0,0.0,0.0
0,2024.03.08 07:00:00,XAUEURm,ANCHORED_PULLBACK,BUY,1,1975.789,1973.735,1978.635,1.39,0.537,1969.65098,1970.13555,1968.19725,0,0.925,0.295,0.9252,1970.123,1968.8989,1978.2616,1957.4556,1,0.001,0.3,4,1969.65098,0.768,0.545,0,0.0,0.0,1972.45657,0.0,0.0,0,0,0,0.9,-0.615,-0.0682,0.615,0.275,0,0.699,1,0.311,1969.1664,1971.1047,1.083,0.453,0.0,2,0.4,0,0.699,1.226,3.0,0.409,0.395,1,1969.65098,8,0.754,0.0,0.377,0.185,0.29,0.787,0.958,1872.27915,1872.50896,1875.6678,417.6502,401.4704,2,1871.15484,0.619,0.0,0.0,0.0,0.0,0,0.12,1,0,16344,0.753,0.571,0.439,3292.0,3292.0,1.0702,3076.1,0.0,1,1,0.925,1362.075,1,1,0.685,1491.726,0,157.364,0.018,0.982,0.0,0.0,0.5,0.49,0.0,0.5,0.0,0.805,0.529,0.5,0.538,0.0,0.457,0.0,0,0,0.362,0.558,0.0,0.852,0.198,0.268,0.813,0.0,0.547,0.0,0.0,0.0,0.0
0,2024.03.08 09:01:40,XAUEURm,ANCHORED_PULLBACK,BUY,2,1981.271,1979.023,1984.162,1.29,0.505,1969.80337,1975.41805,1968.152,0,1.051,0.428,2.6157,1970.123,1958.04582,1972.80695,1953.12545,0,0.006,0.55,2,1969.80337,0.792,0.378,0,0.0,0.0,1978.27087,0.0,0.0,0,0,1,0.675,0.685,0.0778,0.685,0.393,2,0.533,3,0.515,1975.08777,1980.37218,0.925,0.766,0.0,2,0.0,0,0.533,1.173,3.0,0.391,0.401,1,1975.08777,2,0.55,0.0,0.182,0.206,0.0,0.535,0.971,1872.27915,1872.50896,1875.6678,406.024,-11.6262,1,1871.15484,0.622,0.0,0.0,0.0,0.0,0,0.112,1,0,16346,0.753,0.571,0.439,3292.0,3292.0,1.0532,3125.6,0.0,1,1,0.925,1362.075,1,1,0.685,1491.726,0,156.626,0.032,0.968,0.0,1.0,0.5,0.05,0.0,0.5,0.0,0.738,0.507,0.5,0.48,0.0,0.335,0.0,0,0,0.282,0.55,0.0,0.903,0.219,0.339,0.434,0.0,0.532,0.0,0.0,0.0,0.0
0,2024.03.08 09:09:40,XAUEURm,PULLBACK,BUY,2,1982.518,1981.25,1991.895,7.4,0.368,1969.80337,1975.41805,1968.152,0,1.051,0.428,3.0147,1970.123,1958.04582,1972.80695,1953.12545,0,0.007,0.55,2,1969.80337,0.792,0.378,0,0.0,0.0,1978.27087,0.0,0.0,0,0,1,0.675,0.685,0.0778,0.685,0.148,2,0.533,3,0.515,1975.08777,1980.37218,1.324,0.367,0.0,2,0.0,0,0.533,1.29,3.015,0.428,0.415,1,1975.08777,2,0.55,0.0,0.256,0.206,0.0,0.535,0.971,1872.27915,1872.50896,1875.6678,406.024,-11.6262,1,1871.15484,0.622,0.0,0.0,0.0,0.0,0,0.112,1,0,16346,0.753,0.571,0.439,3292.0,3292.0,1.0532,3125.6,0.0,1,1,0.925,1362.075,1,1,0.685,1491.726,0,157.025,0.032,0.968,0.0,1.0,0.5,0.93,0.0,0.5,0.0,0.903,0.615,0.5,0.527,0.0,0.405,0.0,0,0,0.389,0.41,0.0,0.808,0.219,0.099,0.864,0.0,0.543,0.0,0.0,0.0,0.0
14488,2024.03.08 09:23:40,XAUEURm,TREND_CONTINUATION,BUY,2,1984.663,1980.912,1992.477,2.08,0.445,1969.80337,1975.41805,1968.152,0,1.051,0.428,3.701,1970.123,1958.04582,1972.80695,1953.12545,0,0.007,0.55,2,1969.80337,0.792,0.378,0,0.0,0.0,1978.27087,0.0,0.0,0,0,1,0.675,0.685,0.0778,0.685,0.018,2,0.533,3,0.515,1975.08777,1980.37218,2.01,0.32,0.0,2,0.0,0,0.533,1.655,3.701,0.447,0.458,1,1975.08777,2,0.55,0.0,0.295,0.206,0.0,0.535,0.971,1872.27915,1872.50896,1875.6678,406.024,-11.6262,1,1871.15484,0.622,0.0,0.0,0.0,0.0,0,0.112,1,0,16346,0.753,0.571,0.439,3292.0,3292.0,1.0532,3125.6,0.0,1,1,0.925,1362.075,1,1,0.685,1491.726,0,157.711,0.032,0.968,0.0,1.0,0.5,0.99,0.0,0.5,0.0,0.644,0.635,0.5,0.47,0.0,0.42,0.0,0,0,0.39,0.343,0.0,0.475,0.19,0.43,0.864,0.0,0.543,0.0,0.0,0.0,0.0
14490,2024.03.08 09:37:40,XAUEURm,BREAKOUT,BUY,2,1983.487,1978.067,1991.301,1.44,0.412,1969.80337,1975.41805,1968.152,0,1.051,0.428,3.3247,1970.123,1958.04582,1972.80695,1953.12545,0,0.007,0.55,2,1969.80337,0.792,0.378,0,0.0,0.0,1978.27087,0.0,0.0,0,0,1,0.675,0.685,0.0778,0.685,0.018,2,0.533,3,0.515,1975.08777,1980.37218,1.634,0.057,0.0,2,0.0,0,0.533,1.487,3.325,0.447,0.438,1,1975.08777,2,0.55,0.0,0.295,0.206,0.0,0.535,0.971,1872.27915,1872.50896,1875.6678,406.024,-11.6262,1,1871.15484,0.622,0.0,0.0,0.0,0.0,0,0.112,1,0,16346,0.753,0.571,0.439,3292.0,3292.0,1.0532,3125.6,0.0,1,1,0.925,1362.075,1,1,0.685,1491.726,0,157.335,0.032,0.968,0.0,1.0,0.5,0.0,0.0,0.5,0.0,0.64,0.45,0.5,0.498,0.0,0.421,0.0,0,0,0.348,0.343,0.0,0.713,0.19,0.569,0.864,0.0,0.543,0.0,0.0,0.0,0.0
0,2024.03.08 11:23:40,XAUEURm,BREAKOUT_RETEST,BUY,2,1985.252,1984.29,1986.753,1.56,0.517,1981.92962,1983.461,1976.1104,1,0.063,0.701,0.0095,1970.123,1970.08168,1978.8182,1957.46225,0,0.004,0.6,2,1981.92962,0.755,0.0,1,0.0,0.0,0.0,0.0,0.0,0,0,1,0.825,0.755,0.3808,0.755,1.0,2,0.512,3,0.507,1981.92962,1979.7857,0.009,0.678,0.0,2,0.0,0,0.512,0.9,3.0,0.3,0.398,1,1983.461,4,0.6,0.981,0.0,0.226,0.0,0.814,0.771,1872.27915,1872.50896,1875.6678,406.024,-11.6262,1,1871.15484,0.622,0.0,0.0,0.0,0.0,0,0.112,1,0,16348,0.753,0.571,0.439,3292.0,3292.0,1.0269,3205.6,0.0,1,1,0.925,1362.075,1,1,0.685,1491.726,0,153.955,0.032,0.968,0.0,1.0,0.5,0.99,0.0,0.5,0.0,0.794,0.594,0.5,0.535,0.0,0.425,0.0,0,0,0.387,0.709,0.0,0.556,0.14,0.774,0.65,0.0,0.574,0.0,0.0,0.0,0.0
0,2024.03.08 12:00:40,XAUEURm,BREAKOUT,BUY,2,1984.305,1982.371,1986.55,1.16,0.286,1981.63153,1983.05445,1979.3955,1,0.0,0.515,-0.1957,1970.123,1969.93335,1981.3259,1958.5408,1,0.004,0.45,0,1981.63153,0.681,0.614,0,0.0,0.0,0.0,0.0,0.0,0,0,1,0.6,0.79,0.5048,0.79,0.662,0,0.69,2,0.238,1981.42825,1979.3955,0.131,0.512,0.0,2,0.0,0,0.69,1.052,3.0,0.351,0.423,1,1979.3955,5,0.6,0.737,0.101,0.237,0.0,0.782,0.886,1872.27915,1872.50896,1875.6678,392.974,-13.0499,1,1871.15484,0.626,0.0,0.0,0.0,0.0,0,0.083,1,0,16349,0.753,0.571,0.439,3292.0,3292.0,1.0413,3161.3,0.0,1,1,0.925,1362.075,1,1,0.685,1491.726,1,155.816,0.035,0.965,0.0,1.0,1.0,0.33,0.0,0.5,0.0,0.565,0.413,0.5,0.52,0.0,0.393,0.0,0,0,0.366,0.813,0.0,0.99,0.14,0.478,0.533,0.0,0.557,0.0,0.0,0.0,0.0
0,2024.03.08 12:01:00,XAUEURm,PULLBACK,BUY,2,1984.391,1982.371,1986.55,1.07,0.504,1981.63153,1983.05445,1979.3955,1,0.0,0.515,-0.1685,1970.123,1969.93335,1981.3259,1958.5408,1,0.004,0.45,0,1981.63153,0.681,0.614,0,0.0,0.0,0.0,0.0,0.0,0,0,1,0.6,0.79,0.5048,0.79,0.906,0,0.69,2,0.238,1981.42825,1979.3955,0.104,0.539,0.0,2,0.0,0,0.69,0.942,3.0,0.314,0.41,1,1979.3955,5,0.6,0.792,0.028,0.237,0.0,0.782,0.886,1872.27915,1872.50896,1875.6678,392.974,-13.0499,1,1871.15484,0.626,0.0,0.0,0.0,0.0,0,0.083,1,0,16349,0.753,0.571,0.439,3292.0,3292.0,1.0413,3161.3,0.0,1,1,0.925,1362.075,1,1,0.685,1491.726,1,155.843,0.035,0.965,0.0,1.0,1.0,0.38,0.0,0.5,0.0,0.48,0.427,0.5,0.52,0.0,0.393,0.0,0,0,0.357,0.813,0.0,0.99,0.14,0.478,0.535,0.0,0.557,0.0,0.0,0.0,0.0
14492,2024.03.08 12:03:00,XAUEURm,TREND_CONTINUATION,BUY,2,1985.557,1981.763,1993.46,2.08,0.425,1981.63153,1983.05445,1979.3955,1,0.0,0.515,0.2004,1970.123,1969.93335,1981.3259,1958.5408,0,0.004,0.45,0,1981.63153,0.681,0.614,0,0.0,0.0,0.0,0.0,0.0,0,0,1,0.6,0.79,0.5048,0.79,0.361,0,0.69,2,0.238,1981.42825,1983.25772,0.265,0.314,0.0,2,0.0,0,0.69,1.188,3.0,0.396,0.439,1,1979.3955,5,0.6,0.471,0.192,0.237,0.0,0.782,0.937,1872.27915,1872.50896,1875.6678,392.974,-13.0499,1,1871.15484,0.626,0.0,0.0,0.0,0.0,0,0.083,1,0,16349,0.753,0.571,0.439,3292.0,3292.0,1.0413,3161.3,0.0,1,1,0.925,1362.075,1,1,0.685,1491.726,1,156.212,0.035,0.965,0.0,1.0,1.0,0.99,0.0,0.5,0.0,0.678,0.533,0.5,0.52,0.0,0.394,0.0,0,0,0.333,0.662,0.0,0.986,0.1,0.43,0.65,0.0,0.552,0.0,0.0,0.0,0.0
0,2024.03.08 12:56:40,XAUEURm,MEAN_REVERSION,BUY,2,1983.581,1982.371,1984.924,1.11,0.637,1981.63153,1983.05445,1979.3955,1,0.0,0.515,-0.4247,1970.123,1969.93335,1981.3259,1958.5408,1,0.003,0.45,0,1981.63153,0.681,0.614,0,0.0,0.0,0.0,0.0,0.0,0,0,1,0.6,0.79,0.5048,0.79,0.322,0,0.69,2,0.238,1981.42825,1979.3955,0.36,0.283,0.0,2,0.0,0,0.69,1.205,3.0,0.402,0.441,1,1981.63153,8,0.736,0.279,0.203,0.237,0.0,0.782,0.886,1872.27915,1872.50896,1875.6678,392.974,-13.0499,1,1871.15484,0.626,0.0,0.0,0.0,0.0,0,0.083,1,0,16349,0.753,0.571,0.439,3292.0,3292.0,1.0413,3161.3,0.0,1,1,0.925,1362.075,1,1,0.685,1491.726,1,155.587,0.035,0.965,0.0,1.0,1.0,0.0,0.0,0.5,0.0,0.616,0.355,0.5,0.506,0.0,0.335,0.0,0,0,0.373,0.728,0.0,1.0,0.1,0.348,0.515,0.0,0.532,0.0,0.0,0.0,0.0
0,2024.03.08 13:02:40,XAUEURm,SWEEP_REVERSAL,BUY,4,1982.17,1978.914,1984.937,0.85,0.295,1981.64522,1982.06425,1980.38815,0,0.345,0.002,-0.85,1970.123,1958.02993,1972.7396,1953.70355,0,0.006,0.3,4,1981.64522,0.793,0.693,0,0.0,0.0,1980.74373,0.0,0.0,0,0,1,0.65,0.65,0.5317,0.65,0.07,0,0.702,2,0.254,1981.2262,1978.29302,0.721,0.18,0.0,2,0.4,0,0.702,1.319,3.0,0.44,0.411,1,1981.64522,8,0.759,0.0,0.439,0.195,0.29,0.877,0.956,1872.27915,1872.50896,1875.6678,392.974,-13.0499,1,1871.15484,0.626,0.0,0.0,0.0,0.0,0,0.083,1,0,16350,0.736,0.575,0.44,3292.0,3292.0,1.0112,3255.6,0.0,1,1,0.925,1362.075,1,1,0.685,1491.726,1,150.648,0.035,0.965,0.0,1.0,1.0,0.0,0.0,0.5,0.0,0.946,0.356,0.5,0.539,0.0,0.409,0.0,0,0,0.412,0.447,0.0,1.0,0.207,0.227,0.65,0.0,0.558,0.0,0.0,0.0,0.0
0,2024.03.08 13:31:00,XAUEURm,BREAKOUT_RETEST,BUY,4,1983.849,1982.872,1984.937,1.11,0.434,1981.64522,1982.06425,1980.38815,1,0.345,0.002,-0.3343,1970.123,1958.02993,1972.7396,1953.70355,0,0.007,0.3,4,1981.64522,0.793,0.693,0,0.0,0.0,1980.74373,0.0,0.0,0,0,1,0.65,0.65,0.5317,0.65,0.534,0,0.702,2,0.254,1981.2262,1979.5501,0.206,0.309,0.0,2,0.4,0,0.702,1.11,3.0,0.37,0.386,1,1981.64522,8,0.759,0.589,0.3,0.195,0.29,0.877,0.94,1872.27915,1872.50896,1875.6678,392.974,-13.0499,1,1871.15484,0.626,0.0,0.0,0.0,0.0,0,0.083,1,0,16350,0.736,0.575,0.44,3292.0,3292.0,1.0112,3255.6,0.0,1,1,0.925,1362.075,1,1,0.685,1491.726,1,151.163,0.035,0.965,0.0,1.0,1.0,0.99,0.0,0.5,0.887,0.666,0.447,0.5,0.461,0.0,0.392,0.0,0,0,0.327,0.817,0.0,1.0,0.243,0.358,0.44,0.0,0.558,0.0,0.0,0.0,0.0
14494,2024.03.08 14:04:40,XAUEURm,BREAKOUT,BUY,4,1984.79,1978.354,1995.518,1.67,0.458,1981.13088,1983.219,1979.878,1,0.197,0.776,0.0856,1969.64148,1969.9888,1982.3154,1959.5586,1,0.003,0.2,4,1981.13088,0.796,0.279,0,0.0,0.0,1985.93425,0.0,0.0,0,0,0,1.0,0.685,0.396,0.685,1.0,0,0.736,1,0.173,1981.5485,1974.8665,0.012,1.545,0.0,2,0.25,0,0.736,0.9,3.0,0.3,0.351,1,1979.878,5,0.6,0.976,0.1,0.206,0.238,0.624,0.991,1872.27915,1872.50896,1875.6678,392.974,-13.0499,1,1871.15484,0.626,0.0,0.0,0.0,0.0,0,0.083,1,0,16351,0.736,0.575,0.44,3292.0,3292.0,0.7672,4291.0,0.0,1,1,0.925,1362.075,1,1,0.685,1491.726,1,114.907,0.035,0.965,0.0,1.0,1.0,0.67,0.0,0.5,0.0,0.474,0.388,0.5,0.449,0.0,0.552,0.0,0,0,0.423,0.8,1.0,0.942,0.14,0.277,0.53,0.0,0.562,0.0,0.0,0.0,0.0
14495,2024.03.08 14:04:59,XAUEURm,TREND_CONTINUATION,BUY,4,1984.508,1979.359,1995.236,2.08,0.527,1981.13088,1983.219,1979.878,1,0.197,0.776,0.0198,1969.64148,1969.9888,1982.3154,1959.5586,1,0.003,0.2,4,1981.13088,0.796,0.279,0,0.0,0.0,1985.93425,0.0,0.0,0,0,0,1.0,0.685,0.396,0.685,1.0,0,0.736,1,0.173,1981.5485,1974.8665,0.077,1.48,0.0,2,0.25,0,0.736,0.9,3.0,0.3,0.351,1,1979.878,5,0.6,0.845,0.1,0.206,0.238,0.624,0.991,1872.27915,1872.50896,1875.6678,392.974,-13.0499,1,1871.15484,0.626,0.0,0.0,0.0,0.0,0,0.083,1,0,16351,0.736,0.575,0.44,3292.0,3292.0,0.7672,4291.0,0.0,1,1,0.925,1362.075,1,1,0.685,1491.726,1,114.841,0.035,0.965,0.0,1.0,1.0,0.67,0.0,0.5,0.0,0.474,0.398,0.5,0.449,0.0,0.552,0.0,0,0,0.417,0.8,1.0,1.0,0.14,0.277,0.524,0.0,0.562,0.0,0.0,0.0,0.0
0,2024.03.08 15:00:40,XAUEURm,MEAN_REVERSION,BUY,4,1982.492,1981.043,1984.423,1.33,0.612,1981.13088,1982.38375,1978.2075,1,0.068,0.8,-0.4234,1969.64148,1969.9888,1982.3154,1959.5586,1,0.002,0.25,4,1981.13088,0.8,0.5,0,0.0,0.0,1979.1374,0.0,0.0,0,0,0,1.0,0.72,0.3138,0.72,0.467,0,0.68,1,0.101,1980.71325,1984.05425,0.332,1.064,0.0,2,0.25,0,0.68,1.14,3.0,0.38,0.351,1,1981.13088,8,0.76,0.336,0.26,0.216,0.238,0.58,0.957,1872.27915,1872.50896,1875.6678,392.974,-13.0499,1,1871.15484,0.626,0.0,0.0,0.0,0.0,0,0.083,1,0,16352,0.736,0.575,0.44,3292.0,3292.0,0.7218,4560.6,0.0,1,1,0.925,1362.075,1,1,0.685,1491.726,1,107.611,0.035,0.965,0.0,1.0,1.0,0.39,0.0,0.5,0.0,0.876,0.456,0.5,0.503,0.0,0.379,0.0,0,0,0.329,0.8,0.0,1.0,0.1,0.396,0.566,0.0,0.534,0.0,0.0,0.0,0.0
0,2024.03.08 15:31:00,XAUEURm,BREAKOUT_RETEST,BUY,4,1983.224,1981.043,1987.764,2.08,0.569,1981.13088,1982.38375,1978.2075,1,0.068,0.8,-0.2629,1969.64148,1969.9888,1982.3154,1959.5586,1,0.002,0.25,4,1981.13088,0.8,0.5,0,0.0,0.0,1979.1374,0.0,0.0,0,0,0,1.0,0.72,0.3138,0.72,0.54,0,0.68,1,0.101,1980.71325,1984.05425,0.171,0.904,0.0,2,0.25,0,0.68,1.107,3.0,0.369,0.347,0,1978.2075,5,0.6,0.657,0.238,0.216,0.238,0.58,0.957,1872.27915,1872.50896,1875.6678,392.974,-13.0499,1,1871.15484,0.626,0.0,0.0,0.0,0.0,0,0.083,1,0,16352,0.736,0.575,0.44,3292.0,3292.0,0.7218,4560.6,0.0,1,1,0.925,1362.075,1,1,0.685,1491.726,1,107.771,0.035,0.965,0.0,1.0,1.0,0.5,0.0,0.5,0.0,0.965,0.53,0.5,0.523,0.0,0.401,0.0,0,0,0.335,0.8,0.0,1.0,0.1,0.446,0.54,0.0,0.534,0.0,0.0,0.0,0.0
14498,2024.03.08 15:33:40,XAUEURm,PULLBACK,BUY,4,1985.653,1978.812,1999.335,2.0,0.602,1981.13088,1982.38375,1978.2075,1,0.068,0.8,0.2697,1969.64148,1969.9888,1982.3154,1959.5586,0,0.003,0.25,4,1981.13088,0.8,0.5,0,0.0,0.0,1979.1374,0.0,0.0,0,0,0,1.0,0.72,0.3138,0.72,0.498,0,0.68,1,0.101,1980.71325,1984.05425,0.361,0.371,0.0,2,0.25,0,0.68,1.126,3.0,0.375,0.349,0,1980.71325,2,0.55,0.277,0.251,0.216,0.238,0.58,0.957,1872.27915,1872.50896,1875.6678,392.974,-13.0499,1,1871.15484,0.626,0.0,0.0,0.0,0.0,0,0.083,1,0,16352,0.736,0.575,0.44,3292.0,3292.0,0.7218,4560.6,0.0,1,1,0.925,1362.075,1,1,0.685,1491.726,1,108.304,0.035,0.965,0.0,1.0,1.0,0.99,0.0,0.5,0.0,1.0,0.545,0.5,0.523,0.0,0.406,0.0,0,0,0.346,0.71,0.0,0.981,0.13,0.402,0.65,0.0,0.553,0.0,0.0,0.0,0.0
14500,2024.03.08 16:00:00,XAUEURm,ANCHORED_PULLBACK,BUY,4,1988.042,1982.193,1994.272,1.07,0.724,1981.13088,1983.219,1978.2075,0,0.76,0.819,0.7601,1969.64148,1969.9888,1982.3154,1959.5586,0,0.003,0.3,0,1981.13088,0.8,0.865,0,0.0,0.0,1983.62172,0.0,0.0,0,0,1,1.0,0.93,0.2265,0.93,0.204,0,0.685,1,0.124,1979.878,1988.64812,1.023,0.819,0.1754,0,0.0,2,1.0,1.708,3.0,0.569,0.569,2,1981.13088,8,0.76,0.0,0.239,0.979,0.0,0.836,0.943,1869.23631,1873.04797,1872.83631,-24.2979,-417.2719,-2,1868.85325,0.614,0.0,0.0,0.0,0.0,0,0.081,1,0,16353,0.736,0.575,0.44,3292.0,3292.0,0.6914,4761.2,0.0,1,1,0.925,1362.075,1,1,0.685,1491.726,1,104.241,0.019,0.981,0.1,0.0,1.0,0.95,0.0,0.5,0.0,0.851,0.581,0.5,0.5,0.0,0.412,0.0,0,0,0.363,0.539,0.0,0.902,0.067,1.0,0.711,0.0,0.472,0.0,0.0,0.0,0.0
0,2024.03.08 16:04:40,XAUEURm,BREAKOUT,BUY,4,1986.747,1983.947,1991.94,1.85,0.509,1981.13088,1983.219,1978.2075,0,0.76,0.819,0.4881,1969.64148,1969.9888,1982.3154,1959.5586,0,0.003,0.3,0,1981.13088,0.8,0.865,0,0.0,0.0,1983.62172,0.0,0.0,0,0,1,1.0,0.93,0.2265,0.93,0.262,0,0.685,1,0.124,1979.878,1988.64812,0.751,1.091,0.0,2,0.0,0,0.685,1.232,3.0,0.411,0.435,1,1981.13088,8,0.76,0.0,0.221,0.279,0.0,0.836,0.943,1869.23631,1873.04797,1872.83631,-24.2979,-417.2719,-2,1868.85325,0.614,0.0,0.0,0.0,0.0,0,0.081,1,0,16353,0.736,0.575,0.44,3292.0,3292.0,0.6914,4761.2,0.0,1,1,0.925,1362.075,1,1,0.685,1491.726,1,103.969,0.019,0.981,0.1,0.0,1.0,0.39,0.0,0.5,0.0,0.881,0.595,0.5,0.517,0.0,0.377,0.0,0,0,0.363,0.627,0.0,1.0,0.067,0.481,0.435,0.0,0.528,0.0,0.0,0.0,0.0
14502,2024.03.08 16:05:40,XAUEURm,TREND_CONTINUATION,BUY,4,1985.926,1980.213,1991.94,1.05,0.578,1981.13088,1983.219,1978.2075,1,0.76,0.819,0.3157,1969.64148,1969.9888,1982.3154,1959.5586,0,0.003,0.3,0,1981.13088,0.8,0.865,0,0.0,0.0,1983.62172,0.0,0.0,0,0,1,1.0,0.93,0.2265,0.93,0.262,0,0.685,1,0.124,1979.878,1988.64812,0.579,1.263,0.0,2,0.0,0,0.685,1.232,3.0,0.411,0.435,1,1981.13088,8,0.76,0.0,0.221,0.279,0.0,0.836,0.943,1869.23631,1873.04797,1872.83631,-24.2979,-417.2719,-2,1868.85325,0.614,0.0,0.0,0.0,0.0,0,0.081,1,0,16353,0.736,0.575,0.44,3292.0,3292.0,0.6914,4761.2,0.0,1,1,0.925,1362.075,1,1,0.685,1491.726,1,103.797,0.019,0.981,0.1,0.0,1.0,0.04,0.0,0.5,0.0,1.0,0.558,0.5,0.481,0.0,0.366,0.0,0,0,0.325,0.612,0.0,1.0,0.087,0.398,0.435,0.0,0.528,0.0,0.0,0.0,0.0
14504,2024.03.08 17:53:40,XAUEURm,PULLBACK,BUY,3,1996.873,1992.517,2012.684,3.63,0.472,1979.25367,1985.31135,1976.9238,0,1.482,0.067,2.7185,1969.73863,1968.91435,1981.8695,1957.9523,0,0.005,0.45,0,1979.25367,0.715,0.325,0,0.0,0.0,1989.7516,0.0,0.0,0,0,1,1.0,0.965,0.1649,0.965,0.084,2,0.563,1,0.028,1983.91342,1990.90305,1.834,0.508,0.0,2,0.15,0,0.563,1.312,3.0,0.437,0.34,0,1983.91342,2,0.55,0.0,0.335,0.29,0.053,0.522,0.896,1869.23631,1873.04797,1872.83631,-24.2979,-417.2719,-2,1868.85325,0.614,0.0,0.0,0.0,0.0,0,0.081,1,0,16354,0.736,0.575,0.44,3292.0,3292.0,0.6246,5270.3,0.0,1,1,0.925,1362.075,1,1,0.685,1491.726,1,95.848,0.019,0.981,0.1,0.0,1.0,0.0,0.0,0.5,0.0,0.705,0.35,0.5,0.461,0.0,0.367,0.0,0,0,0.376,0.12,0.0,0.333,0.189,0.593,0.857,0.0,0.526,0.0,0.0,0.0,0.0
14506,2024.03.08 18:04:40,XAUEURm,BREAKOUT,BUY,3,1995.867,1987.265,2010.691,1.72,0.5,1980.11145,1989.762,1974.915,0,1.875,0.122,2.1019,1969.43403,1969.0797,1983.5546,1959.8684,0,0.004,0.5,2,1980.11145,0.75,0.187,0,0.0,0.0,2002.69712,0.0,0.0,0,0,1,1.0,0.825,0.1079,0.825,0.092,2,0.551,3,0.741,1983.8232,1991.2467,1.476,0.224,0.0,2,0.4,0,0.551,1.309,3.0,0.436,0.4,1,1980.11145,8,0.75,0.0,0.432,0.247,0.14,0.617,0.852,1869.23631,1873.04797,1872.83631,-24.2979,-417.2719,-2,1868.85325,0.614,0.0,0.0,0.0,0.0,0,0.081,1,0,16355,0.736,0.575,0.44,3292.0,3292.0,0.5552,5929.6,0.0,1,1,0.925,1362.075,1,1,0.685,1491.726,1,85.02,0.019,0.981,0.1,0.0,1.0,0.06,0.0,0.5,0.0,0.705,0.35,0.5,0.425,0.0,0.368,0.0,0,0,0.365,0.085,0.0,0.394,0.182,1.0,0.861,0.0,0.499,0.0,0.0,0.0,0.0
14508,2024.03.08 18:09:40,XAUEURm,BREAKOUT_RETEST,BUY,3,1992.237,1987.265,2000.478,1.66,0.592,1980.11145,1989.762,1974.915,1,1.875,0.122,1.4897,1969.43403,1969.0797,1983.5546,1959.8684,0,0.003,0.5,2,1980.11145,0.75,0.187,0,0.0,0.0,2002.69712,0.0,0.0,0,0,1,1.0,0.825,0.1079,0.825,0.224,2,0.551,3,0.741,1983.8232,1991.2467,0.864,0.388,0.0,2,0.4,0,0.551,1.249,3.0,0.416,0.393,1,1983.8232,2,0.55,0.0,0.393,0.247,0.14,0.617,0.852,1869.23631,1873.04797,1872.83631,-24.2979,-417.2719,-2,1868.85325,0.614,0.0,0.0,0.0,0.0,0,0.081,1,0,16355,0.736,0.575,0.44,3292.0,3292.0,0.5552,5929.6,0.0,1,1,0.925,1362.075,1,1,0.685,1491.726,1,84.408,0.019,0.981,0.1,0.0,1.0,0.0,0.0,0.5,0.0,0.628,0.3,0.5,0.417,0.0,0.331,0.0,0,0,0.377,0.192,0.0,0.394,0.168,0.992,0.736,0.0,0.505,0.0,0.0,0.0,0.0
14510,2024.03.08 18:38:40,XAUEURm,TREND_CONTINUATION,BUY,3,1995.475,1987.265,2010.299,1.81,0.557,1980.11145,1989.762,1974.915,0,1.875,0.122,2.0358,1969.43403,1969.0797,1983.5546,1959.8684,0,0.004,0.5,2,1980.11145,0.75,0.187,0,0.0,0.0,2002.69712,0.0,0.0,0,0,1,1.0,0.825,0.1079,0.825,0.092,2,0.551,3,0.741,1983.8232,1991.2467,1.41,0.158,0.0,2,0.4,0,0.551,1.309,3.0,0.436,0.4,1,1980.11145,8,0.75,0.0,0.432,0.247,0.14,0.617,0.852,1869.23631,1873.04797,1872.83631,-24.2979,-417.2719,-2,1868.85325,0.614,0.0,0.0,0.0,0.0,0,0.081,1,0,16355,0.736,0.575,0.44,3292.0,3292.0,0.5552,5929.6,0.0,1,1,0.925,1362.075,1,1,0.685,1491.726,1,84.954,0.019,0.981,0.1,0.0,1.0,0.99,0.0,0.5,0.0,1.0,0.652,0.5,0.511,0.0,0.369,0.0,0,0,0.392,0.085,0.0,0.394,0.182,1.0,0.861,0.0,0.499,0.0,0.0,0.0,0.0
0,2024.03.08 19:02:00,XAUEURm,ANCHORED_PULLBACK,BUY,3,1991.003,1989.784,1992.165,0.95,0.268,1989.84127,1994.3358,1980.21015,1,0.269,0.07,-0.3287,1969.43403,1969.0797,1983.5546,1959.8684,0,0.003,0.55,0,1989.84127,0.771,0.77,0,0.0,0.0,1991.72775,0.0,0.0,0,0,1,0.8,1.0,0.1212,1.0,0.332,2,0.527,0,0.335,1990.48335,1985.98882,0.428,0.266,0.0,2,0.15,0,0.527,1.201,3.0,0.4,0.394,1,1989.84127,8,0.754,0.144,0.26,0.3,0.119,0.818,0.786,1869.23631,1873.04797,1872.83631,-24.2979,-417.2719,-2,1868.85325,0.614,0.0,0.0,0.0,0.0,0,0.081,1,0,16356,0.736,0.575,0.44,3292.0,3292.0,0.508,6480.7,0.0,1,1,0.925,1362.075,1,1,0.685,1491.726,1,77.04,0.019,0.981,0.1,0.0,1.0,0.46,0.0,0.5,0.0,0.967,0.264,0.5,0.511,0.0,0.397,0.0,0,0,0.454,0.498,0.0,0.523,0.184,1.0,0.65,0.0,0.489,0.0,0.0,0.0,0.0
0,2024.03.08 19:06:40,XAUEURm,MEAN_REVERSION,BUY,3,1985.686,1982.854,1993.133,2.63,0.537,1989.84127,1994.3358,1980.21015,1,0.269,0.07,-1.1491,1969.43403,1969.0797,1983.5546,1959.8684,1,0.002,0.55,0,1989.84127,0.771,0.77,0,0.0,0.0,1991.72775,0.0,0.0,0,0,1,0.8,1.0,0.1212,1.0,0.341,2,0.527,0,0.335,1984.0626,1985.98882,0.257,0.555,0.0,2,0.15,0,0.527,1.197,3.0,0.399,0.388,1,1980.21015,5,0.6,0.485,0.258,0.3,0.119,0.777,0.786,1869.23631,1873.04797,1872.83631,-24.2979,-417.2719,-2,1868.85325,0.614,0.0,0.0,0.0,0.0,0,0.081,1,0,16356,0.736,0.575,0.44,3292.0,3292.0,0.508,6480.7,0.0,1,1,0.925,1362.075,1,1,0.685,1491.726,1,76.22,0.019,0.981,0.1,0.0,1.0,0.0,0.0,0.5,0.0,0.852,0.308,0.5,0.493,0.0,0.403,0.0,0,0,0.425,0.463,0.0,1.0,0.167,0.944,0.479,0.0,0.488,0.0,0.0,0.0,0.0
0,2024.03.08 19:58:40,XAUEURm,PULLBACK,BUY,3,1990.165,1987.349,1993.133,1.05,0.577,1989.84127,1994.3358,1980.21015,1,0.269,0.07,-0.458,1969.43403,1969.0797,1983.5546,1959.8684,0,0.003,0.55,0,1989.84127,0.771,0.77,0,0.0,0.0,1991.72775,0.0,0.0,0,0,1,0.8,1.0,0.1212,1.0,0.332,2,0.527,0,0.335,1984.0626,1985.98882,0.434,0.136,0.0,2,0.15,0,0.527,1.201,3.0,0.4,0.388,1,1989.84127,8,0.754,0.133,0.26,0.3,0.119,0.777,0.786,1869.23631,1873.04797,1872.83631,-24.2979,-417.2719,-2,1868.85325,0.614,0.0,0.0,0.0,0.0,0,0.081,1,0,16356,0.736,0.575,0.44,3292.0,3292.0,0.508,6480.7,0.0,1,1,0.925,1362.075,1,1,0.685,1491.726,1,76.911,0.019,0.981,0.1,0.0,1.0,0.0,0.0,0.5,0.0,1.0,0.405,0.5,0.541,0.0,0.329,0.0,0,0,0.351,0.411,0.0,0.475,0.167,0.966,0.65,0.0,0.489,0.0,0.0,0.0,0.0
0,2024.03.08 20:10:40,XAUEURm,BREAKOUT_RETEST,BUY,3,1991.919,1989.848,1996.237,2.09,0.508,1987.6962,1992.945,1982.4474,1,0.004,0.849,0.1348,1969.43403,1969.0797,1983.5546,1959.8684,0,0.003,0.45,0,1990.029,0.787,0.381,0,0.0,0.0,0.0,0.0,0.0,0,0,1,0.8,0.825,0.1225,0.825,0.86,0,0.708,1,0.156,1989.4458,1981.8642,0.119,0.98,0.0,2,0.25,0,0.708,0.963,3.0,0.321,0.38,1,1992.945,4,0.6,0.763,0.142,0.247,0.088,0.866,0.811,1872.36176,1871.58218,1873.75556,232.8517,257.1496,2,1868.58327,0.632,0.0,0.0,0.0,0.0,0,0.093,1,0,16357,0.736,0.575,0.44,3292.0,3292.0,0.4769,6902.8,0.0,1,1,0.925,1362.075,1,1,0.685,1491.726,1,72.462,0.007,0.993,0.0,0.0,1.0,0.99,0.0,0.5,0.0,0.75,0.399,0.5,0.552,0.0,0.377,0.0,0,0,0.377,0.839,0.0,0.477,0.14,0.846,0.65,0.0,0.494,0.0,0.0,0.0,0.0
0,2024.03.08 20:48:00,XAUEURm,BREAKOUT,BUY,3,1993.124,1990.298,2010.381,6.11,0.335,1987.6962,1992.945,1982.4474,1,0.004,0.849,0.3094,1969.43403,1969.0797,1983.5546,1959.8684,0,0.003,0.45,0,1990.029,0.787,0.381,0,0.0,0.0,0.0,0.0,0.0,0,0,1,0.8,0.825,0.1225,0.825,0.87,0,0.708,1,0.156,1989.4458,1995.861,0.056,0.873,0.0,2,0.25,0,0.708,0.959,3.0,0.32,0.379,1,1987.6962,1,0.7,0.888,0.139,0.247,0.088,0.866,0.824,1872.36176,1871.58218,1873.75556,232.8517,257.1496,2,1868.58327,0.632,0.0,0.0,0.0,0.0,0,0.093,1,0,16357,0.736,0.575,0.44,3292.0,3292.0,0.4769,6902.8,0.0,1,1,0.925,1362.075,1,1,0.685,1491.726,1,72.637,0.007,0.993,0.0,0.0,1.0,0.99,0.0,0.5,0.0,0.922,0.517,0.5,0.576,0.0,0.394,0.0,0,0,0.341,0.841,0.0,0.347,0.1,0.678,0.65,0.0,0.489,0.0,0.0,0.0,0.0
14512,2024.03.08 20:48:00,XAUEURm,TREND_CONTINUATION,BUY,3,1993.124,1984.841,2010.381,2.08,0.48,1987.6962,1992.945,1982.4474,1,0.004,0.849,0.3094,1969.43403,1969.0797,1983.5546,1959.8684,0,0.003,0.45,0,1990.029,0.787,0.381,0,0.0,0.0,0.0,0.0,0.0,0,0,1,0.8,0.825,0.1225,0.825,0.87,0,0.708,1,0.156,1989.4458,1995.861,0.056,0.873,0.0,2,0.25,0,0.708,0.959,3.0,0.32,0.379,1,1987.6962,1,0.7,0.888,0.139,0.247,0.088,0.866,0.824,1872.36176,1871.58218,1873.75556,232.8517,257.1496,2,1868.58327,0.632,0.0,0.0,0.0,0.0,0,0.093,1,0,16357,0.736,0.575,0.44,3292.0,3292.0,0.4769,6902.8,0.0,1,1,0.925,1362.075,1,1,0.685,1491.726,1,72.637,0.007,0.993,0.0,0.0,1.0,0.98,0.0,0.5,0.0,0.922,0.517,0.5,0.576,0.0,0.394,0.0,0,0,0.341,0.841,0.0,0.347,0.1,0.678,0.65,0.0,0.489,0.0,0.0,0.0,0.0
0,2024.03.10 21:05:00,XAUEURm,BREAKOUT,BUY,3,1993.311,1983.103,2010.325,1.67,0.334,1988.8626,1995.2778,1985.9466,1,0.084,0.602,0.1699,1969.43403,1969.0797,1983.5546,1959.8684,0,0.003,0.4,0,1988.8626,0.8,0.539,0,0.0,0.0,0.0,0.0,0.0,0,0,1,0.8,1.0,0.1529,1.0,0.581,2,0.592,1,0.284,1988.8626,1994.6946,0.17,0.687,0.0,2,0.0,0,0.592,1.089,3.0,0.363,0.375,1,1985.9466,5,0.6,0.66,0.126,0.3,0.0,0.518,0.896,1872.36176,1871.58218,1873.75556,232.8517,257.1496,2,1868.58327,0.632,0.0,0.0,0.0,0.0,0,0.093,1,0,16358,0.736,0.575,0.44,3292.0,3292.0,0.4837,6805.6,0.0,1,1,0.925,1362.075,1,1,0.685,1491.726,1,73.701,0.007,0.993,0.0,0.0,1.0,0.0,0.0,0.5,0.0,0.625,0.696,0.5,0.565,0.0,0.439,0.0,0,0,0.463,0.646,0.0,0.618,0.14,0.191,0.65,0.0,0.463,0.0,0.0,0.0,0.0
0,2024.03.10 21:05:20,XAUEURm,BREAKOUT_RETEST,BUY,3,1993.311,1991.269,2003.235,4.86,0.523,1988.8626,1995.2778,1985.9466,1,0.084,0.602,0.1699,1969.43403,1969.0797,1983.5546,1959.8684,0,0.003,0.4,0,1988.8626,0.8,0.539,0,0.0,0.0,0.0,0.0,0.0,0,0,1,0.8,1.0,0.1529,1.0,0.581,2,0.592,1,0.284,1988.8626,1994.6946,0.17,0.687,0.0,2,0.0,0,0.592,1.089,3.0,0.363,0.375,1,1985.9466,5,0.6,0.66,0.126,0.3,0.0,0.518,0.896,1872.36176,1871.58218,1873.75556,232.8517,257.1496,2,1868.58327,0.632,0.0,0.0,0.0,0.0,0,0.093,1,0,16358,0.736,0.575,0.44,3292.0,3292.0,0.4837,6805.6,0.0,1,1,0.925,1362.075,1,1,0.685,1491.726,1,73.701,0.007,0.993,0.0,0.0,1.0,0.0,0.0,0.5,0.0,0.625,0.696,0.5,0.565,0.0,0.439,0.0,0,0,0.463,0.646,0.0,0.618,0.14,0.191,0.65,0.0,0.463,0.0,0.0,0.0,0.0
0,2024.03.10 21:06:00,XAUEURm,PULLBACK,BUY,3,1993.311,1983.103,2013.728,2.0,0.574,1988.8626,1995.2778,1985.9466,1,0.084,0.602,0.1699,1969.43403,1969.0797,1983.5546,1959.8684,0,0.003,0.4,0,1988.8626,0.8,0.539,0,0.0,0.0,0.0,0.0,0.0,0,0,1,0.8,1.0,0.1529,1.0,0.581,2,0.592,1,0.284,1988.8626,1994.6946,0.17,0.687,0.0,2,0.0,0,0.592,1.089,3.0,0.363,0.375,1,1985.9466,5,0.6,0.66,0.126,0.3,0.0,0.518,0.896,1872.36176,1871.58218,1873.75556,232.8517,257.1496,2,1868.58327,0.632,0.0,0.0,0.0,0.0,0,0.093,1,0,16358,0.736,0.575,0.44,3292.0,3292.0,0.4837,6805.6,0.0,1,1,0.925,1362.075,1,1,0.685,1491.726,1,73.701,0.007,0.993,0.0,0.0,1.0,0.0,0.0,0.5,0.0,0.625,0.696,0.5,0.565,0.0,0.439,0.0,0,0,0.463,0.646,0.0,0.618,0.14,0.191,0.65,0.0,0.463,0.0,0.0,0.0,0.0
0,2024.03.10 21:06:20,XAUEURm,TREND_CONTINUATION,BUY,3,1993.311,1985.144,2010.325,2.08,0.498,1988.8626,1995.2778,1985.9466,1,0.084,0.602,0.1699,1969.43403,1969.0797,1983.5546,1959.8684,0,0.003,0.4,0,1988.8626,0.8,0.539,0,0.0,0.0,0.0,0.0,0.0,0,0,1,0.8,1.0,0.1529,1.0,0.581,2,0.592,1,0.284,1988.8626,1994.6946,0.17,0.687,0.0,2,0.0,0,0.592,1.089,3.0,0.363,0.375,1,1985.9466,5,0.6,0.66,0.126,0.3,0.0,0.518,0.896,1872.36176,1871.58218,1873.75556,232.8517,257.1496,2,1868.58327,0.632,0.0,0.0,0.0,0.0,0,0.093,1,0,16358,0.736,0.575,0.44,3292.0,3292.0,0.4837,6805.6,0.0,1,1,0.925,1362.075,1,1,0.685,1491.726,1,73.701,0.007,0.993,0.0,0.0,1.0,0.0,0.0,0.5,0.0,0.625,0.696,0.5,0.565,0.0,0.439,0.0,0,0,0.463,0.646,0.0,0.618,0.14,0.191,0.65,0.0,0.463,0.0,0.0,0.0,0.0
14514,2024.03.10 23:05:00,XAUEURm,BREAKOUT,BUY,1,1993.035,1983.387,2009.115,1.67,0.32,1989.56267,1990.4194,1986.9925,1,0.016,0.549,0.028,1969.43403,1969.0797,1983.5546,1957.2366,0,0.003,0.3,0,1989.56267,0.8,0.798,0,0.0,0.0,0.0,1988.59627,0.077,0,0,1,0.8,1.0,0.1953,1.0,1.0,2,0.631,2,0.545,1989.2771,1984.99347,0.072,0.738,0.0,2,0.0,0,0.631,0.222,0.738,0.3,0.319,0,1986.9925,5,0.6,0.855,0.0,0.3,0.0,0.541,0.941,1872.36176,1871.58218,1873.75556,244.8237,11.972,2,1868.58327,0.633,0.0,0.0,0.0,0.0,0,0.088,1,0,16360,0.748,0.569,0.441,3292.0,3292.0,0.5118,6432.1,0.0,1,1,0.925,1362.075,1,1,0.685,1491.726,1,77.938,0.007,0.993,0.0,0.0,1.0,0.8,0.0,0.5,0.0,0.555,0.579,0.5,0.574,0.0,0.372,0.0,0,0,0.368,0.736,0.0,0.784,0.093,0.228,0.65,0.0,0.465,0.0,0.0,0.0,0.0
0,2024.03.10 23:05:20,XAUEURm,BREAKOUT_RETEST,BUY,1,1993.021,1991.091,1995.425,1.25,0.506,1989.56267,1990.4194,1986.9925,1,0.016,0.549,0.0259,1969.43403,1969.0797,1983.5546,1957.2366,0,0.003,0.3,0,1989.56267,0.8,0.798,0,0.0,0.0,0.0,1988.59627,0.077,0,0,1,0.8,1.0,0.1953,1.0,1.0,2,0.631,2,0.545,1989.2771,1984.99347,0.07,0.736,0.0,2,0.0,0,0.631,0.221,0.736,0.3,0.319,0,1986.9925,5,0.6,0.859,0.0,0.3,0.0,0.541,0.941,1872.36176,1871.58218,1873.75556,244.8237,11.972,2,1868.58327,0.633,0.0,0.0,0.0,0.0,0,0.088,1,0,16360,0.748,0.569,0.441,3292.0,3292.0,0.5118,6432.1,0.0,1,1,0.925,1362.075,1,1,0.685,1491.726,1,77.936,0.007,0.993,0.0,0.0,1.0,0.79,0.0,0.5,0.0,0.555,0.568,0.5,0.574,0.0,0.372,0.0,0,0,0.362,0.736,0.0,0.784,0.093,0.228,0.65,0.0,0.465,0.0,0.0,0.0,0.0
14515,2024.03.10 23:06:00,XAUEURm,PULLBACK,BUY,1,1993.273,1983.625,2012.569,2.0,0.562,1989.56267,1990.4194,1986.9925,1,0.016,0.549,0.065,1969.43403,1969.0797,1983.5546,1957.2366,0,0.003,0.3,0,1989.56267,0.8,0.798,0,0.0,0.0,0.0,1988.59627,0.077,0,0,1,0.8,1.0,0.1953,1.0,0.345,2,0.631,2,0.545,1989.2771,1984.99347,0.109,0.775,0.0,2,0.0,0,0.631,0.309,0.775,0.398,0.329,0,1986.9925,5,0.6,0.781,0.197,0.3,0.0,0.541,0.941,1872.36176,1871.58218,1873.75556,244.8237,11.972,2,1868.58327,0.633,0.0,0.0,0.0,0.0,0,0.088,1,0,16360,0.748,0.569,0.441,3292.0,3292.0,0.5118,6432.1,0.0,1,1,0.925,1362.075,1,1,0.685,1491.726,1,77.975,0.007,0.993,0.0,0.0,1.0,0.97,0.0,0.5,0.0,0.653,0.581,0.5,0.574,0.0,0.372,0.0,0,0,0.369,0.658,0.0,0.871,0.093,0.228,0.65,0.0,0.45,0.0,0.0,0.0,0.0
14516,2024.03.10 23:06:20,XAUEURm,TREND_CONTINUATION,BUY,1,1993.273,1985.554,2009.353,2.08,0.484,1989.56267,1990.4194,1986.9925,1,0.016,0.549,0.065,1969.43403,1969.0797,1983.5546,1957.2366,0,0.003,0.3,0,1989.56267,0.8,0.798,0,0.0,0.0,0.0,1988.59627,0.077,0,0,1,0.8,1.0,0.1953,1.0,0.345,2,0.631,2,0.545,1989.2771,1984.99347,0.109,0.775,0.0,2,0.0,0,0.631,0.309,0.775,0.398,0.329,0,1986.9925,5,0.6,0.781,0.197,0.3,0.0,0.541,0.941,1872.36176,1871.58218,1873.75556,244.8237,11.972,2,1868.58327,0.633,0.0,0.0,0.0,0.0,0,0.088,1,0,16360,0.748,0.569,0.441,3292.0,3292.0,0.5118,6432.1,0.0,1,1,0.925,1362.075,1,1,0.685,1491.726,1,77.975,0.007,0.993,0.0,0.0,1.0,0.96,0.0,0.5,0.0,0.653,0.58,0.5,0.574,0.0,0.372,0.0,0,0,0.369,0.658,0.0,0.871,0.093,0.228,0.65,0.0,0.45,0.0,0.0,0.0,0.0
14520,2024.03.11 01:00:00,XAUEURm,ANCHORED_PULLBACK,BUY,1,2000.078,1994.949,2010.349,2.0,0.529,1989.63233,1992.7494,1988.913,0,0.489,0.136,1.0549,1980.84213,1969.0797,1983.5546,1957.2366,0,0.004,0.4,2,1989.63233,0.8,0.516,0,0.0,0.0,1993.28052,1988.59627,1.208,0,0,1,1.0,1.0,0.1662,1.0,0.147,2,0.593,3,0.485,1993.46872,1995.6267,0.489,0.171,0.0837,0,0.15,2,0.935,0.698,1.208,0.578,0.394,1,1993.46872,2,0.55,0.022,0.316,1.0,0.053,0.326,0.962,1872.36176,1871.58218,1873.75556,247.3634,2.5397,2,1868.58327,0.635,0.0,0.0,0.0,0.0,0,0.091,1,0,16362,0.748,0.569,0.441,3292.0,3292.0,0.4854,6781.4,0.0,1,1,0.925,1362.075,1,1,0.685,1491.726,1,74.962,0.007,0.993,0.0,0.0,1.0,0.24,0.0,0.5,0.0,0.511,0.636,0.5,0.474,0.0,0.41,0.0,0,0,0.387,0.367,0.0,0.661,0.204,0.582,0.726,0.0,0.428,0.0,0.0,0.0,0.0
14522,2024.03.11 01:05:00,XAUEURm,BREAKOUT,BUY,1,1997.036,1986.864,2013.99,1.67,0.466,1989.63233,1992.7494,1988.913,0,0.489,0.136,0.6063,1980.84213,1969.0797,1983.5546,1957.2366,0,0.004,0.4,2,1989.63233,0.8,0.516,0,0.0,0.0,1993.28052,1988.59627,1.208,0,0,1,1.0,1.0,0.1662,1.0,0.179,2,0.597,3,0.485,1993.46872,1995.6267,0.041,0.278,0.0,2,0.15,0,0.597,0.321,0.759,0.423,0.266,0,1989.63233,8,0.76,0.919,0.306,0.3,0.053,0.326,0.962,1872.36176,1871.58218,1873.75556,247.3634,2.5397,2,1868.58327,0.635,0.0,0.0,0.0,0.0,0,0.091,1,0,16362,0.748,0.569,0.441,3292.0,3292.0,0.4854,6781.4,0.0,1,1,0.925,1362.075,1,1,0.685,1491.726,1,74.514,0.007,0.993,0.0,0.0,1.0,0.01,0.0,0.5,0.0,0.698,0.528,0.5,0.519,0.0,0.383,0.0,0,0,0.326,0.423,0.0,0.673,0.22,0.173,0.806,0.0,0.483,0.0,0.0,0.0,0.0
14523,2024.03.11 01:06:00,XAUEURm,PULLBACK,BUY,1,1997.627,1987.455,2017.971,2.0,0.458,1989.63233,1992.7494,1988.913,0,0.489,0.136,0.6935,1980.84213,1969.0797,1983.5546,1957.2366,0,0.004,0.4,2,1989.63233,0.8,0.516,0,0.0,0.0,1993.28052,1988.59627,1.208,0,0,1,1.0,1.0,0.1662,1.0,0.048,2,0.597,3,0.485,1993.46872,1995.6267,0.128,0.19,0.0,2,0.15,0,0.597,0.375,0.846,0.443,0.272,0,1989.63233,8,0.76,0.745,0.346,0.3,0.053,0.326,0.962,1872.36176,1871.58218,1873.75556,247.3634,2.5397,2,1868.58327,0.635,0.0,0.0,0.0,0.0,0,0.091,1,0,16362,0.748,0.569,0.441,3292.0,3292.0,0.4854,6781.4,0.0,1,1,0.925,1362.075,1,1,0.685,1491.726,1,74.601,0.007,0.993,0.0,0.0,1.0,0.05,0.0,0.5,0.0,0.698,0.531,0.5,0.519,0.0,0.383,0.0,0,0,0.327,0.398,0.0,0.673,0.22,0.173,0.822,0.0,0.469,0.0,0.0,0.0,0.0
14524,2024.03.11 01:06:20,XAUEURm,TREND_CONTINUATION,BUY,1,1997.91,1989.772,2014.864,2.08,0.537,1989.63233,1992.7494,1988.913,0,0.489,0.136,0.7352,1980.84213,1969.0797,1983.5546,1957.2366,0,0.004,0.4,2,1989.63233,0.8,0.516,0,0.0,0.0,1993.28052,1988.59627,1.208,0,0,1,1.0,1.0,0.1662,1.0,0.048,2,0.597,3,0.485,1993.46872,1995.6267,0.169,0.149,0.0,2,0.15,0,0.597,0.393,0.888,0.443,0.274,0,1989.63233,8,0.76,0.661,0.346,0.3,0.053,0.326,0.962,1872.36176,1871.58218,1873.75556,247.3634,2.5397,2,1868.58327,0.635,0.0,0.0,0.0,0.0,0,0.091,1,0,16362,0.748,0.569,0.441,3292.0,3292.0,0.4854,6781.4,0.0,1,1,0.925,1362.075,1,1,0.685,1491.726,1,74.643,0.007,0.993,0.0,0.0,1.0,0.14,0.0,0.5,0.0,0.698,0.54,0.5,0.519,0.0,0.383,0.0,0,0,0.333,0.398,0.0,0.673,0.22,0.173,0.83,0.0,0.469,0.0,0.0,0.0,0.0
0,2024.03.11 01:18:40,XAUEURm,BREAKOUT_RETEST,BUY,1,1994.961,1992.246,1997.96,1.1,0.567,1989.63233,1992.7494,1988.913,1,0.489,0.136,0.3003,1980.84213,1969.0797,1983.5546,1957.2366,0,0.003,0.4,2,1989.63233,0.8,0.516,0,0.0,0.0,1993.28052,1988.59627,1.208,0,0,1,1.0,1.0,0.1662,1.0,0.379,2,0.597,3,0.485,1991.55052,1995.6267,0.017,0.584,0.0,2,0.15,0,0.597,0.229,0.584,0.393,0.257,0,1989.63233,8,0.76,0.965,0.246,0.3,0.053,0.341,0.962,1872.36176,1871.58218,1873.75556,247.3634,2.5397,2,1868.58327,0.635,0.0,0.0,0.0,0.0,0,0.091,1,0,16362,0.748,0.569,0.441,3292.0,3292.0,0.4854,6781.4,0.0,1,1,0.925,1362.075,1,1,0.685,1491.726,1,74.208,0.007,0.993,0.0,0.0,1.0,0.0,0.0,0.5,0.0,0.601,0.356,0.5,0.452,0.0,0.313,0.0,0,0,0.347,0.555,0.0,0.713,0.215,0.22,0.436,0.0,0.46,0.0,0.0,0.0,0.0
14528,2024.03.11 03:04:40,XAUEURm,MEAN_REVERSION,BUY,1,1992.36,1986.617,1997.27,0.85,0.632,1991.21195,1993.9779,1989.4518,0,0.113,0.883,-0.2987,1981.82337,1969.0797,1983.5546,1957.2366,0,0.003,0.45,0,1991.21195,0.771,0.252,0,0.0,0.0,0.0,0.0,0.0,0,0,1,1.0,0.825,0.0698,0.825,0.614,0,0.727,1,0.114,1989.70325,1995.73805,0.088,0.929,0.0,2,0.25,0,0.727,1.074,3.0,0.358,0.385,1,1993.9779,4,0.6,0.823,0.216,0.247,0.088,0.813,0.86,1872.36176,1871.58218,1873.75556,247.3634,2.5397,2,1868.58327,0.635,0.0,0.0,0.0,0.0,0,0.091,1,0,16364,0.748,0.569,0.441,3292.0,3292.0,0.4586,7178.4,0.0,1,1,0.925,1362.075,1,1,0.685,1491.726,0,69.741,0.007,0.993,0.0,0.0,0.5,0.88,0.0,0.5,0.0,0.865,0.38,0.5,0.58,0.0,0.352,0.0,0,0,0.387,0.81,0.0,0.771,0.1,0.289,0.65,0.0,0.436,0.0,0.0,0.0,0.0
0,2024.03.11 03:45:40,XAUEURm,BREAKOUT_RETEST,BUY,1,1993.119,1990.965,1997.27,1.93,0.587,1991.21195,1993.9779,1989.4518,1,0.113,0.883,-0.1929,1981.82337,1969.0797,1983.5546,1957.2366,0,0.003,0.45,0,1991.21195,0.771,0.252,0,0.0,0.0,0.0,0.0,0.0,0,0,1,1.0,0.825,0.0698,0.825,0.772,0,0.727,1,0.114,1989.70325,1995.73805,0.017,0.823,0.0,2,0.25,0,0.727,1.003,3.0,0.334,0.377,1,1993.9779,4,0.6,0.966,0.169,0.247,0.088,0.813,0.86,1872.36176,1871.58218,1873.75556,247.3634,2.5397,2,1868.58327,0.635,0.0,0.0,0.0,0.0,0,0.091,1,0,16364,0.748,0.569,0.441,3292.0,3292.0,0.4586,7178.4,0.0,1,1,0.925,1362.075,1,1,0.685,1491.726,0,69.847,0.007,0.993,0.0,0.0,0.5,0.99,0.0,0.5,0.0,0.829,0.583,0.5,0.584,0.0,0.366,0.0,0,0,0.371,0.851,0.0,0.564,0.14,0.269,0.65,0.0,0.448,0.0,0.0,0.0,0.0
0,2024.03.11 04:03:00,XAUEURm,PULLBACK,BUY,1,1994.867,1992.381,1998.527,1.47,0.52,1989.70325,1991.9663,1988.446,1,0.118,0.783,0.3048,1990.93763,1969.0797,1983.5546,1957.2366,0,0.004,0.35,2,1989.70325,0.784,0.446,0,0.0,0.0,0.0,0.0,0.0,0,0,1,0.606,0.8061,0.0258,0.806,0.518,0,0.72,3,0.553,1991.21195,1995.73805,0.059,0.678,0.0,2,0.0,0,0.72,1.117,3.0,0.372,0.462,1,1989.70325,8,0.757,0.882,0.145,0.242,0.0,0.66,0.895,1872.36176,1871.58218,1874.25994,300.003,52.6396,2,1868.58327,0.637,0.0,0.0,0.0,0.0,0,0.101,1,0,16365,0.748,0.569,0.441,3292.0,3292.0,0.5361,6140.5,0.0,1,1,0.925,1362.075,1,1,0.685,1491.726,0,81.938,0.01,0.99,0.0,0.0,0.5,0.99,0.0,0.5,0.0,0.837,0.729,0.5,0.563,0.0,0.364,0.0,0,0,0.452,0.732,0.0,0.76,0.13,0.225,0.718,0.0,0.454,0.0,0.0,0.0,0.0
14530,2024.03.11 04:30:20,XAUEURm,TREND_CONTINUATION,BUY,1,1995.473,1988.104,2010.824,2.08,0.439,1989.70325,1991.9663,1988.446,0,0.118,0.783,0.4035,1990.93763,1969.0797,1983.5546,1957.2366,0,0.004,0.35,2,1989.70325,0.784,0.446,0,0.0,0.0,0.0,0.0,0.0,0,0,1,0.606,0.8061,0.0258,0.806,0.275,0,0.72,3,0.553,1991.21195,1995.73805,0.158,0.579,0.0,2,0.0,0,0.72,1.226,3.0,0.409,0.475,1,1989.70325,8,0.757,0.684,0.217,0.242,0.0,0.66,0.895,1872.36176,1871.58218,1874.25994,300.003,52.6396,2,1868.58327,0.637,0.0,0.0,0.0,0.0,0,0.101,1,0,16365,0.748,0.569,0.441,3292.0,3292.0,0.5361,6140.5,0.0,1,1,0.925,1362.075,1,1,0.685,1491.726,0,82.037,0.01,0.99,0.0,0.0,0.5,0.99,0.0,0.5,0.0,0.719,0.476,0.5,0.575,0.0,0.354,0.0,0,0,0.329,0.745,0.0,0.618,0.1,0.267,0.789,0.0,0.482,0.0,0.0,0.0,0.0
14532,2024.03.11 05:05:00,XAUEURm,BREAKOUT,BUY,1,1995.468,1986.709,2010.067,1.67,0.337,1991.76185,1992.347,1989.2262,1,0.028,0.506,0.0709,1991.031,1969.0797,1983.5546,1957.2366,0,0.004,0.4,0,1991.76185,0.766,0.128,0,0.0,0.0,0.0,0.0,0.0,0,0,1,0.799,0.9987,0.0498,0.999,0.664,2,0.599,1,0.067,1991.5668,1993.32225,0.104,0.196,0.0,2,0.0,0,0.599,1.051,3.0,0.35,0.39,1,1989.2262,5,0.6,0.791,0.101,0.3,0.0,0.876,0.925,1872.36176,1871.58218,1874.25994,300.003,52.6396,2,1868.58327,0.637,0.0,0.0,0.0,0.0,0,0.101,1,0,16366,0.748,0.569,0.441,3292.0,3292.0,0.5638,5839.4,0.0,1,1,0.925,1362.075,1,1,0.685,1491.726,0,86.266,0.01,0.99,0.0,0.0,0.5,0.89,0.0,0.5,0.0,0.601,0.37,0.5,0.557,0.0,0.387,0.0,0,0,0.4,0.711,0.0,0.898,0.093,0.238,0.65,0.0,0.505,0.0,0.0,0.0,0.0
0,2024.03.11 05:45:40,XAUEURm,BREAKOUT_RETEST,BUY,1,1993.284,1991.532,1995.054,1.01,0.523,1991.76185,1992.347,1989.2262,1,0.028,0.506,-0.3031,1991.031,1969.0797,1983.5546,1957.2366,0,0.004,0.4,0,1991.76185,0.766,0.128,0,0.0,0.0,0.0,0.0,0.0,0,0,1,0.799,0.9987,0.0498,0.999,0.855,2,0.599,1,0.067,1989.6163,1993.32225,0.064,0.57,0.0,2,0.0,0,0.599,0.965,3.0,0.322,0.379,1,1991.76185,8,0.753,0.871,0.043,0.3,0.0,0.863,0.925,1872.36176,1871.58218,1874.25994,300.003,52.6396,2,1868.58327,0.637,0.0,0.0,0.0,0.0,0,0.101,1,0,16366,0.748,0.569,0.441,3292.0,3292.0,0.5638,5839.4,0.0,1,1,0.925,1362.075,1,1,0.685,1491.726,0,85.892,0.01,0.99,0.0,0.0,0.5,0.34,0.0,0.5,0.0,0.418,0.401,0.5,0.562,0.0,0.358,0.0,0,0,0.371,0.883,0.0,0.77,0.067,0.28,0.65,0.0,0.48,0.0,0.0,0.0,0.0
14534,2024.03.11 07:00:40,XAUEURm,PULLBACK,BUY,1,1993.67,1985.885,2009.24,2.0,0.482,1989.69475,1991.6455,1988.4325,1,0.042,0.135,0.1316,1989.68782,1969.0797,1983.5546,1957.2366,0,0.004,0.7,0,1991.76025,0.734,0.0,2,0.0,0.0,0.0,0.0,0.0,0,0,1,0.564,0.5887,0.0205,0.589,0.615,0,0.777,3,0.428,1989.8095,1990.957,0.11,0.112,0.0,2,0.4,0,0.777,1.073,3.0,0.358,0.438,1,1988.4325,5,0.6,0.781,0.275,0.177,0.14,1.0,0.902,1872.36176,1871.58218,1874.25994,300.003,52.6396,2,1868.58327,0.637,0.0,0.0,0.0,0.0,0,0.101,1,0,16368,0.748,0.569,0.441,3292.0,3292.0,0.6343,5190.1,0.0,1,1,0.925,1362.075,1,1,0.685,1491.726,0,96.712,0.01,0.99,0.0,0.0,0.5,0.87,0.0,0.5,0.0,0.859,0.636,0.5,0.566,0.0,0.348,0.0,0,0,0.39,0.821,0.0,0.749,0.195,0.329,0.65,0.0,0.484,0.0,0.0,0.0,0.0
14535,2024.03.11 07:00:59,XAUEURm,TREND_CONTINUATION,BUY,1,1993.573,1987.345,2006.548,2.08,0.391,1989.69475,1991.6455,1988.4325,1,0.042,0.135,0.113,1989.68782,1969.0797,1983.5546,1957.2366,0,0.004,0.7,0,1991.76025,0.734,0.0,2,0.0,0.0,0.0,0.0,0.0,0,0,1,0.564,0.5887,0.0205,0.589,0.615,0,0.777,3,0.428,1989.8095,1990.957,0.091,0.13,0.0,2,0.4,0,0.777,1.073,3.0,0.358,0.438,1,1988.4325,5,0.6,0.818,0.275,0.177,0.14,1.0,0.902,1872.36176,1871.58218,1874.25994,300.003,52.6396,2,1868.58327,0.637,0.0,0.0,0.0,0.0,0,0.101,1,0,16368,0.748,0.569,0.441,3292.0,3292.0,0.6343,5190.1,0.0,1,1,0.925,1362.075,1,1,0.685,1491.726,0,96.694,0.01,0.99,0.0,0.0,0.5,0.76,0.0,0.5,0.0,0.859,0.643,0.5,0.566,0.0,0.348,0.0,0,0,0.394,0.821,0.0,0.749,0.195,0.329,0.65,0.0,0.484,0.0,0.0,0.0,0.0
14538,2024.03.11 07:21:40,XAUEURm,BREAKOUT,BUY,1,1993.586,1985.801,2006.561,1.67,0.279,1989.69475,1991.6455,1988.4325,1,0.042,0.135,0.1155,1989.68782,1969.0797,1983.5546,1957.2366,0,0.004,0.7,0,1991.76025,0.734,0.0,2,0.0,0.0,0.0,0.0,0.0,0,0,1,0.564,0.5887,0.0205,0.589,0.615,0,0.777,3,0.428,1989.8095,1990.957,0.093,0.128,0.0,2,0.4,0,0.777,1.073,3.0,0.358,0.438,1,1988.4325,5,0.6,0.813,0.275,0.177,0.14,1.0,0.902,1872.36176,1871.58218,1874.25994,300.003,52.6396,2,1868.58327,0.637,0.0,0.0,0.0,0.0,0,0.101,1,0,16368,0.748,0.569,0.441,3292.0,3292.0,0.6343,5190.1,0.0,1,1,0.925,1362.075,1,1,0.685,1491.726,0,96.696,0.01,0.99,0.0,0.0,0.5,0.99,0.0,0.5,0.0,0.681,0.433,0.5,0.547,0.0,0.368,0.0,0,0,0.352,0.821,0.0,0.749,0.195,0.316,0.65,0.0,0.484,0.0,0.0,0.0,0.0
0,2024.03.11 08:00:00,XAUEURm,ANCHORED_PULLBACK,BUY,2,1996.106,1995.501,1998.942,4.69,0.349,1989.97788,1991.75275,1988.43965,0,0.155,0.001,0.6211,1989.68782,1969.0797,1983.5546,1957.2366,0,0.005,0.7,0,1991.87108,0.762,0.561,0,0.0,0.0,1991.17097,0.0,0.0,0,0,1,0.079,0.0,-0.0003,0.288,0.062,0,0.884,3,0.338,1991.9894,1992.69935,0.181,0.025,0.0219,2,0.15,0,0.884,1.322,3.0,0.441,0.511,2,1989.97788,1,0.7,0.639,0.342,0.0,0.053,0.923,0.873,1872.36176,1871.58218,1873.90342,268.3725,-31.6305,1,1868.58327,0.639,0.0,0.0,0.0,0.0,0,0.105,1,0,16369,0.748,0.569,0.441,3292.0,3292.0,0.7209,4566.2,0.0,1,1,0.925,1362.075,1,1,0.685,1491.726,0,110.459,0.067,0.933,0.0,1.0,0.5,0.98,0.0,0.5,0.0,0.857,0.627,0.5,0.538,0.0,0.45,0.0,0,0,0.418,0.696,0.0,0.898,0.1,0.373,0.709,0.0,0.52,0.0,0.0,0.0,0.0
0,2024.03.11 10:00:00,XAUEURm,ANCHORED_PULLBACK,BUY,2,1995.791,1994.284,1998.537,1.82,0.218,1989.75285,1990.9362,1988.2314,0,0.491,0.231,0.6512,1989.68782,1969.0797,1988.8182,1959.8684,0,0.006,0.4,0,1989.75285,0.8,0.8,0,0.0,0.0,1989.72698,0.0,0.0,0,0,1,0.75,-0.72,-0.0625,0.72,0.251,0,0.749,1,0.013,1990.09095,1993.3029,0.571,0.191,-0.0659,1,0.15,1,0.798,0.787,3.0,0.262,0.376,1,1989.75285,8,0.76,0.0,0.585,0.216,0.053,0.847,0.867,1872.36176,1871.58218,1873.90342,268.3725,-31.6305,1,1868.58327,0.639,0.0,0.0,0.0,0.0,0,0.105,1,0,16371,0.737,0.57,0.436,3292.0,3292.0,0.7807,4216.9,0.0,1,1,0.925,1362.075,1,1,0.685,1491.726,0,119.534,0.067,0.933,0.0,1.0,0.5,0.65,0.0,0.5,0.0,0.625,0.55,0.5,0.416,0.0,0.328,0.0,0,0,0.286,0.346,0.0,0.459,0.161,0.289,0.778,0.0,0.499,0.0,0.0,0.0,0.0
14540,2024.03.11 15:10:20,XAUEURm,TREND_CONTINUATION,BUY,4,1999.58,1993.603,2010.941,1.9,0.444,1989.7241,1994.6698,1987.902,0,1.076,0.389,1.4443,1990.029,1970.67102,1988.22515,1962.4791,0,0.006,0.65,2,1989.7241,0.781,0.0,1,0.0,0.0,0.0,0.0,0.0,0,0,1,0.622,0.6499,0.0456,0.65,0.496,2,0.631,3,0.81,1990.2447,1997.7934,1.33,0.331,0.0,2,0.0,4,0.589,1.427,3.0,0.476,0.526,2,1989.7241,8,0.756,0.0,0.151,0.195,0.0,0.889,0.845,1872.36176,1871.58218,1873.90342,268.6987,0.3262,2,1868.58327,0.641,0.0,0.0,0.0,0.0,0,0.115,1,0,16376,0.737,0.57,0.436,3292.0,3292.0,0.7244,4544.6,0.0,1,1,0.925,1362.075,1,1,0.685,1491.726,0,111.75,0.008,0.992,0.0,0.0,0.5,0.99,0.0,0.5,0.0,0.776,0.382,0.5,0.4,0.0,0.476,0.0,0,0,0.381,0.412,0.0,0.57,0.054,0.537,0.784,0.0,0.482,0.0,0.0,0.0,0.0
14542,2024.03.11 15:37:40,XAUEURm,BREAKOUT,BUY,4,2002.682,1993.603,2014.043,1.25,0.424,1989.7241,1994.6698,1987.902,0,1.076,0.389,2.1269,1990.029,1970.67102,1988.22515,1962.4791,0,0.006,0.65,2,1989.7241,0.781,0.0,1,0.0,0.0,0.0,0.0,0.0,0,0,1,0.622,0.6499,0.0456,0.65,0.078,2,0.631,3,0.81,1990.2447,1997.7934,2.012,0.351,0.0,2,0.0,4,0.589,1.615,3.0,0.538,0.548,2,1989.7241,8,0.756,0.0,0.277,0.195,0.0,0.889,0.845,1872.36176,1871.58218,1873.90342,268.6987,0.3262,2,1868.58327,0.641,0.0,0.0,0.0,0.0,0,0.115,1,0,16376,0.737,0.57,0.436,3292.0,3292.0,0.7244,4544.6,0.0,1,1,0.925,1362.075,1,1,0.685,1491.726,0,112.432,0.008,0.992,0.0,0.0,0.5,0.99,0.0,0.5,0.0,0.78,0.675,0.5,0.39,0.0,0.442,0.0,0,0,0.399,0.328,0.0,0.38,0.054,0.608,0.855,0.0,0.482,0.0,0.0,0.0,0.0
0,2024.03.11 16:00:00,XAUEURm,ANCHORED_PULLBACK,BUY,4,2000.818,1998.4,2006.435,2.32,0.545,1990.2885,1996.725,1988.756,0,0.111,0.577,1.6247,1990.029,1970.67102,1990.5657,1964.81965,0,0.006,0.65,2,1990.2885,0.794,0.54,0,0.0,0.0,1999.73625,0.0,0.0,0,0,1,0.75,0.545,0.1299,0.545,0.543,2,0.512,3,0.46,1997.0315,1999.79,0.111,0.508,0.2696,0,0.25,2,1.0,1.556,3.0,0.519,0.525,2,1990.2885,8,0.759,0.778,0.237,0.863,0.088,0.585,0.808,1872.36176,1871.58218,1873.90342,282.9289,14.2302,2,1868.58327,0.644,0.0,0.0,0.0,0.0,0,0.106,1,0,16377,0.737,0.57,0.436,3292.0,3292.0,0.739,4454.7,0.0,1,1,0.925,1362.075,1,1,0.685,1491.726,0,114.282,0.008,0.992,0.0,0.0,0.5,0.2,0.0,0.5,0.0,0.545,0.364,0.5,0.467,0.0,0.419,0.0,0,0,0.389,0.753,0.0,1.0,0.036,1.0,0.685,0.0,0.465,0.0,0.0,0.0,0.0
14544,2024.03.11 16:06:20,XAUEURm,PULLBACK,BUY,4,2001.233,1994.551,2014.597,2.0,0.366,1990.2885,1996.725,1988.756,0,0.111,0.577,1.7178,1990.029,1970.67102,1990.5657,1964.81965,0,0.006,0.65,2,1990.2885,0.794,0.54,0,0.0,0.0,1999.73625,0.0,0.0,0,0,1,0.75,0.545,0.1299,0.545,0.543,2,0.588,3,0.46,1997.0315,1999.79,0.204,0.415,0.0,2,0.25,0,0.588,1.106,3.0,0.369,0.369,1,1990.2885,8,0.759,0.592,0.237,0.164,0.088,0.585,0.808,1872.36176,1871.58218,1873.90342,282.9289,14.2302,2,1868.58327,0.644,0.0,0.0,0.0,0.0,0,0.106,1,0,16377,0.737,0.57,0.436,3292.0,3292.0,0.739,4454.7,0.0,1,1,0.925,1362.075,1,1,0.685,1491.726,0,114.375,0.008,0.992,0.0,0.0,0.5,0.77,0.0,0.5,0.0,0.644,0.329,0.5,0.517,0.0,0.356,0.0,0,0,0.4,0.749,0.0,0.931,0.036,0.846,0.862,0.0,0.522,0.0,0.0,0.0,0.0
14546,2024.03.11 16:38:40,XAUEURm,BREAKOUT_RETEST,BUY,4,1996.921,1993.135,2004.002,1.87,0.468,1990.2885,1996.725,1988.756,1,0.111,0.577,0.7499,1990.029,1970.67102,1990.5657,1964.81965,0,0.005,0.65,2,1990.2885,0.794,0.54,0,0.0,0.0,1999.73625,0.0,0.0,0,0,1,0.75,0.545,0.1299,0.545,0.184,2,0.588,3,0.46,1995.499,1993.66,0.42,0.007,0.0,2,0.25,0,0.588,1.267,3.0,0.422,0.398,1,1990.2885,8,0.759,0.16,0.345,0.164,0.088,0.663,0.779,1872.36176,1871.58218,1873.90342,282.9289,14.2302,2,1868.58327,0.644,0.0,0.0,0.0,0.0,0,0.106,1,0,16377,0.737,0.57,0.436,3292.0,3292.0,0.739,4454.7,0.0,1,1,0.925,1362.075,1,1,0.685,1491.726,0,113.407,0.008,0.992,0.0,0.0,0.5,0.0,0.0,0.5,0.0,0.623,0.502,0.5,0.518,0.0,0.312,0.0,0,0,0.282,0.59,0.0,0.98,0.036,0.729,0.65,0.0,0.522,0.0,0.0,0.0,0.0
14548,2024.03.11 17:10:20,XAUEURm,TREND_CONTINUATION,BUY,3,1998.366,1992.802,2009.958,2.08,0.411,1995.55078,1998.69045,1993.5528,1,0.152,0.833,-0.1028,1990.36395,1970.67102,1990.5657,1964.81965,0,0.005,0.45,0,1995.55078,0.772,0.814,0,0.0,0.0,0.0,0.0,0.0,0,0,1,0.55,0.755,0.1965,0.755,0.91,0,0.701,0,0.554,1995.55077,1998.97588,0.103,0.841,0.0,2,0.0,0,0.701,0.941,3.0,0.314,0.463,1,1993.5528,5,0.6,0.794,0.027,0.226,0.111,0.872,0.8,1872.36176,1871.58218,1873.90342,282.9289,14.2302,2,1868.58327,0.644,0.0,0.0,0.0,0.0,0,0.106,1,0,16378,0.737,0.57,0.436,3292.0,3292.0,0.71,4636.9,0.0,1,1,0.925,1362.075,1,1,0.685,1491.726,0,109.264,0.008,0.992,0.0,0.0,0.5,0.81,0.0,0.5,0.0,0.627,0.668,0.5,0.529,0.0,0.385,0.0,0,0,0.414,0.877,0.0,0.684,0.0,0.634,0.65,0.0,0.535,0.0,0.0,0.0,0.0
0,2024.03.11 18:38:40,XAUEURm,BREAKOUT_RETEST,BUY,3,1996.729,1995.279,1998.35,1.12,0.55,1995.0578,1997.1494,1992.5014,1,0.191,0.386,-0.3354,1990.36395,1969.12823,1989.55655,1963.75235,0,0.005,0.5,0,1995.0578,0.726,0.398,0,0.0,0.0,0.0,0.0,0.0,0,0,1,0.9,0.615,0.2071,0.615,0.524,0,0.772,0,0.528,1995.2902,1991.8042,0.383,0.338,0.0,2,0.25,0,0.772,1.114,3.0,0.371,0.448,1,1995.0578,8,0.745,0.233,0.243,0.185,0.193,0.769,0.9,1872.36176,1871.58218,1873.90342,282.9289,14.2302,2,1868.58327,0.644,0.0,0.0,0.0,0.0,0,0.106,1,0,16379,0.737,0.57,0.436,3292.0,3292.0,0.6812,4833.0,0.0,1,1,0.925,1362.075,1,1,0.685,1491.726,1,104.491,0.008,0.992,0.0,0.0,1.0,0.99,0.0,0.5,0.0,0.8,0.433,0.5,0.524,0.0,0.353,0.0,0,0,0.339,0.793,0.0,1.0,0.0,0.492,0.65,0.0,0.516,0.0,0.0,0.0,0.0
14550,2024.03.11 18:48:20,XAUEURm,MEAN_REVERSION,BUY,3,1995.239,1991.373,1998.35,0.8,0.695,1995.0578,1997.1494,1992.5014,0,0.191,0.386,-0.6437,1990.36395,1969.12823,1989.55655,1963.75235,0,0.005,0.5,0,1995.0578,0.726,0.398,0,0.0,0.0,0.0,0.0,0.0,0,0,1,0.9,0.615,0.2071,0.615,0.073,0,0.772,0,0.528,1995.2902,1991.8042,0.692,0.03,0.0,2,0.25,0,0.772,1.317,3.0,0.439,0.471,1,1995.0578,8,0.745,0.0,0.378,0.185,0.193,0.769,0.9,1872.36176,1871.58218,1873.90342,282.9289,14.2302,2,1868.58327,0.644,0.0,0.0,0.0,0.0,0,0.106,1,0,16379,0.737,0.57,0.436,3292.0,3292.0,0.6812,4833.0,0.0,1,1,0.925,1362.075,1,1,0.685,1491.726,1,104.182,0.008,0.992,0.0,0.0,1.0,0.02,0.0,0.5,0.0,0.918,0.509,0.5,0.545,0.0,0.335,0.0,0,0,0.303,0.58,0.0,1.0,0.0,0.449,0.65,0.0,0.516,0.0,0.0,0.0,0.0
0,2024.03.11 18:56:40,XAUEURm,PULLBACK,BUY,3,1997.272,1995.31,2011.771,7.39,0.587,1995.0578,1997.1494,1992.5014,1,0.191,0.386,-0.223,1990.36395,1969.12823,1989.55655,1963.75235,0,0.005,0.5,0,1995.0578,0.726,0.398,0,0.0,0.0,0.0,0.0,0.0,0,0,1,0.9,0.615,0.2071,0.615,0.518,0,0.772,0,0.528,1995.2902,1991.8042,0.271,0.45,0.0,2,0.25,0,0.772,1.117,3.0,0.372,0.448,1,1992.5014,5,0.6,0.458,0.245,0.185,0.193,0.769,0.9,1872.36176,1871.58218,1873.90342,282.9289,14.2302,2,1868.58327,0.644,0.0,0.0,0.0,0.0,0,0.106,1,0,16379,0.737,0.57,0.436,3292.0,3292.0,0.6812,4833.0,0.0,1,1,0.925,1362.075,1,1,0.685,1491.726,1,104.603,0.008,0.992,0.0,0.0,1.0,0.99,0.0,0.5,0.0,0.915,0.587,0.5,0.539,0.0,0.304,0.0,0,0,0.335,0.792,0.0,1.0,0.0,0.448,0.65,0.0,0.516,0.0,0.0,0.0,0.0
14552,2024.03.11 19:10:20,XAUEURm,TREND_CONTINUATION,BUY,3,1999.494,1993.628,2011.715,2.08,0.419,1993.17188,1996.45875,1991.638,1,0.031,0.39,0.6199,1989.91182,1969.27013,1989.61675,1963.91575,0,0.006,0.55,2,1993.17188,0.796,0.38,0,0.0,0.0,1992.50232,0.0,0.0,0,0,1,0.65,0.65,0.19,0.65,0.28,0,0.697,3,0.403,1994.92487,1996.67788,0.261,0.097,0.0,2,0.25,0,0.697,1.224,3.0,0.408,0.412,1,1993.17188,8,0.759,0.477,0.316,0.195,0.088,0.656,0.755,1872.36176,1871.58218,1873.90342,282.9289,14.2302,2,1868.58327,0.644,0.0,0.0,0.0,0.0,0,0.106,1,0,16380,0.737,0.575,0.437,3292.0,3292.0,0.6734,4888.4,0.0,1,1,0.925,1362.075,1,1,0.685,1491.726,1,103.873,0.008,0.992,0.0,0.0,1.0,0.77,0.0,0.5,0.0,0.544,0.769,0.5,0.525,0.0,0.424,0.0,0,0,0.488,0.667,0.0,1.0,0.0,0.41,0.746,0.0,0.514,0.0,0.0,0.0,0.0
14554,2024.03.11 19:37:40,XAUEURm,BREAKOUT,BUY,3,1998.969,1991.636,2011.19,1.67,0.297,1993.17188,1996.45875,1991.638,1,0.031,0.39,0.5125,1989.91182,1969.27013,1989.61675,1963.91575,0,0.005,0.55,2,1993.17188,0.796,0.38,0,0.0,0.0,1992.50232,0.0,0.0,0,0,1,0.65,0.65,0.19,0.65,0.385,0,0.697,3,0.403,1994.92487,1996.67788,0.154,0.205,0.0,2,0.25,0,0.697,1.177,3.0,0.392,0.406,1,1993.17188,8,0.759,0.692,0.284,0.195,0.088,0.656,0.755,1872.36176,1871.58218,1873.90342,282.9289,14.2302,2,1868.58327,0.644,0.0,0.0,0.0,0.0,0,0.106,1,0,16380,0.737,0.575,0.437,3292.0,3292.0,0.6734,4888.4,0.0,1,1,0.925,1362.075,1,1,0.685,1491.726,1,103.766,0.008,0.992,0.0,0.0,1.0,0.0,0.0,0.5,0.0,0.824,0.461,0.5,0.542,0.0,0.369,0.0,0,0,0.334,0.689,0.0,1.0,0.0,0.434,0.723,0.0,0.514,0.0,0.0,0.0,0.0
0,2024.03.11 20:38:40,XAUEURm,BREAKOUT_RETEST,BUY,3,1998.717,1997.28,2000.918,1.53,0.468,1993.37132,1995.73495,1991.95315,1,0.018,0.281,0.4289,1990.5981,1969.27013,1991.7585,1966.0575,0,0.005,0.6,0,1993.37132,0.791,0.514,0,0.0,0.0,1995.41632,0.0,0.0,0,0,1,0.7,0.685,0.1527,0.685,0.575,0,0.735,0,0.54,1995.10465,1996.20768,0.067,0.163,0.0,2,0.4,0,0.735,1.091,3.0,0.364,0.423,1,1993.37132,8,0.758,0.866,0.288,0.206,0.248,0.834,0.667,1871.49138,1871.58218,1873.90342,285.5166,2.5877,2,1868.58327,0.646,0.0,0.0,0.0,0.0,0,0.113,1,0,16381,0.737,0.575,0.437,3292.0,3292.0,0.6875,4788.5,0.0,1,1,0.925,1362.075,1,1,0.685,1491.726,1,105.877,0.013,0.987,0.0,0.0,1.0,0.71,0.0,0.5,0.0,1.0,0.439,0.5,0.575,0.0,0.388,0.0,0,0,0.364,0.6,0.0,1.0,0.0,0.4,0.738,0.0,0.504,0.0,0.0,0.0,0.0
14556,2024.03.11 20:56:40,XAUEURm,PULLBACK,BUY,3,1999.399,1992.216,2013.765,2.0,0.381,1993.37132,1995.73495,1991.95315,0,0.018,0.281,0.5713,1990.5981,1969.27013,1991.7585,1966.0575,0,0.006,0.6,0,1993.37132,0.791,0.514,0,0.0,0.0,1995.41632,0.0,0.0,0,0,1,0.7,0.685,0.1527,0.685,0.315,0,0.735,0,0.54,1995.10465,1996.20768,0.209,0.021,0.0,2,0.4,0,0.735,1.208,3.0,0.403,0.436,1,1993.37132,8,0.758,0.581,0.366,0.206,0.248,0.834,0.667,1871.49138,1871.58218,1873.90342,285.5166,2.5877,2,1868.58327,0.646,0.0,0.0,0.0,0.0,0,0.113,1,0,16381,0.737,0.575,0.437,3292.0,3292.0,0.6875,4788.5,0.0,1,1,0.925,1362.075,1,1,0.685,1491.726,1,106.019,0.013,0.987,0.0,0.0,1.0,0.91,0.0,0.5,0.0,1.0,0.701,0.5,0.568,0.0,0.406,0.0,0,0,0.453,0.522,0.0,1.0,0.0,0.423,0.823,0.0,0.504,0.0,0.0,0.0,0.0
0,2024.03.11 21:10:20,XAUEURm,TREND_CONTINUATION,BUY,3,1999.392,1993.646,2011.363,2.08,0.448,1993.37132,1995.73495,1991.95315,0,0.018,0.281,0.5698,1990.5981,1969.27013,1991.7585,1966.0575,0,0.006,0.6,0,1993.37132,0.791,0.514,0,0.0,0.0,1995.41632,0.0,0.0,0,0,1,0.7,0.685,0.1527,0.685,0.315,0,0.735,0,0.54,1995.10465,1996.20768,0.208,0.022,0.0,2,0.4,0,0.735,1.208,3.0,0.403,0.436,1,1993.37132,8,0.758,0.584,0.366,0.206,0.248,0.834,0.667,1871.49138,1871.58218,1873.90342,285.5166,2.5877,2,1868.58327,0.646,0.0,0.0,0.0,0.0,0,0.113,1,0,16381,0.737,0.575,0.437,3292.0,3292.0,0.6875,4788.5,0.0,1,1,0.925,1362.075,1,1,0.685,1491.726,1,106.018,0.013,0.987,0.0,0.0,1.0,0.6,0.0,0.5,0.0,1.0,0.705,0.5,0.568,0.0,0.406,0.0,0,0,0.456,0.522,0.0,1.0,0.0,0.423,0.823,0.0,0.504,0.0,0.0,0.0,0.0
0,2024.03.11 21:38:00,XAUEURm,BREAKOUT,BUY,3,1999.392,1992.209,2011.363,1.67,0.419,1993.37132,1995.73495,1991.95315,0,0.018,0.281,0.5698,1990.5981,1969.27013,1991.7585,1966.0575,0,0.006,0.6,0,1993.37132,0.791,0.514,0,0.0,0.0,1995.41632,0.0,0.0,0,0,1,0.7,0.685,0.1527,0.685,0.315,0,0.735,0,0.54,1995.10465,1996.20768,0.208,0.022,0.0,2,0.4,0,0.735,1.208,3.0,0.403,0.436,1,1993.37132,8,0.758,0.584,0.366,0.206,0.248,0.834,0.667,1871.49138,1871.58218,1873.90342,285.5166,2.5877,2,1868.58327,0.646,0.0,0.0,0.0,0.0,0,0.113,1,0,16381,0.737,0.575,0.437,3292.0,3292.0,0.6875,4788.5,0.0,1,1,0.925,1362.075,1,1,0.685,1491.726,1,106.018,0.013,0.987,0.0,0.0,1.0,0.13,0.0,0.5,0.0,1.0,0.705,0.5,0.568,0.0,0.406,0.0,0,0,0.456,0.522,0.0,1.0,0.0,0.423,0.823,0.0,0.504,0.0,0.0,0.0,0.0
0,2024.03.11 22:00:00,XAUEURm,ANCHORED_PULLBACK,BUY,1,1999.392,1993.98,2005.677,1.16,0.493,1993.37132,1995.73495,1991.95315,0,0.018,0.281,0.5698,1990.5981,1969.27013,1991.7585,1966.0575,0,0.006,0.6,0,1993.37132,0.791,0.514,0,0.0,0.0,1995.41632,0.0,0.0,0,0,1,0.7,0.685,0.1527,0.685,0.315,0,0.735,0,0.54,1995.10465,1996.20768,0.208,0.022,0.0,2,0.4,0,0.735,1.208,3.0,0.403,0.436,1,1993.37132,8,0.758,0.584,0.366,0.206,0.248,0.834,0.667,1871.49138,1871.58218,1873.90342,285.5166,2.5877,2,1868.58327,0.646,0.0,0.0,0.0,0.0,0,0.113,1,0,16381,0.737,0.575,0.437,3292.0,3292.0,0.6875,4788.5,0.0,1,1,0.925,1362.075,1,1,0.685,1491.726,1,106.018,0.013,0.987,0.0,0.0,1.0,0.0,0.0,0.5,0.0,1.0,0.705,0.5,0.568,0.0,0.406,0.0,0,0,0.456,0.522,0.0,1.0,0.0,0.423,0.823,0.0,0.504,0.0,0.0,0.0,0.0
0,2024.03.11 22:38:40,XAUEURm,BREAKOUT_RETEST,BUY,1,1999.801,1998.378,2002.833,2.13,0.621,1995.00405,1997.492,1993.3942,1,0.013,0.233,0.3173,1990.5981,1969.27013,1991.7585,1966.0575,0,0.006,0.7,0,1995.00405,0.8,0.282,0,0.0,0.0,0.0,0.0,0.0,0,0,1,1.0,0.895,0.1256,0.895,0.27,0,0.695,0,0.594,1995.1504,1997.1993,0.286,0.146,0.0,2,0.15,0,0.695,1.228,3.0,0.409,0.467,1,1995.00405,8,0.76,0.427,0.279,0.269,0.171,0.787,0.774,1871.49138,1871.58218,1873.90342,285.5166,2.5877,2,1868.58327,0.646,0.0,0.0,0.0,0.0,0,0.113,1,0,16382,0.737,0.575,0.437,3292.0,3292.0,0.6941,4742.9,0.0,1,1,0.925,1362.075,1,1,0.685,1491.726,1,107.124,0.013,0.987,0.0,0.0,1.0,0.09,0.0,0.5,0.0,0.557,0.563,0.5,0.515,0.0,0.314,0.0,0,0,0.318,0.526,0.0,0.955,0.0,0.254,0.706,0.0,0.512,0.0,0.0,0.0,0.0
0,2024.03.11 22:56:40,XAUEURm,PULLBACK,BUY,1,1998.251,1996.212,2012.48,6.98,0.638,1995.00405,1997.492,1993.3942,1,0.013,0.233,-0.0095,1990.5981,1969.27013,1991.7585,1966.0575,0,0.005,0.7,0,1995.00405,0.8,0.282,0,0.0,0.0,0.0,0.0,0.0,0,0,1,1.0,0.895,0.1256,0.895,1.0,0,0.695,0,0.594,1995.1504,1994.2723,0.04,0.145,0.0,2,0.15,0,0.695,0.9,3.0,0.3,0.429,1,1993.3942,5,0.6,0.919,0.06,0.269,0.171,0.787,0.83,1871.49138,1871.58218,1873.90342,285.5166,2.5877,2,1868.58327,0.646,0.0,0.0,0.0,0.0,0,0.113,1,0,16382,0.737,0.575,0.437,3292.0,3292.0,0.6941,4742.9,0.0,1,1,0.925,1362.075,1,1,0.685,1491.726,1,106.797,0.013,0.987,0.0,0.0,1.0,0.23,0.0,0.5,0.0,0.483,0.407,0.5,0.556,0.0,0.331,0.0,0,0,0.355,0.734,0.0,0.902,0.0,0.313,0.65,0.0,0.534,0.0,0.0,0.0,0.0
14558,2024.03.11 23:12:00,XAUEURm,TREND_CONTINUATION,BUY,1,1999.187,1993.56,2010.91,2.08,0.468,1994.92135,1997.5793,1994.4523,1,0.016,0.15,0.2076,1990.5981,1970.25125,1990.8659,1965.343,0,0.005,0.5,0,1994.92135,0.8,0.888,0,0.0,0.0,1994.917,0.0,0.0,0,0,1,0.8,0.755,0.0752,0.755,0.652,2,0.618,0,0.376,1995.3904,1994.1396,0.108,0.374,0.0,2,0.4,0,0.618,1.057,3.0,0.352,0.364,1,1994.4523,5,0.6,0.785,0.264,0.226,0.215,0.793,0.935,1871.49138,1871.58218,1873.90342,285.5166,2.5877,2,1868.58327,0.646,0.0,0.0,0.0,0.0,0,0.113,1,0,16383,0.737,0.575,0.437,3292.0,3292.0,0.7021,4689.1,0.0,1,1,0.925,1362.075,1,1,0.685,1491.726,1,108.222,0.013,0.987,0.0,0.0,1.0,0.82,0.0,0.5,0.0,0.668,0.736,0.5,0.542,0.0,0.375,0.0,0,0,0.454,0.675,0.0,1.0,0.0,0.254,0.65,0.0,0.539,0.0,0.0,0.0,0.0
14560,2024.03.11 23:41:40,XAUEURm,BREAKOUT,BUY,1,1999.193,1992.159,2010.916,1.67,0.331,1994.92135,1997.5793,1994.4523,1,0.016,0.15,0.2089,1990.5981,1970.25125,1990.8659,1965.343,0,0.005,0.5,0,1994.92135,0.8,0.888,0,0.0,0.0,1994.917,0.0,0.0,0,0,1,0.8,0.755,0.0752,0.755,0.652,2,0.618,0,0.376,1995.3904,1994.1396,0.109,0.376,0.0,2,0.4,0,0.618,1.057,3.0,0.352,0.364,1,1994.4523,5,0.6,0.782,0.264,0.226,0.215,0.793,0.935,1871.49138,1871.58218,1873.90342,285.5166,2.5877,2,1868.58327,0.646,0.0,0.0,0.0,0.0,0,0.113,1,0,16383,0.737,0.575,0.437,3292.0,3292.0,0.7021,4689.1,0.0,1,1,0.925,1362.075,1,1,0.685,1491.726,1,108.223,0.013,0.987,0.0,0.0,1.0,0.99,0.0,0.5,0.0,0.65,0.495,0.5,0.56,0.0,0.441,0.0,0,0,0.347,0.675,0.0,1.0,0.0,0.254,0.65,0.0,0.539,0.0,0.0,0.0,0.0
0,2024.03.12 00:39:00,XAUEURm,BREAKOUT_RETEST,BUY,1,1998.236,1996.916,1999.634,1.06,0.496,1995.56678,1996.34185,1994.7917,1,0.031,0.434,-0.1415,1990.5981,1970.25125,1990.8659,1967.3063,0,0.006,0.35,0,1995.56678,0.767,0.75,0,0.0,0.0,0.0,0.0,0.0,0,0,1,0.687,0.8518,0.0359,0.852,0.866,0,0.8,0,0.479,1994.90242,1993.9059,0.009,0.236,0.0,2,0.0,0,0.8,0.96,3.0,0.32,0.483,1,1996.34185,4,0.6,0.981,0.04,0.256,0.096,0.885,0.975,1871.49138,1871.58218,1873.90342,284.0467,-1.4699,1,1868.58327,0.648,0.0,0.0,0.0,0.0,0,0.118,1,0,16384,0.737,0.575,0.437,3292.0,3292.0,0.748,4400.9,0.0,1,1,0.925,1362.075,1,1,0.685,1491.726,1,115.092,0.015,0.985,0.0,1.0,1.0,0.54,0.0,0.5,0.0,0.46,0.261,0.5,0.53,0.0,0.372,0.0,0,0,0.451,0.88,0.0,0.855,0.0,0.18,0.65,0.0,0.535,0.0,0.0,0.0,0.0
14562,2024.03.12 01:37:40,XAUEURm,MEAN_REVERSION,BUY,1,1996.346,1992.99,1999.273,0.87,0.746,1995.9812,1996.3184,1994.7448,0,0.278,0.171,-0.6977,1989.9219,1970.25125,1990.8659,1967.3063,0,0.005,0.35,0,1995.9812,0.68,0.768,0,0.0,0.0,1994.08292,0.0,0.0,0,0,1,0.218,-0.2054,-0.0119,0.205,0.089,0,0.785,0,0.93,1994.9696,1994.4076,0.457,0.323,0.0,2,0.4,0,0.785,1.31,3.0,0.437,0.5,2,1995.9812,8,0.736,0.087,0.433,0.062,0.326,0.759,0.868,1871.49138,1871.58218,1873.90342,284.0467,-1.4699,1,1868.58327,0.648,0.0,0.0,0.0,0.0,0,0.118,1,0,16385,0.737,0.575,0.437,3292.0,3292.0,0.7847,4195.5,0.0,1,1,0.925,1362.075,1,1,0.685,1491.726,0,120.276,0.015,0.985,0.0,1.0,0.5,0.0,0.0,0.5,0.0,1.0,0.407,0.5,0.506,0.0,0.369,0.0,0,0,0.355,0.664,0.0,1.0,0.0,0.142,0.43,0.0,0.529,0.0,0.0,0.0,0.0
14564,2024.03.12 02:17:40,XAUEURm,SWEEP_REVERSAL,BUY,1,1995.867,1991.833,1999.37,0.87,0.162,1996.07775,1996.4406,1994.0216,0,0.005,0.414,-0.8683,1994.6553,1970.25125,1990.8659,1967.3063,0,0.006,0.5,0,1996.07775,0.8,0.103,0,0.0,0.0,0.0,0.0,0.0,0,0,1,0.285,-0.505,-0.0231,0.505,0.069,0,0.674,0,0.771,1994.7473,1993.17495,0.538,0.149,0.0,2,0.0,0,0.674,1.319,3.0,0.44,0.493,1,1996.07775,8,0.76,0.0,0.279,0.152,0.154,0.593,0.931,1871.49138,1871.58218,1873.90342,284.0467,-1.4699,1,1868.58327,0.648,0.0,0.0,0.0,0.0,0,0.118,1,0,16386,0.737,0.575,0.437,3292.0,3292.0,0.816,4034.1,0.0,1,1,0.925,1362.075,1,1,0.685,1491.726,0,124.969,0.015,0.985,0.0,1.0,0.5,0.0,0.0,0.5,0.0,0.507,0.255,0.5,0.537,0.0,0.425,0.0,0,0,0.478,0.719,0.0,1.0,0.0,0.22,0.482,0.0,0.534,0.0,0.0,0.0,0.0
14566,2024.03.12 03:37:40,XAUEURm,MEAN_REVERSION,BUY,1,1992.742,1989.416,1999.462,2.02,0.677,1996.16987,1996.63015,1993.56165,0,0.849,0.037,-1.6164,1994.6553,1989.88425,1998.7191,1973.1962,1,0.0,0.5,2,1996.16987,0.761,0.614,0,0.0,0.0,1992.11905,0.0,0.0,0,0,0,0.511,-0.3706,-0.0238,0.371,0.036,0,0.689,0,0.487,1994.4822,1991.26027,1.21,0.435,0.0,2,0.4,0,0.689,1.334,3.0,0.445,0.45,1,1996.16987,8,0.752,0.0,0.449,0.111,0.237,0.972,0.928,1871.49138,1871.58218,1873.90342,284.0467,-1.4699,1,1868.58327,0.648,0.0,0.0,0.0,0.0,0,0.118,1,0,16387,0.737,0.575,0.437,3292.0,3292.0,0.7919,4157.2,0.0,1,1,0.925,1362.075,1,1,0.685,1491.726,0,120.517,0.015,0.985,0.0,1.0,0.5,0.0,0.0,0.5,0.0,0.725,0.507,0.5,0.503,0.0,0.38,0.0,0,0,0.307,0.46,0.0,0.707,0.0,0.247,0.289,0.0,0.518,0.0,0.0,0.0,0.0
14568,2024.03.12 05:37:40,XAUEURm,SWEEP_REVERSAL,BUY,1,1992.276,1988.796,1996.535,1.22,0.176,1989.55642,1993.2433,1989.114,0,0.054,0.285,-0.1645,1994.6553,1989.88462,1998.71925,1975.16025,1,0.0,0.7,2,1989.55642,0.755,0.327,0,0.0,0.0,0.0,0.0,0.0,0,0,0,0.65,-0.825,-0.1121,0.825,0.298,2,0.54,3,0.787,1989.7039,1991.32613,0.207,0.673,0.0,2,0.15,0,0.54,1.216,3.0,0.405,0.472,1,1993.2433,4,0.6,0.586,0.271,0.247,0.053,0.952,0.933,1872.36176,1871.58218,1873.90342,281.2614,-2.7854,1,1868.58327,0.65,0.0,0.0,0.0,0.0,0,0.131,1,0,16389,0.737,0.575,0.437,3292.0,3292.0,0.946,3479.8,0.0,1,1,0.925,1362.075,1,1,0.685,1491.726,0,143.845,0.013,0.987,0.0,1.0,0.5,0.0,0.0,0.5,0.0,0.574,0.202,0.5,0.546,0.0,0.393,0.0,0,0,0.5,0.672,0.0,0.792,0.0,0.196,0.479,0.0,0.543,0.0,0.0,0.0,0.0
0,2024.03.12 05:37:59,XAUEURm,MEAN_REVERSION,BUY,1,1992.29,1989.506,1996.535,1.52,0.583,1989.55642,1993.2433,1989.114,0,0.054,0.285,-0.1605,1994.6553,1989.88462,1998.71925,1975.16025,1,0.0,0.7,2,1989.55642,0.755,0.327,0,0.0,0.0,0.0,0.0,0.0,0,0,0,0.65,-0.825,-0.1121,0.825,0.298,2,0.54,3,0.787,1989.7039,1991.32613,0.203,0.669,0.0,2,0.15,0,0.54,1.216,3.0,0.405,0.472,1,1993.2433,4,0.6,0.594,0.271,0.247,0.053,0.952,0.933,1872.36176,1871.58218,1873.90342,281.2614,-2.7854,1,1868.58327,0.65,0.0,0.0,0.0,0.0,0,0.131,1,0,16389,0.737,0.575,0.437,3292.0,3292.0,0.946,3479.8,0.0,1,1,0.925,1362.075,1,1,0.685,1491.726,0,143.849,0.013,0.987,0.0,1.0,0.5,0.01,0.0,0.5,0.0,0.574,0.198,0.5,0.546,0.0,0.393,0.0,0,0,0.502,0.672,0.0,0.792,0.0,0.196,0.48,0.0,0.543,0.0,0.0,0.0,0.0
0,2024.03.12 10:14:40,XAUEURm,MEAN_REVERSION,BUY,2,1991.911,1989.644,1996.162,1.88,0.561,1988.24845,1991.7188,1987.7005,1,0.36,0.747,0.1308,1994.95463,1989.88462,1998.71925,1977.1235,1,0.0,0.55,0,1988.24845,0.784,0.487,0,0.0,0.0,1991.2752,0.0,0.0,0,0,0,0.8,-0.825,-0.2157,0.825,0.729,2,0.535,0,0.668,1988.4311,1986.2393,0.066,0.84,0.0,2,0.25,0,0.535,1.022,3.0,0.341,0.404,1,1987.7005,5,0.6,0.867,0.181,0.247,0.221,0.841,0.84,1871.49138,1871.58218,1874.10844,312.6424,31.3811,2,1868.58327,0.652,0.0,0.0,0.0,0.0,0,0.138,1,0,16394,0.737,0.574,0.436,3292.0,3292.0,1.1617,2833.9,0.0,1,1,0.925,1362.075,1,1,0.685,1491.726,-1,176.503,0.014,0.986,0.0,0.0,0.0,0.0,0.0,0.5,0.0,0.453,0.417,0.5,0.513,0.0,0.424,0.0,0,0,0.374,0.8,0.0,0.852,0.0,0.522,0.488,0.0,0.615,0.0,0.0,0.0,0.0
0,2024.03.12 11:06:40,XAUEURm,SWEEP_REVERSAL,BUY,2,1991.502,1988.699,1994.775,1.17,0.148,1989.01525,1991.329,1988.244,0,0.035,0.406,-0.2873,1989.14303,1989.88462,1998.71925,1977.1235,1,0.001,0.5,0,1991.48325,0.797,0.493,0,0.0,0.0,1988.9715,0.0,0.0,0,0,0,0.8,-1.0,-0.1513,1.0,0.458,2,0.583,0,0.582,1988.861,1987.47275,0.232,0.263,0.0,2,0.0,0,0.583,1.144,3.0,0.381,0.477,1,1991.48325,8,0.759,0.535,0.163,0.3,0.116,0.998,0.904,1871.49138,1871.58218,1874.10844,312.6424,31.3811,2,1868.58327,0.652,0.0,0.0,0.0,0.0,0,0.138,1,0,16395,0.737,0.574,0.436,3292.0,3292.0,1.1746,2802.6,0.0,1,1,0.925,1362.075,1,1,0.685,1491.726,-1,178.328,0.014,0.986,0.0,0.0,0.0,0.02,0.0,0.5,0.0,0.601,0.258,0.5,0.54,0.0,0.474,0.0,0,0,0.497,0.848,0.0,0.748,0.0,0.538,0.429,0.0,0.568,0.0,0.0,0.0,0.0
0,2024.03.12 12:14:40,XAUEURm,MEAN_REVERSION,BUY,2,1987.84,1985.393,1992.219,1.79,0.57,1991.5259,1992.2348,1988.454,0,1.313,0.232,-2.2815,1994.98363,1989.88462,1998.71925,1977.1235,1,0.002,0.4,2,1991.5259,0.8,0.38,0,0.0,0.0,1984.8197,0.0,0.0,0,0,0,1.0,-0.825,-0.0966,0.825,0.283,2,0.576,3,0.499,1988.9266,1983.9643,1.432,0.191,0.0,2,0.4,0,0.576,1.223,3.0,0.408,0.379,1,1988.9266,2,0.55,0.0,0.375,0.247,0.14,0.719,0.891,1871.49138,1871.58218,1918.85314,5783.6441,5471.0017,2,1868.58327,0.654,0.0,0.0,0.0,0.0,0,0.126,1,0,16396,0.737,0.574,0.436,3292.0,3292.0,1.0764,3058.4,0.0,1,1,0.925,1362.075,1,1,0.685,1491.726,-1,162.212,0.253,0.747,0.0,0.0,0.0,0.37,0.0,0.5,0.0,0.66,0.462,0.5,0.456,0.0,0.37,0.0,0,0,0.308,0.413,0.0,0.547,0.0,0.425,0.266,0.0,0.568,0.0,0.0,0.0,0.0
14570,2024.03.12 13:06:40,XAUEURm,SWEEP_REVERSAL,BUY,4,1982.85,1979.073,1988.424,1.48,0.136,1988.6313,1993.18,1985.4822,0,0.104,1.031,-2.4022,1994.56777,1989.88462,1998.71925,1979.08675,1,0.003,0.55,0,1988.6313,0.797,0.467,0,0.0,0.0,1987.47792,0.0,0.0,0,0,0,1.0,-1.0,-0.0773,1.0,0.017,2,0.585,0,0.422,1985.1323,1980.9335,1.476,0.364,0.0,2,0.0,0,0.585,1.342,3.0,0.447,0.46,1,1985.1323,2,0.55,0.0,0.295,0.3,0.084,0.839,0.906,1871.49138,1871.58218,1918.85314,5783.6441,5471.0017,2,1868.58327,0.654,0.0,0.0,0.0,0.0,0,0.126,1,0,16397,0.737,0.574,0.436,3292.0,3292.0,0.8716,3777.1,0.0,1,1,0.925,1362.075,1,1,0.685,1491.726,-1,130.028,0.253,0.747,0.0,0.0,0.0,0.07,0.0,0.5,0.76,0.461,0.184,0.5,0.449,0.0,0.387,0.0,0,0,0.479,0.575,0.0,0.605,0.0,0.647,0.236,0.0,0.533,0.0,0.0,0.0,0.0
14572,2024.03.12 14:14:40,XAUEURm,MEAN_REVERSION,BUY,4,1976.265,1972.809,1992.192,4.61,0.524,1988.90033,1990.14855,1981.82705,0,1.245,0.489,-3.6874,1994.91278,1989.88462,1998.71925,1979.08675,0,0.004,0.5,0,1988.90033,0.8,0.413,0,0.0,0.0,1978.51035,0.0,0.0,0,0,0,1.0,-1.0,-0.1356,1.0,0.139,2,0.464,0,0.39,1985.15565,1976.83415,2.82,0.894,0.0,2,0.0,0,0.464,1.583,3.687,0.429,0.427,1,1988.90033,8,0.76,0.0,0.258,0.3,0.078,0.62,0.807,1871.49138,1871.58218,1918.85314,5783.6441,5471.0017,2,1868.58327,0.654,0.0,0.0,0.0,0.0,0,0.126,1,0,16398,0.737,0.574,0.436,3292.0,3292.0,0.7621,4319.4,0.0,1,1,0.925,1362.075,1,1,0.685,1491.726,-1,112.177,0.253,0.747,0.0,0.0,0.0,0.24,0.0,0.5,0.0,0.724,0.397,0.5,0.44,0.0,0.354,0.0,0,0,0.335,0.303,0.0,0.475,0.0,0.832,0.148,0.0,0.521,0.0,0.0,0.0,0.0
0,2024.03.12 16:19:40,XAUEURm,MEAN_REVERSION,BUY,4,1981.634,1979.978,1987.693,3.66,0.567,1979.76437,1984.4014,1977.18825,1,0.052,0.769,-0.2833,1994.70287,1989.88462,1998.71925,1979.08675,0,0.002,0.35,0,1979.76437,0.689,0.633,0,0.0,0.0,1980.33995,0.0,0.0,0,0,0,0.8,-1.0,-0.2686,1.0,0.984,2,0.609,1,0.208,1979.24915,1974.61212,0.181,0.743,0.0,2,0.0,0,0.609,0.907,3.0,0.302,0.378,1,1984.4014,4,0.6,0.639,0.005,0.3,0.0,0.753,0.923,1872.36176,1871.58218,1875.84767,504.6692,-5278.9749,1,1868.58327,0.657,0.0,0.0,0.0,0.0,0,0.121,1,0,16400,0.755,0.562,0.443,3292.0,3292.0,0.6558,5020.1,0.0,1,1,0.925,1362.075,1,1,0.685,1491.726,-1,97.59,0.519,0.481,0.0,1.0,0.0,0.0,0.0,0.5,0.0,0.975,0.468,0.5,0.547,0.0,0.393,0.0,0,0,0.341,0.736,0.0,0.77,0.048,0.649,0.35,0.0,0.513,0.0,0.0,0.0,0.0
14574,2024.03.12 17:34:20,XAUEURm,SWEEP_REVERSAL,BUY,3,1978.718,1973.657,1982.946,0.84,0.244,1979.65413,1981.17775,1977.52105,0,0.377,0.345,-0.8354,1994.66,1989.88462,1998.71925,1979.08675,0,0.003,0.3,4,1979.65413,0.8,0.879,0,0.0,0.0,1982.23845,0.0,0.0,0,0,0,0.8,-0.825,-0.29,0.825,0.02,0,0.733,2,0.302,1979.3494,1974.4738,0.775,0.188,0.0,2,0.25,0,0.733,1.341,3.0,0.447,0.438,1,1979.65413,8,0.76,0.0,0.394,0.247,0.238,0.785,0.953,1872.36176,1871.58218,1875.84767,504.6692,-5278.9749,1,1868.58327,0.657,0.0,0.0,0.0,0.0,0,0.121,1,0,16401,0.755,0.562,0.443,3292.0,3292.0,0.6504,5061.4,0.0,1,1,0.925,1362.075,1,1,0.685,1491.726,-1,96.216,0.519,0.481,0.0,1.0,0.0,0.0,0.0,0.5,0.0,0.925,0.413,0.5,0.514,0.0,0.435,0.0,0,0,0.381,0.574,0.0,0.792,0.071,0.308,0.245,0.0,0.493,0.0,0.0,0.0,0.0
14576,2024.03.12 18:19:40,XAUEURm,MEAN_REVERSION,BUY,3,1974.929,1970.394,1982.646,1.7,0.621,1979.354,1981.829,1977.429,0,1.106,0.038,-1.3612,1989.45403,1989.88462,1998.71925,1979.08675,0,0.003,0.4,0,1979.354,0.755,0.589,0,0.0,0.0,1974.9295,0.0,0.0,0,0,-1,1.0,-1.0,-0.2794,1.0,0.068,0,0.704,2,0.259,1979.079,1972.754,1.313,0.197,0.0,2,0.15,0,0.704,1.319,3.0,0.44,0.432,1,1979.354,8,0.751,0.0,0.339,0.3,0.053,0.736,0.893,1872.36176,1871.58218,1875.84767,504.6692,-5278.9749,1,1868.58327,0.657,0.0,0.0,0.0,0.0,0,0.121,1,0,16402,0.755,0.562,0.443,3292.0,3292.0,0.5807,5669.1,0.0,1,1,0.925,1362.075,1,1,0.685,1491.726,-1,85.234,0.519,0.481,0.0,1.0,0.0,0.48,0.0,0.5,0.0,0.622,0.464,0.5,0.497,0.0,0.47,0.0,0,0,0.359,0.256,0.0,0.475,0.071,0.445,0.139,0.0,0.536,0.0,0.0,0.0,0.0
14578,2024.03.12 19:34:20,XAUEURm,SWEEP_REVERSAL,BUY,3,1975.248,1969.436,1982.512,1.25,0.112,1979.2198,1982.929,1974.1618,0,0.474,0.59,-1.2499,1990.06797,1990.34887,1998.90495,1977.9901,0,0.003,0.65,0,1979.2198,0.726,0.0,2,0.0,0.0,1972.40523,0.0,0.0,0,0,-1,1.0,-1.0,-0.3243,1.0,0.382,2,0.636,3,0.718,1972.4758,1973.4874,0.089,0.264,0.0,2,0.0,0,0.636,1.178,3.0,0.393,0.449,1,1979.2198,8,0.745,0.821,0.185,0.3,0.0,0.502,0.897,1872.36176,1871.58218,1875.84767,504.6692,-5278.9749,1,1868.58327,0.657,0.0,0.0,0.0,0.0,0,0.121,1,0,16403,0.755,0.562,0.443,3292.0,3292.0,0.5664,5811.6,0.0,1,1,0.925,1362.075,1,1,0.685,1491.726,-1,83.199,0.519,0.481,0.0,1.0,0.0,0.95,0.0,0.5,0.0,0.75,0.687,0.5,0.566,0.0,0.397,0.0,0,0,0.441,0.554,0.0,0.808,0.048,0.853,0.205,0.0,0.521,0.0,0.0,0.0,0.0
14580,2024.03.13 05:00:40,XAUEURm,ANCHORED_PULLBACK,BUY,1,1978.638,1973.003,1984.284,1.0,0.377,1974.29,1975.3174,1973.4494,0,0.117,0.134,0.2363,1973.21367,1990.34887,1998.90495,1977.9901,0,0.003,0.5,0,1974.29,0.749,0.736,0,0.0,0.0,1973.77662,0.0,0.0,0,0,-1,0.45,0.51,0.08,0.51,0.398,0,0.838,0,0.561,1974.6636,1976.158,0.153,0.182,0.0,2,0.4,0,0.838,1.171,3.0,0.39,0.447,1,1973.4494,5,0.6,0.695,0.341,0.153,0.252,0.727,0.885,1870.66244,1871.58218,1972.88826,12700.2277,6726.91,2,1871.94193,0.666,0.0,0.0,0.0,0.0,0,0.154,1,0,16412,0.761,0.567,0.445,3292.0,3292.0,0.7367,4468.8,0.0,1,1,0.925,1362.075,1,1,0.685,1491.726,0,108.958,0.5,0.5,0.0,0.0,0.5,0.99,0.0,0.5,0.0,0.851,0.643,0.5,0.557,0.0,0.383,0.0,0,0,0.406,0.752,0.0,0.91,0.054,0.197,0.541,0.0,0.531,0.0,0.0,0.0,0.0
14582,2024.03.13 05:38:40,XAUEURm,BREAKOUT,BUY,1,1978.325,1971.622,1989.497,1.67,0.294,1974.29,1975.3174,1973.4494,1,0.117,0.134,0.1663,1973.21367,1990.34887,1998.90495,1977.9901,0,0.003,0.5,0,1974.29,0.749,0.736,0,0.0,0.0,1973.77662,0.0,0.0,0,0,-1,0.45,0.51,0.08,0.51,0.637,0,0.838,0,0.561,1974.6636,1976.158,0.083,0.252,0.0,2,0.4,0,0.838,1.063,3.0,0.354,0.435,1,1973.4494,5,0.6,0.835,0.269,0.153,0.252,0.727,0.885,1870.66244,1871.58218,1972.88826,12700.2277,6726.91,2,1871.94193,0.666,0.0,0.0,0.0,0.0,0,0.154,1,0,16412,0.761,0.567,0.445,3292.0,3292.0,0.7367,4468.8,0.0,1,1,0.925,1362.075,1,1,0.685,1491.726,0,108.888,0.5,0.5,0.0,0.0,0.5,0.91,0.0,0.5,0.0,0.94,0.542,0.5,0.556,0.0,0.37,0.0,0,0,0.34,0.835,0.0,0.91,0.054,0.223,0.541,0.0,0.539,0.0,0.0,0.0,0.0
14583,2024.03.13 05:38:59,XAUEURm,PULLBACK,BUY,1,1978.2,1971.497,1991.606,2.0,0.44,1974.29,1975.3174,1973.4494,1,0.117,0.134,0.1383,1973.21367,1990.34887,1998.90495,1977.9901,0,0.003,0.5,0,1974.29,0.749,0.736,0,0.0,0.0,1973.77662,0.0,0.0,0,0,-1,0.45,0.51,0.08,0.51,0.629,0,0.838,0,0.561,1974.6636,1976.158,0.055,0.28,0.0,2,0.4,0,0.838,1.067,3.0,0.356,0.435,1,1973.4494,5,0.6,0.891,0.271,0.153,0.252,0.727,0.885,1870.66244,1871.58218,1972.88826,12700.2277,6726.91,2,1871.94193,0.666,0.0,0.0,0.0,0.0,0,0.154,1,0,16412,0.761,0.567,0.445,3292.0,3292.0,0.7367,4468.8,0.0,1,1,0.925,1362.075,1,1,0.685,1491.726,0,108.86,0.5,0.5,0.0,0.0,0.5,0.86,0.0,0.5,0.0,0.94,0.55,0.5,0.556,0.0,0.392,0.0,0,0,0.354,0.834,0.0,0.91,0.054,0.223,0.541,0.0,0.543,0.0,0.0,0.0,0.0
14584,2024.03.13 05:39:00,XAUEURm,TREND_CONTINUATION,BUY,1,1978.279,1972.916,1989.451,2.08,0.341,1974.29,1975.3174,1973.4494,1,0.117,0.134,0.156,1973.21367,1990.34887,1998.90495,1977.9901,0,0.003,0.5,0,1974.29,0.749,0.736,0,0.0,0.0,1973.77662,0.0,0.0,0,0,-1,0.45,0.51,0.08,0.51,0.637,0,0.838,0,0.561,1974.6636,1976.158,0.072,0.262,0.0,2,0.4,0,0.838,1.063,3.0,0.354,0.435,1,1973.4494,5,0.6,0.855,0.269,0.153,0.252,0.727,0.885,1870.66244,1871.58218,1972.88826,12700.2277,6726.91,2,1871.94193,0.666,0.0,0.0,0.0,0.0,0,0.154,1,0,16412,0.761,0.567,0.445,3292.0,3292.0,0.7367,4468.8,0.0,1,1,0.925,1362.075,1,1,0.685,1491.726,0,108.878,0.5,0.5,0.0,0.0,0.5,0.9,0.0,0.5,0.0,0.94,0.526,0.5,0.556,0.0,0.37,0.0,0,0,0.331,0.835,0.0,0.91,0.054,0.223,0.541,0.0,0.539,0.0,0.0,0.0,0.0
0,2024.03.13 06:04:00,XAUEURm,BREAKOUT_RETEST,BUY,1,1978.63,1977.476,1979.824,1.03,0.396,1974.8504,1975.691,1974.0098,1,0.01,0.233,0.1268,1974.50183,1990.662,1999.0302,1978.5746,0,0.004,0.45,0,1975.224,0.733,0.8,0,0.0,0.0,0.0,0.0,0.0,0,0,-1,0.5,0.545,0.0932,0.545,0.628,0,0.855,0,0.74,1974.9438,1976.158,0.102,0.213,0.0,2,0.4,0,0.855,1.068,3.0,0.356,0.489,1,1974.0098,5,0.6,0.795,0.272,0.164,0.288,0.945,0.897,1870.66244,1871.58218,1972.88826,12700.2277,6726.91,2,1871.94193,0.666,0.0,0.0,0.0,0.0,0,0.154,1,0,16413,0.761,0.567,0.445,3292.0,3292.0,0.856,3846.0,0.0,1,1,0.925,1362.075,1,1,0.685,1491.726,0,126.6,0.5,0.5,0.0,0.0,0.5,0.85,0.0,0.5,0.0,0.687,0.524,0.5,0.552,0.0,0.443,0.0,0,0,0.357,0.734,0.0,0.86,0.054,0.253,0.35,0.0,0.538,0.0,0.0,0.0,0.0
14588,2024.03.13 07:38:40,XAUEURm,BREAKOUT,BUY,1,1978.855,1973.367,1988.002,1.67,0.435,1974.73935,1975.3025,1974.0153,0,0.035,0.273,0.2251,1974.50183,1990.662,1999.0302,1978.5746,0,0.004,0.4,0,1974.73935,0.777,0.674,0,0.0,0.0,0.0,0.0,0.0,0,0,-1,0.55,0.58,0.076,0.58,0.129,0,0.823,0,0.493,1974.8198,1975.7852,0.203,0.061,0.0,2,0.4,0,0.823,1.292,3.0,0.431,0.48,1,1974.0153,5,0.6,0.594,0.421,0.174,0.239,0.976,0.935,1870.66244,1871.58218,1972.88826,12700.2277,6726.91,2,1871.94193,0.666,0.0,0.0,0.0,0.0,0,0.154,1,0,16414,0.761,0.567,0.445,3292.0,3292.0,0.8997,3658.9,0.0,1,1,0.925,1362.075,1,1,0.685,1491.726,1,133.134,0.5,0.5,0.0,0.0,1.0,0.59,0.0,0.5,0.0,0.686,0.593,0.5,0.517,0.0,0.313,0.0,0,0,0.336,0.6,0.0,0.906,0.071,0.164,0.35,0.0,0.533,0.0,0.0,0.0,0.0
14589,2024.03.13 07:38:59,XAUEURm,PULLBACK,BUY,1,1978.853,1973.365,1989.83,2.0,0.337,1974.73935,1975.3025,1974.0153,0,0.035,0.273,0.2246,1974.50183,1990.662,1999.0302,1978.5746,0,0.004,0.4,0,1974.73935,0.777,0.674,0,0.0,0.0,0.0,0.0,0.0,0,0,-1,0.55,0.58,0.076,0.58,0.129,0,0.823,0,0.493,1974.8198,1975.7852,0.203,0.061,0.0,2,0.4,0,0.823,1.292,3.0,0.431,0.48,1,1974.0153,5,0.6,0.595,0.421,0.174,0.239,0.976,0.935,1870.66244,1871.58218,1972.88826,12700.2277,6726.91,2,1871.94193,0.666,0.0,0.0,0.0,0.0,0,0.154,1,0,16414,0.761,0.567,0.445,3292.0,3292.0,0.8997,3658.9,0.0,1,1,0.925,1362.075,1,1,0.685,1491.726,1,133.134,0.5,0.5,0.0,0.0,1.0,0.58,0.0,0.5,0.0,0.686,0.6,0.5,0.517,0.0,0.313,0.0,0,0,0.34,0.6,0.0,0.906,0.071,0.164,0.35,0.0,0.533,0.0,0.0,0.0,0.0
14590,2024.03.13 07:39:00,XAUEURm,TREND_CONTINUATION,BUY,1,1978.761,1974.37,1987.908,2.08,0.397,1974.73935,1975.3025,1974.0153,0,0.035,0.273,0.1994,1974.50183,1990.662,1999.0302,1978.5746,0,0.004,0.4,0,1974.73935,0.777,0.674,0,0.0,0.0,0.0,0.0,0.0,0,0,-1,0.55,0.58,0.076,0.58,0.129,0,0.823,0,0.493,1974.8198,1975.7852,0.177,0.086,0.0,2,0.4,0,0.823,1.292,3.0,0.431,0.48,1,1974.0153,5,0.6,0.645,0.421,0.174,0.239,0.976,0.935,1870.66244,1871.58218,1972.88826,12700.2277,6726.91,2,1871.94193,0.666,0.0,0.0,0.0,0.0,0,0.154,1,0,16414,0.761,0.567,0.445,3292.0,3292.0,0.8997,3658.9,0.0,1,1,0.925,1362.075,1,1,0.685,1491.726,1,133.109,0.5,0.5,0.0,0.0,1.0,0.51,0.0,0.5,0.0,0.686,0.581,0.5,0.517,0.0,0.313,0.0,0,0,0.329,0.6,0.0,0.856,0.071,0.164,0.35,0.0,0.539,0.0,0.0,0.0,0.0
0,2024.03.13 08:07:40,XAUEURm,BREAKOUT_RETEST,BUY,2,1978.074,1977.02,1979.376,1.24,0.436,1974.65458,1975.41125,1974.06605,1,0.038,0.25,0.0363,1974.50183,1990.662,1999.0302,1978.5746,0,0.005,0.4,0,1974.65458,0.744,0.93,0,0.0,0.0,0.0,0.0,0.0,0,0,-1,0.6,0.615,0.0674,0.615,0.95,0,0.814,0,0.827,1974.5705,1975.99977,0.06,0.347,0.0,2,0.4,0,0.814,0.923,3.0,0.308,0.469,1,0.0,0,0.0,0.88,0.175,0.185,0.305,0.914,0.89,1869.1176,1871.06493,1972.88826,13579.1606,878.9329,2,1871.94193,0.669,0.0,0.0,0.0,0.0,0,0.159,1,0,16415,0.761,0.567,0.445,3292.0,3292.0,0.9373,3512.1,0.0,1,1,0.925,1362.075,1,1,0.685,1491.726,1,138.479,0.5,0.5,0.0,0.0,1.0,0.32,0.0,0.5,0.0,0.638,0.466,0.5,0.534,0.0,0.386,0.0,0,0,0.335,0.734,0.0,0.772,0.071,0.161,0.35,0.0,0.553,0.0,0.0,0.0,0.0
14594,2024.03.13 09:38:40,XAUEURm,BREAKOUT,BUY,2,1978.384,1973.884,1985.884,1.67,0.441,1974.82187,1975.41075,1973.8965,1,0.338,0.111,0.09,1974.50183,1990.662,1999.0302,1978.5746,0,0.005,0.45,0,1974.82187,0.797,0.551,0,0.0,0.0,0.0,0.0,0.0,0,0,-1,0.923,0.6151,0.0456,0.615,0.714,0,0.779,0,0.747,1974.5695,1975.9155,0.174,0.274,0.0,2,0.4,0,0.779,1.029,3.0,0.343,0.456,1,1973.8965,5,0.6,0.652,0.246,0.185,0.289,0.86,0.833,1869.1176,1871.06493,1972.88826,13579.1606,878.9329,2,1871.94193,0.669,0.0,0.0,0.0,0.0,0,0.159,1,0,16416,0.761,0.567,0.445,3292.0,3292.0,1.0973,3000.0,0.0,1,1,0.925,1362.075,1,1,0.685,1491.726,1,162.219,0.5,0.5,0.0,0.0,1.0,0.32,0.0,0.5,0.0,0.502,0.594,0.5,0.478,0.0,0.384,0.0,0,0,0.353,0.719,0.0,0.817,0.0,0.212,0.35,0.0,0.569,0.0,0.0,0.0,0.0
14595,2024.03.13 09:38:59,XAUEURm,PULLBACK,BUY,2,1978.293,1973.793,1987.293,2.0,0.596,1974.82187,1975.41075,1973.8965,1,0.338,0.111,0.0597,1974.50183,1990.662,1999.0302,1978.5746,0,0.005,0.45,0,1974.82187,0.797,0.551,0,0.0,0.0,0.0,0.0,0.0,0,0,-1,0.923,0.6151,0.0456,0.615,0.722,0,0.779,0,0.747,1974.5695,1975.9155,0.144,0.305,0.0,2,0.4,0,0.779,1.025,3.0,0.342,0.455,1,1973.8965,5,0.6,0.712,0.243,0.185,0.289,0.86,0.833,1869.1176,1871.06493,1972.88826,13579.1606,878.9329,2,1871.94193,0.669,0.0,0.0,0.0,0.0,0,0.159,1,0,16416,0.761,0.567,0.445,3292.0,3292.0,1.0973,3000.0,0.0,1,1,0.925,1362.075,1,1,0.685,1491.726,1,162.189,0.5,0.5,0.0,0.0,1.0,0.26,0.0,0.5,0.0,0.502,0.601,0.5,0.478,0.0,0.384,0.0,0,0,0.357,0.721,0.0,0.817,0.0,0.212,0.35,0.0,0.569,0.0,0.0,0.0,0.0
14596,2024.03.13 09:39:00,XAUEURm,TREND_CONTINUATION,BUY,2,1978.269,1974.669,1985.769,2.08,0.524,1974.82187,1975.41075,1973.8965,1,0.338,0.111,0.0517,1974.50183,1990.662,1999.0302,1978.5746,0,0.005,0.45,0,1974.82187,0.797,0.551,0,0.0,0.0,0.0,0.0,0.0,0,0,-1,0.923,0.6151,0.0456,0.615,0.722,0,0.779,0,0.747,1974.5695,1975.9155,0.136,0.313,0.0,2,0.4,0,0.779,1.025,3.0,0.342,0.455,1,1973.8965,5,0.6,0.728,0.243,0.185,0.289,0.86,0.833,1869.1176,1871.06493,1972.88826,13579.1606,878.9329,2,1871.94193,0.669,0.0,0.0,0.0,0.0,0,0.159,1,0,16416,0.761,0.567,0.445,3292.0,3292.0,1.0973,3000.0,0.0,1,1,0.925,1362.075,1,1,0.685,1491.726,1,162.181,0.5,0.5,0.0,0.0,1.0,0.22,0.0,0.5,0.0,0.502,0.631,0.5,0.478,0.0,0.384,0.0,0,0,0.376,0.721,0.0,0.817,0.0,0.212,0.35,0.0,0.569,0.0,0.0,0.0,0.0
0,2024.03.13 13:10:40,XAUEURm,BREAKOUT_RETEST,BUY,4,1979.306,1978.465,1981.292,2.36,0.362,1975.67677,1976.77725,1974.33175,1,0.291,0.494,0.1203,1975.11333,1990.662,1999.0302,1976.715,0,0.005,0.5,0,1975.67677,0.66,0.539,0,0.0,0.0,1976.6623,0.0,0.0,0,0,-1,0.399,0.5007,0.027,0.501,0.75,0,0.802,0,0.727,1975.30995,1977.87773,0.251,0.665,0.0,2,0.0,0,0.802,1.013,3.0,0.338,0.524,2,1974.33175,5,0.6,0.498,0.075,0.15,0.145,0.913,0.898,1869.1176,1871.06493,1972.88826,13541.3662,-37.7944,1,1871.94193,0.671,0.0,0.0,0.0,0.0,0,0.167,1,0,16420,0.75,0.58,0.444,3292.0,3292.0,1.174,2804.0,0.0,1,1,0.925,1362.075,1,1,0.685,1491.726,0,173.887,0.501,0.499,0.0,1.0,0.5,0.2,0.0,0.5,0.0,0.589,0.387,0.5,0.483,0.0,0.404,0.0,0,0,0.374,0.871,1.0,1.0,0.1,0.454,0.35,0.0,0.552,0.0,0.0,0.0,0.0
0,2024.03.13 13:51:40,XAUEURm,BREAKOUT,BUY,4,1980.694,1978.688,1987.704,3.5,0.404,1975.67677,1976.77725,1974.33175,0,0.291,0.494,0.6153,1975.11333,1990.662,1999.0302,1976.715,1,0.005,0.5,0,1975.67677,0.66,0.539,0,0.0,0.0,1976.6623,0.0,0.0,0,0,-1,0.399,0.5007,0.027,0.501,0.489,0,0.802,0,0.727,1975.30995,1977.87773,0.746,0.17,0.0,2,0.0,0,0.802,1.13,3.0,0.377,0.537,2,1975.67677,8,0.732,0.0,0.153,0.15,0.145,0.913,0.898,1869.1176,1871.06493,1972.88826,13541.3662,-37.7944,1,1871.94193,0.671,0.0,0.0,0.0,0.0,0,0.167,1,0,16420,0.75,0.58,0.444,3292.0,3292.0,1.174,2804.0,0.0,1,1,0.925,1362.075,1,1,0.685,1491.726,0,174.382,0.501,0.499,0.0,1.0,0.5,0.01,0.0,0.5,0.0,0.443,0.5,0.5,0.452,0.0,0.41,0.0,0,0,0.299,0.907,0.0,1.0,0.1,0.532,0.568,0.0,0.534,0.0,0.0,0.0,0.0
0,2024.03.13 13:52:20,XAUEURm,PULLBACK,BUY,4,1980.847,1979.674,1989.259,7.17,0.302,1975.67677,1976.77725,1974.33175,0,0.291,0.494,0.6698,1975.11333,1990.662,1999.0302,1976.715,1,0.005,0.5,0,1975.67677,0.66,0.539,0,0.0,0.0,1976.6623,0.0,0.0,0,0,-1,0.399,0.5007,0.027,0.501,0.285,0,0.802,0,0.727,1975.30995,1977.87773,0.801,0.115,0.0,2,0.0,0,0.802,1.222,3.0,0.407,0.548,2,1975.67677,8,0.732,0.0,0.215,0.15,0.145,0.913,0.898,1869.1176,1871.06493,1972.88826,13541.3662,-37.7944,1,1871.94193,0.671,0.0,0.0,0.0,0.0,0,0.167,1,0,16420,0.75,0.58,0.444,3292.0,3292.0,1.174,2804.0,0.0,1,1,0.925,1362.075,1,1,0.685,1491.726,0,174.437,0.501,0.499,0.0,1.0,0.5,0.08,0.0,0.5,0.0,0.443,0.511,0.5,0.452,0.0,0.41,0.0,0,0,0.306,0.872,0.0,1.0,0.1,0.532,0.568,0.0,0.534,0.0,0.0,0.0,0.0
14600,2024.03.13 13:52:20,XAUEURm,TREND_CONTINUATION,BUY,4,1980.847,1977.482,1987.857,2.08,0.357,1975.67677,1976.77725,1974.33175,0,0.291,0.494,0.6698,1975.11333,1990.662,1999.0302,1976.715,1,0.005,0.5,0,1975.67677,0.66,0.539,0,0.0,0.0,1976.6623,0.0,0.0,0,0,-1,0.399,0.5007,0.027,0.501,0.285,0,0.802,0,0.727,1975.30995,1977.87773,0.801,0.115,0.0,2,0.0,0,0.802,1.222,3.0,0.407,0.548,2,1975.67677,8,0.732,0.0,0.215,0.15,0.145,0.913,0.898,1869.1176,1871.06493,1972.88826,13541.3662,-37.7944,1,1871.94193,0.671,0.0,0.0,0.0,0.0,0,0.167,1,0,16420,0.75,0.58,0.444,3292.0,3292.0,1.174,2804.0,0.0,1,1,0.925,1362.075,1,1,0.685,1491.726,0,174.437,0.501,0.499,0.0,1.0,0.5,0.08,0.0,0.5,0.0,0.443,0.511,0.5,0.452,0.0,0.41,0.0,0,0,0.306,0.872,0.0,1.0,0.1,0.532,0.568,0.0,0.534,0.0,0.0,0.0,0.0
0,2024.03.13 15:02:40,XAUEURm,ANCHORED_PULLBACK,BUY,4,1983.14,1982.161,1987.331,4.28,0.553,1975.65688,1978.53995,1974.99155,0,1.11,0.374,1.2752,1974.21785,1990.662,1999.0302,1976.715,1,0.003,0.4,2,1975.65688,0.8,0.222,0,0.0,0.0,1979.86945,0.0,0.0,0,0,0,0.825,0.755,0.13,0.755,0.54,2,0.603,1,0.138,1976.3222,1982.31012,1.073,0.749,0.0,2,0.0,0,0.603,1.107,3.0,0.369,0.394,1,1975.65688,8,0.76,0.0,0.138,0.226,0.0,0.776,0.951,1869.1176,1871.06493,1972.88826,13541.3662,-37.7944,1,1871.94193,0.671,0.0,0.0,0.0,0.0,0,0.167,1,0,16422,0.75,0.58,0.444,3292.0,3292.0,1.0017,3286.6,0.0,1,1,0.925,1362.075,1,1,0.685,1491.726,0,149.522,0.501,0.499,0.0,1.0,0.5,0.38,0.0,0.5,0.0,0.826,0.354,0.5,0.453,0.0,0.399,0.0,0,0,0.383,0.672,0.0,0.396,0.1,0.423,0.427,0.0,0.559,0.0,0.0,0.0,0.0
14602,2024.03.13 15:51:40,XAUEURm,BREAKOUT,BUY,4,1986.535,1979.962,1994.751,1.25,0.453,1975.65688,1978.53995,1974.99155,0,1.11,0.374,2.3082,1974.21785,1990.662,1999.0302,1976.715,1,0.002,0.4,2,1975.65688,0.8,0.222,0,0.0,0.0,1979.86945,0.0,0.0,0,0,0,0.825,0.755,0.13,0.755,0.022,2,0.603,1,0.138,1976.3222,1982.31012,2.106,0.284,0.0,2,0.0,0,0.603,1.34,3.0,0.447,0.421,1,1975.65688,8,0.76,0.0,0.293,0.226,0.0,0.776,0.951,1869.1176,1871.06493,1972.88826,13541.3662,-37.7944,1,1871.94193,0.671,0.0,0.0,0.0,0.0,0,0.167,1,0,16422,0.75,0.58,0.444,3292.0,3292.0,1.0017,3286.6,0.0,1,1,0.925,1362.075,1,1,0.685,1491.726,0,150.555,0.501,0.499,0.0,1.0,0.5,0.1,0.0,0.5,0.0,0.83,0.541,0.5,0.438,0.0,0.327,0.0,0,0,0.286,0.45,0.0,0.308,0.1,0.416,0.732,0.0,0.559,0.0,0.0,0.0,0.0
14604,2024.03.13 15:52:20,XAUEURm,PULLBACK,BUY,4,1986.4,1982.833,1996.26,2.76,0.421,1975.65688,1978.53995,1974.99155,0,1.11,0.374,2.2671,1974.21785,1990.662,1999.0302,1976.715,1,0.002,0.4,2,1975.65688,0.8,0.222,0,0.0,0.0,1979.86945,0.0,0.0,0,0,0,0.825,0.755,0.13,0.755,0.022,2,0.603,1,0.138,1976.3222,1982.31012,2.065,0.243,0.0,2,0.0,0,0.603,1.34,3.0,0.447,0.421,1,1975.65688,8,0.76,0.0,0.293,0.226,0.0,0.776,0.951,1869.1176,1871.06493,1972.88826,13541.3662,-37.7944,1,1871.94193,0.671,0.0,0.0,0.0,0.0,0,0.167,1,0,16422,0.75,0.58,0.444,3292.0,3292.0,1.0017,3286.6,0.0,1,1,0.925,1362.075,1,1,0.685,1491.726,0,150.514,0.501,0.499,0.0,1.0,0.5,0.06,0.0,0.5,0.0,0.83,0.569,0.5,0.438,0.0,0.327,0.0,0,0,0.303,0.45,0.0,0.308,0.1,0.416,0.731,0.0,0.559,0.0,0.0,0.0,0.0
14605,2024.03.13 15:52:20,XAUEURm,TREND_CONTINUATION,BUY,4,1986.4,1982.456,1994.616,2.08,0.494,1975.65688,1978.53995,1974.99155,0,1.11,0.374,2.2671,1974.21785,1990.662,1999.0302,1976.715,1,0.002,0.4,2,1975.65688,0.8,0.222,0,0.0,0.0,1979.86945,0.0,0.0,0,0,0,0.825,0.755,0.13,0.755,0.022,2,0.603,1,0.138,1976.3222,1982.31012,2.065,0.243,0.0,2,0.0,0,0.603,1.34,3.0,0.447,0.421,1,1975.65688,8,0.76,0.0,0.293,0.226,0.0,0.776,0.951,1869.1176,1871.06493,1972.88826,13541.3662,-37.7944,1,1871.94193,0.671,0.0,0.0,0.0,0.0,0,0.167,1,0,16422,0.75,0.58,0.444,3292.0,3292.0,1.0017,3286.6,0.0,1,1,0.925,1362.075,1,1,0.685,1491.726,0,150.514,0.501,0.499,0.0,1.0,0.5,0.06,0.0,0.5,0.0,0.83,0.569,0.5,0.438,0.0,0.327,0.0,0,0,0.303,0.45,0.0,0.308,0.1,0.416,0.731,0.0,0.559,0.0,0.0,0.0,0.0
0,2024.03.13 17:00:00,XAUEURm,BREAKOUT_RETEST,BUY,3,1986.947,1985.899,1988.046,1.05,0.75,1983.47825,1984.754,1979.1407,1,0.051,0.635,0.0506,1973.91837,1990.662,1997.1706,1976.715,1,0.002,0.55,2,1983.47825,0.8,0.171,0,0.0,0.0,0.0,0.0,0.0,0,0,0,0.975,0.825,0.2801,0.825,1.0,1,0.265,3,0.426,1983.7334,1981.1819,0.022,0.708,0.0,2,0.3,3,1.0,1.5,3.0,0.5,0.552,2,1984.754,4,0.6,0.955,0.12,0.648,0.105,0.946,0.792,1873.77748,1871.58218,1972.88826,13045.7819,-495.5843,1,1871.94193,0.673,0.0,0.0,0.0,0.0,0,0.134,1,0,16424,0.75,0.58,0.444,3292.0,3292.0,0.9426,3492.6,0.0,1,1,0.925,1362.075,1,1,0.685,1491.726,0,141.793,0.519,0.481,0.0,1.0,0.5,0.21,0.0,0.5,0.0,0.397,0.427,0.5,0.51,0.0,0.399,0.0,0,0,0.357,0.759,0.0,0.428,0.093,0.657,0.511,0.0,0.526,0.0,0.0,0.0,0.0
0,2024.03.13 18:01:00,XAUEURm,BREAKOUT,BUY,3,1986.16,1984.564,1989.736,2.24,0.312,1983.9124,1985.6848,1981.6336,1,0.063,0.917,-0.2888,1974.83713,1990.662,1997.1706,1976.715,1,0.002,0.4,0,1983.9124,0.775,0.797,0,0.0,0.0,1983.1025,0.0,0.0,0,0,0,0.7,0.86,0.3325,0.86,0.528,0,0.703,2,0.106,1983.6592,1986.4444,0.219,0.989,0.0,2,0.0,0,0.703,1.112,3.0,0.371,0.408,1,1981.6336,5,0.6,0.562,0.142,0.258,0.0,0.717,0.951,1873.77748,1871.58218,1972.88826,13045.7819,-495.5843,1,1871.94193,0.673,0.0,0.0,0.0,0.0,0,0.134,1,0,16425,0.75,0.58,0.444,3292.0,3292.0,0.9102,3616.9,0.0,1,1,0.925,1362.075,1,1,0.685,1491.726,0,136.703,0.519,0.481,0.0,1.0,0.5,0.18,0.0,0.5,0.0,0.662,0.474,0.5,0.558,0.0,0.4,0.0,0,0,0.343,0.815,0.0,0.572,0.067,0.48,0.456,0.0,0.581,0.0,0.0,0.0,0.0
0,2024.03.13 18:01:00,XAUEURm,PULLBACK,BUY,3,1986.16,1984.564,1989.736,2.24,0.54,1983.9124,1985.6848,1981.6336,1,0.063,0.917,-0.2888,1974.83713,1990.662,1997.1706,1976.715,1,0.002,0.4,0,1983.9124,0.775,0.797,0,0.0,0.0,1983.1025,0.0,0.0,0,0,0,0.7,0.86,0.3325,0.86,0.528,0,0.703,2,0.106,1983.6592,1986.4444,0.219,0.989,0.0,2,0.0,0,0.703,1.112,3.0,0.371,0.408,1,1981.6336,5,0.6,0.562,0.142,0.258,0.0,0.717,0.951,1873.77748,1871.58218,1972.88826,13045.7819,-495.5843,1,1871.94193,0.673,0.0,0.0,0.0,0.0,0,0.134,1,0,16425,0.75,0.58,0.444,3292.0,3292.0,0.9102,3616.9,0.0,1,1,0.925,1362.075,1,1,0.685,1491.726,0,136.703,0.519,0.481,0.0,1.0,0.5,0.18,0.0,0.5,0.0,0.662,0.474,0.5,0.558,0.0,0.4,0.0,0,0,0.343,0.815,0.0,0.572,0.067,0.48,0.456,0.0,0.581,0.0,0.0,0.0,0.0
14608,2024.03.13 18:15:40,XAUEURm,TREND_CONTINUATION,BUY,3,1988.026,1983.686,1997.068,2.08,0.462,1983.9124,1985.6848,1981.6336,1,0.063,0.917,0.2272,1974.83713,1990.662,1997.1706,1976.715,1,0.002,0.4,0,1983.9124,0.775,0.797,0,0.0,0.0,1983.1025,0.0,0.0,0,0,0,0.7,0.86,0.3325,0.86,0.237,0,0.703,2,0.106,1983.6592,1986.4444,0.297,0.473,0.0,2,0.0,0,0.703,1.243,3.0,0.414,0.424,1,1981.6336,5,0.6,0.406,0.229,0.258,0.0,0.717,0.951,1873.77748,1871.58218,1972.88826,13045.7819,-495.5843,1,1871.94193,0.673,0.0,0.0,0.0,0.0,0,0.134,1,0,16425,0.75,0.58,0.444,3292.0,3292.0,0.9102,3616.9,0.0,1,1,0.925,1362.075,1,1,0.685,1491.726,0,137.219,0.519,0.481,0.0,1.0,0.5,0.99,0.0,0.5,0.0,0.977,0.59,0.5,0.554,0.0,0.391,0.0,0,0,0.376,0.815,0.0,0.572,0.067,0.48,0.523,0.0,0.581,0.0,0.0,0.0,0.0
0,2024.03.13 19:00:00,XAUEURm,BREAKOUT_RETEST,BUY,3,1987.718,1986.631,1989.393,1.54,0.507,1983.7099,1984.9972,1982.7904,1,0.005,0.615,0.1977,1974.83713,1990.662,1997.1706,1976.715,1,0.002,0.3,0,1984.4455,0.744,0.532,0,0.0,0.0,0.0,0.0,0.0,0,0,0,0.75,0.895,0.3632,0.895,0.897,0,0.729,2,0.102,1984.2616,1986.6523,0.045,0.615,0.0,2,0.0,0,0.729,0.946,3.0,0.315,0.42,1,1982.7904,5,0.6,0.909,0.031,0.269,0.0,0.917,0.976,1873.77748,1871.58218,1972.88826,13045.7819,-495.5843,1,1871.94193,0.673,0.0,0.0,0.0,0.0,0,0.134,1,0,16426,0.75,0.58,0.444,3292.0,3292.0,0.9088,3622.4,0.0,1,1,0.925,1362.075,1,1,0.685,1491.726,0,136.925,0.519,0.481,0.0,1.0,0.5,0.48,0.0,0.5,0.0,0.656,0.422,0.5,0.555,0.0,0.356,0.0,0,0,0.356,0.815,0.0,0.396,0.093,0.232,0.514,0.0,0.608,0.0,0.0,0.0,0.0
14610,2024.03.13 20:29:40,XAUEURm,PULLBACK,BUY,3,1987.898,1982.362,2000.396,2.26,0.567,1984.52263,1984.946,1983.2525,1,0.141,0.829,0.0226,1974.7482,1989.68255,1997.1044,1977.3128,1,0.001,0.3,4,1984.80488,0.751,0.723,0,0.0,0.0,0.0,0.0,0.0,0,0,0,0.8,0.755,0.3463,0.755,1.0,0,0.686,0,0.659,1984.52262,1986.49837,0.023,0.513,0.0,2,0.25,0,0.686,0.9,3.0,0.3,0.437,1,1983.2525,5,0.6,0.955,0.1,0.226,0.369,0.926,0.957,1871.35782,1874.24455,1972.88826,13525.9401,480.1582,2,1871.94193,0.675,0.0,0.0,0.0,0.0,0,0.141,1,0,16427,0.75,0.58,0.444,3292.0,3292.0,0.892,3690.6,0.0,1,1,0.925,1362.075,1,1,0.685,1491.726,0,134.441,0.5,0.5,0.0,0.0,0.5,0.99,0.0,0.5,0.0,0.645,0.646,0.5,0.562,0.0,0.394,0.0,0,0,0.414,0.8,0.0,0.587,0.093,0.151,0.516,0.0,0.61,0.0,0.0,0.0,0.0
14611,2024.03.13 20:29:59,XAUEURm,TREND_CONTINUATION,BUY,3,1987.898,1983.469,1997.125,2.08,0.49,1984.52263,1984.946,1983.2525,1,0.141,0.829,0.0226,1974.7482,1989.68255,1997.1044,1977.3128,1,0.001,0.3,4,1984.80488,0.751,0.723,0,0.0,0.0,0.0,0.0,0.0,0,0,0,0.8,0.755,0.3463,0.755,1.0,0,0.686,0,0.659,1984.52262,1986.49837,0.023,0.513,0.0,2,0.25,0,0.686,0.9,3.0,0.3,0.437,1,1983.2525,5,0.6,0.955,0.1,0.226,0.369,0.926,0.957,1871.35782,1874.24455,1972.88826,13525.9401,480.1582,2,1871.94193,0.675,0.0,0.0,0.0,0.0,0,0.141,1,0,16427,0.75,0.58,0.444,3292.0,3292.0,0.892,3690.6,0.0,1,1,0.925,1362.075,1,1,0.685,1491.726,0,134.441,0.5,0.5,0.0,0.0,0.5,0.98,0.0,0.5,0.0,0.645,0.651,0.5,0.562,0.0,0.394,0.0,0,0,0.417,0.8,0.0,0.587,0.093,0.151,0.516,0.0,0.61,0.0,0.0,0.0,0.0
0,2024.03.13 21:00:00,XAUEURm,BREAKOUT_RETEST,BUY,3,1987.974,1986.867,1989.085,1.0,0.523,1984.52263,1984.946,1983.2525,1,0.141,0.829,0.0432,1974.7482,1989.68255,1997.1044,1977.3128,1,0.001,0.3,4,1984.80488,0.751,0.723,0,0.0,0.0,0.0,0.0,0.0,0,0,0,0.8,0.755,0.3463,0.755,0.765,0,0.686,0,0.659,1984.52262,1986.49837,0.043,0.492,0.0,2,0.25,0,0.686,1.006,3.0,0.335,0.449,1,1983.2525,5,0.6,0.914,0.171,0.226,0.369,0.926,0.957,1871.35782,1874.24455,1972.88826,13525.9401,480.1582,2,1871.94193,0.675,0.0,0.0,0.0,0.0,0,0.141,1,0,16427,0.75,0.58,0.444,3292.0,3292.0,0.892,3690.6,0.0,1,1,0.925,1362.075,1,1,0.685,1491.726,0,134.461,0.5,0.5,0.0,0.0,0.5,0.36,0.0,0.5,0.0,0.68,0.495,0.5,0.561,0.0,0.412,0.0,0,0,0.336,0.8,0.0,0.587,0.093,0.153,0.519,0.0,0.61,0.0,0.0,0.0,0.0
14614,2024.03.13 22:23:40,XAUEURm,BREAKOUT,BUY,1,1988.149,1982.573,1997.442,1.67,0.365,1984.72023,1985.07505,1983.4192,1,0.014,0.586,0.0368,1974.7482,1989.68255,1997.1044,1977.3128,1,0.001,0.35,0,1984.72023,0.781,0.656,0,0.0,0.0,0.0,0.0,0.0,0,0,0,0.8,0.965,0.3272,0.965,0.541,2,0.627,0,0.824,1984.48368,1986.61263,0.1,0.472,0.0,2,0.0,0,0.627,1.107,3.0,0.369,0.5,2,1983.4192,5,0.6,0.799,0.138,0.29,0.165,0.891,0.971,1871.35782,1874.24455,1972.88826,13525.9401,480.1582,2,1871.94193,0.675,0.0,0.0,0.0,0.0,0,0.141,1,0,16428,0.75,0.58,0.444,3292.0,3292.0,0.8856,3717.2,0.0,1,1,0.925,1362.075,1,1,0.685,1491.726,0,133.547,0.5,0.5,0.0,0.0,0.5,0.99,0.0,0.5,0.0,0.843,0.5,0.5,0.577,0.0,0.37,0.0,0,0,0.321,0.817,0.0,0.528,0.093,0.146,0.523,0.0,0.559,0.0,0.0,0.0,0.0
14616,2024.03.13 22:32:40,XAUEURm,PULLBACK,BUY,1,1987.963,1982.387,2000.396,2.23,0.596,1984.72023,1985.07505,1983.4192,1,0.014,0.586,-0.0132,1974.7482,1989.68255,1997.1044,1977.3128,1,0.001,0.35,0,1984.72023,0.781,0.656,0,0.0,0.0,0.0,0.0,0.0,0,0,0,0.8,0.965,0.3272,0.965,1.0,2,0.627,0,0.824,1984.48368,1986.61263,0.05,0.522,0.0,2,0.0,0,0.627,0.9,3.0,0.3,0.476,1,1983.4192,5,0.6,0.899,0.0,0.29,0.165,0.891,0.971,1871.35782,1874.24455,1972.88826,13525.9401,480.1582,2,1871.94193,0.675,0.0,0.0,0.0,0.0,0,0.141,1,0,16428,0.75,0.58,0.444,3292.0,3292.0,0.8856,3717.2,0.0,1,1,0.925,1362.075,1,1,0.685,1491.726,0,133.497,0.5,0.5,0.0,0.0,0.5,0.97,0.0,0.5,0.0,0.685,0.576,0.5,0.549,0.0,0.396,0.0,0,0,0.369,0.817,0.0,0.594,0.093,0.146,0.515,0.0,0.586,0.0,0.0,0.0,0.0
14617,2024.03.13 22:32:59,XAUEURm,TREND_CONTINUATION,BUY,1,1987.963,1983.502,1997.256,2.08,0.524,1984.72023,1985.07505,1983.4192,1,0.014,0.586,-0.0132,1974.7482,1989.68255,1997.1044,1977.3128,1,0.001,0.35,0,1984.72023,0.781,0.656,0,0.0,0.0,0.0,0.0,0.0,0,0,0,0.8,0.965,0.3272,0.965,1.0,2,0.627,0,0.824,1984.48368,1986.61263,0.05,0.522,0.0,2,0.0,0,0.627,0.9,3.0,0.3,0.476,1,1983.4192,5,0.6,0.899,0.0,0.29,0.165,0.891,0.971,1871.35782,1874.24455,1972.88826,13525.9401,480.1582,2,1871.94193,0.675,0.0,0.0,0.0,0.0,0,0.141,1,0,16428,0.75,0.58,0.444,3292.0,3292.0,0.8856,3717.2,0.0,1,1,0.925,1362.075,1,1,0.685,1491.726,0,133.497,0.5,0.5,0.0,0.0,0.5,0.96,0.0,0.5,0.0,0.685,0.585,0.5,0.549,0.0,0.396,0.0,0,0,0.374,0.817,0.0,0.594,0.093,0.146,0.515,0.0,0.586,0.0,0.0,0.0,0.0
0,2024.03.14 00:00:00,XAUEURm,BREAKOUT_RETEST,BUY,1,1987.829,1986.782,1989.283,1.39,0.756,1984.74007,1985.2873,1983.88015,1,0.013,0.237,-0.0582,1974.66647,1989.68255,1997.1044,1977.3128,1,0.001,0.45,0,1984.74007,0.775,0.564,0,0.0,0.0,0.0,0.0,0.0,0,0,0,0.8,1.0,0.2445,1.0,0.987,0,0.681,2,0.225,1984.6619,1985.44365,0.036,0.26,0.0726,0,0.45,2,0.89,1.356,3.0,0.452,0.452,1,0.0,0,0.0,0.928,0.184,1.0,0.157,0.885,0.919,1874.19295,1873.68944,1972.93362,14061.3754,535.4353,2,1871.94193,0.678,0.0,0.0,0.0,0.0,0,0.144,1,0,16430,0.757,0.578,0.443,3292.0,3292.0,0.9436,3488.8,0.0,1,1,0.925,1362.075,1,1,0.685,1491.726,0,142.199,0.5,0.5,0.0,0.0,0.5,0.13,0.0,0.5,0.0,0.49,0.31,0.5,0.573,0.0,0.406,0.0,0,0,0.448,0.774,0.0,0.872,0.122,0.325,0.499,0.0,0.503,0.0,0.0,0.0,0.0
14620,2024.03.14 00:23:40,XAUEURm,BREAKOUT,BUY,1,1987.856,1982.623,1996.578,1.67,0.34,1984.74007,1985.2873,1983.88015,1,0.013,0.237,-0.0505,1974.66647,1989.68255,1997.1044,1977.3128,1,0.001,0.45,0,1984.74007,0.775,0.564,0,0.0,0.0,0.0,0.0,0.0,0,0,0,0.8,1.0,0.2445,1.0,0.987,0,0.711,2,0.225,1984.6619,1985.44365,0.028,0.252,0.0,2,0.15,0,0.711,0.906,3.0,0.302,0.4,1,0.0,0,0.0,0.944,0.064,0.3,0.053,0.885,0.919,1874.19295,1873.68944,1972.93362,14061.3754,535.4353,2,1871.94193,0.678,0.0,0.0,0.0,0.0,0,0.144,1,0,16430,0.757,0.578,0.443,3292.0,3292.0,0.9436,3488.8,0.0,1,1,0.925,1362.075,1,1,0.685,1491.726,0,142.207,0.5,0.5,0.0,0.0,0.5,0.61,0.0,0.5,0.0,0.472,0.354,0.5,0.58,0.0,0.465,0.0,0,0,0.447,0.76,0.0,0.713,0.136,0.162,0.501,0.0,0.592,0.0,0.0,0.0,0.0
14621,2024.03.14 00:32:40,XAUEURm,PULLBACK,BUY,1,1987.956,1982.723,2000.396,2.38,0.58,1984.74007,1985.2873,1983.88015,1,0.013,0.237,-0.0218,1974.66647,1989.68255,1997.1044,1977.3128,1,0.001,0.45,0,1984.74007,0.775,0.564,0,0.0,0.0,0.0,0.0,0.0,0,0,0,0.8,1.0,0.2445,1.0,0.974,0,0.711,2,0.225,1984.6619,1985.44365,0.001,0.223,0.0,2,0.15,0,0.711,0.912,3.0,0.304,0.4,1,0.0,0,0.0,0.999,0.068,0.3,0.053,0.885,0.919,1874.19295,1873.68944,1972.93362,14061.3754,535.4353,2,1871.94193,0.678,0.0,0.0,0.0,0.0,0,0.144,1,0,16430,0.757,0.578,0.443,3292.0,3292.0,0.9436,3488.8,0.0,1,1,0.925,1362.075,1,1,0.685,1491.726,0,142.236,0.5,0.5,0.0,0.0,0.5,0.88,0.0,0.5,0.0,0.581,0.442,0.5,0.577,0.0,0.448,0.0,0,0,0.387,0.76,0.0,0.594,0.136,0.158,0.506,0.0,0.592,0.0,0.0,0.0,0.0
14622,2024.03.14 00:32:59,XAUEURm,TREND_CONTINUATION,BUY,1,1987.956,1983.769,1996.678,2.08,0.505,1984.74007,1985.2873,1983.88015,1,0.013,0.237,-0.0218,1974.66647,1989.68255,1997.1044,1977.3128,1,0.001,0.45,0,1984.74007,0.775,0.564,0,0.0,0.0,0.0,0.0,0.0,0,0,0,0.8,1.0,0.2445,1.0,0.974,0,0.711,2,0.225,1984.6619,1985.44365,0.001,0.223,0.0,2,0.15,0,0.711,0.912,3.0,0.304,0.4,1,0.0,0,0.0,0.999,0.068,0.3,0.053,0.885,0.919,1874.19295,1873.68944,1972.93362,14061.3754,535.4353,2,1871.94193,0.678,0.0,0.0,0.0,0.0,0,0.144,1,0,16430,0.757,0.578,0.443,3292.0,3292.0,0.9436,3488.8,0.0,1,1,0.925,1362.075,1,1,0.685,1491.726,0,142.236,0.5,0.5,0.0,0.0,0.5,0.87,0.0,0.5,0.0,0.581,0.45,0.5,0.577,0.0,0.448,0.0,0,0,0.382,0.76,0.0,0.594,0.136,0.158,0.506,0.0,0.592,0.0,0.0,0.0,0.0
14626,2024.03.14 01:00:00,XAUEURm,ANCHORED_PULLBACK,BUY,1,1989.517,1985.671,1993.111,0.93,0.288,1984.48322,1985.1533,1984.0046,0,0.339,0.005,0.5059,1974.67663,1989.68255,1997.1044,1977.3128,1,0.001,0.3,4,1984.48322,0.768,0.898,0,0.0,0.0,1984.39373,0.0,0.0,0,0,0,1.0,0.825,0.1525,0.825,0.052,0,0.721,2,0.268,1984.67467,1986.01483,0.45,0.061,-0.0751,1,0.4,1,0.825,0.877,3.0,0.292,0.37,1,1984.48322,8,0.754,0.099,0.744,0.247,0.29,0.702,0.95,1874.19295,1873.68944,1972.93362,14061.3754,535.4353,2,1871.94193,0.678,0.0,0.0,0.0,0.0,0,0.144,1,0,16431,0.757,0.578,0.443,3292.0,3292.0,0.9561,3443.0,0.0,1,1,0.925,1362.075,1,1,0.685,1491.726,0,144.581,0.5,0.5,0.0,0.0,0.5,0.96,0.0,0.5,0.0,0.369,0.687,0.5,0.457,0.0,0.317,0.0,0,0,0.376,0.346,0.0,0.51,0.122,0.22,0.621,0.0,0.532,0.0,0.0,0.0,0.0
0,2024.03.14 03:08:40,XAUEURm,BREAKOUT_RETEST,BUY,1,1987.734,1986.749,1988.737,1.02,0.537,1984.50503,1985.4446,1984.2882,1,0.138,0.038,-0.0192,1984.69853,1989.68255,1997.1044,1977.3128,1,0.002,0.4,0,1984.50503,0.773,0.805,0,0.0,0.0,1984.34213,0.0,0.0,0,0,0,0.904,0.6274,0.0253,0.627,1.0,0,0.689,0,0.555,1984.50503,1983.78228,0.019,0.201,0.0,2,0.4,0,0.689,0.9,3.0,0.3,0.396,1,1985.4446,4,0.6,0.962,0.16,0.188,0.251,0.877,0.918,1874.19295,1873.68944,1972.93362,14061.3754,535.4353,2,1871.94193,0.678,0.0,0.0,0.0,0.0,0,0.144,1,0,16433,0.757,0.578,0.443,3292.0,3292.0,1.0022,3284.7,0.0,1,1,0.925,1362.075,1,1,0.685,1491.726,0,151.005,0.5,0.5,0.0,0.0,0.5,0.99,0.0,0.5,0.0,0.687,0.491,0.5,0.555,0.0,0.425,0.0,0,0,0.342,0.8,0.0,0.67,0.156,0.148,0.54,0.0,0.597,0.0,0.0,0.0,0.0
14628,2024.03.14 03:09:40,XAUEURm,PULLBACK,BUY,1,1987.817,1982.89,2000.396,2.55,0.577,1984.50503,1985.4446,1984.2882,1,0.138,0.038,0.0061,1984.69853,1989.68255,1997.1044,1977.3128,1,0.002,0.4,0,1984.50503,0.773,0.805,0,0.0,0.0,1984.34213,0.0,0.0,0,0,0,0.904,0.6274,0.0253,0.627,1.0,0,0.689,0,0.555,1984.50503,1983.78228,0.006,0.226,0.0,2,0.4,0,0.689,0.9,3.0,0.3,0.396,1,0.0,0,0.0,0.988,0.16,0.188,0.251,0.877,0.918,1874.19295,1873.68944,1972.93362,14061.3754,535.4353,2,1871.94193,0.678,0.0,0.0,0.0,0.0,0,0.144,1,0,16433,0.757,0.578,0.443,3292.0,3292.0,1.0022,3284.7,0.0,1,1,0.925,1362.075,1,1,0.685,1491.726,0,151.03,0.5,0.5,0.0,0.0,0.5,0.99,0.0,0.5,0.0,0.687,0.488,0.5,0.555,0.0,0.425,0.0,0,0,0.344,0.8,0.0,0.628,0.156,0.148,0.54,0.0,0.597,0.0,0.0,0.0,0.0
14629,2024.03.14 03:09:59,XAUEURm,TREND_CONTINUATION,BUY,1,1987.817,1983.875,1996.029,2.08,0.501,1984.50503,1985.4446,1984.2882,1,0.138,0.038,0.0061,1984.69853,1989.68255,1997.1044,1977.3128,1,0.002,0.4,0,1984.50503,0.773,0.805,0,0.0,0.0,1984.34213,0.0,0.0,0,0,0,0.904,0.6274,0.0253,0.627,1.0,0,0.689,0,0.555,1984.50503,1983.78228,0.006,0.226,0.0,2,0.4,0,0.689,0.9,3.0,0.3,0.396,1,0.0,0,0.0,0.988,0.16,0.188,0.251,0.877,0.918,1874.19295,1873.68944,1972.93362,14061.3754,535.4353,2,1871.94193,0.678,0.0,0.0,0.0,0.0,0,0.144,1,0,16433,0.757,0.578,0.443,3292.0,3292.0,1.0022,3284.7,0.0,1,1,0.925,1362.075,1,1,0.685,1491.726,0,151.03,0.5,0.5,0.0,0.0,0.5,0.98,0.0,0.5,0.0,0.687,0.498,0.5,0.555,0.0,0.425,0.0,0,0,0.338,0.8,0.0,0.628,0.156,0.148,0.54,0.0,0.597,0.0,0.0,0.0,0.0
0,2024.03.14 03:10:00,XAUEURm,MEAN_REVERSION,BUY,1,1987.814,1985.186,1992.741,1.88,0.638,1984.50503,1985.4446,1984.2882,1,0.138,0.038,0.0052,1984.69853,1989.68255,1997.1044,1977.3128,1,0.002,0.4,0,1984.50503,0.773,0.805,0,0.0,0.0,1984.34213,0.0,0.0,0,0,0,0.904,0.6274,0.0253,0.627,1.0,0,0.689,0,0.555,1984.50503,1983.78228,0.005,0.225,0.0,2,0.4,0,0.689,0.9,3.0,0.3,0.396,1,0.0,0,0.0,0.99,0.16,0.188,0.251,0.877,0.918,1874.19295,1873.68944,1972.93362,14061.3754,535.4353,2,1871.94193,0.678,0.0,0.0,0.0,0.0,0,0.144,1,0,16433,0.757,0.578,0.443,3292.0,3292.0,1.0022,3284.7,0.0,1,1,0.925,1362.075,1,1,0.685,1491.726,0,151.029,0.5,0.5,0.0,0.0,0.5,0.97,0.0,0.5,0.0,0.651,0.527,0.5,0.541,0.0,0.449,0.0,0,0,0.358,0.8,0.0,0.628,0.156,0.148,0.54,0.0,0.597,0.0,0.0,0.0,0.0
0,2024.03.14 05:03:40,XAUEURm,SWEEP_REVERSAL,BUY,1,1985.882,1983.234,1988.12,0.84,0.147,1983.15263,1984.82755,1982.85705,0,0.007,1.049,-0.2124,1983.98267,1989.68255,1997.1044,1977.3128,1,0.003,0.5,2,1983.15263,0.8,0.257,0,0.0,0.0,0.0,0.0,0.0,0,0,0,0.494,-0.5641,-0.0349,0.564,0.234,0,0.65,0,0.494,1983.25115,1982.75853,0.25,0.064,0.0,2,0.0,0,0.65,1.245,3.0,0.415,0.488,1,1984.82755,4,0.6,0.501,0.23,0.169,0.099,0.95,0.769,1874.19295,1873.68944,1991.06175,16539.2978,2477.9224,2,1871.94193,0.681,0.0,0.0,0.0,0.0,0,0.154,1,0,16435,0.757,0.578,0.443,3292.0,3292.0,1.243,2648.4,0.0,1,1,0.925,1362.075,1,1,0.685,1491.726,-1,186.585,0.5,0.5,0.0,0.0,0.0,0.0,0.0,0.5,0.0,0.804,0.487,0.5,0.568,0.0,0.356,0.0,0,0,0.32,0.845,0.0,0.925,0.1,0.307,0.431,0.0,0.589,0.0,0.0,0.0,0.0
0,2024.03.14 05:20:00,XAUEURm,MEAN_REVERSION,BUY,1,1985.758,1983.639,1988.12,1.11,0.656,1983.15263,1984.82755,1982.85705,0,0.007,1.049,-0.2593,1983.98267,1989.68255,1997.1044,1977.3128,1,0.003,0.5,2,1983.15263,0.8,0.257,0,0.0,0.0,0.0,0.0,0.0,0,0,0,0.494,-0.5641,-0.0349,0.564,0.234,0,0.65,0,0.494,1983.25115,1982.75853,0.296,0.11,0.0,2,0.0,0,0.65,1.245,3.0,0.415,0.488,1,1984.82755,4,0.6,0.407,0.23,0.169,0.099,0.95,0.769,1874.19295,1873.68944,1991.06175,16539.2978,2477.9224,2,1871.94193,0.681,0.0,0.0,0.0,0.0,0,0.154,1,0,16435,0.757,0.578,0.443,3292.0,3292.0,1.243,2648.4,0.0,1,1,0.925,1362.075,1,1,0.685,1491.726,-1,186.538,0.5,0.5,0.0,0.0,0.0,0.86,0.0,0.5,0.0,0.436,0.598,0.5,0.542,0.0,0.331,0.0,0,0,0.354,0.845,0.0,0.925,0.1,0.367,0.427,0.0,0.589,0.0,0.0,0.0,0.0
0,2024.03.14 07:03:40,XAUEURm,SWEEP_REVERSAL,BUY,1,1984.018,1981.7,1986.478,1.06,0.138,1983.18577,1984.2687,1981.3809,0,0.795,0.347,-1.0612,1983.98267,1974.83885,1992.1565,1972.3649,1,0.003,0.6,0,1983.18577,0.78,0.068,0,0.0,0.0,1980.86282,0.0,0.0,0,0,0,0.825,-0.755,-0.1364,0.755,0.492,0,0.683,0,0.487,1983.3061,1980.17765,1.113,0.237,0.0,2,0.0,0,0.683,1.129,3.0,0.376,0.454,1,1983.18577,8,0.756,0.0,0.152,0.226,0.097,0.723,0.888,1874.19295,1873.68944,1991.06175,16539.2978,2477.9224,2,1871.94193,0.681,0.0,0.0,0.0,0.0,0,0.154,1,0,16437,0.757,0.578,0.443,3292.0,3292.0,1.4202,2317.9,0.0,1,1,0.925,1362.075,1,1,0.685,1491.726,-1,212.384,0.5,0.5,0.0,0.0,0.0,0.39,0.0,0.5,0.0,0.595,0.507,0.5,0.48,0.0,0.39,0.0,0,0,0.304,0.73,0.0,0.44,0.19,0.523,0.342,0.0,0.603,0.0,0.0,0.0,0.0
0,2024.03.14 07:20:00,XAUEURm,MEAN_REVERSION,BUY,1,1983.355,1981.501,1986.478,1.68,0.648,1983.18577,1984.2687,1981.3809,0,0.795,0.347,-1.3472,1983.98267,1974.83885,1992.1565,1972.3649,1,0.002,0.6,0,1983.18577,0.78,0.068,0,0.0,0.0,1980.86282,0.0,0.0,0,0,0,0.825,-0.755,-0.1364,0.755,0.05,0,0.683,0,0.487,1983.3061,1980.17765,1.399,0.049,0.0,2,0.0,0,0.683,1.328,3.0,0.443,0.477,1,1983.18577,8,0.756,0.0,0.285,0.226,0.097,0.723,0.888,1874.19295,1873.68944,1991.06175,16539.2978,2477.9224,2,1871.94193,0.681,0.0,0.0,0.0,0.0,0,0.154,1,0,16437,0.757,0.578,0.443,3292.0,3292.0,1.4202,2317.9,0.0,1,1,0.925,1362.075,1,1,0.685,1491.726,-1,212.098,0.5,0.5,0.0,0.0,0.0,0.34,0.0,0.5,0.0,0.915,0.431,0.5,0.498,0.0,0.356,0.0,0,0,0.333,0.633,0.0,0.528,0.19,0.516,0.307,0.0,0.603,0.0,0.0,0.0,0.0
0,2024.03.14 11:48:00,XAUEURm,SWEEP_REVERSAL,BUY,2,1982.911,1980.827,1984.596,0.81,0.238,1981.30393,1981.7918,1980.03545,0,0.454,0.388,-0.8083,1984.3564,1983.08535,1997.1044,1977.3128,1,0.002,0.45,0,1981.30393,0.747,0.273,0,0.0,0.0,1982.62725,0.0,0.0,0,0,0,1.0,-0.72,-0.186,0.72,0.018,0,0.675,0,0.54,1981.20635,1979.74273,0.762,0.059,0.0,2,0.25,0,0.675,1.342,3.0,0.447,0.458,1,1981.30393,8,0.749,0.0,0.395,0.216,0.195,0.821,0.943,1873.41134,1873.15957,1991.06175,17159.3919,620.0941,2,1871.94193,0.683,0.0,0.0,0.0,0.0,0,0.161,1,0,16441,0.756,0.59,0.442,3292.0,3292.0,1.5793,2084.5,0.0,1,1,0.925,1362.075,1,1,0.685,1491.726,0,235.637,0.5,0.5,0.0,0.0,0.5,0.0,0.0,0.5,0.0,0.744,0.321,0.5,0.443,0.0,0.332,0.0,0,0,0.373,0.571,0.0,0.453,0.159,0.277,0.325,0.0,0.638,0.0,0.0,0.0,0.0
0,2024.03.14 13:31:40,XAUEURm,MEAN_REVERSION,BUY,4,1982.696,1980.691,1984.426,0.86,0.605,1981.1343,1982.9496,1979.7224,0,1.373,0.236,-0.6902,1984.3564,1983.08535,1997.1044,1977.3128,1,0.001,0.4,0,1981.1343,0.767,0.54,0,0.0,0.0,1978.30363,0.0,0.0,0,0,-1,1.0,-0.965,-0.118,0.965,0.349,0,0.668,2,0.184,1981.1343,1976.2935,0.69,1.241,0.0,2,0.15,0,0.668,1.193,3.0,0.398,0.414,1,1981.1343,8,0.753,0.0,0.255,0.29,0.053,0.857,0.967,1869.23444,1872.65324,1991.06175,17439.7614,280.3695,2,1871.94193,0.685,0.0,0.0,0.0,0.0,0,0.178,1,0,16443,0.756,0.59,0.442,3292.0,3292.0,1.3132,2506.8,0.0,1,1,0.925,1362.075,1,1,0.685,1491.726,0,195.856,0.5,0.5,0.0,0.0,0.5,0.26,0.0,0.5,0.777,0.487,0.613,0.5,0.395,0.0,0.35,0.0,0,0,0.326,0.446,0.797,0.572,0.162,0.57,0.357,0.0,0.583,0.0,0.0,0.0,0.0
0,2024.03.14 13:48:00,XAUEURm,SWEEP_REVERSAL,BUY,4,1982.063,1979.556,1984.426,0.94,0.163,1981.1343,1982.9496,1979.7224,0,1.373,0.236,-0.9428,1984.3564,1983.08535,1997.1044,1977.3128,1,0.002,0.4,0,1981.1343,0.767,0.54,0,0.0,0.0,1978.30363,0.0,0.0,0,0,-1,1.0,-0.965,-0.118,0.965,0.241,0,0.668,2,0.184,1981.1343,1976.2935,0.943,0.988,0.0,2,0.15,0,0.668,1.242,3.0,0.414,0.42,1,1981.1343,8,0.753,0.0,0.288,0.29,0.053,0.857,0.967,1869.23444,1872.65324,1991.06175,17439.7614,280.3695,2,1871.94193,0.685,0.0,0.0,0.0,0.0,0,0.178,1,0,16443,0.756,0.59,0.442,3292.0,3292.0,1.3132,2506.8,0.0,1,1,0.925,1362.075,1,1,0.685,1491.726,0,195.604,0.5,0.5,0.0,0.0,0.5,0.33,0.0,0.5,0.0,0.589,0.482,0.5,0.434,0.0,0.363,0.0,0,0,0.286,0.422,0.0,0.572,0.186,0.527,0.565,0.0,0.583,0.0,0.0,0.0,0.0
0,2024.03.14 14:00:00,XAUEURm,ANCHORED_PULLBACK,BUY,4,1983.461,1983.429,1985.611,67.2,0.421,1981.3393,1981.9252,1978.0192,1,0.001,1.272,-0.4231,1983.92628,1983.08535,1990.5072,1972.3649,1,0.001,0.5,0,1981.3393,0.76,0.771,0,0.0,0.0,1979.30725,0.0,0.0,0,0,0,0.8,-1.0,-0.098,1.0,0.893,2,0.507,0,0.503,1980.1675,1976.2615,0.001,1.413,0.0,2,0.0,0,0.507,0.948,3.0,0.316,0.392,1,1981.3393,8,0.752,0.999,0.032,0.3,0.101,0.733,0.915,1869.23444,1872.65324,1991.06175,17439.7614,280.3695,2,1871.94193,0.685,0.0,0.0,0.0,0.0,0,0.178,1,0,16444,0.756,0.59,0.442,3292.0,3292.0,1.1902,2765.9,0.0,1,1,0.925,1362.075,1,1,0.685,1491.726,0,177.788,0.5,0.5,0.0,0.0,0.5,0.83,0.0,0.5,0.0,0.398,0.573,0.5,0.448,0.0,0.379,0.0,0,0,0.33,0.818,0.998,0.594,0.1,0.245,0.564,0.0,0.59,0.0,0.0,0.0,0.0
0,2024.03.14 15:35:40,XAUEURm,MEAN_REVERSION,BUY,4,1981.567,1979.201,1983.85,0.96,0.622,1980.5581,1981.5346,1978.4098,0,0.262,1.714,-0.7718,1983.92628,1983.08535,1990.5072,1972.3649,1,0.002,0.4,0,1980.5581,0.706,0.778,0,0.0,0.0,1981.1704,0.0,0.0,0,0,0,1.0,-0.825,-0.0845,0.825,0.459,0,0.653,0,0.572,1980.3628,1976.0662,0.706,0.747,0.0,2,0.25,0,0.653,1.144,3.0,0.381,0.448,1,1980.5581,8,0.741,0.0,0.262,0.247,0.202,0.941,0.969,1869.23444,1872.65324,1991.06175,17439.7614,280.3695,2,1871.94193,0.685,0.0,0.0,0.0,0.0,0,0.178,1,0,16445,0.756,0.59,0.442,3292.0,3292.0,1.1129,2958.1,0.0,1,1,0.925,1362.075,1,1,0.685,1491.726,-1,165.595,0.5,0.5,0.0,0.0,0.0,0.0,0.0,0.5,0.637,0.352,0.398,0.5,0.44,0.0,0.331,0.0,0,0,0.325,0.676,0.0,0.9,0.067,0.353,0.357,0.0,0.534,0.0,0.0,0.0,0.0
0,2024.03.14 15:48:00,XAUEURm,SWEEP_REVERSAL,BUY,4,1981.424,1978.466,1983.85,0.82,0.238,1980.5581,1981.5346,1978.4098,0,0.262,1.714,-0.8202,1983.92628,1983.08535,1990.5072,1972.3649,1,0.002,0.4,0,1980.5581,0.706,0.778,0,0.0,0.0,1981.1704,0.0,0.0,0,0,0,1.0,-0.825,-0.0845,0.825,0.459,0,0.653,0,0.572,1980.3628,1976.0662,0.754,0.698,0.0,2,0.25,0,0.653,1.144,3.0,0.381,0.448,1,1980.5581,8,0.741,0.0,0.262,0.247,0.202,0.941,0.969,1869.23444,1872.65324,1991.06175,17439.7614,280.3695,2,1871.94193,0.685,0.0,0.0,0.0,0.0,0,0.178,1,0,16445,0.756,0.59,0.442,3292.0,3292.0,1.1129,2958.1,0.0,1,1,0.925,1362.075,1,1,0.685,1491.726,-1,165.546,0.5,0.5,0.0,0.0,0.0,0.28,0.0,0.5,0.0,0.386,0.366,0.5,0.441,0.0,0.331,0.0,0,0,0.345,0.676,0.0,0.9,0.067,0.405,0.328,0.0,0.534,0.0,0.0,0.0,0.0
0,2024.03.14 19:02:40,XAUEURm,BREAKOUT,BUY,3,1986.78,1984.377,1989.618,1.18,0.281,1981.4565,1984.432,1980.104,1,0.044,0.628,0.5475,1980.9147,1983.4421,1987.2576,1971.9956,1,0.0,0.4,0,1983.6205,0.722,0.228,0,0.0,0.0,0.0,0.0,0.0,0,0,0,0.546,0.5989,0.0392,0.599,0.64,0,0.689,0,0.659,1983.891,1986.596,0.109,0.838,0.0,2,0.0,0,0.689,1.062,3.0,0.354,0.468,1,1981.4565,1,0.7,0.783,0.108,0.18,0.132,0.717,0.959,1871.94193,1872.16893,1991.06175,17770.9623,331.2009,2,1871.94193,0.688,0.0,0.0,0.0,0.0,0,0.187,1,0,16449,0.756,0.59,0.442,3292.0,3292.0,0.8872,3710.5,0.0,1,1,0.925,1362.075,1,1,0.685,1491.726,-1,133.42,0.5,0.5,0.0,0.0,0.0,0.0,0.0,0.5,0.0,0.82,0.408,0.5,0.556,0.0,0.335,0.0,0,0,0.356,0.809,0.0,1.0,0.067,0.53,0.529,0.0,0.508,0.0,0.0,0.0,0.0
0,2024.03.14 19:02:59,XAUEURm,PULLBACK,BUY,3,1986.794,1984.377,1989.618,1.17,0.485,1981.4565,1984.432,1980.104,1,0.044,0.628,0.5513,1980.9147,1983.4421,1987.2576,1971.9956,1,0.0,0.4,0,1983.6205,0.722,0.228,0,0.0,0.0,0.0,0.0,0.0,0,0,0,0.546,0.5989,0.0392,0.599,0.64,0,0.689,0,0.659,1983.891,1986.596,0.105,0.834,0.0,2,0.0,0,0.689,1.062,3.0,0.354,0.468,1,1981.4565,1,0.7,0.79,0.108,0.18,0.132,0.717,0.959,1871.94193,1872.16893,1991.06175,17770.9623,331.2009,2,1871.94193,0.688,0.0,0.0,0.0,0.0,0,0.187,1,0,16449,0.756,0.59,0.442,3292.0,3292.0,0.8872,3710.5,0.0,1,1,0.925,1362.075,1,1,0.685,1491.726,-1,133.424,0.5,0.5,0.0,0.0,0.0,0.01,0.0,0.5,0.0,0.82,0.403,0.5,0.556,0.0,0.335,0.0,0,0,0.359,0.809,0.0,1.0,0.067,0.53,0.53,0.0,0.508,0.0,0.0,0.0,0.0
14632,2024.03.14 19:19:40,XAUEURm,TREND_CONTINUATION,BUY,3,1988.198,1983.745,1997.474,2.08,0.396,1981.4565,1984.432,1980.104,0,0.044,0.628,0.9297,1980.9147,1983.4421,1987.2576,1971.9956,1,0.0,0.4,0,1983.6205,0.722,0.228,0,0.0,0.0,0.0,0.0,0.0,0,0,0,0.546,0.5989,0.0392,0.599,0.522,0,0.689,0,0.659,1983.891,1986.596,0.274,0.455,0.0,2,0.0,0,0.689,1.115,3.0,0.372,0.474,1,1983.6205,8,0.744,0.453,0.144,0.18,0.132,0.717,0.959,1871.94193,1872.16893,1991.06175,17770.9623,331.2009,2,1871.94193,0.688,0.0,0.0,0.0,0.0,0,0.187,1,0,16449,0.756,0.59,0.442,3292.0,3292.0,0.8872,3710.5,0.0,1,1,0.925,1362.075,1,1,0.685,1491.726,-1,133.802,0.5,0.5,0.0,0.0,0.0,0.5,0.0,0.5,0.0,0.595,0.573,0.5,0.543,0.0,0.409,0.0,0,0,0.37,0.888,0.0,0.749,0.067,0.564,0.616,0.0,0.508,0.0,0.0,0.0,0.0
0,2024.03.14 20:11:20,XAUEURm,BREAKOUT_RETEST,BUY,3,1987.997,1986.876,1989.647,1.47,0.473,1984.98567,1986.3547,1982.4432,1,0.041,0.483,-0.0751,1980.9147,1983.41638,1987.22575,1971.98825,1,0.0,0.5,0,1984.20338,0.778,0.596,0,0.0,0.0,0.0,0.0,0.0,0,0,0,0.75,0.545,0.0764,0.545,0.849,0,0.729,0,0.321,1984.39895,1986.55027,0.082,0.494,0.0,2,0.25,0,0.729,0.968,3.0,0.323,0.413,1,1986.3547,4,0.6,0.836,0.145,0.164,0.152,0.918,0.904,1869.97306,1872.20057,1973.76973,17581.6454,-189.3169,1,1869.97306,0.736,0.0,0.0,0.0,0.0,0,0.178,1,0,16450,0.756,0.589,0.448,3292.0,3292.0,0.8806,3738.3,0.0,1,1,0.925,1362.075,1,1,0.685,1491.726,0,132.754,0.505,0.495,0.0,1.0,0.5,0.62,0.0,0.5,0.0,0.486,0.476,0.5,0.561,0.0,0.398,0.0,0,0,0.342,0.8,0.0,0.903,0.137,0.362,0.508,0.0,0.538,0.0,0.0,0.0,0.0
14634,2024.03.14 22:04:40,XAUEURm,BREAKOUT,BUY,1,1988.099,1982.495,1997.439,1.67,0.274,1985.04692,1985.8508,1983.59995,1,0.023,0.58,-0.0642,1980.9147,1983.41638,1987.22575,1971.98825,1,0.0,0.35,0,1985.04692,0.8,0.53,0,0.0,0.0,0.0,0.0,0.0,0,0,0,0.55,0.755,0.1442,0.755,0.846,0,0.727,2,0.248,1984.72537,1986.65467,0.022,0.495,0.0,2,0.0,0,0.727,0.969,3.0,0.323,0.436,1,1983.59995,5,0.6,0.956,0.046,0.226,0.0,0.88,0.956,1869.97306,1872.20057,1973.76973,17581.6454,-189.3169,1,1869.97306,0.736,0.0,0.0,0.0,0.0,0,0.178,1,0,16451,0.756,0.589,0.448,3292.0,3292.0,0.8812,3735.9,0.0,1,1,0.925,1362.075,1,1,0.685,1491.726,0,132.867,0.505,0.495,0.0,1.0,0.5,0.22,0.0,0.5,0.0,0.724,0.498,0.5,0.581,0.0,0.405,0.0,0,0,0.338,0.812,0.0,0.99,0.14,0.243,0.505,0.0,0.544,0.0,0.0,0.0,0.0
14635,2024.03.14 22:04:59,XAUEURm,TREND_CONTINUATION,BUY,1,1988.099,1983.616,1997.439,2.08,0.403,1985.04692,1985.8508,1983.59995,1,0.023,0.58,-0.0642,1980.9147,1983.41638,1987.22575,1971.98825,1,0.0,0.35,0,1985.04692,0.8,0.53,0,0.0,0.0,0.0,0.0,0.0,0,0,0,0.55,0.755,0.1442,0.755,0.846,0,0.727,2,0.248,1984.72537,1986.65467,0.022,0.495,0.0,2,0.0,0,0.727,0.969,3.0,0.323,0.436,1,1983.59995,5,0.6,0.956,0.046,0.226,0.0,0.88,0.956,1869.97306,1872.20057,1973.76973,17581.6454,-189.3169,1,1869.97306,0.736,0.0,0.0,0.0,0.0,0,0.178,1,0,16451,0.756,0.589,0.448,3292.0,3292.0,0.8812,3735.9,0.0,1,1,0.925,1362.075,1,1,0.685,1491.726,0,132.867,0.505,0.495,0.0,1.0,0.5,0.22,0.0,0.5,0.0,0.724,0.502,0.5,0.581,0.0,0.405,0.0,0,0,0.338,0.812,0.0,0.99,0.14,0.243,0.505,0.0,0.544,0.0,0.0,0.0,0.0
0,2024.03.14 22:11:20,XAUEURm,BREAKOUT_RETEST,BUY,1,1988.141,1987.02,1990.268,1.9,0.419,1985.04692,1985.8508,1983.59995,1,0.023,0.58,-0.053,1980.9147,1983.41638,1987.22575,1971.98825,1,0.0,0.35,0,1985.04692,0.8,0.53,0,0.0,0.0,0.0,0.0,0.0,0,0,0,0.55,0.755,0.1442,0.755,0.846,0,0.727,2,0.248,1984.72537,1986.65467,0.033,0.483,0.0,2,0.0,0,0.727,0.969,3.0,0.323,0.436,1,1983.59995,5,0.6,0.934,0.046,0.226,0.0,0.88,0.956,1869.97306,1872.20057,1973.76973,17581.6454,-189.3169,1,1869.97306,0.736,0.0,0.0,0.0,0.0,0,0.178,1,0,16451,0.756,0.589,0.448,3292.0,3292.0,0.8812,3735.9,0.0,1,1,0.925,1362.075,1,1,0.685,1491.726,0,132.878,0.505,0.495,0.0,1.0,0.5,0.42,0.0,0.5,0.0,0.739,0.638,0.5,0.567,0.0,0.406,0.0,0,0,0.415,0.812,0.0,0.99,0.14,0.243,0.507,0.0,0.544,0.0,0.0,0.0,0.0
14638,2024.03.15 02:00:00,XAUEURm,BREAKOUT,BUY,1,1989.954,1984.534,1998.988,1.67,0.642,1984.38233,1986.47895,1983.963,0,0.012,0.244,0.6309,1984.20313,1984.391,1986.605,1973.321,0,0.001,0.45,2,1984.38233,0.792,0.034,0,0.0,0.0,1986.6595,0.0,0.0,0,0,1,1.0,0.895,0.14,0.895,0.325,2,0.565,3,0.9,1986.61873,1987.17782,0.012,0.143,0.4352,0,0.15,2,1.0,1.654,3.0,0.551,0.568,2,1984.38233,8,0.758,0.976,0.262,0.968,0.053,0.281,0.873,1869.53246,1873.63251,1974.09378,20841.0439,3259.3984,2,1869.53246,0.757,0.0,0.0,0.0,0.0,0,0.187,1,0,16455,0.756,0.589,0.448,3292.0,3292.0,0.911,3613.4,0.0,1,1,0.925,1362.075,1,1,0.685,1491.726,0,137.882,0.5,0.5,0.0,0.0,0.5,0.52,0.0,0.5,0.0,0.766,0.574,0.5,0.557,0.0,0.45,0.0,0,0,0.391,0.504,0.172,1.0,0.288,0.659,0.65,0.0,0.434,0.0,0.0,0.0,0.0
14639,2024.03.15 02:00:20,XAUEURm,PULLBACK,BUY,1,1990.065,1984.645,2000.905,2.0,0.487,1984.38233,1986.47895,1983.963,0,0.012,0.244,0.6616,1984.20313,1984.391,1986.605,1973.321,0,0.001,0.45,2,1984.38233,0.792,0.034,0,0.0,0.0,1986.6595,0.0,0.0,0,0,1,1.0,0.895,0.14,0.895,0.141,2,0.596,3,0.9,1986.61873,1987.17782,0.043,0.112,0.0,2,0.15,0,0.596,1.286,3.0,0.429,0.424,1,1984.38233,8,0.758,0.915,0.318,0.269,0.053,0.281,0.873,1869.53246,1873.63251,1974.09378,20841.0439,3259.3984,2,1869.53246,0.757,0.0,0.0,0.0,0.0,0,0.187,1,0,16455,0.756,0.589,0.448,3292.0,3292.0,0.911,3613.4,0.0,1,1,0.925,1362.075,1,1,0.685,1491.726,0,137.913,0.5,0.5,0.0,0.0,0.5,0.83,0.0,0.5,0.0,1.0,0.583,0.5,0.557,0.0,0.45,0.0,0,0,0.397,0.476,0.316,0.891,0.292,0.359,0.734,0.0,0.467,0.0,0.0,0.0,0.0
14640,2024.03.15 02:00:20,XAUEURm,TREND_CONTINUATION,BUY,1,1990.065,1985.729,1999.099,2.08,0.571,1984.38233,1986.47895,1983.963,0,0.012,0.244,0.6616,1984.20313,1984.391,1986.605,1973.321,0,0.001,0.45,2,1984.38233,0.792,0.034,0,0.0,0.0,1986.6595,0.0,0.0,0,0,1,1.0,0.895,0.14,0.895,0.141,2,0.596,3,0.9,1986.61873,1987.17782,0.043,0.112,0.0,2,0.15,0,0.596,1.286,3.0,0.429,0.424,1,1984.38233,8,0.758,0.915,0.318,0.269,0.053,0.281,0.873,1869.53246,1873.63251,1974.09378,20841.0439,3259.3984,2,1869.53246,0.757,0.0,0.0,0.0,0.0,0,0.187,1,0,16455,0.756,0.589,0.448,3292.0,3292.0,0.911,3613.4,0.0,1,1,0.925,1362.075,1,1,0.685,1491.726,0,137.913,0.5,0.5,0.0,0.0,0.5,0.82,0.0,0.5,0.0,1.0,0.583,0.5,0.557,0.0,0.45,0.0,0,0,0.397,0.476,0.316,0.891,0.292,0.359,0.734,0.0,0.467,0.0,0.0,0.0,0.0
0,2024.03.15 04:00:00,XAUEURm,BREAKOUT,BUY,1,1991.845,1990.015,1999.742,4.32,0.51,1986.50938,1988.495,1986.11225,0,0.479,0.107,0.647,1980.63588,1984.6645,1990.8736,1975.6958,1,0.001,0.45,0,1986.50938,0.754,0.877,0,0.0,0.0,0.0,0.0,0.0,0,0,0,1.0,0.79,0.1356,0.79,0.362,2,0.612,0,0.668,1986.64175,1989.15687,0.605,0.191,0.0,2,0.15,0,0.612,1.187,3.0,0.396,0.442,1,1986.50938,8,0.751,0.0,0.251,0.237,0.186,0.713,0.945,1869.53246,1873.63251,1974.46837,20880.6966,39.6528,2,1869.53246,0.761,0.0,0.0,0.0,0.0,0,0.176,1,0,16457,0.756,0.589,0.448,3292.0,3292.0,1.0422,3158.6,0.0,1,1,0.925,1362.075,1,1,0.685,1491.726,0,158.334,0.5,0.5,0.0,0.0,0.5,0.68,0.0,0.5,0.0,0.75,0.492,0.5,0.502,0.0,0.349,0.0,0,0,0.295,0.478,0.0,0.534,0.159,0.289,0.631,0.0,0.525,0.0,0.0,0.0,0.0
0,2024.03.15 04:00:20,XAUEURm,PULLBACK,BUY,1,1991.9,1990.015,1994.166,1.2,0.482,1986.50938,1988.495,1986.11225,0,0.479,0.107,0.6644,1980.63588,1984.6645,1990.8736,1975.6958,1,0.001,0.45,0,1986.50938,0.754,0.877,0,0.0,0.0,0.0,0.0,0.0,0,0,0,1.0,0.79,0.1356,0.79,0.362,2,0.612,0,0.668,1986.64175,1989.15687,0.622,0.174,0.0,2,0.15,0,0.612,1.187,3.0,0.396,0.442,1,1986.50938,8,0.751,0.0,0.251,0.237,0.186,0.713,0.945,1869.53246,1873.63251,1974.46837,20880.6966,39.6528,2,1869.53246,0.761,0.0,0.0,0.0,0.0,0,0.176,1,0,16457,0.756,0.589,0.448,3292.0,3292.0,1.0422,3158.6,0.0,1,1,0.925,1362.075,1,1,0.685,1491.726,0,158.351,0.5,0.5,0.0,0.0,0.5,0.76,0.0,0.5,0.0,0.75,0.503,0.5,0.502,0.0,0.349,0.0,0,0,0.292,0.478,0.0,0.534,0.159,0.289,0.634,0.0,0.534,0.0,0.0,0.0,0.0
14644,2024.03.15 04:00:20,XAUEURm,TREND_CONTINUATION,BUY,1,1991.9,1988.11,1999.797,2.08,0.566,1986.50938,1988.495,1986.11225,0,0.479,0.107,0.6644,1980.63588,1984.6645,1990.8736,1975.6958,1,0.001,0.45,0,1986.50938,0.754,0.877,0,0.0,0.0,0.0,0.0,0.0,0,0,0,1.0,0.79,0.1356,0.79,0.362,2,0.612,0,0.668,1986.64175,1989.15687,0.622,0.174,0.0,2,0.15,0,0.612,1.187,3.0,0.396,0.442,1,1986.50938,8,0.751,0.0,0.251,0.237,0.186,0.713,0.945,1869.53246,1873.63251,1974.46837,20880.6966,39.6528,2,1869.53246,0.761,0.0,0.0,0.0,0.0,0,0.176,1,0,16457,0.756,0.589,0.448,3292.0,3292.0,1.0422,3158.6,0.0,1,1,0.925,1362.075,1,1,0.685,1491.726,0,158.351,0.5,0.5,0.0,0.0,0.5,0.75,0.0,0.5,0.0,0.75,0.503,0.5,0.502,0.0,0.349,0.0,0,0,0.292,0.478,0.0,0.534,0.159,0.289,0.634,0.0,0.534,0.0,0.0,0.0,0.0
0,2024.03.15 04:17:40,XAUEURm,BREAKOUT_RETEST,BUY,1,1991.476,1990.015,1992.978,1.03,0.602,1986.50938,1988.495,1986.11225,1,0.479,0.107,0.5302,1980.63588,1984.6645,1990.8736,1975.6958,1,0.001,0.45,0,1986.50938,0.754,0.877,0,0.0,0.0,0.0,0.0,0.0,0,0,0,1.0,0.79,0.1356,0.79,0.484,2,0.612,0,0.668,1986.64175,1989.15687,0.488,0.308,0.0,2,0.15,0,0.612,1.132,3.0,0.377,0.435,1,1986.50938,8,0.751,0.023,0.215,0.237,0.186,0.713,0.945,1869.53246,1873.63251,1974.46837,20880.6966,39.6528,2,1869.53246,0.761,0.0,0.0,0.0,0.0,0,0.176,1,0,16457,0.756,0.589,0.448,3292.0,3292.0,1.0422,3158.6,0.0,1,1,0.925,1362.075,1,1,0.685,1491.726,0,158.217,0.5,0.5,0.0,0.0,0.5,0.0,0.0,0.5,0.0,0.589,0.311,0.5,0.461,0.0,0.392,0.0,0,0,0.408,0.53,0.0,0.534,0.142,0.278,0.583,0.0,0.525,0.0,0.0,0.0,0.0
14646,2024.03.15 06:00:00,XAUEURm,BREAKOUT,BUY,1,1996.224,1991.598,2003.524,1.58,0.64,1988.59763,1989.4645,1986.6905,0,1.484,0.059,1.4843,1981.02028,1983.51887,1990.6037,1976.43405,0,0.003,0.4,0,1988.59763,0.748,0.712,0,0.0,0.0,1991.02175,0.0,0.0,0,0,1,1.0,0.825,0.1606,0.825,0.041,2,0.362,1,0.307,1988.42425,1992.58525,1.544,0.119,0.2191,0,0.4,2,1.0,1.782,3.0,0.594,0.56,2,1988.59763,8,0.75,0.0,0.448,0.947,0.14,0.993,0.926,1869.53246,1873.63251,1974.46837,20880.6966,39.6528,2,1869.53246,0.761,0.0,0.0,0.0,0.0,0,0.176,1,0,16459,0.756,0.589,0.448,3292.0,3292.0,1.1274,2920.1,0.0,1,1,0.925,1362.075,1,1,0.685,1491.726,0,172.769,0.5,0.5,0.0,0.0,0.5,0.99,0.0,0.5,0.0,0.49,0.576,0.5,0.408,0.0,0.493,0.0,0,0,0.365,0.111,0.0,0.421,0.196,0.965,0.74,0.0,0.441,0.0,0.0,0.0,0.0
0,2024.03.15 06:00:20,XAUEURm,PULLBACK,BUY,1,1996.224,1994.022,2004.984,3.98,0.48,1988.59763,1989.4645,1986.6905,0,1.484,0.059,1.4843,1981.02028,1983.51887,1990.6037,1976.43405,0,0.003,0.4,0,1988.59763,0.748,0.712,0,0.0,0.0,1991.02175,0.0,0.0,0,0,1,1.0,0.825,0.1606,0.825,0.041,0,0.662,1,0.307,1988.42425,1992.58525,1.544,0.119,0.0,2,0.4,0,0.662,1.332,3.0,0.444,0.423,1,1988.59763,8,0.75,0.0,0.448,0.247,0.14,0.993,0.926,1869.53246,1873.63251,1974.46837,20880.6966,39.6528,2,1869.53246,0.761,0.0,0.0,0.0,0.0,0,0.176,1,0,16459,0.756,0.589,0.448,3292.0,3292.0,1.1274,2920.1,0.0,1,1,0.925,1362.075,1,1,0.685,1491.726,0,172.769,0.5,0.5,0.0,0.0,0.5,0.98,0.0,0.5,0.0,0.584,0.575,0.5,0.464,0.0,0.454,0.0,0,0,0.366,0.164,0.0,0.345,0.187,0.396,0.865,0.0,0.493,0.0,0.0,0.0,0.0
14647,2024.03.15 06:00:20,XAUEURm,TREND_CONTINUATION,BUY,1,1996.224,1992.72,2003.524,2.08,0.564,1988.59763,1989.4645,1986.6905,0,1.484,0.059,1.4843,1981.02028,1983.51887,1990.6037,1976.43405,0,0.003,0.4,0,1988.59763,0.748,0.712,0,0.0,0.0,1991.02175,0.0,0.0,0,0,1,1.0,0.825,0.1606,0.825,0.041,0,0.662,1,0.307,1988.42425,1992.58525,1.544,0.119,0.0,2,0.4,0,0.662,1.332,3.0,0.444,0.423,1,1988.59763,8,0.75,0.0,0.448,0.247,0.14,0.993,0.926,1869.53246,1873.63251,1974.46837,20880.6966,39.6528,2,1869.53246,0.761,0.0,0.0,0.0,0.0,0,0.176,1,0,16459,0.756,0.589,0.448,3292.0,3292.0,1.1274,2920.1,0.0,1,1,0.925,1362.075,1,1,0.685,1491.726,0,172.769,0.5,0.5,0.0,0.0,0.5,0.97,0.0,0.5,0.0,0.584,0.575,0.5,0.464,0.0,0.454,0.0,0,0,0.366,0.164,0.0,0.345,0.187,0.396,0.865,0.0,0.493,0.0,0.0,0.0,0.0
0,2024.03.15 06:39:40,XAUEURm,ANCHORED_PULLBACK,BUY,1,1994.151,1993.049,1996.412,2.05,0.543,1988.59763,1989.4645,1986.6905,0,1.484,0.059,0.7744,1981.02028,1983.51887,1990.6037,1976.43405,0,0.003,0.4,0,1988.59763,0.748,0.712,0,0.0,0.0,1991.02175,0.0,0.0,0,0,1,1.0,0.825,0.1606,0.825,0.104,0,0.662,1,0.307,1988.42425,1990.50475,0.834,0.121,0.0,2,0.4,0,0.662,1.303,3.0,0.434,0.42,1,1988.59763,8,0.75,0.0,0.429,0.247,0.14,0.993,0.981,1869.53246,1873.63251,1974.46837,20880.6966,39.6528,2,1869.53246,0.761,0.0,0.0,0.0,0.0,0,0.176,1,0,16459,0.756,0.589,0.448,3292.0,3292.0,1.1274,2920.1,0.0,1,1,0.925,1362.075,1,1,0.685,1491.726,0,172.059,0.5,0.5,0.0,0.0,0.5,0.0,0.0,0.5,0.0,0.699,0.463,0.5,0.488,0.0,0.442,0.0,0,0,0.345,0.29,0.0,0.628,0.215,0.402,0.434,0.0,0.481,0.0,0.0,0.0,0.0
0,2024.03.15 07:19:40,XAUEURm,BREAKOUT_RETEST,BUY,1,1994.247,1992.05,1996.875,1.2,0.626,1988.34473,1991.2173,1986.486,1,1.046,0.402,0.9951,1984.714,1983.5595,1990.6622,1976.4568,0,0.003,0.7,0,1988.34473,0.728,0.0,1,0.0,0.0,0.0,0.0,0.0,0,0,1,1.0,1.0,0.2562,1.0,0.287,2,0.596,0,0.256,1988.5137,1990.20345,0.931,0.287,0.0,2,0.0,4,0.579,1.521,3.0,0.507,0.453,1,1988.34473,8,0.746,0.0,0.214,0.3,0.051,0.794,0.915,1869.53246,1873.63251,1974.46837,20880.6966,39.6528,2,1869.53246,0.761,0.0,0.0,0.0,0.0,0,0.176,1,0,16460,0.76,0.59,0.446,3292.0,3292.0,1.2551,2623.0,0.0,1,1,0.925,1362.075,1,1,0.685,1491.726,0,191.583,0.5,0.5,0.0,0.0,0.5,0.0,0.0,0.5,0.0,0.527,0.67,0.5,0.465,0.0,0.399,0.0,0,0,0.401,0.396,0.0,0.38,0.147,0.654,0.661,0.0,0.475,0.0,0.0,0.0,0.0
0,2024.03.15 08:00:00,XAUEURm,BREAKOUT,BUY,2,1993.461,1992.081,2000.107,4.81,0.351,1988.51387,1991.6229,1987.838,1,0.419,0.114,0.6226,1984.714,1983.5595,1988.0794,1973.874,0,0.002,0.7,2,1989.05457,0.79,0.51,0,0.0,0.0,0.0,0.0,0.0,0,0,1,0.8,1.0,0.3196,1.0,0.339,2,0.521,3,0.596,1989.05457,1989.73045,0.419,0.165,0.0,2,0.15,0,0.521,1.197,3.0,0.399,0.443,1,1989.05457,8,0.758,0.162,0.258,0.3,0.053,0.967,0.755,1872.48524,1873.63251,1974.69199,20685.5961,-195.1006,1,1870.01564,0.777,0.0,0.0,0.0,0.0,0,0.18,1,0,16461,0.76,0.59,0.446,3292.0,3292.0,1.2384,2658.3,0.0,1,1,0.925,1362.075,1,1,0.685,1491.726,0,188.744,0.505,0.495,0.0,1.0,0.5,0.42,0.0,0.5,0.0,0.659,0.422,0.5,0.423,0.0,0.336,0.0,0,0,0.308,0.436,0.0,0.475,0.167,0.574,0.65,0.0,0.526,0.0,0.0,0.0,0.0
0,2024.03.15 08:00:20,XAUEURm,PULLBACK,BUY,2,1993.461,1992.081,2001.436,5.78,0.591,1988.51387,1991.6229,1987.838,1,0.419,0.114,0.6226,1984.714,1983.5595,1988.0794,1973.874,0,0.002,0.7,2,1989.05457,0.79,0.51,0,0.0,0.0,0.0,0.0,0.0,0,0,1,0.8,1.0,0.3196,1.0,0.339,2,0.521,3,0.596,1989.05457,1989.73045,0.419,0.165,0.0,2,0.15,0,0.521,1.197,3.0,0.399,0.443,1,1989.05457,8,0.758,0.162,0.258,0.3,0.053,0.967,0.755,1872.48524,1873.63251,1974.69199,20685.5961,-195.1006,1,1870.01564,0.777,0.0,0.0,0.0,0.0,0,0.18,1,0,16461,0.76,0.59,0.446,3292.0,3292.0,1.2384,2658.3,0.0,1,1,0.925,1362.075,1,1,0.685,1491.726,0,188.744,0.505,0.495,0.0,1.0,0.5,0.42,0.0,0.5,0.0,0.659,0.423,0.5,0.423,0.0,0.336,0.0,0,0,0.307,0.436,0.0,0.475,0.167,0.574,0.65,0.0,0.526,0.0,0.0,0.0,0.0
0,2024.03.15 08:00:20,XAUEURm,TREND_CONTINUATION,BUY,2,1993.461,1990.271,2000.107,2.08,0.518,1988.51387,1991.6229,1987.838,1,0.419,0.114,0.6226,1984.714,1983.5595,1988.0794,1973.874,0,0.002,0.7,2,1989.05457,0.79,0.51,0,0.0,0.0,0.0,0.0,0.0,0,0,1,0.8,1.0,0.3196,1.0,0.339,2,0.521,3,0.596,1989.05457,1989.73045,0.419,0.165,0.0,2,0.15,0,0.521,1.197,3.0,0.399,0.443,1,1989.05457,8,0.758,0.162,0.258,0.3,0.053,0.967,0.755,1872.48524,1873.63251,1974.69199,20685.5961,-195.1006,1,1870.01564,0.777,0.0,0.0,0.0,0.0,0,0.18,1,0,16461,0.76,0.59,0.446,3292.0,3292.0,1.2384,2658.3,0.0,1,1,0.925,1362.075,1,1,0.685,1491.726,0,188.744,0.505,0.495,0.0,1.0,0.5,0.42,0.0,0.5,0.0,0.659,0.423,0.5,0.423,0.0,0.336,0.0,0,0,0.307,0.436,0.0,0.475,0.167,0.574,0.65,0.0,0.526,0.0,0.0,0.0,0.0
0,2024.03.15 08:30:20,XAUEURm,MEAN_REVERSION,BUY,2,1991.949,1990.864,1995.936,3.68,0.546,1988.51387,1991.6229,1987.838,1,0.419,0.114,0.0538,1984.714,1983.5595,1988.0794,1973.874,0,0.002,0.7,2,1989.05457,0.79,0.51,0,0.0,0.0,0.0,0.0,0.0,0,0,1,0.8,1.0,0.3196,1.0,0.661,2,0.521,3,0.596,1988.3787,1987.97317,0.105,0.257,0.0,2,0.15,0,0.521,1.052,3.0,0.351,0.426,1,1987.838,5,0.6,0.791,0.162,0.3,0.053,0.967,0.787,1872.48524,1873.63251,1974.69199,20685.5961,-195.1006,1,1870.01564,0.777,0.0,0.0,0.0,0.0,0,0.18,1,0,16461,0.76,0.59,0.446,3292.0,3292.0,1.2384,2658.3,0.0,1,1,0.925,1362.075,1,1,0.685,1491.726,0,188.175,0.505,0.495,0.0,1.0,0.5,0.0,0.0,0.5,0.0,0.771,0.454,0.5,0.473,0.0,0.398,0.0,0,0,0.329,0.589,0.484,0.802,0.156,0.676,0.65,0.0,0.549,0.0,0.0,0.0,0.0
0,2024.03.15 09:19:40,XAUEURm,BREAKOUT_RETEST,BUY,2,1993.149,1992.404,1995.034,2.53,0.519,1991.74212,1992.42525,1989.4195,1,0.045,0.505,-0.759,1984.714,1983.5595,1988.0794,1973.874,0,0.003,0.55,0,1991.74212,0.721,0.199,0,0.0,0.0,1991.27038,0.0,0.0,0,0,1,0.8,0.825,0.3429,0.825,0.666,2,0.598,0,0.509,1991.6055,1988.18988,0.704,0.671,0.0,2,0.25,0,0.598,1.05,3.0,0.35,0.417,1,1991.74212,8,0.744,0.0,0.2,0.247,0.189,0.949,0.73,1872.48524,1873.63251,1974.69199,20685.5961,-195.1006,1,1870.01564,0.777,0.0,0.0,0.0,0.0,0,0.18,1,0,16462,0.76,0.59,0.446,3292.0,3292.0,1.3254,2483.9,0.0,1,1,0.925,1362.075,1,1,0.685,1491.726,0,201.873,0.505,0.495,0.0,1.0,0.5,0.32,0.0,0.5,0.0,0.768,0.392,0.5,0.477,0.0,0.356,0.0,0,0,0.35,0.721,0.0,0.656,0.1,0.396,0.65,0.0,0.561,0.0,0.0,0.0,0.0
0,2024.03.15 10:00:20,XAUEURm,BREAKOUT,BUY,2,1994.446,1992.592,1996.4,1.05,0.341,1989.55612,1992.152,1989.4195,1,0.059,0.699,0.6244,1984.714,1983.5595,1988.0794,1973.874,0,0.003,0.5,0,1989.55612,0.8,0.735,0,0.0,0.0,1989.46945,0.0,0.0,0,0,1,0.8,0.825,0.2755,0.825,0.929,2,0.521,0,0.73,1991.6055,1992.97175,0.176,0.71,0.0,2,0.25,0,0.521,0.932,3.0,0.311,0.406,1,1989.55612,8,0.76,0.647,0.121,0.247,0.233,0.905,0.83,1872.48524,1873.63251,1974.69199,20685.5961,-195.1006,1,1870.01564,0.777,0.0,0.0,0.0,0.0,0,0.18,1,0,16463,0.76,0.59,0.446,3292.0,3292.0,1.2864,2559.1,0.0,1,1,0.925,1362.075,1,1,0.685,1491.726,0,196.446,0.505,0.495,0.0,1.0,0.5,0.8,0.0,0.5,0.0,0.357,0.358,0.5,0.457,0.0,0.378,0.0,0,0,0.373,0.766,0.0,0.658,0.157,0.486,0.65,0.0,0.564,0.0,0.0,0.0,0.0
0,2024.03.15 10:00:20,XAUEURm,PULLBACK,BUY,2,1994.446,1992.592,1996.4,1.05,0.566,1989.55612,1992.152,1989.4195,1,0.059,0.699,0.6244,1984.714,1983.5595,1988.0794,1973.874,0,0.003,0.5,0,1989.55612,0.8,0.735,0,0.0,0.0,1989.46945,0.0,0.0,0,0,1,0.8,0.825,0.2755,0.825,0.929,2,0.521,0,0.73,1991.6055,1992.97175,0.176,0.71,0.0,2,0.25,0,0.521,0.932,3.0,0.311,0.406,1,1989.55612,8,0.76,0.647,0.121,0.247,0.233,0.905,0.83,1872.48524,1873.63251,1974.69199,20685.5961,-195.1006,1,1870.01564,0.777,0.0,0.0,0.0,0.0,0,0.18,1,0,16463,0.76,0.59,0.446,3292.0,3292.0,1.2864,2559.1,0.0,1,1,0.925,1362.075,1,1,0.685,1491.726,0,196.446,0.505,0.495,0.0,1.0,0.5,0.79,0.0,0.5,0.0,0.357,0.358,0.5,0.457,0.0,0.378,0.0,0,0,0.373,0.766,0.0,0.658,0.157,0.486,0.65,0.0,0.564,0.0,0.0,0.0,0.0
0,2024.03.15 10:03:40,XAUEURm,TREND_CONTINUATION,BUY,2,1995.121,1992.05,2001.519,2.08,0.488,1989.55612,1992.152,1989.4195,1,0.059,0.699,0.8882,1984.714,1983.5595,1988.0794,1973.874,0,0.003,0.5,0,1989.55612,0.8,0.735,0,0.0,0.0,1989.46945,0.0,0.0,0,0,1,0.8,0.825,0.2755,0.825,0.94,2,0.521,0,0.73,1991.6055,1992.97175,0.087,0.447,0.0,2,0.25,0,0.521,0.927,3.0,0.309,0.405,1,1989.55612,8,0.76,0.825,0.118,0.247,0.233,0.905,0.83,1872.48524,1873.63251,1974.69199,20685.5961,-195.1006,1,1870.01564,0.777,0.0,0.0,0.0,0.0,0,0.18,1,0,16463,0.76,0.59,0.446,3292.0,3292.0,1.2864,2559.1,0.0,1,1,0.925,1362.075,1,1,0.685,1491.726,0,196.71,0.505,0.495,0.0,1.0,0.5,0.95,0.0,0.5,0.0,0.428,0.436,0.5,0.457,0.0,0.393,0.0,0,0,0.333,0.768,0.0,0.526,0.204,0.486,0.65,0.0,0.564,0.0,0.0,0.0,0.0
0,2024.03.15 10:41:40,XAUEURm,MEAN_REVERSION,BUY,2,1993.012,1990.965,1995.444,1.19,0.56,1989.55612,1992.152,1989.4195,1,0.059,0.699,0.064,1984.714,1983.5595,1988.0794,1973.874,0,0.002,0.5,0,1989.55612,0.8,0.735,0,0.0,0.0,1989.46945,0.0,0.0,0,0,1,0.8,0.825,0.2755,0.825,0.885,2,0.521,0,0.73,1989.55612,1988.18988,0.064,0.598,0.0,2,0.25,0,0.521,0.952,3.0,0.317,0.42,1,1992.152,4,0.6,0.872,0.135,0.247,0.233,1.0,0.909,1872.48524,1873.63251,1974.69199,20685.5961,-195.1006,1,1870.01564,0.777,0.0,0.0,0.0,0.0,0,0.18,1,0,16463,0.76,0.59,0.446,3292.0,3292.0,1.2864,2559.1,0.0,1,1,0.925,1362.075,1,1,0.685,1491.726,0,195.886,0.505,0.495,0.0,1.0,0.5,0.0,0.0,0.5,0.0,0.768,0.607,0.5,0.509,0.0,0.397,0.0,0,0,0.376,0.72,0.0,0.57,0.279,0.445,0.65,0.0,0.566,0.0,0.0,0.0,0.0
0,2024.03.15 11:07:40,XAUEURm,SWEEP_REVERSAL,BUY,2,1991.608,1989.076,1993.657,0.81,0.173,1990.3651,1991.2268,1989.2572,0,0.026,0.706,-0.8093,1984.714,1983.5595,1988.0794,1973.874,0,0.002,0.4,0,1990.3651,0.789,0.588,0,0.0,0.0,0.0,0.0,0.0,0,0,1,0.8,1.0,0.2142,1.0,0.069,0,0.704,0,0.77,1990.242,1988.1493,0.761,0.066,0.0,2,0.0,0,0.704,1.319,3.0,0.44,0.537,2,1990.3651,8,0.758,0.0,0.279,0.3,0.154,0.889,0.955,1872.48524,1873.63251,1974.69199,20685.5961,-195.1006,1,1870.01564,0.777,0.0,0.0,0.0,0.0,0,0.18,1,0,16464,0.76,0.59,0.446,3292.0,3292.0,1.3002,2531.9,0.0,1,1,0.925,1362.075,1,1,0.685,1491.726,1,197.431,0.505,0.495,0.0,1.0,1.0,0.0,0.0,0.5,0.0,0.771,0.355,0.5,0.52,0.0,0.4,0.0,0,0,0.403,0.63,0.0,1.0,0.1,0.33,0.465,0.0,0.532,0.0,0.0,0.0,0.0
14650,2024.03.15 12:03:40,XAUEURm,PULLBACK,BUY,2,1988.308,1984.377,1993.488,1.32,0.49,1990.19587,1991.0742,1988.5647,0,0.722,0.14,-1.9767,1984.714,1983.5595,1988.0794,1973.874,1,0.001,0.5,0,1990.19587,0.695,0.422,0,0.0,0.0,0.0,0.0,0.0,0,0,0,1.0,0.825,0.1674,0.825,0.068,0,0.68,0,0.661,1990.0704,1987.30995,1.929,0.875,0.0,2,0.4,0,0.68,1.32,3.0,0.44,0.463,1,1990.19587,8,0.739,0.0,0.44,0.247,0.272,0.927,0.865,1873.01971,1871.86662,1974.69199,20549.514,-136.0821,1,1870.51325,0.762,0.0,0.0,0.0,0.0,0,0.195,1,0,16465,0.76,0.59,0.446,3292.0,3292.0,1.2562,2620.5,0.0,1,1,0.925,1362.075,1,1,0.685,1491.726,0,189.499,0.503,0.497,0.0,1.0,0.5,0.0,0.0,0.5,0.625,0.807,0.56,0.5,0.459,0.0,0.358,0.0,0,0,0.317,0.378,0.0,1.0,0.261,0.372,0.297,0.0,0.545,0.0,0.0,0.0,0.0
0,2024.03.15 12:03:59,XAUEURm,TREND_CONTINUATION,BUY,2,1988.947,1985.802,1993.488,1.44,0.575,1990.19587,1991.0742,1988.5647,0,0.722,0.14,-1.7328,1984.714,1983.5595,1988.0794,1973.874,1,0.001,0.5,0,1990.19587,0.695,0.422,0,0.0,0.0,0.0,0.0,0.0,0,0,0,1.0,0.825,0.1674,0.825,0.068,0,0.68,0,0.661,1990.0704,1987.30995,1.685,0.632,0.0,2,0.4,0,0.68,1.32,3.0,0.44,0.463,1,1990.19587,8,0.739,0.0,0.44,0.247,0.272,0.927,0.865,1873.01971,1871.86662,1974.69199,20549.514,-136.0821,1,1870.51325,0.762,0.0,0.0,0.0,0.0,0,0.195,1,0,16465,0.76,0.59,0.446,3292.0,3292.0,1.2562,2620.5,0.0,1,1,0.925,1362.075,1,1,0.685,1491.726,0,189.743,0.503,0.497,0.0,1.0,0.5,0.01,0.0,0.5,0.409,0.807,0.552,0.5,0.459,0.0,0.358,0.0,0,0,0.312,0.378,0.0,1.0,0.261,0.372,0.302,0.0,0.536,0.0,0.0,0.0,0.0
0,2024.03.15 12:41:40,XAUEURm,MEAN_REVERSION,BUY,2,1986.086,1983.99,1993.488,3.53,0.637,1990.19587,1991.0742,1988.5647,0,0.722,0.14,-2.8246,1984.714,1983.5595,1988.0794,1973.874,1,0.0,0.5,0,1990.19587,0.695,0.422,0,0.0,0.0,0.0,0.0,0.0,0,0,0,1.0,0.825,0.1674,0.825,0.068,0,0.68,0,0.661,1990.0704,1987.30995,2.777,1.723,0.0,2,0.4,0,0.68,1.32,3.0,0.44,0.463,1,1990.19587,8,0.739,0.0,0.44,0.247,0.272,0.927,0.865,1873.01971,1871.86662,1974.69199,20549.514,-136.0821,1,1870.51325,0.762,0.0,0.0,0.0,0.0,0,0.195,1,0,16465,0.76,0.59,0.446,3292.0,3292.0,1.2562,2620.5,0.0,1,1,0.925,1362.075,1,1,0.685,1491.726,0,188.651,0.503,0.497,0.0,1.0,0.5,0.12,0.0,0.5,0.0,0.507,0.504,0.5,0.394,0.0,0.34,0.0,0,0,0.257,0.422,0.0,1.0,0.261,0.505,0.257,0.0,0.539,0.0,0.0,0.0,0.0
0,2024.03.15 13:00:00,XAUEURm,ANCHORED_PULLBACK,BUY,4,1987.079,1986.998,1989.993,35.88,0.757,1989.9927,1991.4822,1987.3116,0,1.598,0.491,-1.9776,1984.3578,1983.5595,1990.6622,1976.4568,1,0.0,0.35,2,1989.9927,0.722,0.298,0,0.0,0.0,1984.24565,0.0,0.0,0,0,0,1.0,0.825,0.0529,0.825,0.275,2,0.614,2,0.406,1989.6948,1982.5452,1.883,0.396,0.5293,0,0.25,2,1.0,1.676,3.0,0.559,0.56,2,1989.9927,8,0.744,0.0,0.318,0.947,0.088,0.813,0.892,1873.01971,1871.86662,1974.69199,20549.514,-136.0821,1,1870.51325,0.762,0.0,0.0,0.0,0.0,0,0.195,1,0,16466,0.76,0.59,0.446,3292.0,3292.0,1.0491,3138.1,0.0,1,1,0.925,1362.075,1,1,0.685,1491.726,0,157.853,0.503,0.497,0.0,1.0,0.5,0.97,0.0,0.5,0.0,0.329,0.477,0.5,0.399,0.0,0.429,0.0,0,0,0.305,0.599,0.0,1.0,0.296,1.0,0.367,0.0,0.468,0.0,0.0,0.0,0.0
0,2024.03.15 13:07:40,XAUEURm,SWEEP_REVERSAL,BUY,4,1987.093,1983.955,1993.285,1.97,0.202,1989.9927,1991.4822,1987.3116,0,1.598,0.491,-1.9731,1984.3578,1983.5595,1990.6622,1976.4568,1,0.0,0.35,2,1989.9927,0.722,0.298,0,0.0,0.0,1984.24565,0.0,0.0,0,0,0,1.0,0.825,0.0529,0.825,0.275,0,0.653,2,0.406,1989.6948,1982.5452,1.878,0.4,0.0,2,0.25,0,0.653,1.226,3.0,0.409,0.421,1,1989.9927,8,0.744,0.0,0.318,0.247,0.088,0.813,0.892,1873.01971,1871.86662,1974.69199,20549.514,-136.0821,1,1870.51325,0.762,0.0,0.0,0.0,0.0,0,0.195,1,0,16466,0.76,0.59,0.446,3292.0,3292.0,1.0491,3138.1,0.0,1,1,0.925,1362.075,1,1,0.685,1491.726,0,157.857,0.503,0.497,0.0,1.0,0.5,0.73,0.0,0.5,0.0,0.397,0.543,0.5,0.45,0.0,0.4,0.0,0,0,0.321,0.544,0.0,1.0,0.304,0.567,0.289,0.0,0.525,0.0,0.0,0.0,0.0
0,2024.03.15 14:41:40,XAUEURm,MEAN_REVERSION,BUY,4,1985.572,1982.836,1993.606,2.94,0.554,1990.31363,1991.829,1983.3429,0,0.021,0.688,-2.3491,1984.3578,1983.5595,1988.0794,1975.1654,1,0.0,0.7,2,1990.31363,0.78,0.003,0,0.0,0.0,1983.00672,0.0,0.0,0,0,0,0.675,-0.685,-0.117,0.685,0.699,2,0.496,3,0.644,1982.43367,1980.00907,0.045,0.664,0.0,2,0.0,0,0.496,1.035,3.0,0.345,0.393,1,1990.31363,8,0.756,0.91,0.09,0.206,0.0,0.54,0.659,1873.01971,1871.86662,1974.69199,20549.514,-136.0821,1,1870.51325,0.762,0.0,0.0,0.0,0.0,0,0.195,1,0,16467,0.76,0.59,0.446,3292.0,3292.0,0.9626,3419.9,0.0,1,1,0.925,1362.075,1,1,0.685,1491.726,0,144.402,0.503,0.497,0.0,1.0,0.5,0.0,0.0,0.5,0.0,0.534,0.413,0.5,0.454,0.0,0.392,0.0,0,0,0.345,0.797,0.0,0.99,0.17,0.353,0.409,0.0,0.532,0.0,0.0,0.0,0.0
14652,2024.03.15 18:28:40,XAUEURm,SWEEP_REVERSAL,BUY,3,1984.201,1980.028,1988.102,0.93,0.193,1984.8098,1985.498,1981.8276,0,0.803,0.296,-0.9348,1984.10187,1983.5595,1988.0794,1975.1654,1,0.001,0.4,0,1984.8098,0.736,0.313,0,0.0,0.0,0.0,0.0,0.0,0,0,0,0.975,-0.825,-0.2687,0.825,0.594,2,0.605,0,0.525,1984.1216,1979.0748,0.77,0.44,0.0,2,0.15,0,0.605,1.083,3.0,0.361,0.435,1,1984.8098,8,0.747,0.0,0.182,0.247,0.158,0.913,0.934,1872.09937,1872.97826,1983.55629,21089.4532,539.9392,2,1872.09937,0.742,0.0,0.0,0.0,0.0,0,0.207,1,0,16471,0.754,0.587,0.447,3292.0,3292.0,0.7889,4172.8,0.0,1,1,0.925,1362.075,1,1,0.685,1491.726,1,118.021,0.5,0.5,0.0,0.0,1.0,0.56,0.0,0.5,0.0,0.814,0.572,0.5,0.488,0.0,0.359,0.0,0,0,0.333,0.449,0.0,1.0,0.265,0.311,0.358,0.0,0.506,0.0,0.0,0.0,0.0
14654,2024.03.15 18:41:40,XAUEURm,MEAN_REVERSION,BUY,3,1984.92,1981.582,1988.102,0.95,0.603,1984.8098,1985.498,1981.8276,0,0.803,0.296,-0.7625,1984.10187,1983.5595,1988.0794,1975.1654,1,0.0,0.4,0,1984.8098,0.736,0.313,0,0.0,0.0,0.0,0.0,0.0,0,0,0,0.975,-0.825,-0.2687,0.825,0.333,2,0.605,0,0.525,1984.1216,1979.0748,0.598,0.612,0.0,2,0.15,0,0.605,1.2,3.0,0.4,0.449,1,1984.8098,8,0.747,0.0,0.26,0.247,0.158,0.913,0.934,1872.09937,1872.97826,1983.55629,21089.4532,539.9392,2,1872.09937,0.742,0.0,0.0,0.0,0.0,0,0.207,1,0,16471,0.754,0.587,0.447,3292.0,3292.0,0.7889,4172.8,0.0,1,1,0.925,1362.075,1,1,0.685,1491.726,1,118.193,0.5,0.5,0.0,0.0,1.0,0.99,0.0,0.5,0.0,0.731,0.595,0.5,0.474,0.0,0.353,0.0,0,0,0.34,0.438,0.0,1.0,0.265,0.311,0.387,0.0,0.506,0.0,0.0,0.0,0.0
14656,2024.03.17 22:05:00,XAUEURm,SWEEP_REVERSAL,BUY,1,1978.835,1974.777,1983.162,1.07,0.21,1980.62305,1981.1875,1979.306,0,1.066,0.139,-1.2517,1989.26205,1983.5595,1988.0794,1975.1654,1,0.002,0.25,4,1979.87045,0.729,0.604,0,0.0,0.0,1979.70843,1980.8375,1.305,0,0,0,1.0,-0.93,-0.2427,0.93,0.009,2,0.627,0,0.437,1980.4349,1976.86005,1.205,0.325,-0.2441,1,0.15,0,0.627,0.585,1.305,0.449,0.37,1,1979.87045,8,0.746,0.0,0.657,0.279,0.29,0.902,1.0,1869.53246,1873.26911,1983.55629,22905.937,688.6124,2,1871.96627,0.766,0.0,0.0,0.0,0.0,0,0.198,1,0,16474,0.754,0.587,0.447,3292.0,3292.0,0.8112,4058.4,0.0,1,1,0.925,1362.075,1,1,0.685,1491.726,1,120.024,0.5,0.5,0.0,0.0,1.0,0.0,0.0,0.5,0.0,0.826,0.417,0.5,0.552,0.0,0.375,0.0,0,0,0.366,0.266,0.0,0.756,0.3,0.189,0.247,0.0,0.506,0.0,0.0,0.0,0.0
0,2024.03.17 22:05:20,XAUEURm,MEAN_REVERSION,BUY,1,1978.835,1975.588,1983.162,1.33,0.601,1980.62305,1981.1875,1979.306,0,1.066,0.139,-1.2517,1989.26205,1983.5595,1988.0794,1975.1654,1,0.002,0.25,4,1979.87045,0.729,0.604,0,0.0,0.0,1979.70843,1980.8375,1.305,0,0,0,1.0,-0.93,-0.2427,0.93,0.009,0,0.675,0,0.437,1980.4349,1976.86005,1.205,0.325,0.0,2,0.15,0,0.675,0.585,1.305,0.449,0.382,1,1979.87045,8,0.746,0.0,0.357,0.279,0.29,0.902,1.0,1869.53246,1873.26911,1983.55629,22905.937,688.6124,2,1871.96627,0.766,0.0,0.0,0.0,0.0,0,0.198,1,0,16474,0.754,0.587,0.447,3292.0,3292.0,0.8112,4058.4,0.0,1,1,0.925,1362.075,1,1,0.685,1491.726,1,120.024,0.5,0.5,0.0,0.0,1.0,0.0,0.0,0.5,0.0,0.826,0.418,0.5,0.552,0.0,0.439,0.0,0,0,0.39,0.353,0.0,0.89,0.357,0.289,0.246,0.0,0.506,0.0,0.0,0.0,0.0
14657,2024.03.17 22:05:40,XAUEURm,NAKED_POC,BUY,1,1980.217,1976.251,1986.305,1.54,0.627,1980.62305,1981.1875,1979.306,0,1.066,0.139,-0.9112,1989.26205,1983.5595,1988.0794,1975.1654,1,0.002,0.25,4,1979.87045,0.729,0.604,0,0.0,0.0,1979.70843,1980.8375,1.305,0,0,0,1.0,-0.93,-0.2427,0.93,0.0,0,0.675,0,0.437,1980.4349,1976.86005,0.865,0.016,0.0,2,0.15,0,0.675,0.434,0.964,0.45,0.364,1,1979.87045,8,0.746,0.0,0.36,0.279,0.29,0.902,1.0,1869.53246,1873.26911,1983.55629,22905.937,688.6124,2,1871.96627,0.766,0.0,0.0,0.0,0.0,0,0.198,1,0,16474,0.754,0.587,0.447,3292.0,3292.0,0.8112,4058.4,0.0,1,1,0.925,1362.075,1,1,0.685,1491.726,1,120.365,0.5,0.5,0.0,0.0,1.0,0.03,0.0,0.5,0.0,0.688,0.436,0.5,0.536,0.0,0.399,0.0,0,0,0.359,0.35,0.0,0.812,0.297,0.289,0.293,0.0,0.506,0.0,0.0,0.0,0.0
14660,2024.03.18 00:05:40,XAUEURm,NAKED_POC,BUY,1,1982.71,1977.254,1988.654,1.09,0.649,1979.65988,1980.8126,1977.84845,1,0.036,0.379,-0.061,1989.26205,1983.84697,1989.92805,1976.66025,1,0.001,0.45,0,1979.65988,0.776,0.586,0,0.0,0.0,1978.16948,1980.8375,0.261,0,0,0,0.8,-1.0,-0.1485,1.0,0.607,0,0.682,0,0.787,1979.82455,1981.30663,0.103,0.477,0.0,2,0.0,0,0.682,0.171,0.477,0.359,0.399,1,1980.8375,6,0.65,0.795,0.118,0.3,0.157,0.88,0.938,1872.48524,1871.51998,1983.55629,22717.5171,-188.4199,1,1870.01564,0.77,0.0,0.0,0.0,0.0,0,0.224,1,0,16476,0.754,0.587,0.447,3292.0,3292.0,0.8308,3962.6,0.0,1,1,0.925,1362.075,1,1,0.685,1491.726,1,123.903,0.504,0.496,0.0,1.0,1.0,0.29,0.0,0.5,0.0,0.8,0.49,0.5,0.543,0.0,0.471,0.0,0,0,0.357,0.818,0.0,1.0,0.685,0.437,0.539,0.0,0.504,0.0,0.0,0.0,0.0
0,2024.03.18 00:05:59,XAUEURm,ANCHORED_PULLBACK,BUY,1,1982.656,1982.65,1984.172,264.4,0.429,1979.65988,1980.8126,1977.84845,1,0.036,0.379,-0.0747,1989.26205,1983.84697,1989.92805,1976.66025,1,0.001,0.45,0,1979.65988,0.776,0.586,0,0.0,0.0,1978.16948,1980.8375,0.261,0,0,0,0.8,-1.0,-0.1485,1.0,0.607,0,0.682,0,0.787,1979.82455,1981.30663,0.116,0.49,0.0,2,0.0,0,0.682,0.176,0.49,0.359,0.399,1,1980.8375,6,0.65,0.768,0.118,0.3,0.157,0.88,0.938,1872.48524,1871.51998,1983.55629,22717.5171,-188.4199,1,1870.01564,0.77,0.0,0.0,0.0,0.0,0,0.224,1,0,16476,0.754,0.587,0.447,3292.0,3292.0,0.8308,3962.6,0.0,1,1,0.925,1362.075,1,1,0.685,1491.726,1,123.89,0.504,0.496,0.0,1.0,1.0,0.28,0.0,0.5,0.0,0.8,0.5,0.5,0.543,0.0,0.471,0.0,0,0,0.351,0.818,0.0,1.0,0.685,0.437,0.539,0.0,0.504,0.0,0.0,0.0,0.0
0,2024.03.18 01:14:40,XAUEURm,MEAN_REVERSION,BUY,1,1979.369,1976.295,1981.991,0.85,0.655,1978.69862,1979.83465,1977.81505,0,0.026,0.828,-0.6823,1989.26205,1983.84697,1989.92805,1977.7659,0,0.002,0.4,0,1978.69862,0.67,0.416,0,0.0,0.0,0.0,1980.8375,0.32,0,0,0,0.8,-0.825,-0.1684,0.825,0.029,0,0.76,0,0.657,1978.44618,1976.0479,0.617,0.008,0.0,2,0.25,0,0.76,0.552,1.239,0.446,0.417,1,1978.69862,8,0.734,0.0,0.391,0.247,0.219,0.94,0.958,1872.48524,1871.51998,1983.55629,22717.5171,-188.4199,1,1870.01564,0.77,0.0,0.0,0.0,0.0,0,0.224,1,0,16477,0.754,0.587,0.447,3292.0,3292.0,0.8568,3842.1,0.0,1,1,0.925,1362.075,1,1,0.685,1491.726,0,126.92,0.504,0.496,0.0,1.0,0.5,0.0,0.0,0.5,0.0,0.497,0.245,0.5,0.477,0.0,0.281,0.0,0,0,0.408,0.603,0.0,0.609,0.478,0.242,0.194,0.0,0.49,0.0,0.0,0.0,0.0
14662,2024.03.18 01:18:00,XAUEURm,SWEEP_REVERSAL,BUY,1,1978.846,1975.004,1981.991,0.82,0.236,1978.69862,1979.83465,1977.81505,0,0.026,0.828,-0.8185,1989.26205,1983.84697,1989.92805,1977.7659,0,0.002,0.4,0,1978.69862,0.67,0.416,0,0.0,0.0,0.0,1980.8375,0.32,0,0,0,0.8,-0.825,-0.1684,0.825,0.013,0,0.76,0,0.657,1978.44618,1976.0479,0.753,0.129,0.0,2,0.25,0,0.76,0.616,1.375,0.448,0.424,1,1978.69862,8,0.734,0.0,0.396,0.247,0.219,0.94,0.958,1872.48524,1871.51998,1983.55629,22717.5171,-188.4199,1,1870.01564,0.77,0.0,0.0,0.0,0.0,0,0.224,1,0,16477,0.754,0.587,0.447,3292.0,3292.0,0.8568,3842.1,0.0,1,1,0.925,1362.075,1,1,0.685,1491.726,0,126.783,0.504,0.496,0.0,1.0,0.5,0.0,0.0,0.5,0.0,0.495,0.258,0.5,0.519,0.0,0.289,0.0,0,0,0.416,0.599,0.0,0.73,0.478,0.186,0.172,0.0,0.49,0.0,0.0,0.0,0.0
14664,2024.03.18 03:00:00,XAUEURm,NAKED_POC,BUY,1,1973.942,1969.522,1980.838,1.56,0.528,1978.34675,1980.193,1974.918,0,1.049,0.172,-1.7812,1979.67385,1984.39425,1987.3445,1975.5435,0,0.003,0.5,2,1978.34675,0.779,0.111,0,0.0,0.0,1975.13888,1980.8375,2.358,0,0,-1,1.0,-1.0,-0.1653,1.0,0.07,2,0.609,2,0.184,1975.4455,1970.1705,1.11,0.111,0.561,0,0.15,2,1.0,1.39,2.358,0.59,0.5,1,1975.4455,2,0.55,0.0,0.339,1.0,0.053,0.699,0.941,1872.48524,1871.51998,1983.55629,22717.5171,-188.4199,1,1870.01564,0.77,0.0,0.0,0.0,0.0,0,0.224,1,0,16479,0.754,0.587,0.447,3292.0,3292.0,0.7618,4321.1,0.0,1,1,0.925,1362.075,1,1,0.685,1491.726,1,111.595,0.504,0.496,0.0,1.0,1.0,0.08,0.0,0.5,0.0,0.526,0.476,0.5,0.464,0.0,0.451,0.0,0,0,0.334,0.21,0.0,0.517,0.679,1.0,0.255,0.0,0.461,0.0,0.0,0.0,0.0
14666,2024.03.18 03:14:40,XAUEURm,MEAN_REVERSION,BUY,1,1973.48,1970.023,1978.738,1.52,0.57,1978.34675,1980.193,1974.918,0,1.049,0.172,-1.8881,1979.67385,1984.39425,1987.3445,1975.5435,0,0.003,0.5,2,1978.34675,0.779,0.111,0,0.0,0.0,1975.13888,1980.8375,2.358,0,0,-1,1.0,-1.0,-0.1653,1.0,0.07,2,0.623,2,0.184,1975.4455,1970.1705,1.217,0.004,0.0,2,0.15,0,0.623,1.083,2.465,0.44,0.37,1,1975.4455,2,0.55,0.0,0.339,0.3,0.053,0.699,0.941,1872.48524,1871.51998,1983.55629,22717.5171,-188.4199,1,1870.01564,0.77,0.0,0.0,0.0,0.0,0,0.224,1,0,16479,0.754,0.587,0.447,3292.0,3292.0,0.7618,4321.1,0.0,1,1,0.925,1362.075,1,1,0.685,1491.726,1,111.488,0.504,0.496,0.0,1.0,1.0,0.31,0.0,0.5,0.0,0.932,0.388,0.5,0.5,0.0,0.437,0.0,0,0,0.392,0.217,0.0,0.38,0.641,0.529,0.142,0.0,0.527,0.0,0.0,0.0,0.0
14668,2024.03.18 03:18:00,XAUEURm,SWEEP_REVERSAL,BUY,1,1973.15,1968.829,1978.738,1.29,0.152,1978.34675,1980.193,1974.918,0,1.049,0.172,-1.9645,1979.67385,1984.39425,1987.3445,1975.5435,0,0.003,0.5,2,1978.34675,0.779,0.111,0,0.0,0.0,1975.13888,1980.8375,2.358,0,0,-1,1.0,-1.0,-0.1653,1.0,0.028,2,0.623,2,0.184,1975.4455,1970.1705,1.293,0.072,0.0,2,0.15,0,0.623,1.133,2.541,0.446,0.376,1,1975.4455,2,0.55,0.0,0.352,0.3,0.053,0.699,0.941,1872.48524,1871.51998,1983.55629,22717.5171,-188.4199,1,1870.01564,0.77,0.0,0.0,0.0,0.0,0,0.224,1,0,16479,0.754,0.587,0.447,3292.0,3292.0,0.7618,4321.1,0.0,1,1,0.925,1362.075,1,1,0.685,1491.726,1,111.411,0.504,0.496,0.0,1.0,1.0,0.08,0.0,0.5,0.0,0.989,0.368,0.5,0.513,0.0,0.436,0.0,0,0,0.408,0.208,0.0,0.475,0.641,0.529,0.142,0.0,0.527,0.0,0.0,0.0,0.0
14670,2024.03.18 05:00:00,XAUEURm,NAKED_POC,BUY,1,1973.903,1968.643,1980.838,1.32,0.387,1970.42075,1975.0938,1969.191,1,0.052,0.352,0.052,1980.61665,1984.22475,1987.2315,1975.2045,0,0.004,0.6,2,1970.42075,0.77,0.169,0,0.0,0.0,0.0,1980.8375,2.797,0,0,-1,1.0,-0.825,-0.3156,0.825,1.0,1,0.255,3,0.848,1970.42075,1972.38835,0.052,0.486,-0.7712,1,0.55,5,1.0,0.559,2.797,0.2,0.421,1,1969.191,5,0.6,0.896,0.52,0.247,0.493,0.661,0.975,1873.8415,1873.78552,1980.68835,19691.0724,-3026.4447,1,1871.0885,0.749,0.0,0.0,0.0,0.0,0,0.166,1,0,16481,0.767,0.588,0.444,3292.0,3292.0,0.9004,3656.1,0.0,1,1,0.925,1362.075,1,1,0.685,1491.726,1,131.881,0.577,0.423,0.0,1.0,1.0,0.22,0.0,0.5,0.0,0.88,0.374,0.5,0.554,0.0,0.331,0.0,0,0,0.374,0.53,0.0,0.448,0.359,0.483,0.35,0.0,0.511,0.0,0.0,0.0,0.0
0,2024.03.18 05:19:40,XAUEURm,MEAN_REVERSION,BUY,1,1973.948,1971.023,1979.432,1.87,0.564,1970.42075,1975.0938,1969.191,1,0.052,0.352,0.0643,1980.61665,1984.22475,1987.2315,1975.2045,0,0.004,0.6,2,1970.42075,0.77,0.169,0,0.0,0.0,0.0,1980.8375,2.797,0,0,-1,1.0,-0.825,-0.3156,0.825,1.0,2,0.555,3,0.848,1970.42075,1972.38835,0.064,0.474,0.0,2,0.25,0,0.555,0.835,2.785,0.3,0.387,1,1969.191,5,0.6,0.871,0.1,0.247,0.088,0.661,0.975,1873.8415,1873.78552,1980.68835,19691.0724,-3026.4447,1,1871.0885,0.749,0.0,0.0,0.0,0.0,0,0.166,1,0,16481,0.767,0.588,0.444,3292.0,3292.0,0.9004,3656.1,0.0,1,1,0.925,1362.075,1,1,0.685,1491.726,1,131.894,0.577,0.423,0.0,1.0,1.0,0.0,0.0,0.5,0.0,0.742,0.556,0.5,0.542,0.0,0.378,0.0,0,0,0.347,0.835,0.0,0.477,0.523,0.313,0.35,0.0,0.567,0.0,0.0,0.0,0.0
0,2024.03.18 08:00:00,XAUEURm,BREAKOUT,BUY,2,1977.41,1974.13,1984.13,2.05,0.733,1970.68718,1971.27005,1970.1043,0,0.939,0.127,1.0862,1980.06233,1984.22475,1989.6369,1977.6099,0,0.003,0.25,4,1970.68718,0.774,0.517,0,0.0,0.0,1971.98575,1980.8375,2.127,0,0,-1,1.0,-0.825,-0.3835,0.825,0.037,0,0.772,1,0.403,1970.80375,1973.13525,1.049,0.311,0.1034,0,0.4,2,0.826,1.265,2.127,0.594,0.453,1,1970.68718,8,0.755,0.0,0.449,0.947,0.29,0.871,0.986,1873.8415,1873.78552,1983.98336,20298.5346,607.4622,2,1871.0885,0.744,0.0,0.0,0.0,0.0,0,0.2,1,0,16484,0.767,0.588,0.444,3292.0,3292.0,1.0423,3158.5,0.0,1,1,0.925,1362.075,1,1,0.685,1491.726,0,153.77,0.5,0.5,0.0,0.0,0.5,0.93,0.0,0.5,0.0,0.574,0.572,0.5,0.455,0.0,0.505,0.0,0,0,0.382,0.326,0.0,0.962,0.359,0.681,0.536,0.0,0.518,0.0,0.0,0.0,0.0
0,2024.03.18 08:00:20,XAUEURm,ANCHORED_PULLBACK,BUY,2,1977.437,1974.878,1980.895,1.35,0.226,1970.68718,1971.27005,1970.1043,0,0.939,0.127,1.0948,1980.06233,1984.22475,1989.6369,1977.6099,0,0.003,0.25,4,1970.68718,0.774,0.517,0,0.0,0.0,1971.98575,1980.8375,2.127,0,0,-1,1.0,-0.825,-0.3835,0.825,0.037,0,0.804,1,0.403,1970.80375,1973.13525,1.058,0.32,0.0,2,0.4,0,0.804,0.942,2.119,0.444,0.41,1,1970.68718,8,0.755,0.0,0.449,0.247,0.29,0.871,0.986,1873.8415,1873.78552,1983.98336,20298.5346,607.4622,2,1871.0885,0.744,0.0,0.0,0.0,0.0,0,0.2,1,0,16484,0.767,0.588,0.444,3292.0,3292.0,1.0423,3158.5,0.0,1,1,0.925,1362.075,1,1,0.685,1491.726,0,153.779,0.5,0.5,0.0,0.0,0.5,0.92,0.0,0.5,0.0,0.683,0.58,0.5,0.493,0.0,0.435,0.0,0,0,0.37,0.346,0.0,0.809,0.355,0.264,0.552,0.0,0.591,0.0,0.0,0.0,0.0
14672,2024.03.18 08:00:40,XAUEURm,NAKED_POC,BUY,2,1976.696,1972.661,1980.838,1.03,0.425,1970.68718,1971.27005,1970.1043,0,0.939,0.127,0.8602,1980.06233,1984.22475,1989.6369,1977.6099,0,0.003,0.25,4,1970.68718,0.774,0.517,0,0.0,0.0,1971.98575,1980.8375,2.127,0,0,-1,1.0,-0.825,-0.3835,0.825,0.015,0,0.804,1,0.403,1970.80375,1973.13525,0.823,0.085,0.0,2,0.4,0,0.804,1.054,2.353,0.448,0.423,1,1970.68718,8,0.755,0.0,0.456,0.247,0.29,0.871,0.986,1873.8415,1873.78552,1983.98336,20298.5346,607.4622,2,1871.0885,0.744,0.0,0.0,0.0,0.0,0,0.2,1,0,16484,0.767,0.588,0.444,3292.0,3292.0,1.0423,3158.5,0.0,1,1,0.925,1362.075,1,1,0.685,1491.726,0,153.544,0.5,0.5,0.0,0.0,0.5,0.75,0.0,0.5,0.0,0.683,0.553,0.5,0.493,0.0,0.435,0.0,0,0,0.354,0.462,0.0,0.809,0.355,0.264,0.519,0.0,0.56,0.0,0.0,0.0,0.0
14674,2024.03.18 10:00:00,XAUEURm,BREAKOUT,BUY,2,1978.722,1973.813,1984.13,1.1,0.621,1970.83475,1974.9506,1969.94,0,0.018,0.475,1.4657,1979.94405,1984.22475,1987.2315,1975.2045,1,0.003,0.7,2,1970.83475,0.719,0.459,0,0.0,0.0,0.0,1980.8375,1.725,0,0,0,1.0,-0.825,-0.1518,0.825,0.694,2,0.501,3,0.756,1975.48745,1976.7401,0.018,0.418,0.8996,0,0.25,2,1.0,0.855,1.725,0.496,0.485,1,1970.83475,8,0.744,0.963,0.192,0.947,0.088,0.623,0.898,1873.8415,1873.78552,1983.98336,20298.5346,607.4622,2,1871.0885,0.744,0.0,0.0,0.0,0.0,0,0.2,1,0,16486,0.767,0.588,0.444,3292.0,3292.0,1.05,3135.3,0.0,1,1,0.925,1362.075,1,1,0.685,1491.726,0,155.327,0.5,0.5,0.0,0.0,0.5,0.62,0.0,0.5,0.0,0.419,0.481,0.5,0.495,0.0,0.4,0.0,0,0,0.32,0.724,0.0,0.902,0.262,0.641,0.496,0.0,0.459,0.0,0.0,0.0,0.0
14675,2024.03.18 10:08:40,XAUEURm,NAKED_POC,BUY,2,1980.236,1976.27,1984.939,1.19,0.505,1970.83475,1974.9506,1969.94,0,0.018,0.475,1.9485,1979.94405,1984.22475,1987.2315,1975.2045,1,0.002,0.7,2,1970.83475,0.719,0.459,0,0.0,0.0,0.0,1980.8375,1.725,0,0,0,1.0,-0.825,-0.1518,0.825,0.041,2,0.541,3,0.756,1975.48745,1976.7401,0.465,0.065,0.0,2,0.25,0,0.541,0.865,1.949,0.444,0.371,1,1975.48745,2,0.55,0.071,0.388,0.247,0.088,0.623,0.898,1873.8415,1873.78552,1983.98336,20298.5346,607.4622,2,1871.0885,0.744,0.0,0.0,0.0,0.0,0,0.2,1,0,16486,0.767,0.588,0.444,3292.0,3292.0,1.05,3135.3,0.0,1,1,0.925,1362.075,1,1,0.685,1491.726,0,155.81,0.5,0.5,0.0,0.0,0.5,0.99,0.0,0.5,0.0,0.502,0.693,0.5,0.5,0.0,0.334,0.0,0,0,0.399,0.58,0.0,0.67,0.257,0.368,0.606,0.0,0.472,0.0,0.0,0.0,0.0
0,2024.03.18 11:00:00,XAUEURm,ANCHORED_PULLBACK,BUY,2,1981.96,1981.842,1987.197,44.33,0.372,1975.395,1978.2316,1973.4312,0,0.754,0.069,1.0284,1980.21232,1984.22475,1987.2315,1975.2045,1,0.002,0.55,0,1975.395,0.733,0.42,0,0.0,0.0,1978.08007,1980.8375,0.682,0,0,0,0.144,0.0,0.0058,0.331,0.199,2,0.529,0,0.457,1975.8314,1978.4498,0.891,0.069,-0.066,1,0.15,0,0.529,0.432,1.028,0.42,0.325,0,1980.8375,6,0.65,0.0,0.6,0.0,0.144,0.866,0.778,1873.8415,1873.78552,1983.98336,20298.5346,607.4622,2,1871.0885,0.744,0.0,0.0,0.0,0.0,0,0.2,1,0,16487,0.767,0.588,0.444,3292.0,3292.0,1.0344,3182.6,0.0,1,1,0.925,1362.075,1,1,0.685,1491.726,0,154.037,0.5,0.5,0.0,0.0,0.5,0.99,0.0,0.5,0.0,0.852,0.474,0.5,0.492,0.0,0.347,0.0,0,0,0.302,0.547,0.0,0.672,0.249,0.479,0.571,0.0,0.514,0.0,0.0,0.0,0.0
0,2024.03.18 12:05:40,XAUEURm,BREAKOUT,BUY,2,1984.307,1982.558,1992.155,4.49,0.407,1975.70943,1978.9348,1973.7742,0,0.342,0.068,1.6901,1980.05505,1984.22475,1987.2315,1975.2045,1,0.001,0.6,0,1976.56953,0.716,0.0,1,0.0,0.0,1980.06705,1980.8375,0.058,0,0,0,0.675,0.685,0.2233,0.685,0.151,0,0.664,0,0.641,1979.57987,1980.43998,0.457,0.183,0.0,2,0.15,4,0.599,0.891,1.69,0.527,0.417,1,1979.57987,2,0.55,0.086,0.315,0.206,0.181,0.844,0.841,1872.86846,1872.20057,1983.98336,19392.547,-905.9876,1,1869.97306,0.722,0.0,0.0,0.0,0.0,0,0.233,1,0,16488,0.767,0.588,0.444,3292.0,3292.0,1.0487,3139.1,0.0,1,1,0.925,1362.075,1,1,0.685,1491.726,0,156.916,0.523,0.477,0.0,1.0,0.5,0.99,0.0,0.5,0.0,0.527,0.739,0.5,0.382,0.0,0.332,0.0,0,0,0.39,0.465,0.0,0.896,0.283,0.689,0.651,0.0,0.491,0.0,0.0,0.0,0.0
14678,2024.03.18 12:18:40,XAUEURm,TREND_CONTINUATION,BUY,2,1984.315,1980.548,1992.163,2.08,0.433,1975.70943,1978.9348,1973.7742,0,0.342,0.068,1.6927,1980.05505,1984.22475,1987.2315,1975.2045,1,0.001,0.6,0,1976.56953,0.716,0.0,1,0.0,0.0,1980.06705,1980.8375,0.058,0,0,0,0.675,0.685,0.2233,0.685,0.151,0,0.664,0,0.641,1979.57987,1980.43998,0.46,0.186,0.0,2,0.15,4,0.599,0.893,1.693,0.527,0.417,1,1979.57987,2,0.55,0.081,0.315,0.206,0.181,0.844,0.841,1872.86846,1872.20057,1983.98336,19392.547,-905.9876,1,1869.97306,0.722,0.0,0.0,0.0,0.0,0,0.233,1,0,16488,0.767,0.588,0.444,3292.0,3292.0,1.0487,3139.1,0.0,1,1,0.925,1362.075,1,1,0.685,1491.726,0,156.918,0.523,0.477,0.0,1.0,0.5,0.99,0.0,0.5,0.0,0.521,0.495,0.5,0.414,0.0,0.334,0.0,0,0,0.261,0.465,0.0,0.896,0.283,0.71,0.651,0.0,0.491,0.0,0.0,0.0,0.0
0,2024.03.18 12:25:20,XAUEURm,PULLBACK,BUY,2,1984.916,1983.045,1990.524,3.0,0.371,1975.70943,1978.9348,1973.7742,0,0.342,0.068,1.8841,1980.05505,1984.22475,1987.2315,1975.2045,1,0.001,0.6,0,1976.56953,0.716,0.0,1,0.0,0.0,1980.06705,1980.8375,0.058,0,0,0,0.675,0.685,0.2233,0.685,0.151,0,0.664,0,0.641,1979.57987,1980.43998,0.651,0.377,0.0,2,0.15,4,0.599,0.994,1.884,0.527,0.429,1,1979.57987,2,0.55,0.0,0.315,0.206,0.181,0.844,0.841,1872.86846,1872.20057,1983.98336,19392.547,-905.9876,1,1869.97306,0.722,0.0,0.0,0.0,0.0,0,0.233,1,0,16488,0.767,0.588,0.444,3292.0,3292.0,1.0487,3139.1,0.0,1,1,0.925,1362.075,1,1,0.685,1491.726,0,157.11,0.523,0.477,0.0,1.0,0.5,0.97,0.0,0.5,0.0,0.453,0.525,0.5,0.339,0.0,0.304,0.0,0,0,0.239,0.465,0.0,0.86,0.246,0.592,0.679,0.0,0.491,0.0,0.0,0.0,0.0
0,2024.03.18 13:00:00,XAUEURm,BREAKOUT_RETEST,BUY,4,1983.667,1982.704,1984.987,1.37,0.748,1980.08662,1981.6954,1975.71995,1,0.09,0.483,0.0898,1979.88657,1984.22475,1987.2315,1976.4072,1,0.001,0.65,0,1975.49012,0.791,0.534,0,0.0,0.0,1982.76067,0.0,0.0,0,0,0,0.75,0.72,0.3554,0.72,0.593,1,0.286,0,0.565,1979.8568,1981.92522,0.161,0.483,0.2537,0,0.3,2,1.0,1.533,3.0,0.511,0.578,2,1981.6954,4,0.6,0.677,0.242,0.916,0.218,0.986,0.822,1872.86846,1872.20057,1983.98336,19392.547,-905.9876,1,1869.97306,0.722,0.0,0.0,0.0,0.0,0,0.233,1,0,16489,0.767,0.588,0.444,3292.0,3292.0,1.0251,3211.3,0.0,1,1,0.925,1362.075,1,1,0.685,1491.726,0,153.191,0.523,0.477,0.0,1.0,0.5,0.02,0.0,0.5,0.0,0.356,0.265,0.5,0.411,0.0,0.43,0.0,0,0,0.436,0.641,0.0,0.924,0.22,0.899,0.518,0.0,0.468,0.0,0.0,0.0,0.0
0,2024.03.18 14:05:40,XAUEURm,BREAKOUT,BUY,4,1984.891,1982.305,1993.22,3.22,0.397,1979.34608,1981.53975,1977.55125,0,0.03,0.509,0.6762,1978.95653,1984.22475,1987.2315,1976.4072,1,0.001,0.5,0,1979.34608,0.656,0.8,0,0.0,0.0,0.0,0.0,0.0,0,0,0,0.55,0.755,0.3716,0.755,0.214,0,0.724,0,0.849,1979.5455,1982.93573,0.616,0.401,0.0,2,0.0,0,0.724,1.254,3.0,0.418,0.527,2,1979.34608,8,0.731,0.0,0.236,0.226,0.17,0.753,0.866,1872.86846,1872.20057,1983.98336,19392.547,-905.9876,1,1869.97306,0.722,0.0,0.0,0.0,0.0,0,0.233,1,0,16490,0.762,0.59,0.441,3292.0,3292.0,0.9881,3331.6,0.0,1,1,0.925,1362.075,1,1,0.685,1491.726,0,148.028,0.523,0.477,0.0,1.0,0.5,0.97,0.0,0.5,0.0,0.504,0.595,0.5,0.468,0.0,0.363,0.0,0,0,0.342,0.681,0.0,1.0,0.185,0.285,0.586,0.0,0.514,0.0,0.0,0.0,0.0
14680,2024.03.18 14:18:40,XAUEURm,TREND_CONTINUATION,BUY,4,1985.089,1981.091,1993.418,2.08,0.43,1979.34608,1981.53975,1977.55125,0,0.03,0.509,0.7357,1978.95653,1984.22475,1987.2315,1976.4072,1,0.001,0.5,0,1979.34608,0.656,0.8,0,0.0,0.0,0.0,0.0,0.0,0,0,0,0.55,0.755,0.3716,0.755,0.214,0,0.724,0,0.849,1979.5455,1982.93573,0.676,0.342,0.0,2,0.0,0,0.724,1.254,3.0,0.418,0.527,2,1979.34608,8,0.731,0.0,0.236,0.226,0.17,0.753,0.866,1872.86846,1872.20057,1983.98336,19392.547,-905.9876,1,1869.97306,0.722,0.0,0.0,0.0,0.0,0,0.233,1,0,16490,0.762,0.59,0.441,3292.0,3292.0,0.9881,3331.6,0.0,1,1,0.925,1362.075,1,1,0.685,1491.726,0,148.087,0.523,0.477,0.0,1.0,0.5,0.89,0.0,0.5,0.0,0.466,0.598,0.5,0.473,0.0,0.361,0.0,0,0,0.345,0.681,0.0,1.0,0.185,0.336,0.595,0.0,0.514,0.0,0.0,0.0,0.0
0,2024.03.18 14:25:20,XAUEURm,PULLBACK,BUY,4,1984.883,1982.305,1990.524,2.19,0.365,1979.34608,1981.53975,1977.55125,0,0.03,0.509,0.6738,1978.95653,1984.22475,1987.2315,1976.4072,1,0.001,0.5,0,1979.34608,0.656,0.8,0,0.0,0.0,0.0,0.0,0.0,0,0,0,0.55,0.755,0.3716,0.755,0.214,0,0.724,0,0.849,1979.5455,1982.93573,0.614,0.404,0.0,2,0.0,0,0.724,1.254,3.0,0.418,0.527,2,1979.34608,8,0.731,0.0,0.236,0.226,0.17,0.753,0.866,1872.86846,1872.20057,1983.98336,19392.547,-905.9876,1,1869.97306,0.722,0.0,0.0,0.0,0.0,0,0.233,1,0,16490,0.762,0.59,0.441,3292.0,3292.0,0.9881,3331.6,0.0,1,1,0.925,1362.075,1,1,0.685,1491.726,0,148.025,0.523,0.477,0.0,1.0,0.5,0.8,0.0,0.5,0.0,0.426,0.575,0.5,0.446,0.0,0.336,0.0,0,0,0.313,0.681,0.0,1.0,0.185,0.344,0.586,0.0,0.514,0.0,0.0,0.0,0.0
0,2024.03.18 15:00:00,XAUEURm,BREAKOUT_RETEST,BUY,4,1984.437,1982.948,1986.261,1.23,0.434,1979.44065,1981.5579,1978.7349,1,0.327,0.563,0.4885,1978.91885,1984.22475,1987.2315,1976.4072,1,0.001,0.5,0,1979.15835,0.766,0.677,0,0.0,0.0,1981.25437,0.0,0.0,0,0,0,0.6,0.79,0.3824,0.79,0.746,2,0.633,0,0.477,1979.5818,1983.2517,0.448,0.604,-0.3341,1,0.3,0,0.633,1.014,3.0,0.338,0.411,1,1979.44065,1,0.7,0.104,0.496,0.237,0.2,0.96,0.902,1872.86846,1872.20057,1983.98336,19392.547,-905.9876,1,1869.97306,0.722,0.0,0.0,0.0,0.0,0,0.233,1,0,16491,0.762,0.59,0.441,3292.0,3292.0,0.9436,3488.9,0.0,1,1,0.925,1362.075,1,1,0.685,1491.726,-1,141.221,0.523,0.477,0.0,1.0,0.0,0.26,0.0,0.5,0.0,0.701,0.47,0.5,0.523,0.0,0.357,0.0,0,0,0.318,0.8,0.0,0.98,0.202,0.219,0.427,0.0,0.543,0.0,0.0,0.0,0.0
0,2024.03.18 16:04:40,XAUEURm,MEAN_REVERSION,BUY,4,1982.561,1979.867,1984.799,0.83,0.668,1981.50675,1982.52,1979.625,0,0.019,0.707,-0.6646,1980.39937,1984.22475,1987.2315,1977.6099,1,0.001,0.5,0,1981.50675,0.713,0.573,0,0.0,0.0,1981.84665,0.0,0.0,0,0,0,0.65,0.65,0.3839,0.65,0.434,0,0.723,0,0.566,1981.6515,1978.32225,0.708,0.281,0.0,2,0.25,0,0.723,1.155,3.0,0.385,0.456,1,1981.50675,8,0.743,0.0,0.27,0.195,0.201,0.861,0.871,1872.25503,1871.40691,1981.49966,19652.6521,260.1051,2,1872.25503,0.718,0.0,0.0,0.0,0.0,0,0.242,1,0,16492,0.762,0.59,0.441,3292.0,3292.0,0.9777,3367.1,0.0,1,1,0.925,1362.075,1,1,0.685,1491.726,0,145.772,0.5,0.5,0.0,0.0,0.5,0.0,0.0,0.5,0.0,0.513,0.355,0.5,0.485,0.0,0.333,0.0,0,0,0.366,0.722,0.0,0.682,0.179,0.394,0.372,0.0,0.527,0.0,0.0,0.0,0.0
14682,2024.03.18 16:18:40,XAUEURm,TREND_CONTINUATION,BUY,4,1985.175,1981.134,1993.593,2.08,0.426,1981.50675,1982.52,1979.625,1,0.019,0.707,0.1117,1980.39937,1984.22475,1987.2315,1977.6099,1,0.001,0.5,0,1981.50675,0.713,0.573,0,0.0,0.0,1981.84665,0.0,0.0,0,0,0,0.65,0.65,0.3839,0.65,0.877,0,0.723,0,0.566,1981.6515,1983.3885,0.069,0.447,0.0,2,0.25,0,0.723,0.955,3.0,0.318,0.433,1,1979.625,5,0.6,0.862,0.137,0.195,0.201,0.861,0.843,1872.25503,1871.40691,1981.49966,19652.6521,260.1051,2,1872.25503,0.718,0.0,0.0,0.0,0.0,0,0.242,1,0,16492,0.762,0.59,0.441,3292.0,3292.0,0.9777,3367.1,0.0,1,1,0.925,1362.075,1,1,0.685,1491.726,0,146.548,0.5,0.5,0.0,0.0,0.5,0.99,0.0,0.5,0.0,0.466,0.447,0.5,0.493,0.0,0.398,0.0,0,0,0.339,0.8,0.0,1.0,0.244,0.403,0.54,0.0,0.545,0.0,0.0,0.0,0.0
0,2024.03.18 16:25:40,XAUEURm,PULLBACK,BUY,4,1986.863,1984.802,1990.524,1.78,0.372,1981.50675,1982.52,1979.625,0,0.019,0.707,0.6131,1980.39937,1984.22475,1987.2315,1977.6099,1,0.0,0.5,0,1981.50675,0.713,0.573,0,0.0,0.0,1981.84665,0.0,0.0,0,0,0,0.65,0.65,0.3839,0.65,0.129,0,0.723,0,0.566,1981.6515,1983.3885,0.57,0.054,0.0,2,0.25,0,0.723,1.292,3.0,0.431,0.472,1,1981.50675,8,0.743,0.0,0.361,0.195,0.201,0.861,0.843,1872.25503,1871.40691,1981.49966,19652.6521,260.1051,2,1872.25503,0.718,0.0,0.0,0.0,0.0,0,0.242,1,0,16492,0.762,0.59,0.441,3292.0,3292.0,0.9777,3367.1,0.0,1,1,0.925,1362.075,1,1,0.685,1491.726,0,147.05,0.5,0.5,0.0,0.0,0.5,0.99,0.0,0.5,0.0,0.489,0.6,0.5,0.464,0.0,0.337,0.0,0,0,0.334,0.701,0.0,0.91,0.179,0.403,0.692,0.0,0.524,0.0,0.0,0.0,0.0
0,2024.03.18 17:03:40,XAUEURm,ANCHORED_PULLBACK,BUY,3,1987.179,1986.852,1989.559,7.27,0.578,1981.5075,1983.222,1979.412,0,0.817,0.027,0.705,1980.20498,1984.22475,1987.2315,1977.6099,1,0.0,0.5,0,1981.5075,0.693,0.538,0,0.0,0.0,1984.02942,0.0,0.0,0,0,0,1.0,0.86,0.3396,0.86,0.201,0,0.709,0,0.723,1981.698,1984.9365,0.649,0.311,0.0,2,0.15,0,0.709,1.26,3.0,0.42,0.49,1,1981.5075,8,0.739,0.0,0.3,0.258,0.197,0.78,0.89,1872.25503,1871.40691,1981.49966,19652.6521,260.1051,2,1872.25503,0.718,0.0,0.0,0.0,0.0,0,0.242,1,0,16493,0.762,0.59,0.441,3292.0,3292.0,0.9754,3375.1,0.0,1,1,0.925,1362.075,1,1,0.685,1491.726,0,146.798,0.5,0.5,0.0,0.0,0.5,0.0,0.0,0.5,0.0,1.0,0.571,0.5,0.493,0.0,0.368,0.0,0,0,0.337,0.549,0.0,0.843,0.313,0.37,0.427,0.0,0.532,0.0,0.0,0.0,0.0
14684,2024.03.18 18:05:59,XAUEURm,BREAKOUT,BUY,3,1988.946,1983.835,1997.464,1.67,0.505,1981.59812,1984.69,1980.325,0,0.051,1.652,1.1903,1979.78725,1984.22475,1987.2315,1977.6099,1,0.0,0.6,0,1985.59938,0.738,0.075,0,0.0,0.0,0.0,0.0,0.0,0,0,0,1.0,0.895,0.3185,0.895,0.68,2,0.61,3,0.369,1985.59938,1985.96312,0.016,0.091,0.0,2,0.0,0,0.61,1.044,3.0,0.348,0.42,1,1981.59812,1,0.7,0.968,0.096,0.269,0.0,0.794,0.759,1872.25503,1871.40691,1981.49966,19652.6521,260.1051,2,1872.25503,0.718,0.0,0.0,0.0,0.0,0,0.242,1,0,16494,0.762,0.59,0.441,3292.0,3292.0,0.9661,3407.4,0.0,1,1,0.925,1362.075,1,1,0.685,1491.726,0,145.925,0.5,0.5,0.0,0.0,0.5,0.71,0.0,0.5,0.0,0.628,0.552,0.5,0.539,0.0,0.388,0.0,0,0,0.348,0.893,0.0,0.832,0.169,0.688,0.576,0.0,0.508,0.0,0.0,0.0,0.0
14686,2024.03.18 18:18:40,XAUEURm,TREND_CONTINUATION,BUY,3,1989.053,1984.964,1997.571,2.08,0.57,1981.59812,1984.69,1980.325,0,0.051,1.652,1.2217,1979.78725,1984.22475,1987.2315,1977.6099,1,0.0,0.6,0,1985.59938,0.738,0.075,0,0.0,0.0,0.0,0.0,0.0,0,0,0,1.0,0.895,0.3185,0.895,0.68,2,0.61,3,0.369,1985.59938,1985.96312,0.047,0.059,0.0,2,0.0,0,0.61,1.044,3.0,0.348,0.42,1,1981.59812,1,0.7,0.905,0.096,0.269,0.0,0.794,0.759,1872.25503,1871.40691,1981.49966,19652.6521,260.1051,2,1872.25503,0.718,0.0,0.0,0.0,0.0,0,0.242,1,0,16494,0.762,0.59,0.441,3292.0,3292.0,0.9661,3407.4,0.0,1,1,0.925,1362.075,1,1,0.685,1491.726,0,145.957,0.5,0.5,0.0,0.0,0.5,0.49,0.0,0.5,0.0,0.664,0.512,0.5,0.547,0.0,0.386,0.0,0,0,0.326,0.893,0.0,0.832,0.169,0.459,0.579,0.0,0.508,0.0,0.0,0.0,0.0
0,2024.03.18 19:00:00,XAUEURm,BREAKOUT_RETEST,BUY,3,1988.413,1987.399,1989.542,1.11,0.592,1985.6965,1986.25,1982.56,1,0.048,1.467,-0.1702,1979.85288,1984.22475,1987.2315,1977.6099,1,0.0,0.5,2,1985.6965,0.8,0.371,0,0.0,0.0,0.0,0.0,0.0,0,0,0,1.0,0.93,0.3161,0.93,0.56,2,0.548,2,0.126,1985.512,1979.7925,0.116,1.576,0.0,2,0.0,0,0.548,1.098,3.0,0.366,0.362,1,1986.25,4,0.6,0.769,0.132,0.279,0.0,0.649,0.889,1872.25503,1871.40691,1981.49966,19652.6521,260.1051,2,1872.25503,0.718,0.0,0.0,0.0,0.0,0,0.242,1,0,16495,0.762,0.59,0.441,3292.0,3292.0,0.9738,3380.6,0.0,1,1,0.925,1362.075,1,1,0.685,1491.726,0,146.924,0.5,0.5,0.0,0.0,0.5,0.13,0.0,0.5,0.0,0.584,0.366,0.5,0.527,0.0,0.364,0.0,0,0,0.384,0.816,0.0,0.924,0.244,0.333,0.528,0.0,0.496,0.0,0.0,0.0,0.0
14688,2024.03.18 20:05:59,XAUEURm,BREAKOUT,BUY,3,1988.669,1983.706,1996.941,1.67,0.419,1985.6965,1986.25,1984.774,1,0.031,1.035,-0.0966,1979.85288,1984.22475,1987.2315,1977.6099,1,0.0,0.2,4,1985.6965,0.8,0.632,0,0.0,0.0,0.0,0.0,0.0,0,0,0,0.8,0.965,0.3033,0.965,0.68,0,0.707,2,0.5,1985.512,1982.0065,0.041,1.019,0.0,2,0.0,0,0.707,1.044,3.0,0.348,0.436,1,0.0,0,0.0,0.918,0.096,0.29,0.15,0.601,0.977,1871.66204,1871.40691,1981.15673,19702.7265,50.0744,2,1871.66204,0.731,0.0,0.0,0.0,0.0,0,0.229,1,0,16496,0.762,0.59,0.441,3292.0,3292.0,0.995,3308.6,0.0,1,1,0.925,1362.075,1,1,0.685,1491.726,0,150.195,0.5,0.5,0.0,0.0,0.5,0.04,0.0,0.5,0.0,0.666,0.349,0.5,0.557,0.0,0.395,0.0,0,0,0.416,0.817,0.0,0.881,0.238,0.197,0.508,0.0,0.54,0.0,0.0,0.0,0.0
14690,2024.03.18 20:18:40,XAUEURm,TREND_CONTINUATION,BUY,3,1988.671,1984.701,1996.943,2.08,0.512,1985.6965,1986.25,1984.774,1,0.031,1.035,-0.096,1979.85288,1984.22475,1987.2315,1977.6099,1,0.0,0.2,4,1985.6965,0.8,0.632,0,0.0,0.0,0.0,0.0,0.0,0,0,0,0.8,0.965,0.3033,0.965,0.68,0,0.707,2,0.5,1985.512,1982.0065,0.04,1.019,0.0,2,0.0,0,0.707,1.044,3.0,0.348,0.436,1,0.0,0,0.0,0.92,0.096,0.29,0.15,0.601,0.977,1871.66204,1871.40691,1981.15673,19702.7265,50.0744,2,1871.66204,0.731,0.0,0.0,0.0,0.0,0,0.229,1,0,16496,0.762,0.59,0.441,3292.0,3292.0,0.995,3308.6,0.0,1,1,0.925,1362.075,1,1,0.685,1491.726,0,150.196,0.5,0.5,0.0,0.0,0.5,0.74,0.0,0.5,0.0,0.783,0.539,0.5,0.567,0.0,0.441,0.0,0,0,0.37,0.817,0.0,0.881,0.238,0.169,0.508,0.0,0.54,0.0,0.0,0.0,0.0
0,2024.03.18 21:00:00,XAUEURm,BREAKOUT_RETEST,BUY,3,1988.511,1987.518,1989.542,1.04,0.538,1985.6965,1986.25,1984.774,1,0.031,1.035,-0.1443,1979.85288,1984.22475,1987.2315,1977.6099,1,0.0,0.2,4,1985.6965,0.8,0.632,0,0.0,0.0,0.0,0.0,0.0,0,0,0,0.8,0.965,0.3033,0.965,0.68,0,0.707,2,0.5,1985.512,1982.0065,0.089,0.971,0.0,2,0.0,0,0.707,1.044,3.0,0.348,0.436,1,1986.25,4,0.6,0.823,0.096,0.29,0.15,0.601,0.977,1871.66204,1871.40691,1981.15673,19702.7265,50.0744,2,1871.66204,0.731,0.0,0.0,0.0,0.0,0,0.229,1,0,16496,0.762,0.59,0.441,3292.0,3292.0,0.995,3308.6,0.0,1,1,0.925,1362.075,1,1,0.685,1491.726,0,150.148,0.5,0.5,0.0,0.0,0.5,0.75,0.0,0.5,0.0,0.675,0.505,0.5,0.568,0.0,0.404,0.0,0,0,0.335,0.817,0.0,0.881,0.238,0.169,0.5,0.0,0.54,0.0,0.0,0.0,0.0
0,2024.03.19 00:00:00,XAUEURm,BREAKOUT,BUY,1,1990.171,1989.002,1997.426,6.21,0.612,1985.4082,1986.0594,1984.9938,0,0.303,0.017,0.5068,1985.77995,1985.42745,1987.2315,1977.6099,1,0.001,0.45,0,1985.4082,0.8,0.239,0,0.0,0.0,0.0,1985.23575,0.566,0,0,0,1.0,1.0,0.2361,1.0,0.054,0,0.714,0,0.649,1985.941,1986.8882,0.323,0.003,0.0816,0,0.15,2,0.926,0.335,0.566,0.592,0.45,1,1985.4082,8,0.76,0.354,0.344,1.0,0.182,0.962,0.935,1871.66204,1871.40691,1981.58075,19735.5738,32.8473,2,1871.66204,0.726,0.0,0.0,0.0,0.0,0,0.237,1,0,16499,0.762,0.59,0.441,3292.0,3292.0,1.1344,2901.9,0.0,1,1,0.925,1362.075,1,1,0.685,1491.726,0,171.768,0.5,0.5,0.0,0.0,0.5,0.99,0.0,0.5,0.0,0.786,0.441,0.5,0.539,0.0,0.49,0.0,0,0,0.393,0.494,0.0,1.0,0.0,0.346,0.634,0.0,0.471,0.0,0.0,0.0,0.0
14692,2024.03.19 00:00:00,XAUEURm,TREND_CONTINUATION,BUY,1,1990.171,1986.689,1997.426,2.08,0.571,1985.4082,1986.0594,1984.9938,0,0.303,0.017,0.5068,1985.77995,1985.42745,1987.2315,1977.6099,1,0.001,0.45,0,1985.4082,0.8,0.239,0,0.0,0.0,0.0,1985.23575,0.566,0,0,0,1.0,1.0,0.2361,1.0,0.054,0,0.714,0,0.649,1985.941,1986.8882,0.323,0.003,0.0,2,0.15,0,0.714,0.25,0.566,0.442,0.386,1,1985.4082,8,0.76,0.354,0.344,0.3,0.182,0.962,0.935,1871.66204,1871.40691,1981.58075,19735.5738,32.8473,2,1871.66204,0.726,0.0,0.0,0.0,0.0,0,0.237,1,0,16499,0.762,0.59,0.441,3292.0,3292.0,1.1344,2901.9,0.0,1,1,0.925,1362.075,1,1,0.685,1491.726,0,171.768,0.5,0.5,0.0,0.0,0.5,0.98,0.0,0.5,0.0,0.936,0.441,0.5,0.56,0.0,0.46,0.0,0,0,0.387,0.497,0.0,0.825,0.0,0.141,0.747,0.0,0.529,0.0,0.0,0.0,0.0
0,2024.03.19 00:00:40,XAUEURm,PULLBACK,BUY,1,1990.593,1989.002,1999.299,5.47,0.489,1985.4082,1986.0594,1984.9938,0,0.303,0.017,0.6523,1985.77995,1985.42745,1987.2315,1977.6099,0,0.001,0.45,0,1985.4082,0.8,0.239,0,0.0,0.0,0.0,1985.23575,0.566,0,0,0,1.0,1.0,0.2361,1.0,0.014,0,0.714,0,0.649,1985.941,1986.8882,0.469,0.142,0.0,2,0.15,0,0.714,0.319,0.712,0.448,0.394,1,1985.4082,8,0.76,0.063,0.356,0.3,0.182,0.962,0.935,1871.66204,1871.40691,1981.58075,19735.5738,32.8473,2,1871.66204,0.726,0.0,0.0,0.0,0.0,0,0.237,1,0,16499,0.762,0.59,0.441,3292.0,3292.0,1.1344,2901.9,0.0,1,1,0.925,1362.075,1,1,0.685,1491.726,0,171.913,0.5,0.5,0.0,0.0,0.5,0.99,0.0,0.5,0.0,0.936,0.467,0.5,0.551,0.0,0.414,0.0,0,0,0.351,0.43,0.0,0.545,0.0,0.127,0.837,0.0,0.526,0.0,0.0,0.0,0.0
0,2024.03.19 01:00:00,XAUEURm,BREAKOUT_RETEST,BUY,1,1989.476,1988.624,1990.667,1.4,0.8,1985.21988,1986.52845,1984.835,1,0.014,0.231,0.3395,1985.57362,1985.42745,1987.2315,1977.6099,1,0.0,0.55,2,1985.21988,0.8,0.529,0,0.0,0.0,1987.48785,1985.23575,0.334,0,0,0,1.0,0.825,0.1889,0.825,0.933,2,0.609,0,0.478,1986.0666,1985.52778,0.041,0.231,0.2211,0,0.4,2,1.0,0.156,0.339,0.46,0.387,1,1985.21988,8,0.76,0.917,0.18,0.947,0.236,0.952,0.717,1871.66204,1871.40691,1981.58075,19735.5738,32.8473,2,1871.66204,0.726,0.0,0.0,0.0,0.0,0,0.237,1,0,16500,0.778,0.585,0.442,3292.0,3292.0,1.1591,2840.2,0.0,1,1,0.925,1362.075,1,1,0.685,1491.726,0,175.251,0.5,0.5,0.0,0.0,0.5,0.07,0.0,0.5,0.0,0.33,0.324,0.5,0.428,0.0,0.416,0.0,0,0,0.4,0.878,0.0,0.832,0.0,0.689,0.555,0.0,0.477,0.0,0.0,0.0,0.0
14694,2024.03.19 02:00:00,XAUEURm,TREND_CONTINUATION,BUY,1,1989.623,1986.236,1996.679,2.08,0.508,1986.0464,1987.102,1985.6404,1,0.014,0.475,0.1008,1985.57362,1985.42745,1987.2315,1977.6099,1,0.0,0.45,0,1986.0464,0.8,0.694,0,0.0,0.0,1985.71825,0.0,0.0,0,0,0,0.8,1.0,0.1737,1.0,0.662,2,0.47,0,0.79,1986.1276,1987.6704,0.072,0.475,-0.0821,1,0.3,5,0.687,0.752,3.0,0.251,0.409,1,0.0,0,0.0,0.856,0.521,0.3,0.563,0.765,0.853,1871.66204,1871.40691,1981.58075,19735.5738,32.8473,2,1871.66204,0.726,0.0,0.0,0.0,0.0,0,0.237,1,0,16501,0.778,0.585,0.442,3292.0,3292.0,1.1663,2822.5,0.0,1,1,0.925,1362.075,1,1,0.685,1491.726,0,176.403,0.5,0.5,0.0,0.0,0.5,0.92,0.0,0.5,0.0,0.496,0.633,0.5,0.545,0.0,0.429,0.0,0,0,0.415,0.773,0.0,0.62,0.0,0.175,0.542,0.0,0.513,0.0,0.0,0.0,0.0
14696,2024.03.19 02:00:40,XAUEURm,BREAKOUT,BUY,1,1989.856,1985.622,1996.912,1.67,0.362,1986.0464,1987.102,1985.6404,1,0.014,0.475,0.1834,1985.57362,1985.42745,1987.2315,1977.6099,1,0.0,0.45,0,1986.0464,0.8,0.694,0,0.0,0.0,1985.71825,0.0,0.0,0,0,0,0.8,1.0,0.1737,1.0,0.449,2,0.646,0,0.79,1986.1276,1987.6704,0.155,0.392,0.0,2,0.0,0,0.646,1.148,3.0,0.383,0.49,1,1985.6404,5,0.6,0.691,0.165,0.3,0.158,0.765,0.853,1871.66204,1871.40691,1981.58075,19735.5738,32.8473,2,1871.66204,0.726,0.0,0.0,0.0,0.0,0,0.237,1,0,16501,0.778,0.585,0.442,3292.0,3292.0,1.1663,2822.5,0.0,1,1,0.925,1362.075,1,1,0.685,1491.726,0,176.485,0.5,0.5,0.0,0.0,0.5,0.99,0.0,0.5,0.0,0.647,0.646,0.5,0.545,0.0,0.429,0.0,0,0,0.423,0.818,0.0,0.913,0.0,0.213,0.543,0.0,0.524,0.0,0.0,0.0,0.0
0,2024.03.19 02:13:40,XAUEURm,PULLBACK,BUY,1,1990.558,1989.381,1999.026,7.19,0.454,1986.0464,1987.102,1985.6404,0,0.014,0.475,0.4321,1985.57362,1985.42745,1987.2315,1977.6099,0,0.001,0.45,0,1986.0464,0.8,0.694,0,0.0,0.0,1985.71825,0.0,0.0,0,0,0,0.8,1.0,0.1737,1.0,0.315,2,0.646,0,0.79,1986.1276,1987.6704,0.403,0.143,0.0,2,0.0,0,0.646,1.208,3.0,0.403,0.497,1,1986.0464,8,0.76,0.193,0.206,0.3,0.158,0.765,0.853,1871.66204,1871.40691,1981.58075,19735.5738,32.8473,2,1871.66204,0.726,0.0,0.0,0.0,0.0,0,0.237,1,0,16501,0.778,0.585,0.442,3292.0,3292.0,1.1663,2822.5,0.0,1,1,0.925,1362.075,1,1,0.685,1491.726,0,176.734,0.5,0.5,0.0,0.0,0.5,0.99,0.0,0.5,0.0,0.519,0.638,0.5,0.512,0.0,0.452,0.0,0,0,0.417,0.694,0.0,0.748,0.0,0.234,0.782,0.0,0.536,0.0,0.0,0.0,0.0
0,2024.03.19 03:00:20,XAUEURm,BREAKOUT_RETEST,BUY,1,1989.035,1988.184,1990.394,1.6,0.528,1986.0464,1987.102,1985.6404,1,0.068,0.276,-0.1069,1985.57362,1985.42745,1988.4342,1978.8126,1,0.0,0.45,0,1986.0464,0.8,0.537,0,0.0,0.0,0.0,0.0,0.0,0,0,0,0.8,0.825,0.1124,0.825,0.385,0,0.681,0,0.896,1986.1276,1985.2344,0.136,0.179,0.0,2,0.4,0,0.681,1.177,3.0,0.392,0.446,1,1987.102,4,0.6,0.729,0.345,0.247,0.319,0.689,0.864,1871.66204,1871.40691,1981.58075,19735.5738,32.8473,2,1871.66204,0.726,0.0,0.0,0.0,0.0,0,0.237,1,0,16502,0.778,0.585,0.442,3292.0,3292.0,1.1602,2837.4,0.0,1,1,0.925,1362.075,1,1,0.685,1491.726,-1,175.267,0.5,0.5,0.0,0.0,0.0,0.29,0.0,0.5,0.0,0.768,0.474,0.5,0.522,0.0,0.403,0.0,0,0,0.334,0.731,0.0,1.0,0.0,0.18,0.486,0.0,0.504,0.0,0.0,0.0,0.0
0,2024.03.19 04:00:00,XAUEURm,TREND_CONTINUATION,BUY,1,1989.467,1986.268,1996.132,2.08,0.478,1986.0464,1986.9396,1985.478,1,0.013,0.475,0.0482,1985.6295,1985.42745,1988.4342,1978.8126,1,0.0,0.45,0,1986.0464,0.794,0.582,0,0.0,0.0,0.0,0.0,0.0,0,0,0,0.717,0.9168,0.0396,0.917,0.77,0,0.715,0,0.724,1985.9652,1984.9096,0.079,0.475,0.0,2,0.3,0,0.715,1.004,3.0,0.335,0.437,1,0.0,0,0.0,0.843,0.189,0.275,0.25,0.761,0.882,1873.8415,1873.78552,1981.58075,19828.8386,93.2648,2,1871.0885,0.73,0.0,0.0,0.0,0.0,0,0.243,1,0,16503,0.778,0.585,0.442,3292.0,3292.0,1.2348,2665.9,0.0,1,1,0.925,1362.075,1,1,0.685,1491.726,0,186.705,0.5,0.5,0.0,0.0,0.5,0.75,0.0,0.5,0.0,0.38,0.364,0.5,0.508,0.0,0.396,0.0,0,0,0.392,0.8,0.0,0.814,0.0,0.19,0.516,0.0,0.534,0.0,0.0,0.0,0.0
14698,2024.03.19 04:00:59,XAUEURm,BREAKOUT,BUY,1,1989.44,1985.441,1996.105,1.67,0.335,1986.0464,1986.9396,1985.478,1,0.013,0.475,0.0381,1985.6295,1985.42745,1988.4342,1978.8126,1,0.0,0.45,0,1986.0464,0.794,0.582,0,0.0,0.0,0.0,0.0,0.0,0,0,0,0.717,0.9168,0.0396,0.917,0.77,0,0.715,0,0.724,1985.9652,1984.9096,0.069,0.465,0.0,2,0.0,0,0.715,1.004,3.0,0.335,0.482,1,0.0,0,0.0,0.863,0.069,0.275,0.145,0.761,0.882,1873.8415,1873.78552,1981.58075,19828.8386,93.2648,2,1871.0885,0.73,0.0,0.0,0.0,0.0,0,0.243,1,0,16503,0.778,0.585,0.442,3292.0,3292.0,1.2348,2665.9,0.0,1,1,0.925,1362.075,1,1,0.685,1491.726,0,186.694,0.5,0.5,0.0,0.0,0.5,0.67,0.0,0.5,0.0,0.38,0.345,0.5,0.508,0.0,0.396,0.0,0,0,0.403,0.816,0.0,0.792,0.0,0.194,0.515,0.0,0.534,0.0,0.0,0.0,0.0
0,2024.03.19 05:00:20,XAUEURm,BREAKOUT_RETEST,BUY,1,1988.875,1988.143,1989.694,1.12,0.48,1986.04065,1986.4024,1985.3895,1,0.069,0.287,-0.1875,1985.6295,1985.42745,1988.4342,1978.8126,1,0.0,0.35,0,1986.04065,0.8,0.904,0,0.0,0.0,0.0,0.0,0.0,0,0,0,0.708,0.7332,0.0385,0.733,0.521,0,0.747,0,0.692,1985.9683,1984.8107,0.158,0.316,0.0,2,0.4,0,0.747,1.116,3.0,0.372,0.437,1,1986.4024,4,0.6,0.684,0.304,0.22,0.278,0.751,0.94,1873.8415,1873.78552,1981.58075,19828.8386,93.2648,2,1871.0885,0.73,0.0,0.0,0.0,0.0,0,0.243,1,0,16504,0.778,0.585,0.442,3292.0,3292.0,1.3491,2440.2,0.0,1,1,0.925,1362.075,1,1,0.685,1491.726,0,203.732,0.5,0.5,0.0,0.0,0.5,0.52,0.0,0.5,0.0,0.73,0.469,0.5,0.532,0.0,0.345,0.0,0,0,0.316,0.76,0.0,1.0,0.0,0.136,0.494,0.0,0.52,0.0,0.0,0.0,0.0
0,2024.03.19 05:07:20,XAUEURm,MEAN_REVERSION,BUY,1,1987.748,1985.796,1989.333,0.81,0.672,1986.04065,1986.4024,1985.3895,0,0.069,0.287,-0.6494,1985.6295,1985.42745,1988.4342,1978.8126,1,0.0,0.35,0,1986.04065,0.8,0.904,0,0.0,0.0,0.0,0.0,0.0,0,0,0,0.708,0.7332,0.0385,0.733,0.045,0,0.747,0,0.692,1985.9683,1984.8107,0.62,0.145,0.0,2,0.4,0,0.747,1.33,3.0,0.443,0.462,1,1986.04065,8,0.76,0.0,0.447,0.22,0.278,0.751,0.94,1873.8415,1873.78552,1981.58075,19828.8386,93.2648,2,1871.0885,0.73,0.0,0.0,0.0,0.0,0,0.243,1,0,16504,0.778,0.585,0.442,3292.0,3292.0,1.3491,2440.2,0.0,1,1,0.925,1362.075,1,1,0.685,1491.726,0,203.27,0.5,0.5,0.0,0.0,0.5,0.0,0.0,0.5,0.0,0.646,0.407,0.5,0.488,0.0,0.342,0.0,0,0,0.339,0.597,0.0,0.927,0.0,0.15,0.4,0.0,0.547,0.0,0.0,0.0,0.0
0,2024.03.19 05:55:40,XAUEURm,SWEEP_REVERSAL,BUY,1,1987.38,1984.94,1989.333,0.8,0.305,1986.04065,1986.4024,1985.3895,0,0.069,0.287,-0.8002,1985.6295,1985.42745,1988.4342,1978.8126,1,0.001,0.35,0,1986.04065,0.8,0.904,0,0.0,0.0,0.0,0.0,0.0,0,0,0,0.708,0.7332,0.0385,0.733,0.045,0,0.747,0,0.692,1985.9683,1984.8107,0.771,0.296,0.0,2,0.4,0,0.747,1.33,3.0,0.443,0.462,1,1986.04065,8,0.76,0.0,0.447,0.22,0.278,0.751,0.94,1873.8415,1873.78552,1981.58075,19828.8386,93.2648,2,1871.0885,0.73,0.0,0.0,0.0,0.0,0,0.243,1,0,16504,0.778,0.585,0.442,3292.0,3292.0,1.3491,2440.2,0.0,1,1,0.925,1362.075,1,1,0.685,1491.726,0,203.119,0.5,0.5,0.0,0.0,0.5,0.0,0.0,0.5,0.0,0.643,0.458,0.5,0.487,0.0,0.357,0.0,0,0,0.314,0.554,0.0,0.927,0.0,0.174,0.375,0.0,0.547,0.0,0.0,0.0,0.0
0,2024.03.19 07:07:20,XAUEURm,MEAN_REVERSION,BUY,1,1985.845,1984.083,1989.437,2.04,0.666,1986.14462,1986.2897,1984.25865,0,0.959,0.432,-1.6304,1985.66725,1985.42745,1988.4342,1978.8126,1,0.001,0.35,2,1986.14462,0.8,0.346,0,0.0,0.0,0.0,0.0,0.0,0,0,0,0.313,-0.269,-0.0199,0.269,0.374,0,0.655,3,0.763,1984.98402,1981.50222,1.104,0.477,0.0,2,0.25,0,0.655,1.182,3.0,0.394,0.426,1,1986.14462,8,0.76,0.0,0.288,0.081,0.088,0.536,0.92,1873.8415,1873.78552,1981.58075,19828.8386,93.2648,2,1871.0885,0.73,0.0,0.0,0.0,0.0,0,0.243,1,0,16506,0.778,0.585,0.442,3292.0,3292.0,1.4944,2202.9,0.0,1,1,0.925,1362.075,1,1,0.685,1491.726,0,224.308,0.5,0.5,0.0,0.0,0.5,0.09,0.0,0.5,0.0,0.487,0.417,0.5,0.455,0.0,0.339,0.0,0,0,0.322,0.615,0.0,0.461,0.0,0.379,0.299,0.0,0.555,0.0,0.0,0.0,0.0
0,2024.03.19 08:00:40,XAUEURm,ANCHORED_PULLBACK,BUY,2,1987.311,1986.689,1988.672,2.19,0.268,1984.9124,1986.371,1982.6582,1,0.16,0.113,-0.4595,1985.9315,1985.42745,1988.4342,1978.8126,1,0.001,0.7,0,1984.9124,0.737,0.202,0,0.0,0.0,1982.8136,0.0,0.0,0,0,0,0.5,-0.72,-0.1302,0.72,0.291,2,0.643,3,0.494,1984.9124,1983.8516,0.459,0.086,0.0,2,0.15,0,0.643,1.219,3.0,0.406,0.467,1,1984.9124,8,0.747,0.081,0.273,0.216,0.053,1.0,0.737,1873.8415,1873.78552,1984.21255,20340.4835,511.6449,2,1871.0885,0.727,0.0,0.0,0.0,0.0,0,0.267,1,0,16507,0.778,0.585,0.442,3292.0,3292.0,1.6931,1944.4,0.0,1,1,0.925,1362.075,1,1,0.685,1491.726,0,254.884,0.5,0.5,0.0,0.0,0.5,0.78,0.0,0.5,0.0,0.538,0.61,0.5,0.424,0.0,0.333,0.0,0,0,0.326,0.543,0.0,0.443,0.0,0.648,0.494,0.0,0.552,0.0,0.0,0.0,0.0
0,2024.03.19 08:08:00,XAUEURm,SWEEP_REVERSAL,BUY,2,1985.915,1983.971,1988.204,1.18,0.164,1984.9124,1986.371,1982.6582,0,0.16,0.113,-1.1775,1985.9315,1985.42745,1988.4342,1978.8126,1,0.001,0.7,0,1984.9124,0.737,0.202,0,0.0,0.0,1982.8136,0.0,0.0,0,0,0,0.5,-0.72,-0.1302,0.72,0.993,2,0.643,3,0.494,1982.6582,1981.4648,0.018,0.596,0.0,2,0.15,0,0.643,0.903,3.0,0.301,0.424,1,1984.9124,8,0.747,0.964,0.062,0.216,0.053,0.948,0.906,1873.8415,1873.78552,1984.21255,20340.4835,511.6449,2,1871.0885,0.727,0.0,0.0,0.0,0.0,0,0.267,1,0,16507,0.778,0.585,0.442,3292.0,3292.0,1.6931,1944.4,0.0,1,1,0.925,1362.075,1,1,0.685,1491.726,0,254.166,0.5,0.5,0.0,0.0,0.5,0.01,0.0,0.5,0.0,0.537,0.37,0.5,0.486,0.0,0.418,0.0,0,0,0.391,0.776,0.0,0.478,0.0,0.725,0.426,0.0,0.566,0.0,0.0,0.0,0.0
0,2024.03.19 10:00:59,XAUEURm,ANCHORED_PULLBACK,BUY,2,1988.442,1987.715,1990.764,3.19,0.483,1982.82813,1984.1842,1981.8595,0,0.727,2.51,0.9713,1985.7293,1985.42745,1988.4342,1977.6099,1,0.0,0.3,4,1982.82813,0.685,0.646,0,0.0,0.0,1985.4976,0.0,0.0,0,0,0,0.9,-0.615,-0.1957,0.615,0.099,0,0.754,0,0.285,1983.02185,1978.95363,0.89,2.592,0.0,2,0.25,0,0.754,1.305,3.0,0.435,0.43,1,1982.82813,8,0.737,0.0,0.37,0.185,0.294,0.729,0.944,1873.8415,1873.78552,1984.21255,20340.4835,511.6449,2,1871.0885,0.727,0.0,0.0,0.0,0.0,0,0.267,1,0,16509,0.778,0.585,0.442,3292.0,3292.0,1.3772,2390.4,0.0,1,1,0.925,1362.075,1,1,0.685,1491.726,0,207.794,0.5,0.5,0.0,0.0,0.5,0.39,0.0,0.5,0.0,0.939,0.541,0.5,0.527,0.0,0.437,0.0,0,0,0.357,0.749,0.346,0.837,0.0,0.434,0.433,0.0,0.556,0.0,0.0,0.0,0.0
0,2024.03.19 12:22:40,XAUEURm,SWEEP_REVERSAL,BUY,2,1985.938,1983.3,1988.146,0.84,0.195,1984.85365,1986.0379,1982.722,0,0.064,0.834,-0.8368,1985.65815,1985.42745,1988.4342,1977.6099,1,0.001,0.35,0,1984.85365,0.698,0.489,0,0.0,0.0,0.0,0.0,0.0,0,0,0,0.7,-0.685,-0.1002,0.685,0.164,0,0.687,2,0.249,1982.95885,1982.01145,0.119,0.241,0.0,2,0.25,0,0.687,1.276,3.0,0.425,0.391,1,1984.85365,8,0.74,0.763,0.351,0.206,0.088,0.612,0.89,1872.86846,1872.20057,1984.21255,19490.0295,-850.454,1,1869.97306,0.697,1910.50861,0.267,0.0,0.0,0,0.27,1,0,16511,0.769,0.588,0.442,3292.0,3292.0,1.2477,2638.4,0.0,1,1,0.925,1362.075,1,1,0.685,1491.726,-1,187.318,0.522,0.478,0.0,1.0,0.0,0.0,0.0,0.5,0.0,0.459,0.516,0.5,0.49,0.0,0.312,0.0,0,0,0.282,0.643,0.0,0.675,0.0,0.481,0.425,0.0,0.526,0.0,0.0,0.0,0.0
0,2024.03.19 13:41:40,XAUEURm,MEAN_REVERSION,BUY,4,1986.084,1983.757,1988.142,0.88,0.666,1984.85035,1986.5383,1983.7762,0,0.334,1.389,-0.7076,1985.65815,1985.42745,1988.4342,1977.6099,1,0.001,0.45,0,1984.85035,0.733,0.638,0,0.0,0.0,1986.21078,0.0,0.0,0,0,0,1.0,-0.7166,-0.0496,0.717,0.314,0,0.722,0,0.642,1985.0038,1981.9348,0.76,0.295,0.0,2,0.25,0,0.722,1.209,3.0,0.403,0.473,1,1984.85035,8,0.747,0.0,0.306,0.215,0.216,0.867,0.962,1872.86846,1872.20057,1984.21255,19490.0295,-850.454,1,1869.97306,0.697,1910.50861,0.267,0.0,0.0,0,0.27,1,0,16512,0.769,0.588,0.442,3292.0,3292.0,1.1317,2908.9,0.0,1,1,0.925,1362.075,1,1,0.685,1491.726,-1,169.949,0.522,0.478,0.0,1.0,0.0,0.24,0.0,0.5,0.0,0.5,0.462,0.5,0.448,0.0,0.468,0.0,0,0,0.345,0.645,0.0,0.816,0.0,0.351,0.385,0.0,0.526,0.0,0.0,0.0,0.0
14700,2024.03.19 14:22:40,XAUEURm,SWEEP_REVERSAL,BUY,4,1981.499,1978.187,1988.314,2.06,0.184,1985.0215,1986.709,1984.084,0,1.415,0.057,-2.0577,1985.67998,1985.42745,1988.4342,1977.6099,1,0.002,0.35,0,1985.0215,0.727,0.488,0,0.0,0.0,1980.98852,0.0,0.0,0,0,0,0.163,0.0,0.0073,0.344,0.032,0,0.863,2,0.392,1985.209,1980.334,2.114,0.642,0.0,2,0.15,0,0.863,1.336,3.0,0.445,0.502,2,1985.0215,8,0.745,0.0,0.35,0.0,0.053,0.834,0.933,1872.86846,1872.20057,1984.21255,19490.0295,-850.454,1,1869.97306,0.697,1910.50861,0.267,0.0,0.0,0,0.27,1,0,16513,0.769,0.588,0.442,3292.0,3292.0,0.9941,3311.6,0.0,1,1,0.925,1362.075,1,1,0.685,1491.726,-1,147.894,0.522,0.478,0.0,1.0,0.0,0.06,0.0,0.5,0.0,0.627,0.514,0.5,0.433,0.0,0.443,0.0,0,0,0.316,0.361,0.204,0.635,0.0,0.329,0.21,0.0,0.487,0.0,0.0,0.0,0.0
0,2024.03.19 15:41:40,XAUEURm,MEAN_REVERSION,BUY,4,1984.069,1981.252,1988.407,1.54,0.744,1985.11523,1986.77405,1981.5606,0,0.655,0.52,-1.2322,1985.63137,1985.42745,1988.4342,1977.6099,1,0.001,0.55,0,1985.11523,0.8,0.093,0,0.0,0.0,1981.60305,0.0,0.0,0,0,0,0.23,0.0,-0.0066,0.373,0.319,0,0.786,2,0.071,1985.3522,1978.47992,1.3,0.652,0.0,2,0.0,0,0.786,1.206,3.0,0.402,0.432,1,1985.11523,8,0.76,0.0,0.204,0.0,0.0,0.687,0.881,1872.86846,1872.20057,1984.21255,19490.0295,-850.454,1,1869.97306,0.697,1910.50861,0.267,0.0,0.0,0,0.27,1,0,16514,0.769,0.588,0.442,3292.0,3292.0,0.9351,3520.6,0.0,1,1,0.925,1362.075,1,1,0.685,1491.726,-1,139.845,0.522,0.478,0.0,1.0,0.0,0.09,0.0,0.5,0.0,0.49,0.45,0.5,0.493,0.0,0.366,0.0,0,0,0.325,0.763,0.0,0.769,0.0,0.545,0.368,0.0,0.503,0.0,0.0,0.0,0.0
0,2024.03.20 00:00:00,XAUEURm,BREAKOUT_RETEST,BUY,1,1987.642,1986.714,1988.792,1.24,0.366,1984.69675,1985.0055,1984.0175,1,0.032,0.287,-0.1121,1984.10963,1985.42745,1988.4342,1978.8126,1,0.0,0.4,0,1984.69675,0.794,0.919,0,0.0,0.0,0.0,0.0,0.0,0,0,0,0.45,0.51,0.0667,0.51,0.797,0,0.778,0,0.794,1984.57325,1983.46175,0.072,0.287,0.0,2,0.4,0,0.778,0.991,3.0,0.33,0.466,1,0.0,0,0.0,0.856,0.221,0.153,0.299,0.935,0.964,1871.66204,1871.40691,1984.0885,20230.607,113.6849,2,1871.66204,0.7,1910.84641,0.275,0.0,0.0,0,0.31,1,0,16522,0.756,0.59,0.441,3292.0,3292.0,1.0647,3092.0,0.0,1,1,0.925,1362.075,1,1,0.685,1491.726,-1,160.387,0.5,0.5,0.0,0.0,0.0,0.94,0.0,0.5,0.0,0.399,0.533,0.5,0.566,0.0,0.458,0.0,0,0,0.373,0.76,0.0,0.888,0.138,0.119,0.499,0.0,0.542,0.0,0.0,0.0,0.0
14702,2024.03.20 00:00:20,XAUEURm,TREND_CONTINUATION,BUY,1,1987.592,1983.882,1995.322,2.08,0.351,1984.69675,1985.0055,1984.0175,1,0.032,0.287,-0.1283,1984.10963,1985.42745,1988.4342,1978.8126,1,0.0,0.4,0,1984.69675,0.794,0.919,0,0.0,0.0,0.0,0.0,0.0,0,0,0,0.45,0.51,0.0667,0.51,0.797,0,0.778,0,0.794,1984.57325,1983.46175,0.088,0.271,0.0,2,0.4,0,0.778,0.991,3.0,0.33,0.466,1,0.0,0,0.0,0.823,0.221,0.153,0.299,0.935,0.964,1871.66204,1871.40691,1984.0885,20230.607,113.6849,2,1871.66204,0.7,1910.84641,0.275,0.0,0.0,0,0.31,1,0,16522,0.756,0.59,0.441,3292.0,3292.0,1.0647,3092.0,0.0,1,1,0.925,1362.075,1,1,0.685,1491.726,-1,160.371,0.5,0.5,0.0,0.0,0.0,0.86,0.0,0.5,0.0,0.399,0.523,0.5,0.566,0.0,0.458,0.0,0,0,0.367,0.76,0.0,0.888,0.138,0.119,0.495,0.0,0.542,0.0,0.0,0.0,0.0
0,2024.03.20 00:39:40,XAUEURm,MEAN_REVERSION,BUY,1,1985.889,1983.415,1987.989,0.85,0.717,1984.69675,1985.0055,1984.0175,0,0.032,0.287,-0.6791,1984.10963,1985.42745,1988.4342,1978.8126,1,0.001,0.4,0,1984.69675,0.794,0.919,0,0.0,0.0,0.0,0.0,0.0,0,0,0,0.45,0.51,0.0667,0.51,0.033,0,0.778,0,0.794,1984.57325,1983.46175,0.639,0.28,0.0,2,0.4,0,0.778,1.335,3.0,0.445,0.506,2,1984.69675,8,0.759,0.0,0.45,0.153,0.299,0.935,0.964,1871.66204,1871.40691,1984.0885,20230.607,113.6849,2,1871.66204,0.7,1910.84641,0.275,0.0,0.0,0,0.31,1,0,16522,0.756,0.59,0.441,3292.0,3292.0,1.0647,3092.0,0.0,1,1,0.925,1362.075,1,1,0.685,1491.726,-1,159.82,0.5,0.5,0.0,0.0,0.0,0.0,0.0,0.5,0.0,0.519,0.274,0.5,0.533,0.0,0.374,0.0,0,0,0.446,0.523,0.0,0.94,0.159,0.144,0.364,0.0,0.519,0.0,0.0,0.0,0.0
14704,2024.03.20 01:02:40,XAUEURm,BREAKOUT,BUY,1,1987.67,1983.164,1995.18,1.67,0.337,1984.60288,1985.1942,1984.01155,1,0.151,0.242,-0.0749,1984.37793,1985.42745,1988.4342,1978.8126,1,0.0,0.35,0,1984.77182,0.777,0.454,0,0.0,0.0,0.0,0.0,0.0,0,0,0,0.75,0.72,0.1455,0.72,0.87,0,0.823,2,0.318,1984.68735,1983.33575,0.103,0.347,0.0,2,0.15,0,0.823,0.958,3.0,0.319,0.45,1,0.0,0,0.0,0.794,0.099,0.216,0.053,0.917,0.877,1871.66204,1871.40691,1984.0885,20230.607,113.6849,2,1871.66204,0.7,1910.84641,0.275,0.0,0.0,0,0.31,1,0,16523,0.756,0.59,0.441,3292.0,3292.0,1.0959,3003.9,0.0,1,1,0.925,1362.075,1,1,0.685,1491.726,-1,165.098,0.5,0.5,0.0,0.0,0.0,0.91,0.0,0.5,0.0,0.384,0.723,0.5,0.54,0.0,0.46,0.0,0,0,0.48,0.76,0.0,0.996,0.14,0.264,0.497,0.0,0.553,0.0,0.0,0.0,0.0
0,2024.03.20 01:19:40,XAUEURm,PULLBACK,BUY,1,1989.043,1987.763,1991.726,2.1,0.413,1984.60288,1985.1942,1984.01155,0,0.151,0.242,0.3822,1984.37793,1985.42745,1988.4342,1978.8126,1,0.0,0.35,0,1984.77182,0.777,0.454,0,0.0,0.0,0.0,0.0,0.0,0,0,0,0.75,0.72,0.1455,0.72,0.029,0,0.823,2,0.318,1984.68735,1985.61658,0.354,0.045,0.0,2,0.15,0,0.823,1.337,3.0,0.446,0.494,1,1984.77182,8,0.755,0.292,0.351,0.216,0.053,0.917,0.936,1871.66204,1871.40691,1984.0885,20230.607,113.6849,2,1871.66204,0.7,1910.84641,0.275,0.0,0.0,0,0.31,1,0,16523,0.756,0.59,0.441,3292.0,3292.0,1.0959,3003.9,0.0,1,1,0.925,1362.075,1,1,0.685,1491.726,-1,165.556,0.5,0.5,0.0,0.0,0.0,0.99,0.0,0.5,0.0,0.467,0.602,0.5,0.509,0.0,0.339,0.0,0,0,0.349,0.66,0.0,0.885,0.184,0.152,0.726,0.0,0.512,0.0,0.0,0.0,0.0
14706,2024.03.20 02:00:20,XAUEURm,TREND_CONTINUATION,BUY,1,1988.663,1985.143,1995.997,2.08,0.494,1984.67185,1985.3988,1983.7372,1,0.155,0.27,0.2383,1984.35565,1985.42745,1988.4342,1978.8126,1,0.0,0.4,0,1984.67185,0.721,0.359,0,0.0,0.0,0.0,0.0,0.0,0,0,0,0.825,0.58,0.1275,0.58,0.309,0,0.806,0,0.81,1984.568,1986.12575,0.274,0.257,0.0,2,0.4,0,0.806,1.211,3.0,0.404,0.483,1,1983.7372,5,0.6,0.453,0.367,0.174,0.302,0.791,0.881,1871.66204,1871.40691,1984.0885,20230.607,113.6849,2,1871.66204,0.7,1910.84641,0.275,0.0,0.0,0,0.31,1,0,16524,0.756,0.59,0.441,3292.0,3292.0,1.1221,2933.7,0.0,1,1,0.925,1362.075,1,1,0.685,1491.726,-1,169.388,0.5,0.5,0.0,0.0,0.0,0.52,0.0,0.5,0.0,0.528,0.577,0.5,0.508,0.0,0.449,0.0,0,0,0.378,0.713,0.0,0.983,0.164,0.182,0.561,0.0,0.513,0.0,0.0,0.0,0.0
0,2024.03.20 02:00:40,XAUEURm,BREAKOUT_RETEST,BUY,1,1988.038,1987.158,1989.522,1.69,0.516,1984.67185,1985.3988,1983.7372,1,0.155,0.27,0.0253,1984.35565,1985.42745,1988.4342,1978.8126,1,0.0,0.4,0,1984.67185,0.721,0.359,0,0.0,0.0,0.0,0.0,0.0,0,0,0,0.825,0.58,0.1275,0.58,1.0,0,0.806,0,0.81,1984.568,1986.12575,0.061,0.47,0.0,2,0.4,0,0.806,0.9,3.0,0.3,0.446,1,1983.7372,5,0.6,0.879,0.16,0.174,0.302,0.791,0.881,1871.66204,1871.40691,1984.0885,20230.607,113.6849,2,1871.66204,0.7,1910.84641,0.275,0.0,0.0,0,0.31,1,0,16524,0.756,0.59,0.441,3292.0,3292.0,1.1221,2933.7,0.0,1,1,0.925,1362.075,1,1,0.685,1491.726,-1,169.175,0.5,0.5,0.0,0.0,0.0,0.09,0.0,0.5,0.0,0.449,0.55,0.5,0.508,0.0,0.467,0.0,0,0,0.369,0.76,0.0,0.885,0.139,0.182,0.519,0.0,0.56,0.0,0.0,0.0,0.0
0,2024.03.20 03:03:00,XAUEURm,BREAKOUT,BUY,1,1987.914,1986.736,1995.245,6.22,0.304,1984.67185,1985.6065,1983.7372,1,0.014,0.411,-0.017,1984.30975,1985.42745,1988.4342,1978.8126,1,0.0,0.45,0,1984.67185,0.717,0.313,0,0.0,0.0,0.0,0.0,0.0,0,0,0,0.6,0.79,0.1179,0.79,1.0,0,0.789,0,0.775,1984.67185,1983.21795,0.017,0.479,0.0,2,0.0,0,0.789,0.9,3.0,0.3,0.495,1,1983.7372,5,0.6,0.966,0.0,0.237,0.155,0.77,0.868,1871.66204,1871.40691,1984.0885,20230.607,113.6849,2,1871.66204,0.7,1910.84641,0.275,0.0,0.0,0,0.31,1,0,16525,0.756,0.59,0.441,3292.0,3292.0,1.1226,2932.4,0.0,1,1,0.925,1362.075,1,1,0.685,1491.726,0,169.211,0.5,0.5,0.0,0.0,0.5,0.12,0.0,0.5,0.0,0.406,0.323,0.5,0.542,0.0,0.419,0.0,0,0,0.436,0.813,0.0,0.832,0.1,0.29,0.51,0.0,0.549,0.0,0.0,0.0,0.0
0,2024.03.20 03:19:40,XAUEURm,PULLBACK,BUY,1,1987.913,1986.736,1991.726,3.24,0.525,1984.67185,1985.6065,1983.7372,1,0.014,0.411,-0.0173,1984.30975,1985.42745,1988.4342,1978.8126,1,0.0,0.45,0,1984.67185,0.717,0.313,0,0.0,0.0,0.0,0.0,0.0,0,0,0,0.6,0.79,0.1179,0.79,1.0,0,0.789,0,0.775,1984.67185,1983.21795,0.017,0.478,0.0,2,0.0,0,0.789,0.9,3.0,0.3,0.495,1,1983.7372,5,0.6,0.965,0.0,0.237,0.155,0.77,0.868,1871.66204,1871.40691,1984.0885,20230.607,113.6849,2,1871.66204,0.7,1910.84641,0.275,0.0,0.0,0,0.31,1,0,16525,0.756,0.59,0.441,3292.0,3292.0,1.1226,2932.4,0.0,1,1,0.925,1362.075,1,1,0.685,1491.726,0,169.211,0.5,0.5,0.0,0.0,0.5,0.14,0.0,0.5,0.0,0.677,0.519,0.5,0.559,0.0,0.404,0.0,0,0,0.341,0.813,0.0,0.832,0.1,0.29,0.51,0.0,0.549,0.0,0.0,0.0,0.0
0,2024.03.20 04:00:20,XAUEURm,TREND_CONTINUATION,BUY,1,1988.83,1985.733,1995.283,2.08,0.435,1984.87955,1985.8142,1984.1526,1,0.175,0.228,0.2551,1984.30975,1985.42745,1988.4342,1978.8126,1,0.0,0.4,0,1984.67185,0.698,0.407,0,0.0,0.0,0.0,0.0,0.0,0,0,0,0.65,0.825,0.089,0.825,0.374,0,0.75,2,0.021,1984.7757,1986.12575,0.295,0.228,0.0,2,0.15,0,0.75,1.182,3.0,0.394,0.402,1,1984.67185,8,0.74,0.409,0.248,0.247,0.053,0.773,0.907,1871.66204,1871.40691,1983.64309,20279.6327,49.0257,2,1871.66204,0.696,1910.84641,0.277,0.0,0.0,0,0.297,1,0,16526,0.756,0.59,0.441,3292.0,3292.0,1.2754,2581.1,0.0,1,1,0.925,1362.075,1,1,0.685,1491.726,0,192.596,0.5,0.5,0.0,0.0,0.5,0.97,0.0,0.5,0.0,0.73,0.353,0.5,0.505,0.0,0.388,0.0,0,0,0.395,0.714,0.0,0.968,0.162,0.238,0.585,0.0,0.528,0.0,0.0,0.0,0.0
0,2024.03.20 04:00:40,XAUEURm,BREAKOUT_RETEST,BUY,1,1988.448,1987.674,1989.937,1.92,0.45,1984.87955,1985.8142,1984.1526,1,0.175,0.228,0.1071,1984.30975,1985.42745,1988.4342,1978.8126,1,0.0,0.4,0,1984.67185,0.698,0.407,0,0.0,0.0,0.0,0.0,0.0,0,0,0,0.65,0.825,0.089,0.825,0.707,0,0.75,2,0.021,1984.7757,1986.12575,0.147,0.376,0.0,2,0.15,0,0.75,1.032,3.0,0.344,0.385,1,1984.1526,5,0.6,0.705,0.148,0.247,0.053,0.773,0.907,1871.66204,1871.40691,1983.64309,20279.6327,49.0257,2,1871.66204,0.696,1910.84641,0.277,0.0,0.0,0,0.297,1,0,16526,0.756,0.59,0.441,3292.0,3292.0,1.2754,2581.1,0.0,1,1,0.925,1362.075,1,1,0.685,1491.726,0,192.448,0.5,0.5,0.0,0.0,0.5,0.89,0.0,0.5,0.0,0.683,0.338,0.5,0.541,0.0,0.445,0.0,0,0,0.437,0.76,0.0,0.871,0.137,0.238,0.52,0.0,0.545,0.0,0.0,0.0,0.0
0,2024.03.20 04:22:40,XAUEURm,MEAN_REVERSION,BUY,1,1987.42,1985.355,1989.106,0.82,0.647,1984.87955,1985.8142,1984.1526,0,0.175,0.228,-0.2912,1984.30975,1985.42745,1988.4342,1978.8126,1,0.001,0.4,0,1984.67185,0.698,0.407,0,0.0,0.0,0.0,0.0,0.0,0,0,0,0.65,0.825,0.089,0.825,0.337,0,0.75,2,0.021,1984.7757,1983.21795,0.251,0.353,0.0,2,0.15,0,0.75,1.199,3.0,0.4,0.404,1,1985.8142,4,0.6,0.498,0.259,0.247,0.053,0.773,0.88,1871.66204,1871.40691,1983.64309,20279.6327,49.0257,2,1871.66204,0.696,1910.84641,0.277,0.0,0.0,0,0.297,1,0,16526,0.756,0.59,0.441,3292.0,3292.0,1.2754,2581.1,0.0,1,1,0.925,1362.075,1,1,0.685,1491.726,0,192.05,0.5,0.5,0.0,0.0,0.5,0.0,0.0,0.5,0.0,0.587,0.358,0.5,0.539,0.0,0.386,0.0,0,0,0.401,0.658,0.0,1.0,0.181,0.266,0.468,0.0,0.541,0.0,0.0,0.0,0.0
0,2024.03.20 06:15:40,XAUEURm,BREAKOUT_RETEST,BUY,1,1987.502,1986.895,1988.132,1.04,0.473,1984.76802,1985.56195,1984.11845,1,0.346,0.296,-0.2757,1984.30975,1985.42745,1988.4342,1978.8126,1,0.001,0.5,0,1984.76802,0.755,0.129,0,0.0,0.0,0.0,0.0,0.0,0,0,0,0.738,0.462,0.0177,0.462,0.319,0,0.823,0,0.465,1984.8402,1983.25235,0.311,0.473,0.0,2,0.4,0,0.823,1.206,3.0,0.402,0.455,1,1984.8402,2,0.55,0.377,0.364,0.139,0.233,0.88,0.899,1871.66204,1871.40691,1983.64309,20279.6327,49.0257,2,1871.66204,0.696,1910.84641,0.277,0.0,0.0,0,0.297,1,0,16528,0.756,0.59,0.441,3292.0,3292.0,1.6263,2024.3,0.0,1,1,0.925,1362.075,1,1,0.685,1491.726,0,244.914,0.5,0.5,0.0,0.0,0.5,0.99,0.0,0.5,0.0,0.668,0.639,0.5,0.524,0.0,0.339,0.0,0,0,0.376,0.738,0.0,1.0,0.0,0.242,0.463,0.0,0.566,0.0,0.0,0.0,0.0
0,2024.03.20 06:22:40,XAUEURm,MEAN_REVERSION,BUY,1,1986.472,1984.853,1988.06,0.98,0.728,1984.76802,1985.56195,1984.11845,0,0.346,0.296,-0.7845,1984.30975,1985.42745,1988.4342,1978.8126,1,0.001,0.5,0,1984.76802,0.755,0.129,0,0.0,0.0,0.0,0.0,0.0,0,0,0,0.738,0.462,0.0177,0.462,0.08,0,0.823,0,0.465,1984.8402,1983.25235,0.82,0.036,0.0,2,0.4,0,0.823,1.314,3.0,0.438,0.467,1,1984.76802,8,0.751,0.0,0.436,0.139,0.233,0.88,0.899,1871.66204,1871.40691,1983.64309,20279.6327,49.0257,2,1871.66204,0.696,1910.84641,0.277,0.0,0.0,0,0.297,1,0,16528,0.756,0.59,0.441,3292.0,3292.0,1.6263,2024.3,0.0,1,1,0.925,1362.075,1,1,0.685,1491.726,0,244.405,0.5,0.5,0.0,0.0,0.5,0.0,0.0,0.5,0.0,0.599,0.553,0.5,0.476,0.0,0.313,0.0,0,0,0.3,0.564,0.0,0.703,0.0,0.244,0.369,0.0,0.574,0.0,0.0,0.0,0.0
0,2024.03.20 06:23:00,XAUEURm,SWEEP_REVERSAL,BUY,1,1986.381,1984.357,1988.06,0.83,0.295,1984.76802,1985.56195,1984.11845,0,0.346,0.296,-0.8294,1984.30975,1985.42745,1988.4342,1978.8126,1,0.001,0.5,0,1984.76802,0.755,0.129,0,0.0,0.0,0.0,0.0,0.0,0,0,0,0.738,0.462,0.0177,0.462,0.08,0,0.823,0,0.465,1984.8402,1983.25235,0.865,0.081,0.0,2,0.4,0,0.823,1.314,3.0,0.438,0.467,1,1984.76802,8,0.751,0.0,0.436,0.139,0.233,0.88,0.899,1871.66204,1871.40691,1983.64309,20279.6327,49.0257,2,1871.66204,0.696,1910.84641,0.277,0.0,0.0,0,0.297,1,0,16528,0.756,0.59,0.441,3292.0,3292.0,1.6263,2024.3,0.0,1,1,0.925,1362.075,1,1,0.685,1491.726,0,244.36,0.5,0.5,0.0,0.0,0.5,0.0,0.0,0.5,0.0,0.599,0.52,0.5,0.476,0.0,0.313,0.0,0,0,0.28,0.564,0.0,0.703,0.0,0.244,0.362,0.0,0.574,0.0,0.0,0.0,0.0
0,2024.03.20 10:17:20,XAUEURm,BREAKOUT_RETEST,BUY,2,1988.198,1987.653,1989.61,2.59,0.27,1983.5537,1985.1482,1982.8096,1,0.799,0.214,0.744,1984.30975,1985.06227,1986.82575,1978.5962,1,0.0,0.55,0,1983.5537,0.745,0.294,0,0.0,0.0,0.0,0.0,0.0,0,0,0,0.244,0.3974,0.014,0.397,0.578,0,0.722,3,0.372,1984.6167,1985.2545,0.159,0.192,0.0,2,0.15,0,0.722,1.09,3.0,0.363,0.456,1,1983.5537,8,0.749,0.682,0.187,0.119,0.053,0.995,0.66,1873.01971,1871.86662,1983.50353,22383.0182,2103.3855,2,1870.51325,0.697,1910.61665,0.276,0.0,0.0,0,0.322,1,0,16532,0.744,0.601,0.44,3292.0,3292.0,1.8111,1817.6,0.0,1,1,0.925,1362.075,1,1,0.685,1491.726,0,273.141,0.5,0.5,0.0,0.0,0.5,0.0,0.0,0.5,0.0,0.556,0.413,0.5,0.422,0.0,0.323,0.0,0,0,0.308,0.646,0.0,1.0,0.1,0.4,0.586,0.0,0.551,0.0,0.0,0.0,0.0
0,2024.03.20 11:08:40,XAUEURm,TREND_CONTINUATION,BUY,2,1987.363,1985.07,1989.725,1.03,0.454,1984.45643,1986.4329,1984.14435,0,0.029,0.464,-0.2017,1984.16733,1984.63972,1987.5006,1979.49015,1,0.0,0.55,0,1984.45643,0.746,0.603,0,0.0,0.0,1985.8134,0.0,0.0,0,0,0,0.75,0.545,0.0697,0.545,0.418,2,0.609,0,0.618,1984.56045,1983.00008,0.256,0.561,0.0,2,0.25,0,0.609,1.162,3.0,0.387,0.449,1,1986.4329,4,0.6,0.488,0.275,0.164,0.211,0.968,0.85,1873.01971,1871.86662,1983.50353,22383.0182,2103.3855,2,1870.51325,0.697,1910.61665,0.276,0.0,0.0,0,0.322,1,0,16533,0.744,0.601,0.44,3292.0,3292.0,1.7232,1910.4,0.0,1,1,0.925,1362.075,1,1,0.685,1491.726,0,259.438,0.5,0.5,0.0,0.0,0.5,0.0,0.0,0.5,0.0,0.572,0.452,0.5,0.495,0.0,0.37,0.0,0,0,0.326,0.819,0.0,1.0,0.1,0.549,0.465,0.0,0.563,0.0,0.0,0.0,0.0
0,2024.03.20 11:22:40,XAUEURm,PULLBACK,BUY,2,1988.435,1987.557,1990.037,1.83,0.532,1984.45643,1986.4329,1984.14435,1,0.029,0.464,0.3594,1984.16733,1984.63972,1987.5006,1979.49015,1,0.0,0.55,0,1984.45643,0.746,0.603,0,0.0,0.0,1985.8134,0.0,0.0,0,0,0,0.75,0.545,0.0697,0.545,0.724,2,0.609,0,0.618,1984.56045,1986.64095,0.305,0.784,0.0,2,0.25,0,0.609,1.024,3.0,0.341,0.433,1,1984.45643,8,0.749,0.39,0.183,0.164,0.211,0.968,0.725,1873.01971,1871.86662,1983.50353,22383.0182,2103.3855,2,1870.51325,0.697,1910.61665,0.276,0.0,0.0,0,0.322,1,0,16533,0.744,0.601,0.44,3292.0,3292.0,1.7232,1910.4,0.0,1,1,0.925,1362.075,1,1,0.685,1491.726,0,259.999,0.5,0.5,0.0,0.0,0.5,0.96,0.0,0.5,0.0,0.341,0.491,0.5,0.458,0.0,0.364,0.0,0,0,0.289,0.8,0.0,1.0,0.1,0.5,0.433,0.0,0.566,0.0,0.0,0.0,0.0
0,2024.03.20 12:17:40,XAUEURm,BREAKOUT_RETEST,BUY,2,1988.02,1987.427,1988.719,1.18,0.398,1986.18557,1986.28035,1984.5744,1,0.117,0.65,-0.7373,1984.16733,1984.63972,1987.5006,1979.49015,1,0.0,0.45,2,1986.18557,0.8,0.551,0,0.0,0.0,1985.30658,0.0,0.0,0,0,0,0.55,0.58,0.0651,0.58,0.834,2,0.59,0,0.59,1985.42737,1983.53187,0.354,0.605,0.0,2,0.25,0,0.59,0.975,3.0,0.325,0.42,1,1985.42737,2,0.55,0.292,0.15,0.174,0.206,0.982,0.868,1872.48524,1871.51998,1983.50353,22736.4558,353.4376,2,1872.48524,0.696,1909.52929,0.276,0.0,0.0,0,0.331,1,0,16534,0.744,0.601,0.44,3292.0,3292.0,1.6653,1976.8,0.0,1,1,0.925,1362.075,1,1,0.685,1491.726,1,251.061,0.5,0.5,0.0,0.0,1.0,0.58,0.0,0.5,0.0,0.459,0.342,0.5,0.458,0.0,0.361,0.0,0,0,0.376,0.8,0.0,1.0,0.067,0.254,0.433,0.0,0.579,0.0,0.0,0.0,0.0
0,2024.03.20 12:55:40,XAUEURm,SWEEP_REVERSAL,BUY,2,1987.299,1985.322,1989.478,1.1,0.238,1986.18557,1986.28035,1984.5744,0,0.117,0.65,-1.1021,1984.16733,1984.63972,1987.5006,1979.49015,1,0.0,0.45,2,1986.18557,0.8,0.551,0,0.0,0.0,1985.30658,0.0,0.0,0,0,0,0.55,0.58,0.0651,0.58,0.336,2,0.59,0,0.59,1985.42737,1983.53187,0.719,0.24,0.0,2,0.25,0,0.59,1.199,3.0,0.4,0.446,1,1986.18557,8,0.76,0.0,0.299,0.174,0.206,0.982,0.868,1872.48524,1871.51998,1983.50353,22736.4558,353.4376,2,1872.48524,0.696,1909.52929,0.276,0.0,0.0,0,0.331,1,0,16534,0.744,0.601,0.44,3292.0,3292.0,1.6653,1976.8,0.0,1,1,0.925,1362.075,1,1,0.685,1491.726,1,250.696,0.5,0.5,0.0,0.0,1.0,0.99,0.0,0.5,0.0,0.341,0.543,0.5,0.465,0.0,0.336,0.0,0,0,0.3,0.703,1.0,1.0,0.067,0.396,0.407,0.0,0.557,0.0,0.0,0.0,0.0
0,2024.03.20 13:08:40,XAUEURm,TREND_CONTINUATION,BUY,4,1989.084,1986.445,1994.582,2.08,0.509,1985.31862,1986.2925,1984.623,1,0.574,0.565,0.2153,1984.39333,1984.47165,1987.3014,1979.3781,1,0.001,0.3,0,1985.31862,0.734,0.66,0,0.0,0.0,1983.55878,0.0,0.0,0,0,0,0.9,0.615,0.0608,0.615,0.998,0,0.772,2,0.416,1985.736,1982.67525,0.025,1.417,0.0,2,0.25,0,0.772,0.901,3.0,0.3,0.43,1,1984.623,5,0.6,0.949,0.101,0.185,0.088,0.939,0.958,1872.48524,1871.51998,1983.50353,22736.4558,353.4376,2,1872.48524,0.696,1909.52929,0.276,0.0,0.0,0,0.331,1,0,16535,0.744,0.601,0.44,3292.0,3292.0,1.497,2199.0,0.0,1,1,0.925,1362.075,1,1,0.685,1491.726,1,226.175,0.5,0.5,0.0,0.0,1.0,0.99,0.0,0.5,0.0,0.407,0.644,0.5,0.472,0.0,0.364,0.0,0,0,0.374,0.8,0.825,1.0,0.154,0.355,0.539,0.0,0.535,0.0,0.0,0.0,0.0
14708,2024.03.20 13:09:40,XAUEURm,BREAKOUT,BUY,4,1988.725,1985.427,1994.223,1.67,0.378,1985.31862,1986.2925,1984.623,1,0.574,0.565,0.052,1984.39333,1984.47165,1987.3014,1979.3781,1,0.0,0.3,0,1985.31862,0.734,0.66,0,0.0,0.0,1983.55878,0.0,0.0,0,0,0,0.9,0.615,0.0608,0.615,0.966,0,0.772,2,0.416,1985.736,1982.67525,0.138,1.254,0.0,2,0.25,0,0.772,0.915,3.0,0.305,0.432,1,1984.623,5,0.6,0.724,0.11,0.185,0.088,0.939,0.958,1872.48524,1871.51998,1983.50353,22736.4558,353.4376,2,1872.48524,0.696,1909.52929,0.276,0.0,0.0,0,0.331,1,0,16535,0.744,0.601,0.44,3292.0,3292.0,1.497,2199.0,0.0,1,1,0.925,1362.075,1,1,0.685,1491.726,1,226.011,0.5,0.5,0.0,0.0,1.0,0.89,0.0,0.5,0.0,0.39,0.611,0.5,0.472,0.0,0.4,0.0,0,0,0.368,0.8,0.825,1.0,0.215,0.355,0.515,0.0,0.539,0.0,0.0,0.0,0.0
0,2024.03.20 13:33:00,XAUEURm,PULLBACK,BUY,4,1987.536,1986.631,1988.611,1.19,0.441,1985.31862,1986.2925,1984.623,0,0.574,0.565,-0.4887,1984.39333,1984.47165,1987.3014,1979.3781,1,0.0,0.3,0,1985.31862,0.734,0.66,0,0.0,0.0,1983.55878,0.0,0.0,0,0,0,0.9,0.615,0.0608,0.615,0.37,0,0.772,2,0.416,1985.736,1982.67525,0.678,0.713,0.0,2,0.25,0,0.772,1.184,3.0,0.395,0.463,1,1985.31862,8,0.747,0.0,0.289,0.185,0.088,0.939,0.958,1872.48524,1871.51998,1983.50353,22736.4558,353.4376,2,1872.48524,0.696,1909.52929,0.276,0.0,0.0,0,0.331,1,0,16535,0.744,0.601,0.44,3292.0,3292.0,1.497,2199.0,0.0,1,1,0.925,1362.075,1,1,0.685,1491.726,1,225.471,0.5,0.5,0.0,0.0,1.0,0.62,0.0,0.5,0.0,0.429,0.364,0.5,0.443,0.0,0.371,0.0,0,0,0.363,0.767,0.0,1.0,0.208,0.358,0.568,0.0,0.542,0.0,0.0,0.0,0.0
0,2024.03.20 14:50:40,XAUEURm,BREAKOUT_RETEST,BUY,4,1989.324,1988.554,1990.385,1.38,0.565,1984.84413,1986.15575,1984.282,1,1.014,0.138,0.4629,1984.09975,1984.41092,1987.03505,1979.6875,1,0.001,0.25,4,1984.84413,0.793,0.551,0,0.0,0.0,1986.33325,0.0,0.0,0,0,1,0.975,0.65,0.0509,0.65,0.683,0,0.709,0,0.309,1985.0315,1987.84212,0.39,0.705,0.0,2,0.4,0,0.709,1.043,3.0,0.348,0.387,1,1984.84413,8,0.759,0.22,0.255,0.195,0.352,0.876,0.953,1872.48524,1871.51998,1983.50353,22736.4558,353.4376,2,1872.48524,0.696,1909.52929,0.276,0.0,0.0,0,0.331,1,0,16536,0.744,0.601,0.44,3292.0,3292.0,1.2828,2566.4,0.0,1,1,0.925,1362.075,1,1,0.685,1491.726,1,193.893,0.5,0.5,0.0,0.0,1.0,0.0,0.0,0.5,0.0,0.772,0.561,0.5,0.469,0.0,0.422,0.0,0,0,0.346,0.635,1.0,1.0,0.261,0.477,0.44,0.0,0.568,0.0,0.0,0.0,0.0
0,2024.03.20 15:09:40,XAUEURm,BREAKOUT,BUY,4,1990.37,1989.084,1993.238,2.23,0.52,1984.8128,1987.0584,1983.2088,0,0.053,1.214,0.7457,1984.48577,1984.76913,1986.6385,1979.161,0,0.001,0.3,0,1984.8128,0.793,0.442,0,0.0,0.0,1986.26963,0.0,0.0,0,0,0,1.0,0.86,0.0686,0.86,0.189,0,0.681,1,0.591,1985.1336,1989.6248,0.64,0.838,0.0,2,0.0,0,0.681,1.265,3.0,0.422,0.481,1,1984.8128,8,0.759,0.0,0.243,0.258,0.0,0.719,0.913,1872.48524,1871.51998,1983.50353,22736.4558,353.4376,2,1872.48524,0.696,1909.52929,0.276,0.0,0.0,0,0.331,1,0,16537,0.744,0.601,0.44,3292.0,3292.0,1.0837,3037.7,0.0,1,1,0.925,1362.075,1,1,0.685,1491.726,0,164.151,0.5,0.5,0.0,0.0,0.5,0.82,0.0,0.5,0.0,0.871,0.536,0.5,0.478,0.0,0.402,0.0,0,0,0.326,0.592,1.0,1.0,0.253,0.623,0.768,0.0,0.506,0.0,0.0,0.0,0.0
14710,2024.03.20 15:11:40,XAUEURm,TREND_CONTINUATION,BUY,4,1989.519,1985.874,1993.238,1.02,0.58,1984.8128,1987.0584,1983.2088,1,0.053,1.214,0.4655,1984.48577,1984.76913,1986.6385,1979.161,1,0.0,0.3,0,1984.8128,0.793,0.442,0,0.0,0.0,1986.26963,0.0,0.0,0,0,0,1.0,0.86,0.0686,0.86,0.494,0,0.681,1,0.591,1985.1336,1989.6248,0.36,1.119,0.0,2,0.0,0,0.681,1.128,3.0,0.376,0.465,1,1984.8128,8,0.759,0.28,0.152,0.258,0.0,0.719,0.913,1872.48524,1871.51998,1983.50353,22736.4558,353.4376,2,1872.48524,0.696,1909.52929,0.276,0.0,0.0,0,0.331,1,0,16537,0.744,0.601,0.44,3292.0,3292.0,1.0837,3037.7,0.0,1,1,0.925,1362.075,1,1,0.685,1491.726,0,163.871,0.5,0.5,0.0,0.0,0.5,0.15,0.0,0.5,0.0,0.957,0.552,0.5,0.473,0.0,0.379,0.0,0,0,0.325,0.815,0.0,1.0,0.226,0.514,0.434,0.0,0.479,0.0,0.0,0.0,0.0
14712,2024.03.20 15:33:00,XAUEURm,PULLBACK,BUY,4,1988.342,1983.785,1993.238,1.07,0.637,1984.8128,1987.0584,1983.2088,1,0.053,1.214,0.0781,1984.48577,1984.76913,1986.6385,1979.161,1,0.0,0.3,0,1984.8128,0.793,0.442,0,0.0,0.0,1986.26963,0.0,0.0,0,0,0,1.0,0.86,0.0686,0.86,1.0,0,0.681,1,0.591,1985.1336,1981.6048,0.028,1.134,0.0,2,0.0,0,0.681,0.9,3.0,0.3,0.439,1,1983.2088,5,0.6,0.945,0.0,0.258,0.0,0.719,0.953,1872.48524,1871.51998,1983.50353,22736.4558,353.4376,2,1872.48524,0.696,1909.52929,0.276,0.0,0.0,0,0.331,1,0,16537,0.744,0.601,0.44,3292.0,3292.0,1.0837,3037.7,0.0,1,1,0.925,1362.075,1,1,0.685,1491.726,0,163.483,0.5,0.5,0.0,0.0,0.5,0.26,0.0,0.5,0.0,0.621,0.422,0.5,0.487,0.0,0.429,0.0,0,0,0.364,0.815,0.658,0.99,0.214,0.584,0.51,0.0,0.532,0.0,0.0,0.0,0.0
0,2024.03.20 16:50:40,XAUEURm,BREAKOUT_RETEST,BUY,4,1989.657,1987.793,1992.275,1.4,0.514,1984.8128,1987.0584,1983.2088,1,0.095,0.934,0.4977,1984.39593,1984.76913,1986.6385,1979.161,1,0.001,0.3,0,1984.8128,0.779,0.858,0,0.0,0.0,1985.04918,0.0,0.0,0,0,0,0.75,0.895,0.0757,0.895,0.556,0,0.676,1,0.487,1985.1336,1989.6248,0.395,1.045,0.0,2,0.0,0,0.676,1.1,3.0,0.367,0.445,1,1984.8128,8,0.756,0.21,0.133,0.269,0.0,0.695,0.91,1872.09937,1872.97826,1983.50406,21121.7906,-1614.6653,1,1872.09937,0.691,1911.45866,0.279,0.0,0.0,0,0.355,1,0,16538,0.744,0.601,0.44,3292.0,3292.0,1.0556,3118.5,0.0,1,1,0.925,1362.075,1,1,0.685,1491.726,0,159.67,0.538,0.462,0.0,1.0,0.5,0.99,0.0,0.5,0.0,0.689,0.631,0.5,0.495,0.0,0.349,0.0,0,0,0.367,0.814,0.0,1.0,0.255,0.482,0.583,0.0,0.503,0.0,0.0,0.0,0.0
14714,2024.03.20 17:09:40,XAUEURm,BREAKOUT,BUY,3,1988.296,1983.599,1996.124,1.67,0.346,1985.51823,1987.59355,1984.03585,1,0.059,0.816,-0.1642,1984.1712,1984.76913,1986.6385,1979.161,1,0.0,0.3,0,1985.51823,0.781,0.309,0,0.0,0.0,0.0,0.0,0.0,0,0,0,0.796,0.7512,0.0495,0.751,0.828,0,0.713,1,0.65,1985.8147,1982.55348,0.259,0.783,0.0,2,0.25,0,0.713,0.977,3.0,0.326,0.43,1,1984.03585,5,0.6,0.482,0.152,0.225,0.088,0.749,0.953,1872.09937,1872.97826,1983.50406,21121.7906,-1614.6653,1,1872.09937,0.691,1911.45866,0.279,0.0,0.0,0,0.355,1,0,16539,0.744,0.601,0.44,3292.0,3292.0,1.0513,3131.3,0.0,1,1,0.925,1362.075,1,1,0.685,1491.726,0,158.583,0.538,0.462,0.0,1.0,0.5,0.24,0.0,0.5,0.0,0.579,0.358,0.5,0.533,0.0,0.357,0.0,0,0,0.388,0.8,0.0,1.0,0.17,0.503,0.495,0.0,0.518,0.0,0.0,0.0,0.0
14716,2024.03.20 17:11:40,XAUEURm,TREND_CONTINUATION,BUY,3,1988.439,1984.681,1996.267,2.08,0.486,1985.51823,1987.59355,1984.03585,1,0.059,0.816,-0.1186,1984.1712,1984.76913,1986.6385,1979.161,1,0.0,0.3,0,1985.51823,0.781,0.309,0,0.0,0.0,0.0,0.0,0.0,0,0,0,0.796,0.7512,0.0495,0.751,0.828,0,0.713,1,0.65,1985.8147,1982.55348,0.213,0.828,0.0,2,0.25,0,0.713,0.977,3.0,0.326,0.43,1,1984.03585,5,0.6,0.574,0.152,0.225,0.088,0.749,0.953,1872.09937,1872.97826,1983.50406,21121.7906,-1614.6653,1,1872.09937,0.691,1911.45866,0.279,0.0,0.0,0,0.355,1,0,16539,0.744,0.601,0.44,3292.0,3292.0,1.0513,3131.3,0.0,1,1,0.925,1362.075,1,1,0.685,1491.726,0,158.629,0.538,0.462,0.0,1.0,0.5,0.53,0.0,0.5,0.0,0.527,0.288,0.5,0.534,0.0,0.393,0.0,0,0,0.444,0.8,0.0,1.0,0.17,0.49,0.499,0.0,0.5,0.0,0.0,0.0,0.0
14718,2024.03.20 19:00:00,XAUEURm,ANCHORED_PULLBACK,BUY,3,2001.091,1990.897,2013.602,1.23,0.315,1985.28813,1987.19325,1983.383,0,2.668,0.077,3.0379,1984.3185,1984.64333,1986.8508,1979.49255,0,0.003,0.25,4,1985.28813,0.8,0.16,0,0.0,0.0,1995.27065,0.0,0.0,0,0,1,0.23,-0.2133,-0.0129,0.213,0.04,0,0.876,1,0.635,1985.66915,1997.0999,2.945,0.17,0.2737,0,0.4,0,0.876,1.349,3.038,0.444,0.466,1,1985.28813,8,0.76,0.0,0.448,0.364,0.29,0.56,0.936,1872.09937,1872.97826,1983.50406,21121.7906,-1614.6653,1,1872.09937,0.691,1911.45866,0.279,0.0,0.0,0,0.355,1,0,16541,0.749,0.596,0.442,3292.0,3292.0,0.7994,4118.3,0.0,1,1,0.925,1362.075,1,1,0.685,1491.726,0,123.684,0.538,0.462,0.0,1.0,0.5,0.93,0.0,0.5,0.059,0.651,0.672,0.5,0.446,0.0,0.492,0.0,0,0,0.433,0.264,0.0,0.402,0.292,0.662,0.842,0.0,0.487,0.0,0.0,0.0,0.0
0,2024.03.20 20:02:40,XAUEURm,PULLBACK,BUY,3,2001.963,1999.992,2004.534,1.3,0.365,1984.91375,1995.629,1983.383,0,0.067,0.822,2.9942,1984.09763,1985.62695,1988.2221,1979.5716,0,0.003,0.6,2,1984.91375,0.789,0.079,0,0.0,0.0,1997.0345,0.0,0.0,0,0,1,0.675,0.685,0.1293,0.685,0.179,2,0.453,3,0.891,1996.6495,2002.26225,0.44,0.782,0.0,2,0.0,0,0.453,1.269,3.0,0.423,0.404,1,1996.6495,2,0.55,0.12,0.246,0.206,0.0,0.247,0.9,1873.11429,1873.98224,1983.50406,17447.9164,-3673.8741,1,1869.94575,0.647,1907.96831,0.277,0.0,0.0,0,0.113,1,0,16542,0.749,0.596,0.442,3292.0,3292.0,0.7165,4594.6,0.0,1,1,0.925,1362.075,1,1,0.685,1491.726,0,111.052,0.605,0.395,0.0,1.0,0.5,0.99,0.0,0.5,0.0,1.0,0.602,0.5,0.507,0.0,0.448,0.0,0,0,0.393,0.473,0.0,0.475,0.286,0.724,0.861,0.0,0.45,0.0,0.0,0.0,0.0
0,2024.03.20 21:00:00,XAUEURm,ANCHORED_PULLBACK,BUY,3,2002.994,1995.656,2008.891,0.8,0.266,1984.91375,1995.629,1983.383,0,0.067,0.822,3.2186,1984.09763,1985.62695,1988.2221,1979.5716,0,0.003,0.6,2,1984.91375,0.789,0.079,0,0.0,0.0,1997.0345,0.0,0.0,0,0,1,0.675,0.685,0.1293,0.685,0.207,2,0.453,3,0.891,1996.6495,2002.26225,0.664,0.557,0.0,2,0.0,0,0.453,1.348,3.219,0.419,0.413,1,1996.6495,2,0.55,0.0,0.238,0.206,0.0,0.247,0.9,1873.11429,1873.98224,1983.50406,17447.9164,-3673.8741,1,1869.94575,0.647,1907.96831,0.277,0.0,0.0,0,0.113,1,0,16542,0.749,0.596,0.442,3292.0,3292.0,0.7165,4594.6,0.0,1,1,0.925,1362.075,1,1,0.685,1491.726,0,111.277,0.605,0.395,0.0,1.0,0.5,0.34,0.0,0.5,0.0,1.0,0.546,0.5,0.571,0.0,0.314,0.0,0,0,0.325,0.456,0.0,0.38,0.248,1.0,0.861,0.0,0.45,0.0,0.0,0.0,0.0
0,2024.03.20 21:10:00,XAUEURm,BREAKOUT,BUY,3,2002.994,1999.992,2014.48,3.83,0.406,1984.91375,1995.629,1983.383,0,0.067,0.822,3.2186,1984.09763,1985.62695,1988.2221,1979.5716,0,0.003,0.6,2,1984.91375,0.789,0.079,0,0.0,0.0,1997.0345,0.0,0.0,0,0,1,0.675,0.685,0.1293,0.685,0.207,2,0.453,3,0.891,1996.6495,2002.26225,0.664,0.557,0.0,2,0.0,0,0.453,1.348,3.219,0.419,0.413,1,1996.6495,2,0.55,0.0,0.238,0.206,0.0,0.247,0.9,1873.11429,1873.98224,1983.50406,17447.9164,-3673.8741,1,1869.94575,0.647,1907.96831,0.277,0.0,0.0,0,0.113,1,0,16542,0.749,0.596,0.442,3292.0,3292.0,0.7165,4594.6,0.0,1,1,0.925,1362.075,1,1,0.685,1491.726,0,111.277,0.605,0.395,0.0,1.0,0.5,0.32,0.0,0.5,0.0,1.0,0.546,0.5,0.571,0.0,0.314,0.0,0,0,0.325,0.456,0.0,0.38,0.248,1.0,0.861,0.0,0.45,0.0,0.0,0.0,0.0
0,2024.03.20 21:12:00,XAUEURm,TREND_CONTINUATION,BUY,3,2002.994,1997.481,2014.48,2.08,0.432,1984.91375,1995.629,1983.383,0,0.067,0.822,3.2186,1984.09763,1985.62695,1988.2221,1979.5716,0,0.003,0.6,2,1984.91375,0.789,0.079,0,0.0,0.0,1997.0345,0.0,0.0,0,0,1,0.675,0.685,0.1293,0.685,0.207,2,0.453,3,0.891,1996.6495,2002.26225,0.664,0.557,0.0,2,0.0,0,0.453,1.348,3.219,0.419,0.413,1,1996.6495,2,0.55,0.0,0.238,0.206,0.0,0.247,0.9,1873.11429,1873.98224,1983.50406,17447.9164,-3673.8741,1,1869.94575,0.647,1907.96831,0.277,0.0,0.0,0,0.113,1,0,16542,0.749,0.596,0.442,3292.0,3292.0,0.7165,4594.6,0.0,1,1,0.925,1362.075,1,1,0.685,1491.726,0,111.277,0.605,0.395,0.0,1.0,0.5,0.29,0.0,0.5,0.0,1.0,0.546,0.5,0.571,0.0,0.314,0.0,0,0,0.325,0.456,0.0,0.38,0.248,1.0,0.861,0.0,0.45,0.0,0.0,0.0,0.0
14720,2024.03.20 22:02:40,XAUEURm,PULLBACK,BUY,1,2004.303,1997.172,2018.565,2.0,0.568,1984.91375,1998.6905,1983.383,0,0.057,0.373,3.386,1984.09763,1985.62695,1988.2221,1979.5716,0,0.003,0.75,2,1984.91375,0.8,0.35,0,0.0,0.0,0.0,0.0,0.0,0,0,1,0.75,0.72,0.2743,0.72,0.241,2,0.406,3,0.85,1999.20075,2002.7725,0.381,0.371,0.0,2,0.0,3,0.835,2.079,3.386,0.614,0.632,2,1999.20075,2,0.55,0.238,0.228,0.616,0.0,0.599,0.886,1873.11429,1873.98224,1983.50406,17447.9164,-3673.8741,1,1869.94575,0.647,1907.96831,0.277,0.0,0.0,0,0.113,1,0,16543,0.749,0.596,0.442,3292.0,3292.0,0.6925,4754.0,0.0,1,1,0.925,1362.075,1,1,0.685,1491.726,1,107.82,0.605,0.395,0.0,1.0,1.0,0.99,0.0,0.5,0.0,1.0,0.588,0.5,0.511,0.0,0.307,0.0,0,0,0.329,0.369,0.0,0.47,0.362,1.0,0.739,0.0,0.402,0.0,0.0,0.0,0.0
14722,2024.03.20 23:00:20,XAUEURm,ANCHORED_PULLBACK,BUY,1,2014.931,2006.733,2026.661,1.43,0.454,1999.90913,2002.8255,1989.21575,0,1.591,0.622,1.9073,1984.3578,1983.78717,1987.76795,1979.8064,0,0.005,0.35,0,1999.90913,0.757,0.27,0,0.0,0.0,2012.5157,0.0,0.0,0,0,1,0.825,0.58,0.2844,0.58,0.25,2,0.557,1,0.246,1998.937,2017.40738,2.065,0.938,0.0,2,0.25,0,0.557,1.237,3.0,0.412,0.351,1,1999.90913,8,0.751,0.0,0.325,0.174,0.088,0.597,0.915,1873.11429,1873.98224,1983.50406,17447.9164,-3673.8741,1,1869.94575,0.647,1907.96831,0.277,0.0,0.0,0,0.113,1,0,16544,0.749,0.596,0.442,3292.0,3292.0,0.5353,6150.1,0.0,1,1,0.925,1362.075,1,1,0.685,1491.726,1,85.073,0.605,0.395,0.0,1.0,1.0,0.44,0.0,0.5,0.606,0.435,0.427,0.5,0.424,0.0,0.325,0.0,0,0,0.301,0.384,0.0,0.44,0.425,0.664,0.434,0.0,0.426,0.0,0.0,0.0,0.0
14723,2024.03.20 23:14:40,XAUEURm,BREAKOUT,BUY,1,2018.096,2005.796,2033.471,1.25,0.438,1999.90913,2002.8255,1989.21575,0,1.591,0.622,2.4219,1984.3578,1983.78717,1987.76795,1979.8064,0,0.005,0.35,0,1999.90913,0.757,0.27,0,0.0,0.0,2012.5157,0.0,0.0,0,0,1,0.825,0.58,0.2844,0.58,0.061,2,0.557,1,0.246,1998.937,2017.40738,2.58,0.423,0.0,2,0.25,0,0.557,1.323,3.0,0.441,0.361,1,1999.90913,8,0.751,0.0,0.382,0.174,0.088,0.597,0.915,1873.11429,1873.98224,1983.50406,17447.9164,-3673.8741,1,1869.94575,0.647,1907.96831,0.277,0.0,0.0,0,0.113,1,0,16544,0.749,0.596,0.442,3292.0,3292.0,0.5353,6150.1,0.0,1,1,0.925,1362.075,1,1,0.685,1491.726,1,85.588,0.605,0.395,0.0,1.0,1.0,0.99,0.0,0.5,0.0,0.539,0.543,0.5,0.486,0.0,0.368,0.0,0,0,0.319,0.284,0.0,0.342,0.425,0.664,0.868,0.0,0.443,0.0,0.0,0.0,0.0
14724,2024.03.20 23:14:59,XAUEURm,TREND_CONTINUATION,BUY,1,2018.032,2010.652,2033.407,2.08,0.458,1999.90913,2002.8255,1989.21575,0,1.591,0.622,2.4115,1984.3578,1983.78717,1987.76795,1979.8064,0,0.005,0.35,0,1999.90913,0.757,0.27,0,0.0,0.0,2012.5157,0.0,0.0,0,0,1,0.825,0.58,0.2844,0.58,0.061,2,0.557,1,0.246,1998.937,2017.40738,2.57,0.434,0.0,2,0.25,0,0.557,1.323,3.0,0.441,0.361,1,1999.90913,8,0.751,0.0,0.382,0.174,0.088,0.597,0.915,1873.11429,1873.98224,1983.50406,17447.9164,-3673.8741,1,1869.94575,0.647,1907.96831,0.277,0.0,0.0,0,0.113,1,0,16544,0.749,0.596,0.442,3292.0,3292.0,0.5353,6150.1,0.0,1,1,0.925,1362.075,1,1,0.685,1491.726,1,85.577,0.605,0.395,0.0,1.0,1.0,0.98,0.0,0.5,0.0,0.539,0.549,0.5,0.486,0.0,0.368,0.0,0,0,0.322,0.284,0.0,0.342,0.425,0.664,0.868,0.0,0.443,0.0,0.0,0.0,0.0
14728,2024.03.21 00:34:40,XAUEURm,BREAKOUT_RETEST,BUY,1,2010.406,2002.411,2024.878,1.81,0.533,1999.77437,2012.72525,1995.003,1,0.01,0.634,1.1198,1984.3578,1983.78717,1987.76795,1977.15255,0,0.004,0.65,2,1999.77437,0.8,0.135,0,0.0,0.0,0.0,1999.34388,2.135,0,0,1,0.9,0.79,0.4229,0.79,0.083,2,0.501,3,0.73,2013.40687,2005.22738,0.96,0.288,0.0,2,0.0,0,0.501,0.519,1.186,0.438,0.34,0,1999.77437,8,0.76,0.0,0.275,0.237,0.0,0.5,0.911,1872.65812,1871.38414,1984.55585,15046.4276,-2401.4888,1,1871.93848,0.655,0.0,0.0,0.0,0.0,0,0.056,1,0,16545,0.749,0.596,0.442,3292.0,3292.0,0.5023,6554.3,0.0,1,1,0.925,1362.075,1,1,0.685,1491.726,1,79.136,0.58,0.42,0.0,1.0,1.0,0.0,0.0,0.5,0.0,0.804,0.317,0.5,0.494,0.0,0.338,0.0,0,0,0.393,0.512,0.0,0.475,0.337,1.0,0.65,0.0,0.435,0.0,0.0,0.0,0.0
14730,2024.03.21 00:35:40,XAUEURm,PULLBACK,BUY,1,2010.231,2002.411,2020.789,1.35,0.576,1999.77437,2012.72525,1995.003,1,0.01,0.634,1.0931,1984.3578,1983.78717,1987.76795,1977.15255,0,0.004,0.65,2,1999.77437,0.8,0.135,0,0.0,0.0,0.0,1999.34388,2.135,0,0,1,0.9,0.79,0.4229,0.79,0.083,2,0.501,3,0.73,2013.40687,2005.22738,0.987,0.261,0.0,2,0.0,0,0.501,0.507,1.159,0.438,0.338,0,1999.77437,8,0.76,0.0,0.275,0.237,0.0,0.5,0.911,1872.65812,1871.38414,1984.55585,15046.4276,-2401.4888,1,1871.93848,0.655,0.0,0.0,0.0,0.0,0,0.056,1,0,16545,0.749,0.596,0.442,3292.0,3292.0,0.5023,6554.3,0.0,1,1,0.925,1362.075,1,1,0.685,1491.726,1,79.109,0.58,0.42,0.0,1.0,1.0,0.0,0.0,0.5,0.0,0.771,0.314,0.5,0.484,0.0,0.335,0.0,0,0,0.391,0.512,0.0,0.475,0.337,1.0,0.65,0.0,0.435,0.0,0.0,0.0,0.0
14732,2024.03.21 01:14:40,XAUEURm,BREAKOUT,BUY,1,2021.689,2015.027,2039.41,2.66,0.3,2012.44338,2019.6481,1999.99885,1,0.208,0.901,0.8399,1984.3578,1983.78717,1987.76795,1977.15255,0,0.005,0.75,0,2012.44338,0.662,0.702,0,0.0,0.0,2004.96362,1999.34388,1.455,0,0,1,0.65,0.65,0.4711,0.65,0.114,2,0.572,0,0.63,2012.44337,2018.33815,0.84,0.008,0.0,2,0.25,0,0.572,1.164,2.688,0.433,0.418,1,2012.44338,8,0.732,0.0,0.366,0.195,0.214,0.787,0.903,1872.65812,1871.38414,1984.55585,15046.4276,-2401.4888,1,1871.93848,0.655,0.0,0.0,0.0,0.0,0,0.056,1,0,16546,0.749,0.596,0.442,3292.0,3292.0,0.4644,7088.4,0.0,1,1,0.925,1362.075,1,1,0.685,1491.726,1,74.765,0.58,0.42,0.0,1.0,1.0,0.93,0.0,0.5,0.0,0.547,0.737,0.5,0.468,0.0,0.324,0.0,0,0,0.412,0.474,0.0,0.492,0.292,0.342,0.755,0.0,0.453,0.0,0.0,0.0,0.0
14733,2024.03.21 01:14:59,XAUEURm,TREND_CONTINUATION,BUY,1,2021.265,2012.759,2038.986,2.08,0.42,2012.44338,2019.6481,1999.99885,1,0.208,0.901,0.7801,1984.3578,1983.78717,1987.76795,1977.15255,0,0.005,0.75,0,2012.44338,0.662,0.702,0,0.0,0.0,2004.96362,1999.34388,1.455,0,0,1,0.65,0.65,0.4711,0.65,0.107,2,0.572,0,0.63,2012.44337,2018.33815,0.78,0.052,0.0,2,0.25,0,0.572,1.141,2.628,0.434,0.416,1,2012.44338,8,0.732,0.0,0.368,0.195,0.214,0.787,0.903,1872.65812,1871.38414,1984.55585,15046.4276,-2401.4888,1,1871.93848,0.655,0.0,0.0,0.0,0.0,0,0.056,1,0,16546,0.749,0.596,0.442,3292.0,3292.0,0.4644,7088.4,0.0,1,1,0.925,1362.075,1,1,0.685,1491.726,1,74.705,0.58,0.42,0.0,1.0,1.0,0.92,0.0,0.5,0.0,0.547,0.74,0.5,0.468,0.0,0.324,0.0,0,0,0.414,0.472,0.0,0.492,0.292,0.342,0.749,0.0,0.453,0.0,0.0,0.0,0.0
0,2024.03.21 02:34:40,XAUEURm,BREAKOUT_RETEST,BUY,1,2017.056,2014.725,2022.702,2.42,0.468,2013.69363,2015.4085,2007.40575,1,0.023,0.612,0.0091,1984.3578,1983.78717,1987.76795,1977.15255,0,0.004,0.35,0,2013.69363,0.722,0.833,0,0.0,0.0,0.0,1999.34388,1.971,0,0,1,0.7,0.86,0.4738,0.86,1.0,2,0.599,0,0.451,2013.122,2019.9815,0.083,0.8,0.0,2,0.0,0,0.599,0.557,1.856,0.3,0.368,1,2007.40575,5,0.6,0.835,0.0,0.258,0.09,0.773,0.95,1872.65812,1871.38414,1984.55585,15046.4276,-2401.4888,1,1871.93848,0.655,0.0,0.0,0.0,0.0,0,0.056,1,0,16547,0.749,0.596,0.442,3292.0,3292.0,0.4238,7768.4,0.0,1,1,0.925,1362.075,1,1,0.685,1491.726,1,67.624,0.58,0.42,0.0,1.0,1.0,0.0,0.0,0.5,0.0,0.964,0.402,0.5,0.568,0.0,0.456,0.0,0,0,0.412,0.733,0.0,0.513,0.302,0.484,0.65,0.0,0.458,0.0,0.0,0.0,0.0
14736,2024.03.21 03:06:40,XAUEURm,PULLBACK,BUY,1,2017.456,2005.679,2041.01,2.0,0.554,2014.619,2015.864,2011.714,1,0.049,0.585,-0.058,1984.3578,1983.78717,1987.76795,1977.15255,0,0.004,0.25,4,2014.619,0.726,0.325,0,0.0,0.0,0.0,1999.34388,1.783,0,0,1,0.75,0.895,0.4917,0.895,0.945,0,0.677,2,0.385,2013.374,2018.769,0.101,0.587,0.0,2,0.0,0,0.677,0.582,1.888,0.308,0.393,1,2011.714,5,0.6,0.799,0.016,0.269,0.15,0.865,0.952,1872.65812,1871.38414,1984.55585,15046.4276,-2401.4888,1,1871.93848,0.655,0.0,0.0,0.0,0.0,0,0.056,1,0,16548,0.749,0.596,0.442,3292.0,3292.0,0.4193,7851.4,0.0,1,1,0.925,1362.075,1,1,0.685,1491.726,1,66.96,0.58,0.42,0.0,1.0,1.0,0.96,0.0,0.5,0.0,0.88,0.502,0.5,0.575,0.0,0.365,0.0,0,0,0.32,0.881,0.0,0.695,0.339,0.326,0.65,0.0,0.469,0.0,0.0,0.0,0.0
14738,2024.03.21 03:15:40,XAUEURm,BREAKOUT,BUY,1,2017.817,2006.04,2037.446,1.67,0.393,2014.619,2015.864,2011.714,1,0.049,0.585,-0.012,1984.3578,1983.78717,1987.76795,1977.15255,0,0.004,0.25,4,2014.619,0.726,0.325,0,0.0,0.0,0.0,1999.34388,1.783,0,0,1,0.75,0.895,0.4917,0.895,1.0,0,0.677,2,0.385,2013.374,2018.769,0.147,0.541,0.0,2,0.0,0,0.677,0.58,1.934,0.3,0.393,1,2011.714,5,0.6,0.707,0.0,0.269,0.15,0.865,0.952,1872.65812,1871.38414,1984.55585,15046.4276,-2401.4888,1,1871.93848,0.655,0.0,0.0,0.0,0.0,0,0.056,1,0,16548,0.749,0.596,0.442,3292.0,3292.0,0.4193,7851.4,0.0,1,1,0.925,1362.075,1,1,0.685,1491.726,1,67.006,0.58,0.42,0.0,1.0,1.0,0.91,0.0,0.5,0.0,0.983,0.449,0.5,0.56,0.0,0.387,0.0,0,0,0.353,0.881,0.0,0.695,0.339,0.326,0.65,0.0,0.469,0.0,0.0,0.0,0.0
14739,2024.03.21 03:15:59,XAUEURm,TREND_CONTINUATION,BUY,1,2017.767,2008.345,2037.396,2.08,0.474,2014.619,2015.864,2011.714,1,0.049,0.585,-0.0183,1984.3578,1983.78717,1987.76795,1977.15255,0,0.004,0.25,4,2014.619,0.726,0.325,0,0.0,0.0,0.0,1999.34388,1.783,0,0,1,0.75,0.895,0.4917,0.895,1.0,0,0.677,2,0.385,2013.374,2018.769,0.14,0.547,0.0,2,0.0,0,0.677,0.578,1.927,0.3,0.393,1,2011.714,5,0.6,0.72,0.0,0.269,0.15,0.865,0.952,1872.65812,1871.38414,1984.55585,15046.4276,-2401.4888,1,1871.93848,0.655,0.0,0.0,0.0,0.0,0,0.056,1,0,16548,0.749,0.596,0.442,3292.0,3292.0,0.4193,7851.4,0.0,1,1,0.925,1362.075,1,1,0.685,1491.726,1,66.999,0.58,0.42,0.0,1.0,1.0,0.88,0.0,0.5,0.0,0.983,0.459,0.5,0.56,0.0,0.387,0.0,0,0,0.347,0.881,0.0,0.695,0.339,0.326,0.65,0.0,0.469,0.0,0.0,0.0,0.0
0,2024.03.21 04:34:40,XAUEURm,BREAKOUT_RETEST,BUY,1,2017.213,2014.896,2019.986,1.2,0.493,2013.789,2015.034,2011.714,1,0.007,0.652,0.0171,1984.3578,1983.78717,1987.76795,1977.15255,0,0.004,0.2,4,2013.789,0.768,0.744,0,0.0,0.0,0.0,1999.34388,1.756,0,0,1,0.8,0.755,0.4636,0.755,1.0,0,0.751,2,0.274,2013.374,2016.279,0.071,0.305,0.0,2,0.25,0,0.751,0.566,1.888,0.3,0.351,1,1999.34388,6,0.65,0.858,0.1,0.226,0.238,0.801,0.938,1873.36279,1874.01029,1984.55585,12938.926,-2107.5017,1,1871.93848,0.652,0.0,0.0,0.0,0.0,0,0.063,1,0,16549,0.749,0.596,0.442,3292.0,3292.0,0.4263,7722.9,0.0,1,1,0.925,1362.075,1,1,0.685,1491.726,1,68.043,0.581,0.419,0.0,1.0,1.0,0.91,0.0,0.5,0.0,0.815,0.581,0.5,0.569,0.0,0.415,0.0,0,0,0.386,0.72,0.0,0.584,0.339,0.18,0.65,0.0,0.471,0.0,0.0,0.0,0.0
14742,2024.03.21 05:06:40,XAUEURm,PULLBACK,BUY,1,2017.036,2005.939,2039.231,2.0,0.541,2013.18525,2014.717,2012.2662,1,0.028,0.386,0.0755,1984.3578,1983.78717,1987.76795,1977.15255,0,0.004,0.2,4,2013.18525,0.8,0.607,0,0.0,0.0,0.0,1999.34388,1.925,0,0,1,0.8,0.79,0.3927,0.79,0.817,0,0.752,0,0.1,2013.4916,2010.73445,0.034,0.407,0.0,2,0.25,0,0.752,0.637,1.946,0.327,0.321,0,1999.34388,6,0.65,0.932,0.155,0.237,0.258,0.669,0.983,1873.36279,1874.01029,1984.55585,12938.926,-2107.5017,1,1871.93848,0.652,0.0,0.0,0.0,0.0,0,0.063,1,0,16550,0.754,0.595,0.44,3292.0,3292.0,0.445,7398.2,0.0,1,1,0.925,1362.075,1,1,0.685,1491.726,1,71.005,0.581,0.419,0.0,1.0,1.0,0.85,0.0,0.5,0.0,0.824,0.502,0.5,0.573,0.0,0.395,0.0,0,0,0.331,0.72,0.0,0.627,0.363,0.141,0.65,0.0,0.476,0.0,0.0,0.0,0.0
14744,2024.03.21 05:15:40,XAUEURm,BREAKOUT,BUY,1,2016.49,2005.393,2034.986,1.67,0.388,2013.18525,2014.717,2012.2662,1,0.028,0.386,0.0017,1984.3578,1983.78717,1987.76795,1977.15255,0,0.004,0.2,4,2013.18525,0.8,0.607,0,0.0,0.0,0.0,1999.34388,1.925,0,0,1,0.8,0.79,0.3927,0.79,1.0,0,0.752,0,0.1,2013.4916,2010.73445,0.04,0.333,0.0,2,0.25,0,0.752,0.562,1.873,0.3,0.312,0,1999.34388,6,0.65,0.921,0.1,0.237,0.258,0.669,0.983,1873.36279,1874.01029,1984.55585,12938.926,-2107.5017,1,1871.93848,0.652,0.0,0.0,0.0,0.0,0,0.063,1,0,16550,0.754,0.595,0.44,3292.0,3292.0,0.445,7398.2,0.0,1,1,0.925,1362.075,1,1,0.685,1491.726,1,70.931,0.581,0.419,0.0,1.0,1.0,0.12,0.0,0.5,0.0,0.605,0.458,0.5,0.567,0.0,0.397,0.0,0,0,0.354,0.72,0.0,0.627,0.363,0.141,0.65,0.0,0.476,0.0,0.0,0.0,0.0
14745,2024.03.21 05:15:59,XAUEURm,TREND_CONTINUATION,BUY,1,2016.576,2007.698,2035.072,2.08,0.457,2013.18525,2014.717,2012.2662,1,0.028,0.386,0.0133,1984.3578,1983.78717,1987.76795,1977.15255,0,0.004,0.2,4,2013.18525,0.8,0.607,0,0.0,0.0,0.0,1999.34388,1.925,0,0,1,0.8,0.79,0.3927,0.79,1.0,0,0.752,0,0.1,2013.4916,2010.73445,0.028,0.345,0.0,2,0.25,0,0.752,0.565,1.884,0.3,0.313,0,1999.34388,6,0.65,0.944,0.1,0.237,0.258,0.669,0.983,1873.36279,1874.01029,1984.55585,12938.926,-2107.5017,1,1871.93848,0.652,0.0,0.0,0.0,0.0,0,0.063,1,0,16550,0.754,0.595,0.44,3292.0,3292.0,0.445,7398.2,0.0,1,1,0.925,1362.075,1,1,0.685,1491.726,1,70.943,0.581,0.419,0.0,1.0,1.0,0.12,0.0,0.5,0.0,0.605,0.452,0.5,0.567,0.0,0.397,0.0,0,0,0.358,0.72,0.0,0.627,0.363,0.141,0.65,0.0,0.476,0.0,0.0,0.0,0.0
14748,2024.03.21 07:06:40,XAUEURm,PULLBACK,BUY,1,2019.697,2016.384,2040.789,6.37,0.493,2013.123,2014.635,2012.283,0,0.347,0.227,0.4668,1984.3578,1984.11125,1988.0585,1977.5325,0,0.005,0.35,2,2013.123,0.8,0.336,0,0.0,0.0,0.0,1999.34388,2.402,0,0,1,1.0,1.0,0.1942,1.0,0.327,0,0.701,1,0.324,2013.291,2015.139,0.443,0.18,0.0,2,0.15,0,0.701,0.973,2.427,0.401,0.414,1,2013.123,8,0.76,0.114,0.262,0.3,0.053,0.856,0.818,1873.36279,1874.01029,1984.55585,12938.926,-2107.5017,1,1871.93848,0.652,0.0,0.0,0.0,0.0,0,0.063,1,0,16552,0.754,0.595,0.44,3292.0,3292.0,0.4682,7030.8,0.0,1,1,0.925,1362.075,1,1,0.685,1491.726,1,75.094,0.581,0.419,0.0,1.0,1.0,0.17,0.0,0.5,0.0,0.616,0.465,0.5,0.546,0.0,0.392,0.0,0,0,0.341,0.489,0.0,0.57,0.392,0.188,0.855,0.0,0.442,0.0,0.0,0.0,0.0
14750,2024.03.21 07:15:40,XAUEURm,BREAKOUT,BUY,1,2019.722,2016.384,2037.299,5.27,0.503,2013.123,2014.635,2012.283,0,0.347,0.227,0.4704,1984.3578,1984.11125,1988.0585,1977.5325,0,0.005,0.35,2,2013.123,0.8,0.336,0,0.0,0.0,0.0,1999.34388,2.402,0,0,1,1.0,1.0,0.1942,1.0,0.327,0,0.701,1,0.324,2013.291,2015.139,0.446,0.184,0.0,2,0.15,0,0.701,0.974,2.43,0.401,0.414,1,2013.123,8,0.76,0.107,0.262,0.3,0.053,0.856,0.818,1873.36279,1874.01029,1984.55585,12938.926,-2107.5017,1,1871.93848,0.652,0.0,0.0,0.0,0.0,0,0.063,1,0,16552,0.754,0.595,0.44,3292.0,3292.0,0.4682,7030.8,0.0,1,1,0.925,1362.075,1,1,0.685,1491.726,1,75.098,0.581,0.419,0.0,1.0,1.0,0.4,0.0,0.5,0.0,0.738,0.495,0.5,0.563,0.0,0.366,0.0,0,0,0.318,0.489,0.0,0.57,0.392,0.188,0.856,0.0,0.442,0.0,0.0,0.0,0.0
14752,2024.03.21 07:15:59,XAUEURm,TREND_CONTINUATION,BUY,1,2019.544,2011.107,2037.121,2.08,0.58,2013.123,2014.635,2012.283,0,0.347,0.227,0.445,1984.3578,1984.11125,1988.0585,1977.5325,0,0.005,0.35,2,2013.123,0.8,0.336,0,0.0,0.0,0.0,1999.34388,2.402,0,0,1,1.0,1.0,0.1942,1.0,0.218,0,0.701,1,0.324,2013.291,2015.139,0.421,0.158,0.0,2,0.15,0,0.701,1.004,2.405,0.417,0.417,1,2013.123,8,0.76,0.158,0.295,0.3,0.053,0.856,0.818,1873.36279,1874.01029,1984.55585,12938.926,-2107.5017,1,1871.93848,0.652,0.0,0.0,0.0,0.0,0,0.063,1,0,16552,0.754,0.595,0.44,3292.0,3292.0,0.4682,7030.8,0.0,1,1,0.925,1362.075,1,1,0.685,1491.726,1,75.072,0.581,0.419,0.0,1.0,1.0,0.21,0.0,0.5,0.0,0.849,0.505,0.5,0.563,0.0,0.344,0.0,0,0,0.309,0.464,0.0,0.57,0.392,0.188,0.851,0.0,0.442,0.0,0.0,0.0,0.0
0,2024.03.21 08:02:40,XAUEURm,BREAKOUT_RETEST,BUY,2,2019.872,2017.726,2022.487,1.22,0.598,2013.07088,2016.96795,2012.51415,1,0.18,0.183,0.4906,1986.407,1984.11125,1988.0585,1977.5325,0,0.005,0.6,2,2013.07088,0.8,0.206,0,0.0,0.0,0.0,1999.34388,2.566,0,0,1,1.0,1.0,0.1382,1.0,0.749,2,0.561,3,0.596,2016.41123,2015.1122,0.024,0.205,0.0,2,0.15,0,0.561,0.814,2.41,0.338,0.361,1,2013.07088,8,0.76,0.953,0.135,0.3,0.053,0.591,0.75,1875.15239,1874.01029,1983.98388,12437.8381,-501.0879,1,1871.93848,0.651,0.0,0.0,0.0,0.0,0,0.068,1,0,16553,0.754,0.595,0.44,3292.0,3292.0,0.4602,7152.9,0.0,1,1,0.925,1362.075,1,1,0.685,1491.726,1,73.837,0.52,0.48,0.0,1.0,1.0,0.0,0.0,0.5,0.0,0.531,0.353,0.5,0.541,0.0,0.371,0.0,0,0,0.399,0.597,0.0,0.513,0.286,0.297,0.706,0.0,0.453,0.0,0.0,0.0,0.0
14754,2024.03.21 09:00:00,XAUEURm,ANCHORED_PULLBACK,BUY,2,2022.855,2017.062,2034.313,1.98,0.571,2016.68262,2019.2485,2014.90625,0,0.176,0.016,0.3906,1986.407,1984.3302,1988.2548,1977.7892,0,0.005,0.55,0,2016.68262,0.699,0.65,0,0.0,0.0,2019.2746,1999.34388,2.742,0,0,1,1.0,1.0,0.0629,1.0,0.219,0,0.705,0,0.39,2018.26163,2019.64325,0.176,0.011,0.0,2,0.15,0,0.705,1.144,2.742,0.417,0.431,1,2016.68262,8,0.74,0.647,0.294,0.3,0.131,0.757,0.858,1875.15239,1874.01029,1983.98388,12437.8381,-501.0879,1,1871.93848,0.651,0.0,0.0,0.0,0.0,0,0.068,1,0,16554,0.754,0.595,0.44,3292.0,3292.0,0.4464,7374.9,0.0,1,1,0.925,1362.075,1,1,0.685,1491.726,1,72.019,0.52,0.48,0.0,1.0,1.0,0.94,0.0,0.5,0.0,0.72,0.577,0.5,0.536,0.0,0.406,0.0,0,0,0.369,0.578,0.0,0.713,0.497,0.307,0.844,0.0,0.434,0.0,0.0,0.0,0.0
14756,2024.03.21 09:06:40,XAUEURm,PULLBACK,BUY,2,2023.32,2012.258,2045.445,2.0,0.501,2016.68262,2019.2485,2014.90625,0,0.176,0.016,0.4536,1986.407,1984.3302,1988.2548,1977.7892,0,0.005,0.55,0,2016.68262,0.699,0.65,0,0.0,0.0,2019.2746,1999.34388,2.742,0,0,1,1.0,1.0,0.0629,1.0,0.044,0,0.705,0,0.39,2018.26163,2019.64325,0.24,0.052,0.0,2,0.15,0,0.705,1.244,2.805,0.443,0.442,1,2016.68262,8,0.74,0.521,0.347,0.3,0.131,0.757,0.858,1875.15239,1874.01029,1983.98388,12437.8381,-501.0879,1,1871.93848,0.651,0.0,0.0,0.0,0.0,0,0.068,1,0,16554,0.754,0.595,0.44,3292.0,3292.0,0.4464,7374.9,0.0,1,1,0.925,1362.075,1,1,0.685,1491.726,1,72.082,0.52,0.48,0.0,1.0,1.0,0.99,0.0,0.5,0.0,0.722,0.543,0.5,0.549,0.0,0.409,0.0,0,0,0.354,0.463,0.0,0.57,0.452,0.088,0.856,0.0,0.434,0.0,0.0,0.0,0.0
14758,2024.03.21 09:15:40,XAUEURm,BREAKOUT,BUY,2,2023.098,2012.036,2041.535,1.67,0.51,2016.68262,2019.2485,2014.90625,0,0.176,0.016,0.4235,1986.407,1984.3302,1988.2548,1977.7892,0,0.005,0.55,0,2016.68262,0.699,0.65,0,0.0,0.0,2019.2746,1999.34388,2.742,0,0,1,1.0,1.0,0.0629,1.0,0.044,0,0.705,0,0.39,2018.26163,2019.64325,0.209,0.022,0.0,2,0.15,0,0.705,1.23,2.775,0.443,0.441,1,2016.68262,8,0.74,0.581,0.347,0.3,0.131,0.757,0.858,1875.15239,1874.01029,1983.98388,12437.8381,-501.0879,1,1871.93848,0.651,0.0,0.0,0.0,0.0,0,0.068,1,0,16554,0.754,0.595,0.44,3292.0,3292.0,0.4464,7374.9,0.0,1,1,0.925,1362.075,1,1,0.685,1491.726,1,72.052,0.52,0.48,0.0,1.0,1.0,0.58,0.0,0.5,0.0,1.0,0.409,0.5,0.554,0.0,0.404,0.0,0,0,0.383,0.463,0.0,0.57,0.452,0.133,0.85,0.0,0.434,0.0,0.0,0.0,0.0
14759,2024.03.21 09:15:59,XAUEURm,TREND_CONTINUATION,BUY,2,2023.328,2014.478,2041.765,2.08,0.588,2016.68262,2019.2485,2014.90625,0,0.176,0.016,0.4547,1986.407,1984.3302,1988.2548,1977.7892,0,0.005,0.55,0,2016.68262,0.699,0.65,0,0.0,0.0,2019.2746,1999.34388,2.742,0,0,1,1.0,1.0,0.0629,1.0,0.044,0,0.705,0,0.39,2018.26163,2019.64325,0.241,0.053,0.0,2,0.15,0,0.705,1.244,2.806,0.443,0.442,1,2016.68262,8,0.74,0.519,0.347,0.3,0.131,0.757,0.858,1875.15239,1874.01029,1983.98388,12437.8381,-501.0879,1,1871.93848,0.651,0.0,0.0,0.0,0.0,0,0.068,1,0,16554,0.754,0.595,0.44,3292.0,3292.0,0.4464,7374.9,0.0,1,1,0.925,1362.075,1,1,0.685,1491.726,1,72.083,0.52,0.48,0.0,1.0,1.0,0.74,0.0,0.5,0.0,1.0,0.402,0.5,0.554,0.0,0.404,0.0,0,0,0.387,0.463,0.0,0.57,0.452,0.133,0.856,0.0,0.434,0.0,0.0,0.0,0.0
0,2024.03.21 10:04:40,XAUEURm,BREAKOUT_RETEST,BUY,2,2021.763,2019.122,2024.557,1.06,0.609,2016.48,2019.615,2016.315,1,0.008,0.195,0.3063,1986.407,1984.3302,1988.2548,1977.7892,0,0.005,0.5,0,2016.48,0.794,0.444,0,0.0,0.0,0.0,1999.34388,3.051,0,0,1,1.0,1.0,0.1121,1.0,0.795,2,0.533,0,0.679,2018.955,2020.77,0.074,0.354,0.0,2,0.15,0,0.533,0.973,2.943,0.331,0.398,1,2016.48,8,0.759,0.851,0.121,0.3,0.188,0.711,0.79,1875.15239,1874.01029,1983.98388,12437.8381,-501.0879,1,1871.93848,0.651,0.0,0.0,0.0,0.0,0,0.068,1,0,16555,0.754,0.595,0.44,3292.0,3292.0,0.5065,6499.5,0.0,1,1,0.925,1362.075,1,1,0.685,1491.726,1,81.55,0.52,0.48,0.0,1.0,1.0,0.04,0.0,0.5,0.0,0.619,0.406,0.5,0.532,0.0,0.381,0.0,0,0,0.368,0.605,0.0,0.642,0.312,0.167,0.694,0.0,0.464,0.0,0.0,0.0,0.0
14762,2024.03.21 11:03:40,XAUEURm,ANCHORED_PULLBACK,BUY,2,2024.507,2018.527,2033.904,1.57,0.56,2018.64355,2021.1752,2017.0325,0,0.092,0.488,0.4053,2014.34007,1983.72768,1987.6189,1977.2423,0,0.006,0.45,0,2018.64355,0.748,0.707,0,0.0,0.0,2020.43075,1999.34388,3.279,0,0,1,1.0,1.0,0.1296,1.0,0.271,0,0.69,0,0.512,2018.8737,2022.32595,0.369,0.175,0.0,2,0.0,0,0.69,1.411,3.447,0.409,0.519,2,2018.64355,8,0.75,0.262,0.219,0.3,0.102,0.944,0.78,1875.15239,1874.01029,1983.98388,12437.8381,-501.0879,1,1871.93848,0.651,0.0,0.0,0.0,0.0,0,0.068,1,0,16556,0.754,0.595,0.44,3292.0,3292.0,0.5189,6344.3,0.0,1,1,0.925,1362.075,1,1,0.685,1491.726,1,83.978,0.52,0.48,0.0,1.0,1.0,0.99,0.0,0.5,0.0,0.789,0.5,0.5,0.561,0.0,0.422,0.0,0,0,0.337,0.654,0.0,0.57,0.459,0.353,0.839,0.0,0.452,0.0,0.0,0.0,0.0
14764,2024.03.21 11:07:40,XAUEURm,PULLBACK,BUY,2,2023.748,2014.232,2042.781,2.0,0.663,2018.64355,2021.1752,2017.0325,1,0.092,0.488,0.2857,2014.34007,1983.72768,1987.6189,1977.2423,0,0.006,0.45,0,2018.64355,0.748,0.707,0,0.0,0.0,2020.43075,1999.34388,3.279,0,0,1,1.0,1.0,0.1296,1.0,0.638,0,0.69,0,0.512,2018.8737,2022.32595,0.249,0.295,0.0,2,0.0,0,0.69,1.179,3.328,0.354,0.492,1,2017.0325,5,0.6,0.501,0.108,0.3,0.102,0.944,0.78,1875.15239,1874.01029,1983.98388,12437.8381,-501.0879,1,1871.93848,0.651,0.0,0.0,0.0,0.0,0,0.068,1,0,16556,0.754,0.595,0.44,3292.0,3292.0,0.5189,6344.3,0.0,1,1,0.925,1362.075,1,1,0.685,1491.726,1,83.858,0.52,0.48,0.0,1.0,1.0,0.46,0.0,0.5,0.0,1.0,0.597,0.5,0.543,0.0,0.396,0.0,0,0,0.38,0.736,0.0,0.618,0.449,0.288,0.65,0.0,0.452,0.0,0.0,0.0,0.0
14766,2024.03.21 11:15:40,XAUEURm,BREAKOUT,BUY,2,2023.811,2014.295,2039.672,1.67,0.423,2018.64355,2021.1752,2017.0325,1,0.092,0.488,0.2956,2014.34007,1983.72768,1987.6189,1977.2423,0,0.006,0.45,0,2018.64355,0.748,0.707,0,0.0,0.0,2020.43075,1999.34388,3.279,0,0,1,1.0,1.0,0.1296,1.0,0.638,0,0.69,0,0.512,2018.8737,2022.32595,0.259,0.285,0.0,2,0.0,0,0.69,1.182,3.338,0.354,0.492,1,2017.0325,5,0.6,0.481,0.108,0.3,0.102,0.944,0.78,1875.15239,1874.01029,1983.98388,12437.8381,-501.0879,1,1871.93848,0.651,0.0,0.0,0.0,0.0,0,0.068,1,0,16556,0.754,0.595,0.44,3292.0,3292.0,0.5189,6344.3,0.0,1,1,0.925,1362.075,1,1,0.685,1491.726,1,83.868,0.52,0.48,0.0,1.0,1.0,0.32,0.0,0.5,0.0,0.852,0.566,0.5,0.534,0.0,0.425,0.0,0,0,0.37,0.736,0.0,0.618,0.449,0.288,0.65,0.0,0.452,0.0,0.0,0.0,0.0
14767,2024.03.21 11:15:59,XAUEURm,TREND_CONTINUATION,BUY,2,2023.863,2016.25,2039.724,2.08,0.603,2018.64355,2021.1752,2017.0325,1,0.092,0.488,0.3038,2014.34007,1983.72768,1987.6189,1977.2423,0,0.006,0.45,0,2018.64355,0.748,0.707,0,0.0,0.0,2020.43075,1999.34388,3.279,0,0,1,1.0,1.0,0.1296,1.0,0.638,0,0.69,0,0.512,2018.8737,2022.32595,0.268,0.277,0.0,2,0.0,0,0.69,1.185,3.346,0.354,0.493,1,2018.64355,8,0.75,0.465,0.108,0.3,0.102,0.944,0.78,1875.15239,1874.01029,1983.98388,12437.8381,-501.0879,1,1871.93848,0.651,0.0,0.0,0.0,0.0,0,0.068,1,0,16556,0.754,0.595,0.44,3292.0,3292.0,0.5189,6344.3,0.0,1,1,0.925,1362.075,1,1,0.685,1491.726,1,83.877,0.52,0.48,0.0,1.0,1.0,0.43,0.0,0.5,0.0,0.775,0.556,0.5,0.534,0.0,0.408,0.0,0,0,0.357,0.736,0.0,0.618,0.449,0.288,0.737,0.0,0.452,0.0,0.0,0.0,0.0
0,2024.03.21 12:04:40,XAUEURm,BREAKOUT_RETEST,BUY,2,2024.627,2022.728,2027.229,1.37,0.64,2020.48475,2022.0958,2018.4134,1,0.164,0.2,0.1343,2014.34007,1985.5001,1989.2198,1979.3006,0,0.006,0.4,0,2020.48475,0.755,0.5,0,0.0,0.0,0.0,1999.34388,3.576,0,0,1,1.0,1.0,0.1378,1.0,0.629,0,0.72,0,0.715,2020.2546,2023.24655,0.171,0.302,0.0,2,0.15,0,0.72,1.236,3.473,0.356,0.499,1,2018.4134,5,0.6,0.659,0.171,0.3,0.196,0.863,0.82,1870.93106,1874.23978,1984.50544,12089.7757,-348.0624,1,1872.25559,0.647,0.0,0.0,0.0,0.0,0,0.062,1,0,16557,0.754,0.595,0.44,3292.0,3292.0,0.5199,6331.4,0.0,1,1,0.925,1362.075,1,1,0.685,1491.726,1,84.168,0.514,0.486,0.0,1.0,1.0,0.21,0.0,0.5,0.0,0.817,0.511,0.5,0.544,0.0,0.398,0.0,0,0,0.329,0.579,0.097,0.57,0.385,0.27,0.65,0.0,0.452,0.0,0.0,0.0,0.0
14770,2024.03.21 13:30:40,XAUEURm,MEAN_REVERSION,BUY,4,2020.665,2016.553,2023.958,0.8,0.656,2020.382,2021.9462,2019.1022,0,0.176,0.267,-0.5854,2014.559,1983.91872,1987.55675,1977.85535,0,0.007,0.5,0,2020.6664,0.745,0.8,0,0.0,0.0,2020.13375,1999.34388,4.38,0,0,1,0.8,1.0,0.1918,1.0,0.107,0,0.729,0,0.54,2020.5242,2018.5334,0.613,0.226,0.0,2,0.15,0,0.729,1.522,3.508,0.434,0.515,2,2020.6664,8,0.749,0.0,0.328,0.3,0.16,0.884,0.833,1870.93106,1874.23978,1984.50544,12089.7757,-348.0624,1,1872.25559,0.647,0.0,0.0,0.0,0.0,0,0.062,1,0,16558,0.754,0.595,0.44,3292.0,3292.0,0.6405,5139.7,0.0,1,1,0.925,1362.075,1,1,0.685,1491.726,1,102.912,0.514,0.486,0.0,1.0,1.0,0.0,0.0,0.5,0.0,0.661,0.457,0.5,0.506,0.0,0.348,0.0,0,0,0.317,0.472,0.0,0.95,0.143,0.249,0.65,0.0,0.471,0.0,0.0,0.0,0.0
14772,2024.03.21 13:31:40,XAUEURm,SWEEP_REVERSAL,BUY,4,2019.394,2014.254,2023.958,0.89,0.211,2020.382,2021.9462,2019.1022,0,0.176,0.267,-0.8327,2014.559,1983.91872,1987.55675,1977.85535,0,0.006,0.5,0,2020.6664,0.745,0.8,0,0.0,0.0,2020.13375,1999.34388,4.38,0,0,1,0.8,1.0,0.1918,1.0,0.107,0,0.729,0,0.54,2020.5242,2018.5334,0.86,0.473,0.0,2,0.15,0,0.729,1.415,3.261,0.434,0.503,2,2020.6664,8,0.749,0.0,0.328,0.3,0.16,0.884,0.833,1870.93106,1874.23978,1984.50544,12089.7757,-348.0624,1,1872.25559,0.647,0.0,0.0,0.0,0.0,0,0.062,1,0,16558,0.754,0.595,0.44,3292.0,3292.0,0.6405,5139.7,0.0,1,1,0.925,1362.075,1,1,0.685,1491.726,1,102.665,0.514,0.486,0.0,1.0,1.0,0.0,0.0,0.5,0.0,0.661,0.404,0.5,0.506,0.0,0.348,0.0,0,0,0.349,0.472,0.0,0.95,0.143,0.249,0.498,0.0,0.471,0.0,0.0,0.0,0.0
14774,2024.03.21 13:52:20,XAUEURm,TREND_CONTINUATION,BUY,4,2017.675,2011.507,2023.958,1.02,0.531,2020.382,2021.9462,2019.1022,0,0.176,0.267,-1.1672,2014.559,1983.91872,1987.55675,1977.85535,0,0.006,0.5,0,2020.6664,0.745,0.8,0,0.0,0.0,2020.13375,1999.34388,4.38,0,0,1,0.8,1.0,0.1918,1.0,0.107,0,0.729,0,0.54,2020.5242,2018.5334,1.195,0.808,0.0,2,0.15,0,0.729,1.27,2.926,0.434,0.486,1,2020.6664,8,0.749,0.0,0.328,0.3,0.16,0.884,0.833,1870.93106,1874.23978,1984.50544,12089.7757,-348.0624,1,1872.25559,0.647,0.0,0.0,0.0,0.0,0,0.062,1,0,16558,0.754,0.595,0.44,3292.0,3292.0,0.6405,5139.7,0.0,1,1,0.925,1362.075,1,1,0.685,1491.726,1,102.33,0.514,0.486,0.0,1.0,1.0,0.0,0.0,0.5,0.0,0.608,0.564,0.5,0.474,0.0,0.347,0.0,0,0,0.32,0.472,0.0,0.95,0.143,0.337,0.451,0.0,0.477,0.0,0.0,0.0,0.0
14776,2024.03.21 13:56:40,XAUEURm,BREAKOUT,BUY,4,2016.218,2008.508,2023.958,1.0,0.458,2020.382,2021.9462,2019.1022,0,0.176,0.267,-1.4507,2014.559,1983.91872,1987.55675,1977.85535,0,0.006,0.5,0,2020.6664,0.745,0.8,0,0.0,0.0,2020.13375,1999.34388,4.38,0,0,1,0.8,1.0,0.1918,1.0,0.107,0,0.729,0,0.54,2020.5242,2018.5334,1.478,1.091,0.0,2,0.15,0,0.729,1.147,2.643,0.434,0.472,1,2020.6664,8,0.749,0.0,0.328,0.3,0.16,0.884,0.833,1870.93106,1874.23978,1984.50544,12089.7757,-348.0624,1,1872.25559,0.647,0.0,0.0,0.0,0.0,0,0.062,1,0,16558,0.754,0.595,0.44,3292.0,3292.0,0.6405,5139.7,0.0,1,1,0.925,1362.075,1,1,0.685,1491.726,1,102.047,0.514,0.486,0.0,1.0,1.0,0.0,0.0,0.5,0.0,0.609,0.559,0.5,0.452,0.0,0.347,0.0,0,0,0.31,0.472,0.0,0.713,0.143,0.387,0.434,0.0,0.471,0.0,0.0,0.0,0.0
14778,2024.03.21 13:57:40,XAUEURm,PULLBACK,BUY,4,2016.204,2008.494,2023.958,1.01,0.448,2020.382,2021.9462,2019.1022,0,0.176,0.267,-1.4534,2014.559,1983.91872,1987.55675,1977.85535,0,0.006,0.5,0,2020.6664,0.745,0.8,0,0.0,0.0,2020.13375,1999.34388,4.38,0,0,1,0.8,1.0,0.1918,1.0,0.107,0,0.729,0,0.54,2020.5242,2018.5334,1.481,1.094,0.0,2,0.15,0,0.729,1.146,2.64,0.434,0.471,1,2020.6664,8,0.749,0.0,0.328,0.3,0.16,0.884,0.833,1870.93106,1874.23978,1984.50544,12089.7757,-348.0624,1,1872.25559,0.647,0.0,0.0,0.0,0.0,0,0.062,1,0,16558,0.754,0.595,0.44,3292.0,3292.0,0.6405,5139.7,0.0,1,1,0.925,1362.075,1,1,0.685,1491.726,1,102.044,0.514,0.486,0.0,1.0,1.0,0.0,0.0,0.5,0.0,0.609,0.555,0.5,0.452,0.0,0.347,0.0,0,0,0.307,0.472,0.0,0.713,0.143,0.387,0.434,0.0,0.471,0.0,0.0,0.0,0.0
14780,2024.03.21 15:30:40,XAUEURm,MEAN_REVERSION,BUY,4,1997.719,1993.27,2005.387,1.72,0.671,2020.49013,2023.556,2014.97155,0,0.515,1.618,-4.686,2018.86775,1985.8484,1989.311,1977.769,0,0.002,0.35,2,2020.49013,0.797,0.0,2,0.0,0.0,2002.3426,0.0,0.0,0,0,1,0.469,-0.5474,-0.0328,0.547,0.08,0,0.69,3,1.0,2002.09488,2004.54758,1.379,1.82,0.0,2,0.0,0,0.69,1.314,3.0,0.438,0.48,1,2002.09488,2,0.55,0.0,0.276,0.164,0.0,0.236,0.897,1870.93106,1874.23978,1984.50544,12089.7757,-348.0624,1,1872.25559,0.647,0.0,0.0,0.0,0.0,0,0.062,1,0,16560,0.755,0.598,0.442,3292.0,3292.0,0.5919,5561.9,0.0,1,1,0.925,1362.075,1,1,0.685,1491.726,1,90.976,0.514,0.486,0.0,1.0,1.0,0.18,0.0,0.5,0.0,0.752,0.493,0.5,0.483,0.0,0.445,0.0,0,0,0.327,0.539,0.0,0.475,0.133,0.649,0.323,0.0,0.458,0.0,0.0,0.0,0.0
14782,2024.03.21 15:31:40,XAUEURm,SWEEP_REVERSAL,BUY,4,1998.852,1993.29,2005.387,1.17,0.12,2020.49013,2023.556,2014.97155,0,0.515,1.618,-4.4823,2018.86775,1985.8484,1989.311,1977.769,0,0.002,0.35,2,2020.49013,0.797,0.0,2,0.0,0.0,2002.3426,0.0,0.0,0,0,1,0.469,-0.5474,-0.0328,0.547,0.08,0,0.69,3,1.0,2002.09488,2004.54758,1.175,1.616,0.0,2,0.0,0,0.69,1.314,3.0,0.438,0.48,1,2002.09488,2,0.55,0.0,0.276,0.164,0.0,0.236,0.897,1870.93106,1874.23978,1984.50544,12089.7757,-348.0624,1,1872.25559,0.647,0.0,0.0,0.0,0.0,0,0.062,1,0,16560,0.755,0.598,0.442,3292.0,3292.0,0.5919,5561.9,0.0,1,1,0.925,1362.075,1,1,0.685,1491.726,1,91.179,0.514,0.486,0.0,1.0,1.0,0.23,0.0,0.5,0.0,0.752,0.496,0.5,0.483,0.0,0.445,0.0,0,0,0.326,0.539,0.0,0.38,0.133,0.649,0.328,0.0,0.458,0.0,0.0,0.0,0.0
0,2024.03.21 17:00:00,XAUEURm,ANCHORED_PULLBACK,BUY,3,2008.84,2008.494,2010.92,6.01,0.41,2003.46762,2007.0635,1994.11835,1,0.373,0.659,0.3734,2018.86775,1985.8484,1996.2362,1977.769,0,0.004,0.45,0,2003.46762,0.769,0.908,0,0.0,0.0,2003.53038,0.0,0.0,0,0,1,0.55,-0.755,-0.4335,0.755,0.679,1,0.244,3,0.659,2002.02928,2010.65937,0.632,0.918,-1.8331,1,0.3,5,1.0,0.745,3.0,0.248,0.494,1,2003.46762,8,0.754,0.0,0.516,0.226,0.405,0.96,0.868,1871.78744,1874.23978,1983.6665,10275.499,-1814.2766,1,1872.25559,0.645,0.0,0.0,0.0,0.0,0,0.092,1,0,16562,0.755,0.598,0.442,3292.0,3292.0,0.5909,5570.7,0.0,1,1,0.925,1362.075,1,1,0.685,1491.726,1,92.827,0.588,0.412,0.0,1.0,1.0,0.84,0.0,0.5,0.0,0.984,0.628,0.5,0.542,0.0,0.457,0.0,0,0,0.422,0.463,0.0,0.513,0.143,0.688,0.65,0.0,0.442,0.0,0.0,0.0,0.0
14784,2024.03.22 02:00:20,XAUEURm,SWEEP_REVERSAL,BUY,1,2004.854,1999.529,2010.155,1.0,0.196,2006.86313,2008.95225,2006.16675,0,0.908,0.036,-0.9955,2007.52707,1983.54,2007.7782,1977.769,1,0.003,0.3,4,2006.86313,0.8,0.409,0,0.0,0.0,2009.02148,0.0,0.0,0,0,0,0.75,0.72,0.1833,0.72,0.018,0,0.687,2,0.088,2006.86313,2001.75637,0.995,0.037,0.0,2,0.15,0,0.687,1.342,3.0,0.447,0.403,1,2006.86313,8,0.76,0.0,0.355,0.216,0.202,0.689,0.979,1871.78744,1874.23978,1983.6665,10345.7242,137.9393,2,1872.25559,0.644,1935.92433,0.267,0.0,0.0,0,0.08,1,0,16570,0.751,0.595,0.445,3292.0,3292.0,0.6182,5325.2,0.0,1,1,0.925,1362.075,1,1,0.685,1491.726,1,96.358,0.5,0.5,0.0,0.0,1.0,0.02,0.0,0.5,0.0,0.534,0.362,0.5,0.439,0.0,0.388,0.0,0,0,0.369,0.4,0.0,0.504,0.178,0.326,0.341,0.0,0.478,0.0,0.0,0.0,0.0
14785,2024.03.22 02:00:20,XAUEURm,MEAN_REVERSION,BUY,1,2004.854,2000.594,2010.155,1.24,0.631,2006.86313,2008.95225,2006.16675,0,0.908,0.036,-0.9955,2007.52707,1983.54,2007.7782,1977.769,1,0.003,0.3,4,2006.86313,0.8,0.409,0,0.0,0.0,2009.02148,0.0,0.0,0,0,0,0.75,0.72,0.1833,0.72,0.018,0,0.687,2,0.088,2006.86313,2001.75637,0.995,0.037,0.0,2,0.15,0,0.687,1.342,3.0,0.447,0.403,1,2006.86313,8,0.76,0.0,0.355,0.216,0.202,0.689,0.979,1871.78744,1874.23978,1983.6665,10345.7242,137.9393,2,1872.25559,0.644,1935.92433,0.267,0.0,0.0,0,0.08,1,0,16570,0.751,0.595,0.445,3292.0,3292.0,0.6182,5325.2,0.0,1,1,0.925,1362.075,1,1,0.685,1491.726,1,96.358,0.5,0.5,0.0,0.0,1.0,0.02,0.0,0.5,0.0,0.534,0.362,0.5,0.439,0.0,0.388,0.0,0,0,0.369,0.4,0.0,0.504,0.178,0.326,0.341,0.0,0.478,0.0,0.0,0.0,0.0
14788,2024.03.22 04:00:20,XAUEURm,MEAN_REVERSION,BUY,1,2007.364,2003.188,2012.012,1.11,0.748,2008.72013,2009.88075,2003.8455,1,0.001,0.355,-0.8904,2005.96422,1983.54,2007.7782,1977.769,1,0.004,0.65,2,2008.72013,0.783,0.205,0,0.0,0.0,0.0,0.0,0.0,0,0,0,0.185,0.0,-0.0091,0.358,0.853,0,0.75,3,0.763,2003.8455,2005.47037,0.043,0.268,0.0,2,0.0,0,0.75,0.966,3.0,0.322,0.495,1,2008.72013,8,0.757,0.913,0.044,0.0,0.0,0.796,0.813,1871.78744,1874.23978,1983.6665,9869.8228,-475.9014,1,1872.25559,0.639,1935.92433,0.269,0.0,0.0,0,0.09,1,0,16572,0.751,0.595,0.445,3292.0,3292.0,0.6306,5220.2,0.0,1,1,0.925,1362.075,1,1,0.685,1491.726,0,98.777,0.524,0.476,0.0,1.0,0.5,0.06,0.0,0.5,0.0,0.696,0.429,0.5,0.505,0.0,0.346,0.0,0,0,0.333,0.8,0.0,0.61,0.1,0.559,0.472,0.0,0.473,0.0,0.0,0.0,0.0
0,2024.03.22 07:00:00,XAUEURm,MEAN_REVERSION,BUY,1,2005.523,2002.605,2008.289,0.95,0.679,2004.77363,2005.78005,2003.99085,0,0.574,0.023,-0.697,2005.96422,1983.54,2007.7782,1977.769,1,0.005,0.4,0,2004.99727,0.763,0.697,0,0.0,0.0,2005.41512,0.0,0.0,0,0,0,0.825,-0.58,-0.0907,0.58,0.045,0,0.762,0,0.51,2004.6618,2002.4253,0.666,0.053,-0.0661,1,0.4,1,0.798,0.88,3.0,0.293,0.423,1,2004.99727,8,0.753,0.0,0.746,0.174,0.242,0.936,0.929,1871.78744,1874.23978,1983.6665,9869.8228,-475.9014,1,1872.25559,0.639,1935.92433,0.269,0.0,0.0,0,0.09,1,0,16575,0.751,0.595,0.445,3292.0,3292.0,0.9024,3647.9,0.0,1,1,0.925,1362.075,1,1,0.685,1491.726,0,140.849,0.524,0.476,0.0,1.0,0.5,0.14,0.0,0.5,0.0,0.366,0.265,0.5,0.326,0.0,0.275,0.0,0,0,0.349,0.289,0.0,0.317,0.1,0.146,0.388,0.0,0.456,0.0,0.0,0.0,0.0
14790,2024.03.22 07:00:40,XAUEURm,SWEEP_REVERSAL,BUY,1,2004.347,2000.699,2008.289,1.08,0.3,2004.77363,2005.78005,2003.99085,0,0.574,0.023,-1.0194,2005.96422,1983.54,2007.7782,1977.769,1,0.005,0.4,0,2004.99727,0.763,0.697,0,0.0,0.0,2005.41512,0.0,0.0,0,0,0,0.825,-0.58,-0.0907,0.58,0.061,0,0.812,0,0.51,2004.6618,2002.4253,0.989,0.376,0.0,2,0.4,0,0.812,1.323,3.0,0.441,0.478,1,2004.99727,8,0.753,0.0,0.442,0.174,0.242,0.936,0.929,1871.78744,1874.23978,1983.6665,9869.8228,-475.9014,1,1872.25559,0.639,1935.92433,0.269,0.0,0.0,0,0.09,1,0,16575,0.751,0.595,0.445,3292.0,3292.0,0.9024,3647.9,0.0,1,1,0.925,1362.075,1,1,0.685,1491.726,0,140.527,0.524,0.476,0.0,1.0,0.5,0.0,0.0,0.5,0.0,0.509,0.256,0.5,0.408,0.0,0.338,0.0,0,0,0.404,0.45,0.0,0.466,0.1,0.197,0.324,0.0,0.541,0.0,0.0,0.0,0.0
0,2024.03.22 09:04:40,XAUEURm,MEAN_REVERSION,BUY,2,2005.528,2004.111,2008.426,2.04,0.573,2005.13438,2005.92435,2001.1845,1,0.216,1.655,-0.792,2005.96422,1983.54,2007.7782,1977.769,1,0.005,0.45,2,2005.13438,0.768,0.374,0,0.0,0.0,2002.28073,0.0,0.0,0,0,0,0.65,-0.825,-0.1398,0.825,0.911,2,0.56,0,0.424,2001.97447,1997.23462,0.071,1.367,0.0,2,0.0,0,0.56,0.94,3.0,0.313,0.412,1,2005.13438,8,0.754,0.857,0.027,0.247,0.085,0.871,0.921,1871.78744,1874.23978,1983.6665,9480.2141,-389.6087,1,1872.25559,0.639,1935.92433,0.271,0.0,0.0,0,0.098,1,0,16577,0.751,0.595,0.445,3292.0,3292.0,0.8995,3659.6,0.0,1,1,0.925,1362.075,1,1,0.685,1491.726,0,140.397,0.521,0.479,0.0,1.0,0.5,0.36,0.0,0.5,0.0,0.595,0.507,0.5,0.491,0.0,0.386,0.0,0,0,0.306,0.814,0.0,0.515,0.067,0.244,0.435,0.0,0.467,0.0,0.0,0.0,0.0
14792,2024.03.22 09:23:00,XAUEURm,SWEEP_REVERSAL,BUY,2,2004.346,2000.686,2008.426,1.11,0.126,2005.13438,2005.92435,2001.1845,0,0.216,1.655,-1.115,2005.96422,1983.54,2007.7782,1977.769,1,0.005,0.45,2,2005.13438,0.768,0.374,0,0.0,0.0,2002.28073,0.0,0.0,0,0,0,0.65,-0.825,-0.1398,0.825,0.751,2,0.56,0,0.424,2001.97447,1997.23462,0.252,1.044,0.0,2,0.0,0,0.56,1.012,3.0,0.337,0.42,1,2005.13438,8,0.754,0.497,0.075,0.247,0.085,0.871,0.921,1871.78744,1874.23978,1983.6665,9480.2141,-389.6087,1,1872.25559,0.639,1935.92433,0.271,0.0,0.0,0,0.098,1,0,16577,0.751,0.595,0.445,3292.0,3292.0,0.8995,3659.6,0.0,1,1,0.925,1362.075,1,1,0.685,1491.726,0,140.074,0.521,0.479,0.0,1.0,0.5,0.0,0.0,0.5,0.0,0.442,0.272,0.5,0.493,0.0,0.389,0.0,0,0,0.44,0.868,0.0,0.594,0.067,0.205,0.435,0.0,0.512,0.0,0.0,0.0,0.0
0,2024.03.22 13:00:00,XAUEURm,ANCHORED_PULLBACK,BUY,4,2010.075,2006.891,2015.516,1.71,0.812,2001.3418,2003.1814,2000.7286,0,1.107,0.263,1.3023,2006.6013,1983.54,2007.7782,1977.769,1,0.006,0.3,4,2001.3418,0.769,0.211,0,0.0,0.0,2007.13082,0.0,0.0,0,0,0,1.0,-0.965,-0.119,0.965,0.23,2,0.627,1,0.495,2001.5462,2007.8826,1.253,0.263,0.1847,0,0.15,2,1.0,1.697,3.0,0.566,0.591,2,2001.3418,8,0.754,0.0,0.291,0.99,0.202,0.826,0.939,1871.78744,1874.23978,1983.6665,9389.8007,-90.4134,1,1872.25559,0.642,1935.92433,0.272,0.0,0.0,0,0.12,1,0,16581,0.75,0.596,0.444,3292.0,3292.0,0.7879,4178.1,0.0,1,1,0.925,1362.075,1,1,0.685,1491.726,-1,124.062,0.505,0.495,0.0,1.0,0.0,0.24,0.0,0.5,0.0,0.799,0.426,0.5,0.506,0.0,0.402,0.0,0,0,0.357,0.549,0.0,0.824,0.071,0.914,0.443,0.0,0.431,0.0,0.0,0.0,0.0
14794,2024.03.22 16:11:40,XAUEURm,SWEEP_REVERSAL,BUY,4,2004.535,1999.947,2010.685,1.34,0.295,2007.39313,2010.52675,2004.82925,0,1.249,0.007,-1.3403,2006.11675,1983.54,2007.7782,1977.769,1,0.004,0.5,0,2007.39313,0.749,0.217,0,0.0,0.0,2003.21715,0.0,0.0,0,0,0,0.612,0.4533,0.0385,0.453,0.069,0,0.781,0,0.517,2007.678,2001.12587,1.402,0.026,0.0,2,0.4,0,0.781,1.319,3.0,0.44,0.457,1,2007.39313,8,0.75,0.0,0.439,0.136,0.243,0.826,0.934,1871.78744,1874.23978,1983.6665,8966.3064,-423.4942,1,1872.25559,0.643,1935.92433,0.274,0.0,0.0,0,0.126,1,0,16584,0.75,0.596,0.444,3292.0,3292.0,0.7174,4588.5,0.0,1,1,0.925,1362.075,1,1,0.685,1491.726,0,111.76,0.524,0.476,0.0,1.0,0.5,0.19,0.0,0.5,0.0,0.735,0.405,0.5,0.445,0.0,0.334,0.0,0,0,0.324,0.424,0.0,1.0,0.0,0.458,0.326,0.0,0.496,0.0,0.0,0.0,0.0
14795,2024.03.22 16:11:59,XAUEURm,MEAN_REVERSION,BUY,4,2004.626,2000.955,2010.685,1.65,0.709,2007.39313,2010.52675,2004.82925,0,1.249,0.007,-1.3205,2006.11675,1983.54,2007.7782,1977.769,1,0.004,0.5,0,2007.39313,0.749,0.217,0,0.0,0.0,2003.21715,0.0,0.0,0,0,0,0.612,0.4533,0.0385,0.453,0.069,0,0.781,0,0.517,2007.678,2001.12587,1.383,0.045,0.0,2,0.4,0,0.781,1.319,3.0,0.44,0.457,1,2007.39313,8,0.75,0.0,0.439,0.136,0.243,0.826,0.934,1871.78744,1874.23978,1983.6665,8966.3064,-423.4942,1,1872.25559,0.643,1935.92433,0.274,0.0,0.0,0,0.126,1,0,16584,0.75,0.596,0.444,3292.0,3292.0,0.7174,4588.5,0.0,1,1,0.925,1362.075,1,1,0.685,1491.726,0,111.779,0.524,0.476,0.0,1.0,0.5,0.25,0.0,0.5,0.0,0.735,0.397,0.5,0.445,0.0,0.334,0.0,0,0,0.329,0.424,0.0,1.0,0.0,0.458,0.329,0.0,0.476,0.0,0.0,0.0,0.0
14798,2024.03.22 16:45:40,XAUEURm,PULLBACK,BUY,4,2003.727,1996.844,2010.685,1.01,0.339,2007.39313,2010.52675,2004.82925,0,1.249,0.007,-1.5164,2006.11675,1983.54,2007.7782,1977.769,1,0.004,0.5,0,2007.39313,0.749,0.217,0,0.0,0.0,2003.21715,0.0,0.0,0,0,0,0.612,0.4533,0.0385,0.453,0.069,0,0.781,0,0.517,2007.678,2001.12587,1.579,0.151,0.0,2,0.4,0,0.781,1.319,3.0,0.44,0.457,1,2007.39313,8,0.75,0.0,0.439,0.136,0.243,0.826,0.934,1871.78744,1874.23978,1983.6665,8966.3064,-423.4942,1,1872.25559,0.643,1935.92433,0.274,0.0,0.0,0,0.126,1,0,16584,0.75,0.596,0.444,3292.0,3292.0,0.7174,4588.5,0.0,1,1,0.925,1362.075,1,1,0.685,1491.726,0,111.584,0.524,0.476,0.0,1.0,0.5,0.0,0.0,0.5,0.0,0.992,0.448,0.5,0.478,0.0,0.379,0.0,0,0,0.326,0.321,0.0,0.704,0.0,0.624,0.303,0.0,0.545,0.0,0.0,0.0,0.0
14800,2024.03.22 16:47:20,XAUEURm,TREND_CONTINUATION,BUY,4,2003.403,1997.897,2010.685,1.32,0.399,2007.39313,2010.52675,2004.82925,0,1.249,0.007,-1.587,2006.11675,1983.54,2007.7782,1977.769,1,0.004,0.5,0,2007.39313,0.749,0.217,0,0.0,0.0,2003.21715,0.0,0.0,0,0,0,0.612,0.4533,0.0385,0.453,0.069,0,0.781,0,0.517,2007.678,2001.12587,1.649,0.221,0.0,2,0.4,0,0.781,1.319,3.0,0.44,0.457,1,2007.39313,8,0.75,0.0,0.439,0.136,0.243,0.826,0.934,1871.78744,1874.23978,1983.6665,8966.3064,-423.4942,1,1872.25559,0.643,1935.92433,0.274,0.0,0.0,0,0.126,1,0,16584,0.75,0.596,0.444,3292.0,3292.0,0.7174,4588.5,0.0,1,1,0.925,1362.075,1,1,0.685,1491.726,0,111.513,0.524,0.476,0.0,1.0,0.5,0.04,0.0,0.5,0.0,0.992,0.429,0.5,0.478,0.0,0.379,0.0,0,0,0.338,0.321,0.0,0.704,0.0,0.624,0.297,0.0,0.545,0.0,0.0,0.0,0.0
0,2024.03.22 18:00:00,XAUEURm,ANCHORED_PULLBACK,BUY,3,1999.638,1998.13,2001.511,1.24,0.721,2001.51053,2008.55405,1998.61025,0,0.902,0.305,-1.0749,2006.46108,1985.36,2008.5062,1979.849,1,0.002,0.6,0,2001.51053,0.797,0.291,0,0.0,0.0,1997.19513,0.0,0.0,0,0,0,0.9,0.615,0.0539,0.615,0.443,1,0.3,0,0.711,2001.92485,1994.88133,1.161,0.305,0.1083,0,0.25,2,0.841,1.6,3.0,0.533,0.555,2,2001.51053,8,0.759,0.0,0.267,0.885,0.23,0.854,0.907,1871.78744,1874.23978,1983.6665,8966.3064,-423.4942,1,1872.25559,0.643,1935.92433,0.274,0.0,0.0,0,0.126,1,0,16586,0.75,0.596,0.444,3292.0,3292.0,0.6851,4804.9,0.0,1,1,0.925,1362.075,1,1,0.685,1491.726,0,105.708,0.524,0.476,0.0,1.0,0.5,0.15,0.0,0.5,0.0,0.607,0.576,0.5,0.463,0.0,0.504,0.0,0,0,0.386,0.612,0.0,0.646,0.0,1.0,0.403,0.0,0.419,0.0,0.0,0.0,0.0
14802,2024.03.22 18:11:59,XAUEURm,MEAN_REVERSION,BUY,3,2001.004,1997.16,2004.803,0.99,0.615,2001.51053,2008.55405,1998.61025,0,0.902,0.305,-0.7906,2006.46108,1985.36,2008.5062,1979.849,1,0.003,0.6,0,2001.51053,0.797,0.291,0,0.0,0.0,1997.19513,0.0,0.0,0,0,0,0.9,0.615,0.0539,0.615,0.612,2,0.6,0,0.711,2001.92485,1998.19592,0.877,0.101,0.0,2,0.25,0,0.6,1.074,3.0,0.358,0.434,1,2001.51053,8,0.759,0.0,0.216,0.185,0.23,0.854,0.93,1871.78744,1874.23978,1983.6665,8966.3064,-423.4942,1,1872.25559,0.643,1935.92433,0.274,0.0,0.0,0,0.126,1,0,16586,0.75,0.596,0.444,3292.0,3292.0,0.6851,4804.9,0.0,1,1,0.925,1362.075,1,1,0.685,1491.726,0,105.992,0.524,0.476,0.0,1.0,0.5,0.72,0.0,0.5,0.0,0.782,0.627,0.5,0.503,0.0,0.395,0.0,0,0,0.385,0.65,0.0,0.868,0.0,0.684,0.574,0.0,0.479,0.0,0.0,0.0,0.0
14803,2024.03.22 18:12:00,XAUEURm,SWEEP_REVERSAL,BUY,3,2000.912,1996.107,2004.803,0.81,0.241,2001.51053,2008.55405,1998.61025,0,0.902,0.305,-0.8097,2006.46108,1985.36,2008.5062,1979.849,1,0.003,0.6,0,2001.51053,0.797,0.291,0,0.0,0.0,1997.19513,0.0,0.0,0,0,0,0.9,0.615,0.0539,0.615,0.612,2,0.6,0,0.711,2001.92485,1998.19592,0.896,0.12,0.0,2,0.25,0,0.6,1.074,3.0,0.358,0.434,1,2001.51053,8,0.759,0.0,0.216,0.185,0.23,0.854,0.93,1871.78744,1874.23978,1983.6665,8966.3064,-423.4942,1,1872.25559,0.643,1935.92433,0.274,0.0,0.0,0,0.126,1,0,16586,0.75,0.596,0.444,3292.0,3292.0,0.6851,4804.9,0.0,1,1,0.925,1362.075,1,1,0.685,1491.726,0,105.973,0.524,0.476,0.0,1.0,0.5,0.69,0.0,0.5,0.0,0.782,0.659,0.5,0.503,0.0,0.395,0.0,0,0,0.404,0.65,0.0,0.868,0.0,0.684,0.574,0.0,0.479,0.0,0.0,0.0,0.0
0,2024.03.22 18:17:40,XAUEURm,BREAKOUT_RETEST,BUY,3,2002.478,2001.037,2004.803,1.61,0.552,2001.51053,2008.55405,1998.61025,1,0.902,0.305,-0.4838,2006.46108,1985.36,2008.5062,1979.849,1,0.003,0.6,0,2001.51053,0.797,0.291,0,0.0,0.0,1997.19513,0.0,0.0,0,0,0,0.9,0.615,0.0539,0.615,0.182,2,0.6,0,0.711,2001.92485,1998.19592,0.57,0.206,0.0,2,0.25,0,0.6,1.268,3.0,0.423,0.456,1,2001.51053,8,0.759,0.0,0.345,0.185,0.23,0.854,0.93,1871.78744,1874.23978,1983.6665,8966.3064,-423.4942,1,1872.25559,0.643,1935.92433,0.274,0.0,0.0,0,0.126,1,0,16586,0.75,0.596,0.444,3292.0,3292.0,0.6851,4804.9,0.0,1,1,0.925,1362.075,1,1,0.685,1491.726,0,106.299,0.524,0.476,0.0,1.0,0.5,0.99,0.0,0.5,0.0,0.795,0.672,0.5,0.441,0.0,0.313,0.0,0,0,0.361,0.588,0.0,0.868,0.0,0.621,0.436,0.0,0.496,0.0,0.0,0.0,0.0
0,2024.03.22 18:56:40,XAUEURm,PULLBACK,BUY,3,2003.396,2001.422,2011.798,4.26,0.584,2001.51053,2008.55405,1998.61025,1,0.902,0.305,-0.2927,2006.46108,1985.36,2008.5062,1979.849,1,0.003,0.6,0,2001.51053,0.797,0.291,0,0.0,0.0,1997.19513,0.0,0.0,0,0,0,0.9,0.615,0.0539,0.615,0.562,2,0.6,0,0.711,2001.92485,1998.19592,0.379,0.397,0.0,2,0.25,0,0.6,1.097,3.0,0.366,0.436,1,1998.61025,5,0.6,0.242,0.231,0.185,0.23,0.854,0.93,1871.78744,1874.23978,1983.6665,8966.3064,-423.4942,1,1872.25559,0.643,1935.92433,0.274,0.0,0.0,0,0.126,1,0,16586,0.75,0.596,0.444,3292.0,3292.0,0.6851,4804.9,0.0,1,1,0.925,1362.075,1,1,0.685,1491.726,0,106.49,0.524,0.476,0.0,1.0,0.5,0.98,0.0,0.5,0.0,0.97,0.55,0.5,0.572,0.0,0.34,0.0,0,0,0.338,0.645,0.0,0.776,0.0,0.563,0.472,0.0,0.496,0.0,0.0,0.0,0.0
14806,2024.03.22 18:56:59,XAUEURm,TREND_CONTINUATION,BUY,3,2003.377,1997.611,2015.389,2.08,0.51,2001.51053,2008.55405,1998.61025,1,0.902,0.305,-0.2967,2006.46108,1985.36,2008.5062,1979.849,1,0.003,0.6,0,2001.51053,0.797,0.291,0,0.0,0.0,1997.19513,0.0,0.0,0,0,0,0.9,0.615,0.0539,0.615,0.562,2,0.6,0,0.711,2001.92485,1998.19592,0.383,0.393,0.0,2,0.25,0,0.6,1.097,3.0,0.366,0.436,1,1998.61025,5,0.6,0.234,0.231,0.185,0.23,0.854,0.93,1871.78744,1874.23978,1983.6665,8966.3064,-423.4942,1,1872.25559,0.643,1935.92433,0.274,0.0,0.0,0,0.126,1,0,16586,0.75,0.596,0.444,3292.0,3292.0,0.6851,4804.9,0.0,1,1,0.925,1362.075,1,1,0.685,1491.726,0,106.486,0.524,0.476,0.0,1.0,0.5,0.93,0.0,0.5,0.0,0.97,0.557,0.5,0.572,0.0,0.34,0.0,0,0,0.342,0.645,0.0,0.776,0.0,0.563,0.471,0.0,0.496,0.0,0.0,0.0,0.0
0,2024.03.24 22:05:00,XAUEURm,BREAKOUT,BUY,1,2006.411,2004.3,2018.567,5.76,0.42,2000.5879,2002.6282,1999.4544,0,0.334,0.039,0.5205,2001.13038,1984.48298,2009.00845,1981.284,1,0.004,0.35,0,1999.6811,0.789,0.467,0,0.0,0.0,0.0,1999.73247,0.696,0,0,0,0.5,-0.545,-0.0918,0.545,0.042,0,0.685,3,0.351,2001.0413,2003.3083,0.427,0.039,0.0692,0,0.4,2,0.549,0.42,0.707,0.594,0.28,0,2000.5879,1,0.7,0.145,0.447,0.863,0.14,0.879,0.951,1871.78744,1874.23978,1983.6665,10312.2965,1090.9248,2,1872.25559,0.646,1935.92433,0.276,0.0,0.0,0,0.123,1,0,16589,0.75,0.596,0.444,3292.0,3292.0,0.677,4862.5,0.0,1,1,0.925,1362.075,1,1,0.685,1491.726,0,105.848,0.5,0.5,0.0,0.0,0.5,0.99,0.0,0.5,0.0,0.8,0.525,0.5,0.474,0.0,0.373,0.0,0,0,0.306,0.448,0.0,1.0,0.0,0.644,0.592,0.0,0.401,0.0,0.0,0.0,0.0
14808,2024.03.25 02:17:40,XAUEURm,BREAKOUT,BUY,1,2013.238,2006.323,2025.35,1.75,0.276,2002.63738,2005.0516,2001.97895,0,1.179,0.18,1.5086,2002.01883,1984.48298,2009.00845,1981.284,0,0.005,0.35,2,2002.63738,0.772,0.373,0,0.0,0.0,0.0,1999.73247,1.96,0,0,1,0.255,0.2299,0.015,0.23,0.06,0,0.758,1,0.529,2002.85685,2010.09952,1.463,0.032,0.0,2,0.4,0,0.758,0.93,2.108,0.441,0.398,1,2002.63738,8,0.754,0.0,0.442,0.069,0.14,0.747,0.934,1870.93106,1874.23978,1983.6665,12060.0347,1747.7382,2,1872.25559,0.649,1935.92433,0.276,0.0,0.0,0,0.127,1,0,16593,0.749,0.596,0.444,3292.0,3292.0,0.6795,4844.8,0.0,1,1,0.925,1362.075,1,1,0.685,1491.726,0,107.644,0.5,0.5,0.0,0.0,0.5,0.83,0.0,0.5,0.0,0.83,0.544,0.5,0.545,0.0,0.382,0.0,0,0,0.342,0.32,0.0,1.0,0.0,0.344,0.887,0.0,0.546,0.0,0.0,0.0,0.0
14810,2024.03.25 03:29:40,XAUEURm,BREAKOUT_RETEST,BUY,1,2009.144,2005.774,2012.698,1.05,0.491,2009.40638,2011.075,2002.97025,1,0.217,0.271,-0.7274,2002.01883,1984.48298,2009.00845,1981.284,1,0.004,0.85,2,2009.40638,0.756,0.0,1,0.0,0.0,2008.987,1999.73247,1.763,0,0,0,0.75,0.72,0.1159,0.72,0.064,2,0.571,3,0.98,2002.73188,2006.3075,0.638,0.093,0.0,2,0.15,4,0.571,0.677,1.252,0.54,0.419,1,2009.40638,8,0.751,0.0,0.341,0.216,0.053,0.782,0.911,1870.93106,1874.23978,1983.6665,12060.0347,1747.7382,2,1872.25559,0.649,1935.92433,0.276,0.0,0.0,0,0.127,1,0,16594,0.749,0.596,0.444,3292.0,3292.0,0.6737,4886.7,0.0,1,1,0.925,1362.075,1,1,0.685,1491.726,0,105.883,0.5,0.5,0.0,0.0,0.5,0.0,0.0,0.5,0.0,0.778,0.402,0.5,0.409,0.0,0.27,0.0,0,0,0.29,0.378,0.0,0.779,0.0,0.602,0.488,0.0,0.441,0.0,0.0,0.0,0.0
14811,2024.03.25 03:30:00,XAUEURm,PULLBACK,BUY,1,2009.092,2005.774,2012.698,1.09,0.544,2009.40638,2011.075,2002.97025,1,0.217,0.271,-0.738,2002.01883,1984.48298,2009.00845,1981.284,1,0.004,0.85,2,2009.40638,0.756,0.0,1,0.0,0.0,2008.987,1999.73247,1.763,0,0,0,0.75,0.72,0.1159,0.72,0.074,2,0.571,3,0.98,2002.73188,2006.3075,0.628,0.104,0.0,2,0.15,4,0.571,0.669,1.242,0.539,0.419,1,2009.40638,8,0.751,0.0,0.338,0.216,0.053,0.782,0.911,1870.93106,1874.23978,1983.6665,12060.0347,1747.7382,2,1872.25559,0.649,1935.92433,0.276,0.0,0.0,0,0.127,1,0,16594,0.749,0.596,0.444,3292.0,3292.0,0.6737,4886.7,0.0,1,1,0.925,1362.075,1,1,0.685,1491.726,0,105.872,0.5,0.5,0.0,0.0,0.5,0.0,0.0,0.5,0.0,0.683,0.365,0.5,0.384,0.0,0.269,0.0,0,0,0.304,0.38,0.0,0.779,0.0,0.602,0.487,0.0,0.441,0.0,0.0,0.0,0.0
14814,2024.03.25 03:30:40,XAUEURm,TREND_CONTINUATION,BUY,1,2008.572,2002.708,2020.789,2.08,0.46,2009.40638,2011.075,2002.97025,1,0.217,0.271,-0.8444,2002.01883,1984.48298,2009.00845,1981.284,1,0.004,0.85,2,2009.40638,0.756,0.0,1,0.0,0.0,2008.987,1999.73247,1.763,0,0,0,0.75,0.72,0.1159,0.72,0.351,2,0.571,3,0.98,2002.73188,2006.3075,0.521,0.21,0.0,2,0.15,4,0.571,0.565,1.135,0.497,0.406,1,2002.97025,5,0.6,0.0,0.255,0.216,0.053,0.782,0.911,1870.93106,1874.23978,1983.6665,12060.0347,1747.7382,2,1872.25559,0.649,1935.92433,0.276,0.0,0.0,0,0.127,1,0,16594,0.749,0.596,0.444,3292.0,3292.0,0.6737,4886.7,0.0,1,1,0.925,1362.075,1,1,0.685,1491.726,0,105.766,0.5,0.5,0.0,0.0,0.5,0.0,0.0,0.5,0.0,0.594,0.352,0.5,0.384,0.0,0.286,0.0,0,0,0.318,0.424,0.0,0.779,0.0,0.602,0.475,0.0,0.44,0.0,0.0,0.0,0.0
0,2024.03.25 04:10:59,XAUEURm,MEAN_REVERSION,BUY,1,2008.796,2007.234,2010.791,1.28,0.576,2009.40638,2010.59825,2004.4005,1,0.389,0.235,-0.8503,2002.01883,2001.54417,2021.80435,1996.21255,1,0.001,0.65,2,2009.40638,0.755,0.569,0,0.0,0.0,0.0,1999.73247,1.304,0,0,0,0.55,0.755,0.2172,0.755,0.304,2,0.583,3,0.631,2007.49938,2004.16213,0.435,0.292,0.0,2,0.15,0,0.583,0.509,1.258,0.404,0.368,1,2007.49938,2,0.55,0.13,0.269,0.226,0.053,0.857,0.869,1873.69271,1874.23978,1983.6665,12770.2823,710.2476,2,1872.25559,0.65,1935.92433,0.278,0.0,0.0,0,0.122,1,0,16595,0.749,0.596,0.444,3292.0,3292.0,0.7173,4589.5,0.0,1,1,0.925,1362.075,1,1,0.685,1491.726,0,112.664,0.5,0.5,0.0,0.0,0.5,0.17,0.0,0.5,0.0,0.622,0.303,0.5,0.499,0.0,0.327,0.0,0,0,0.399,0.487,0.0,1.0,0.0,0.47,0.458,0.0,0.518,0.0,0.0,0.0,0.0
0,2024.03.25 04:17:40,XAUEURm,BREAKOUT,BUY,1,2009.182,2007.234,2020.656,5.89,0.258,2009.40638,2010.59825,2004.4005,1,0.389,0.235,-0.7662,2002.01883,2001.54417,2021.80435,1996.21255,1,0.001,0.65,2,2009.40638,0.755,0.569,0,0.0,0.0,0.0,1999.73247,1.304,0,0,0,0.55,0.755,0.2172,0.755,0.345,2,0.583,3,0.631,2007.49938,2004.16213,0.351,0.376,0.0,2,0.15,0,0.583,0.534,1.342,0.398,0.371,1,2004.4005,5,0.6,0.299,0.257,0.226,0.053,0.857,0.869,1873.69271,1874.23978,1983.6665,12770.2823,710.2476,2,1872.25559,0.65,1935.92433,0.278,0.0,0.0,0,0.122,1,0,16595,0.749,0.596,0.444,3292.0,3292.0,0.7173,4589.5,0.0,1,1,0.925,1362.075,1,1,0.685,1491.726,0,112.748,0.5,0.5,0.0,0.0,0.5,0.65,0.0,0.5,0.0,0.771,0.305,0.5,0.487,0.0,0.328,0.0,0,0,0.394,0.495,0.0,1.0,0.0,0.47,0.469,0.0,0.525,0.0,0.0,0.0,0.0
14816,2024.03.25 05:00:00,XAUEURm,SWEEP_REVERSAL,BUY,1,2007.96,2003.707,2012.735,1.12,0.265,2009.4433,2010.6088,2005.4806,0,0.136,0.083,-1.1228,2002.01883,2005.80948,2021.80435,1998.3452,1,0.0,0.55,2,2009.4433,0.747,0.0,2,0.0,0.0,0.0,1999.73247,1.16,0,0,0,0.6,0.615,0.2425,0.615,0.239,2,0.635,0,0.538,2005.4806,2003.6158,0.191,0.247,-0.2515,1,0.4,0,0.635,0.481,1.16,0.414,0.332,0,2009.4433,8,0.749,0.618,0.688,0.185,0.248,0.875,0.906,1873.69271,1874.23978,1983.6665,12770.2823,710.2476,2,1872.25559,0.65,1935.92433,0.278,0.0,0.0,0,0.122,1,0,16596,0.749,0.596,0.444,3292.0,3292.0,0.774,4253.2,0.0,1,1,0.925,1362.075,1,1,0.685,1491.726,-1,121.375,0.5,0.5,0.0,0.0,0.0,0.14,0.0,0.5,0.0,0.98,0.48,0.5,0.537,0.0,0.28,0.0,0,0,0.285,0.462,0.0,0.989,0.0,0.364,0.4,0.0,0.472,0.0,0.0,0.0,0.0
14818,2024.03.25 05:40:40,XAUEURm,TREND_CONTINUATION,BUY,1,2007.564,2002.46,2012.735,1.01,0.376,2009.4433,2010.6088,2005.4806,0,0.136,0.083,-1.2159,2002.01883,2005.80948,2021.80435,1998.3452,1,0.0,0.55,2,2009.4433,0.747,0.0,2,0.0,0.0,0.0,1999.73247,1.16,0,0,0,0.6,0.615,0.2425,0.615,0.099,2,0.64,0,0.538,2005.4806,2003.6158,0.284,0.154,0.0,2,0.4,0,0.64,0.529,1.216,0.435,0.338,0,2009.4433,8,0.749,0.432,0.43,0.185,0.248,0.875,0.906,1873.69271,1874.23978,1983.6665,12770.2823,710.2476,2,1872.25559,0.65,1935.92433,0.278,0.0,0.0,0,0.122,1,0,16596,0.749,0.596,0.444,3292.0,3292.0,0.774,4253.2,0.0,1,1,0.925,1362.075,1,1,0.685,1491.726,-1,121.282,0.5,0.5,0.0,0.0,0.0,0.51,0.0,0.5,0.0,0.584,0.569,0.5,0.486,0.0,0.327,0.0,0,0,0.318,0.503,0.0,1.0,0.0,0.43,0.385,0.0,0.469,0.0,0.0,0.0,0.0
0,2024.03.25 06:00:00,XAUEURm,BREAKOUT_RETEST,BUY,1,2006.864,2005.649,2009.015,1.77,0.561,2005.72293,2007.9034,2003.146,1,0.335,1.118,-0.5311,2002.01883,2005.80948,2021.80435,1998.3452,1,0.001,0.6,0,2005.72293,0.745,0.663,0,0.0,0.0,0.0,1999.73247,0.948,0,0,0,0.975,0.65,0.2137,0.65,0.367,0,0.751,3,0.394,2005.32647,2008.29985,0.433,1.167,0.0,2,0.25,0,0.751,0.461,1.167,0.395,0.375,1,2005.72293,8,0.749,0.134,0.29,0.195,0.088,0.972,0.856,1873.69271,1874.23978,1983.6665,12770.2823,710.2476,2,1872.25559,0.65,1935.92433,0.278,0.0,0.0,0,0.122,1,0,16597,0.749,0.596,0.444,3292.0,3292.0,0.8128,4050.3,0.0,1,1,0.925,1362.075,1,1,0.685,1491.726,-1,127.186,0.5,0.5,0.0,0.0,0.0,0.08,0.0,0.5,0.0,0.403,0.4,0.5,0.487,0.0,0.331,0.0,0,0,0.339,0.668,0.0,1.0,0.0,0.412,0.43,0.0,0.496,0.0,0.0,0.0,0.0
0,2024.03.25 06:11:00,XAUEURm,MEAN_REVERSION,BUY,1,2006.394,2003.154,2009.015,0.81,0.656,2005.72293,2007.9034,2003.146,0,0.335,1.118,-0.6471,2002.01883,2005.80948,2021.80435,1998.3452,1,0.001,0.6,0,2005.72293,0.745,0.663,0,0.0,0.0,0.0,1999.73247,0.948,0,0,0,0.975,0.65,0.2137,0.65,0.382,0,0.751,3,0.394,2005.32647,2008.29985,0.549,1.283,0.0,2,0.25,0,0.751,0.504,1.283,0.393,0.38,1,2005.72293,8,0.749,0.0,0.285,0.195,0.088,0.972,0.856,1873.69271,1874.23978,1983.6665,12770.2823,710.2476,2,1872.25559,0.65,1935.92433,0.278,0.0,0.0,0,0.122,1,0,16597,0.749,0.596,0.444,3292.0,3292.0,0.8128,4050.3,0.0,1,1,0.925,1362.075,1,1,0.685,1491.726,-1,127.07,0.5,0.5,0.0,0.0,0.0,0.17,0.0,0.5,0.0,0.33,0.472,0.5,0.53,0.0,0.364,0.0,0,0,0.322,0.651,0.0,1.0,0.0,0.455,0.412,0.0,0.493,0.0,0.0,0.0,0.0
14820,2024.03.25 06:13:40,XAUEURm,PULLBACK,BUY,1,2005.125,1999.05,2011.394,1.03,0.45,2005.72293,2007.9034,2003.146,0,0.335,1.118,-0.9604,2002.01883,2005.80948,2021.80435,1998.3452,1,0.001,0.6,0,2005.72293,0.745,0.663,0,0.0,0.0,0.0,1999.73247,0.948,0,0,0,0.975,0.65,0.2137,0.65,0.382,0,0.751,3,0.394,2005.32647,2008.29985,0.863,1.597,0.0,2,0.25,0,0.751,0.627,1.597,0.393,0.394,1,1999.73247,6,0.65,0.0,0.285,0.195,0.088,0.972,0.856,1873.69271,1874.23978,1983.6665,12770.2823,710.2476,2,1872.25559,0.65,1935.92433,0.278,0.0,0.0,0,0.122,1,0,16597,0.749,0.596,0.444,3292.0,3292.0,0.8128,4050.3,0.0,1,1,0.925,1362.075,1,1,0.685,1491.726,-1,126.756,0.5,0.5,0.0,0.0,0.0,0.0,0.0,0.5,0.0,0.33,0.352,0.5,0.53,0.0,0.364,0.0,0,0,0.394,0.651,0.0,0.992,0.0,0.455,0.361,0.0,0.51,0.0,0.0,0.0,0.0
14821,2024.03.25 07:00:00,XAUEURm,SWEEP_REVERSAL,BUY,1,2003.435,1999.569,2008.456,1.3,0.243,2005.16438,2007.62975,2003.14725,0,1.183,0.092,-1.2987,2002.01883,2005.80948,2019.6717,1998.3452,1,0.001,0.5,0,2005.16438,0.761,0.241,0,0.0,0.0,0.0,0.0,0.0,0,0,0,1.0,0.685,0.1385,0.685,0.369,0,0.655,2,0.061,2005.3885,1999.56125,1.357,0.15,-0.0711,1,0.4,0,0.655,1.184,3.0,0.395,0.351,1,2005.16438,8,0.752,0.0,0.649,0.206,0.14,0.813,0.896,1873.69271,1874.23978,1983.6665,12770.2823,710.2476,2,1872.25559,0.65,1935.92433,0.278,0.0,0.0,0,0.122,1,0,16598,0.749,0.596,0.444,3292.0,3292.0,0.8514,3866.4,0.0,1,1,0.925,1362.075,1,1,0.685,1491.726,-1,132.347,0.5,0.5,0.0,0.0,0.0,0.2,0.0,0.5,0.0,0.445,0.581,0.5,0.461,0.0,0.355,0.0,0,0,0.329,0.352,0.0,0.86,0.0,0.389,0.275,0.0,0.533,0.0,0.0,0.0,0.0
14824,2024.03.25 07:52:40,XAUEURm,TREND_CONTINUATION,BUY,1,2003.526,1998.886,2008.456,1.06,0.534,2005.16438,2007.62975,2003.14725,0,1.183,0.092,-1.2752,2002.01883,2005.80948,2019.6717,1998.3452,1,0.001,0.5,0,2005.16438,0.761,0.241,0,0.0,0.0,0.0,0.0,0.0,0,0,0,1.0,0.685,0.1385,0.685,0.369,0,0.741,2,0.061,2005.3885,1999.56125,1.333,0.174,0.0,2,0.4,0,0.741,1.184,3.0,0.395,0.373,1,2005.16438,8,0.752,0.0,0.349,0.206,0.14,0.813,0.896,1873.69271,1874.23978,1983.6665,12770.2823,710.2476,2,1872.25559,0.65,1935.92433,0.278,0.0,0.0,0,0.122,1,0,16598,0.749,0.596,0.444,3292.0,3292.0,0.8514,3866.4,0.0,1,1,0.925,1362.075,1,1,0.685,1491.726,-1,132.37,0.5,0.5,0.0,0.0,0.0,0.0,0.0,0.5,0.0,0.45,0.507,0.5,0.449,0.0,0.362,0.0,0,0,0.284,0.367,0.0,1.0,0.0,0.506,0.277,0.0,0.533,0.0,0.0,0.0,0.0
0,2024.03.25 08:00:00,XAUEURm,BREAKOUT_RETEST,BUY,2,2004.51,2002.096,2011.29,2.81,0.772,2001.34343,2005.0622,1999.19045,1,0.032,0.336,-0.0325,2002.01883,2005.80948,2019.6717,1998.3452,1,0.001,0.75,0,2005.25792,0.74,0.091,0,0.0,0.0,0.0,0.0,0.0,0,0,0,0.884,0.5591,0.0299,0.559,1.0,2,0.395,3,0.631,2001.34343,2002.7135,0.032,0.387,0.3595,0,0.55,2,1.0,1.35,3.0,0.45,0.529,2,1999.19045,5,0.6,0.935,0.22,0.868,0.193,1.0,0.88,1873.69271,1874.23978,1983.6665,12727.209,-43.0733,1,1872.25559,0.647,1935.92433,0.28,0.0,0.0,0,0.152,1,0,16599,0.749,0.596,0.444,3292.0,3292.0,0.8519,3864.4,0.0,1,1,0.925,1362.075,1,1,0.685,1491.726,-1,132.696,0.502,0.498,0.0,1.0,0.0,0.6,0.0,0.5,0.0,0.322,0.476,0.5,0.416,0.0,0.453,0.0,0,0,0.32,0.769,0.0,0.751,0.0,0.749,0.484,0.0,0.475,0.0,0.0,0.0,0.0
14825,2024.03.25 08:13:40,XAUEURm,PULLBACK,BUY,2,2004.727,1998.93,2016.32,2.0,0.577,2001.34343,2005.0622,1999.19045,1,0.032,0.336,0.0237,2002.01883,2005.80948,2019.6717,1998.3452,1,0.001,0.75,0,2005.25792,0.74,0.091,0,0.0,0.0,0.0,0.0,0.0,0,0,0,0.884,0.5591,0.0299,0.559,1.0,0,0.695,3,0.631,2001.34343,2002.7135,0.024,0.331,0.0,2,0.25,0,0.695,0.9,3.0,0.3,0.445,1,1999.19045,5,0.6,0.953,0.1,0.168,0.088,1.0,0.88,1873.69271,1874.23978,1983.6665,12727.209,-43.0733,1,1872.25559,0.647,1935.92433,0.28,0.0,0.0,0,0.152,1,0,16599,0.749,0.596,0.444,3292.0,3292.0,0.8519,3864.4,0.0,1,1,0.925,1362.075,1,1,0.685,1491.726,-1,132.752,0.502,0.498,0.0,1.0,0.0,0.26,0.0,0.5,0.0,0.381,0.455,0.5,0.492,0.0,0.469,0.0,0,0,0.363,0.8,0.0,0.939,0.0,0.526,0.481,0.0,0.536,0.0,0.0,0.0,0.0
0,2024.03.25 08:26:00,XAUEURm,MEAN_REVERSION,BUY,2,2003.632,2002.096,2008.55,3.2,0.661,2001.34343,2005.0622,1999.19045,1,0.032,0.336,-0.2597,2002.01883,2005.80948,2019.6717,1998.3452,1,0.001,0.75,0,2005.25792,0.74,0.091,0,0.0,0.0,0.0,0.0,0.0,0,0,0,0.884,0.5591,0.0299,0.559,0.686,0,0.695,3,0.631,2000.56052,1999.19045,0.057,0.297,0.0,2,0.25,0,0.695,1.041,3.0,0.347,0.444,1,2005.25792,8,0.748,0.886,0.194,0.168,0.088,0.863,0.891,1873.69271,1874.23978,1983.6665,12727.209,-43.0733,1,1872.25559,0.647,1935.92433,0.28,0.0,0.0,0,0.152,1,0,16599,0.749,0.596,0.444,3292.0,3292.0,0.8519,3864.4,0.0,1,1,0.925,1362.075,1,1,0.685,1491.726,-1,132.469,0.502,0.498,0.0,1.0,0.0,0.0,0.0,0.5,0.0,0.597,0.309,0.5,0.507,0.0,0.35,0.0,0,0,0.407,0.8,0.0,0.816,0.0,0.444,0.437,0.0,0.553,0.0,0.0,0.0,0.0
14828,2024.03.25 08:41:40,XAUEURm,BREAKOUT,BUY,2,2004.836,1999.039,2014.497,1.67,0.382,2001.34343,2005.0622,1999.19045,1,0.032,0.336,0.0519,2002.01883,2005.80948,2019.6717,1998.3452,1,0.001,0.75,0,2005.25792,0.74,0.091,0,0.0,0.0,0.0,0.0,0.0,0,0,0,0.884,0.5591,0.0299,0.559,0.583,0,0.695,3,0.631,2001.34343,2002.7135,0.052,0.303,0.0,2,0.25,0,0.695,1.088,3.0,0.363,0.467,1,1999.19045,5,0.6,0.896,0.225,0.168,0.088,1.0,0.88,1873.69271,1874.23978,1983.6665,12727.209,-43.0733,1,1872.25559,0.647,1935.92433,0.28,0.0,0.0,0,0.152,1,0,16599,0.749,0.596,0.444,3292.0,3292.0,0.8519,3864.4,0.0,1,1,0.925,1362.075,1,1,0.685,1491.726,-1,132.78,0.502,0.498,0.0,1.0,0.0,0.94,0.0,0.5,0.0,0.776,0.587,0.5,0.524,0.0,0.364,0.0,0,0,0.355,0.794,0.0,1.0,0.0,0.371,0.484,0.0,0.513,0.0,0.0,0.0,0.0
0,2024.03.25 10:00:00,XAUEURm,ANCHORED_PULLBACK,BUY,2,2006.272,2005.659,2008.71,3.98,0.41,2000.54198,2002.0168,2000.13975,0,0.466,0.069,0.6959,2002.01883,2001.54417,2017.53905,1998.3452,1,0.0,0.35,0,2000.54198,0.751,0.754,0,0.0,0.0,2001.97295,0.0,0.0,0,0,0,0.5,-0.72,-0.1616,0.72,0.135,2,0.528,1,0.144,2000.9442,2003.35755,0.581,0.108,-0.5369,1,0.15,0,0.528,1.289,3.0,0.43,0.397,1,2000.54198,8,0.75,0.0,0.62,0.216,0.053,0.953,0.92,1873.69271,1874.23978,1983.6665,12727.209,-43.0733,1,1872.25559,0.647,1935.92433,0.28,0.0,0.0,0,0.152,1,0,16601,0.738,0.605,0.438,3292.0,3292.0,0.9396,3503.5,0.0,1,1,0.925,1362.075,1,1,0.685,1491.726,0,146.866,0.502,0.498,0.0,1.0,0.5,0.99,0.0,0.5,0.0,0.597,0.623,0.5,0.484,0.0,0.324,0.0,0,0,0.349,0.597,0.0,0.753,0.0,0.117,0.626,0.0,0.499,0.0,0.0,0.0,0.0
0,2024.03.25 11:00:00,XAUEURm,BREAKOUT,BUY,2,2006.166,2004.297,2014.989,4.72,0.574,2000.75615,2002.7133,2000.0034,0,0.429,0.424,0.6001,2002.01883,2001.54417,2017.53905,1998.3452,1,0.0,0.45,0,2000.75615,0.746,0.291,0,0.0,0.0,2002.8789,0.0,0.0,0,0,0,0.825,-0.58,-0.2023,0.58,0.543,0,0.672,1,0.005,2000.9067,2004.5199,0.557,0.466,0.236,0,0.25,2,1.0,1.555,3.0,0.518,0.507,2,2000.75615,8,0.749,0.0,0.237,0.874,0.088,0.896,0.894,1873.69271,1874.23978,1983.6665,12727.209,-43.0733,1,1872.25559,0.647,1935.92433,0.28,0.0,0.0,0,0.152,1,0,16602,0.738,0.605,0.438,3292.0,3292.0,0.9328,3529.2,0.0,1,1,0.925,1362.075,1,1,0.685,1491.726,0,145.766,0.502,0.498,0.0,1.0,0.5,0.38,0.0,0.5,0.0,0.38,0.524,0.5,0.463,0.0,0.453,0.0,0,0,0.334,0.866,0.0,1.0,0.0,0.686,0.437,0.0,0.444,0.0,0.0,0.0,0.0
14830,2024.03.25 14:00:00,XAUEURm,ANCHORED_PULLBACK,BUY,4,2011.851,2005.818,2016.719,0.81,0.352,2003.575,2006.565,2002.425,0,1.109,0.131,1.2216,2002.39855,2001.54417,2015.4064,1998.3452,1,0.002,0.45,2,2003.575,0.8,0.332,0,0.0,0.0,2007.042,0.0,0.0,0,0,0,0.216,0.379,0.0118,0.379,0.176,2,0.596,0,0.383,2003.345,2010.015,1.278,0.357,-0.3019,1,0.15,0,0.596,1.271,3.0,0.424,0.439,1,2003.575,8,0.76,0.0,0.607,0.114,0.129,0.931,0.946,1872.85142,1873.65771,1983.6665,13106.3152,379.1062,2,1872.25559,0.646,1935.92433,0.282,0.0,0.0,0,0.153,1,0,16605,0.738,0.605,0.438,3292.0,3292.0,0.8069,4079.9,0.0,1,1,0.925,1362.075,1,1,0.685,1491.726,0,127.484,0.5,0.5,0.0,0.0,0.5,0.86,0.0,0.5,0.0,0.589,0.477,0.5,0.496,0.0,0.358,0.0,0,0,0.306,0.504,0.058,0.85,0.0,0.191,0.756,0.0,0.559,0.0,0.0,0.0,0.0
14832,2024.03.25 14:00:40,XAUEURm,PULLBACK,BUY,4,2011.5,2005.38,2018.698,1.18,0.215,2003.575,2006.565,2002.425,0,1.109,0.131,1.1356,2002.39855,2001.54417,2015.4064,1998.3452,1,0.002,0.45,2,2003.575,0.8,0.332,0,0.0,0.0,2007.042,0.0,0.0,0,0,0,0.216,0.379,0.0118,0.379,0.296,0,0.729,0,0.383,2003.345,2010.015,1.192,0.443,0.0,2,0.15,0,0.729,1.217,3.0,0.406,0.466,1,2003.575,8,0.76,0.0,0.271,0.114,0.129,0.931,0.946,1872.85142,1873.65771,1983.6665,13106.3152,379.1062,2,1872.25559,0.646,1935.92433,0.282,0.0,0.0,0,0.153,1,0,16605,0.738,0.605,0.438,3292.0,3292.0,0.8069,4079.9,0.0,1,1,0.925,1362.075,1,1,0.685,1491.726,0,127.398,0.5,0.5,0.0,0.0,0.5,0.77,0.0,0.5,0.0,0.513,0.462,0.5,0.496,0.0,0.4,0.0,0,0,0.332,0.561,0.045,0.999,0.0,0.265,0.743,0.0,0.548,0.0,0.0,0.0,0.0
14833,2024.03.25 14:00:59,XAUEURm,TREND_CONTINUATION,BUY,4,2011.781,2006.885,2021.981,2.08,0.257,2003.575,2006.565,2002.425,0,1.109,0.131,1.2044,2002.39855,2001.54417,2015.4064,1998.3452,1,0.002,0.45,2,2003.575,0.8,0.332,0,0.0,0.0,2007.042,0.0,0.0,0,0,0,0.216,0.379,0.0118,0.379,0.176,0,0.729,0,0.383,2003.345,2010.015,1.261,0.374,0.0,2,0.15,0,0.729,1.271,3.0,0.424,0.472,1,2003.575,8,0.76,0.0,0.307,0.114,0.129,0.931,0.946,1872.85142,1873.65771,1983.6665,13106.3152,379.1062,2,1872.25559,0.646,1935.92433,0.282,0.0,0.0,0,0.153,1,0,16605,0.738,0.605,0.438,3292.0,3292.0,0.8069,4079.9,0.0,1,1,0.925,1362.075,1,1,0.685,1491.726,0,127.467,0.5,0.5,0.0,0.0,0.5,0.84,0.0,0.5,0.0,0.589,0.454,0.5,0.496,0.0,0.376,0.0,0,0,0.327,0.531,0.058,0.999,0.0,0.265,0.756,0.0,0.559,0.0,0.0,0.0,0.0
0,2024.03.25 15:00:20,XAUEURm,BREAKOUT_RETEST,BUY,4,2010.264,2009.035,2012.239,1.61,0.509,2006.9508,2008.947,2004.511,1,0.01,0.531,0.0052,2002.39855,2005.80948,2013.27375,1998.3452,1,0.0,0.5,0,2006.9508,0.729,0.598,0,0.0,0.0,0.0,0.0,0.0,0,0,0,0.75,0.72,0.1182,0.72,1.0,0,0.741,0,0.665,2006.9508,2010.2778,0.005,0.807,0.0,2,0.0,0,0.741,0.9,3.0,0.3,0.48,1,2008.947,4,0.6,0.99,0.0,0.216,0.133,0.855,0.935,1872.85142,1873.65771,1983.6665,13106.3152,379.1062,2,1872.25559,0.646,1935.92433,0.282,0.0,0.0,0,0.153,1,0,16606,0.738,0.605,0.438,3292.0,3292.0,0.8034,4097.7,0.0,1,1,0.925,1362.075,1,1,0.685,1491.726,0,126.543,0.5,0.5,0.0,0.0,0.5,0.12,0.0,0.5,0.0,0.579,0.362,0.5,0.513,0.0,0.399,0.0,0,0,0.396,0.812,0.0,0.871,0.0,0.354,0.513,0.0,0.521,0.0,0.0,0.0,0.0
14836,2024.03.25 15:04:40,XAUEURm,BREAKOUT,BUY,4,2011.263,2005.116,2021.507,1.67,0.35,2006.9508,2008.947,2004.511,1,0.01,0.531,0.249,2002.39855,2005.80948,2013.27375,1998.3452,1,0.001,0.5,0,2006.9508,0.729,0.598,0,0.0,0.0,0.0,0.0,0.0,0,0,0,0.75,0.72,0.1182,0.72,0.614,0,0.741,0,0.665,2006.9508,2010.2778,0.249,0.563,0.0,2,0.0,0,0.741,1.074,3.0,0.358,0.5,2,2004.511,5,0.6,0.502,0.116,0.216,0.133,0.855,0.935,1872.85142,1873.65771,1983.6665,13106.3152,379.1062,2,1872.25559,0.646,1935.92433,0.282,0.0,0.0,0,0.153,1,0,16606,0.738,0.605,0.438,3292.0,3292.0,0.8034,4097.7,0.0,1,1,0.925,1362.075,1,1,0.685,1491.726,0,126.787,0.5,0.5,0.0,0.0,0.5,0.48,0.0,0.5,0.0,0.71,0.441,0.5,0.513,0.0,0.343,0.0,0,0,0.326,0.812,0.0,0.968,0.0,0.354,0.541,0.0,0.503,0.0,0.0,0.0,0.0
14838,2024.03.25 16:06:00,XAUEURm,PULLBACK,BUY,4,2010.441,2004.833,2018.893,1.51,0.487,2006.9818,2008.7746,2005.9858,1,0.082,0.664,0.0447,2002.39855,2006.223,2015.601,1998.929,1,0.0,0.35,0,2006.9818,0.795,0.695,0,0.0,0.0,0.0,0.0,0.0,0,0,0,0.55,0.58,0.1952,0.58,1.0,0,0.75,0,0.946,2006.7826,2010.5674,0.098,0.914,0.0,2,0.25,0,0.75,0.9,3.0,0.3,0.48,1,2005.9858,5,0.6,0.804,0.1,0.174,0.277,0.851,0.978,1872.42583,1872.49565,1983.6665,16355.5269,3249.2117,2,1872.42583,0.68,1906.47328,0.279,0.0,0.0,0,0.158,1,0,16607,0.738,0.605,0.438,3292.0,3292.0,0.8806,3738.4,0.0,1,1,0.925,1362.075,1,1,0.685,1491.726,1,138.755,0.5,0.5,0.0,0.0,1.0,0.99,0.0,0.5,0.0,0.599,0.531,0.5,0.522,0.0,0.421,0.0,0,0,0.343,0.8,0.0,1.0,0.093,0.362,0.503,0.0,0.553,0.0,0.0,0.0,0.0
14839,2024.03.25 16:06:20,XAUEURm,TREND_CONTINUATION,BUY,4,2010.486,2006.0,2019.832,2.08,0.402,2006.9818,2008.7746,2005.9858,1,0.082,0.664,0.0568,2002.39855,2006.223,2015.601,1998.929,1,0.0,0.35,0,2006.9818,0.795,0.695,0,0.0,0.0,0.0,0.0,0.0,0,0,0,0.55,0.58,0.1952,0.58,0.721,0,0.75,0,0.946,2006.7826,2010.5674,0.11,0.902,0.0,2,0.25,0,0.75,1.026,3.0,0.342,0.494,1,2005.9858,5,0.6,0.78,0.184,0.174,0.277,0.851,0.978,1872.42583,1872.49565,1983.6665,16355.5269,3249.2117,2,1872.42583,0.68,1906.47328,0.279,0.0,0.0,0,0.158,1,0,16607,0.738,0.605,0.438,3292.0,3292.0,0.8806,3738.4,0.0,1,1,0.925,1362.075,1,1,0.685,1491.726,1,138.767,0.5,0.5,0.0,0.0,1.0,0.99,0.0,0.5,0.0,0.599,0.54,0.5,0.522,0.0,0.421,0.0,0,0,0.349,0.8,0.0,1.0,0.093,0.362,0.505,0.0,0.553,0.0,0.0,0.0,0.0
0,2024.03.25 16:36:40,XAUEURm,MEAN_REVERSION,BUY,4,2009.48,2006.489,2012.067,0.86,0.696,2006.9818,2008.7746,2005.9858,1,0.082,0.664,-0.2123,2002.39855,2006.223,2015.601,1998.929,1,0.0,0.35,0,2006.9818,0.795,0.695,0,0.0,0.0,0.0,0.0,0.0,0,0,0,0.55,0.58,0.1952,0.58,0.751,0,0.75,0,0.946,2006.7826,2003.5954,0.159,0.694,0.0,2,0.25,0,0.75,1.012,3.0,0.337,0.493,1,2008.7746,4,0.6,0.682,0.175,0.174,0.277,0.851,0.974,1872.42583,1872.49565,1983.6665,16355.5269,3249.2117,2,1872.42583,0.68,1906.47328,0.279,0.0,0.0,0,0.158,1,0,16607,0.738,0.605,0.438,3292.0,3292.0,0.8806,3738.4,0.0,1,1,0.925,1362.075,1,1,0.685,1491.726,1,138.498,0.5,0.5,0.0,0.0,1.0,0.0,0.0,0.5,0.0,0.642,0.556,0.5,0.526,0.0,0.439,0.0,0,0,0.367,0.8,0.0,1.0,0.067,0.331,0.48,0.0,0.573,0.0,0.0,0.0,0.0
0,2024.03.25 17:00:20,XAUEURm,BREAKOUT_RETEST,BUY,3,2009.386,2008.271,2011.806,2.17,0.434,2007.02312,2008.5142,2005.8634,1,0.023,1.003,-0.2499,2002.39855,2002.64615,2013.7985,1997.5769,1,0.001,0.4,0,2006.02907,0.764,0.642,0,0.0,0.0,2005.99083,0.0,0.0,0,0,0,0.6,0.615,0.2171,0.615,0.825,0,0.786,0,0.596,2006.5261,2010.33663,0.116,1.141,0.0,2,0.25,0,0.786,0.979,3.0,0.326,0.462,1,2008.5142,4,0.6,0.768,0.152,0.185,0.207,0.914,0.961,1872.42583,1872.49565,1983.6665,16355.5269,3249.2117,2,1872.42583,0.68,1906.47328,0.279,0.0,0.0,0,0.158,1,0,16608,0.738,0.605,0.438,3292.0,3292.0,0.8854,3718.3,0.0,1,1,0.925,1362.075,1,1,0.685,1491.726,1,139.22,0.5,0.5,0.0,0.0,1.0,0.67,0.0,0.5,0.0,0.773,0.363,0.5,0.541,0.0,0.391,0.0,0,0,0.401,0.8,0.0,1.0,0.067,0.293,0.545,0.0,0.557,0.0,0.0,0.0,0.0
0,2024.03.25 18:36:40,XAUEURm,MEAN_REVERSION,BUY,3,2007.583,2004.664,2009.94,0.81,0.649,2006.64787,2007.52235,2005.2737,0,0.173,0.101,-0.646,2005.57675,2002.64615,2011.7708,1997.5769,1,0.0,0.45,0,2006.64787,0.697,0.671,0,0.0,0.0,0.0,0.0,0.0,0,0,0,0.975,0.825,0.1967,0.825,0.029,0,0.728,1,0.075,2006.2731,2005.02385,0.543,0.201,0.0,2,0.15,0,0.728,1.337,3.0,0.446,0.442,1,2006.64787,8,0.739,0.0,0.351,0.247,0.053,0.935,0.899,1872.42583,1872.49565,1983.6665,16355.5269,3249.2117,2,1872.42583,0.68,1906.47328,0.279,0.0,0.0,0,0.158,1,0,16609,0.738,0.605,0.438,3292.0,3292.0,0.9024,3648.1,0.0,1,1,0.925,1362.075,1,1,0.685,1491.726,1,141.403,0.5,0.5,0.0,0.0,1.0,0.07,0.0,0.5,0.0,0.95,0.416,0.5,0.537,0.0,0.316,0.0,0,0,0.338,0.534,0.0,1.0,0.1,0.213,0.399,0.0,0.494,0.0,0.0,0.0,0.0
14842,2024.03.25 19:55:40,XAUEURm,SWEEP_REVERSAL,BUY,3,2004.372,2000.77,2007.469,0.86,0.263,2006.00733,2007.4453,2004.56935,0,0.033,1.121,-1.3678,2005.29115,2004.67385,2011.7708,1997.5769,1,0.001,0.55,0,2004.17718,0.746,0.304,0,0.0,0.0,0.0,0.0,0.0,0,0,0,1.0,0.685,0.1335,0.685,0.192,0,0.796,0,0.745,2004.17718,2007.57602,0.86,1.803,0.0,2,0.25,0,0.796,1.264,3.0,0.421,0.516,2,2004.17718,8,0.749,0.0,0.342,0.206,0.237,0.907,0.783,1872.42583,1872.49565,1983.6665,16355.5269,3249.2117,2,1872.42583,0.68,1906.47328,0.279,0.0,0.0,0,0.158,1,0,16610,0.729,0.604,0.438,3292.0,3292.0,0.9138,3602.5,0.0,1,1,0.925,1362.075,1,1,0.685,1491.726,1,142.303,0.5,0.5,0.0,0.0,1.0,0.0,0.0,0.5,0.0,0.52,0.316,0.5,0.535,0.0,0.356,0.0,0,0,0.413,0.667,0.0,1.0,0.067,0.275,0.255,0.0,0.542,0.0,0.0,0.0,0.0
0,2024.03.25 20:45:40,XAUEURm,MEAN_REVERSION,BUY,3,2005.055,2002.129,2007.723,0.91,0.62,2004.43113,2007.4295,2003.902,0,0.69,0.401,-0.7295,2005.29115,2004.67385,2011.7708,1997.5769,1,0.001,0.5,0,2004.43113,0.701,0.439,0,0.0,0.0,0.0,0.0,0.0,0,0,0,1.0,0.6445,0.0406,0.645,0.24,2,0.616,0,0.436,2004.25475,2001.25637,0.681,0.139,0.0,2,0.25,0,0.616,1.242,3.0,0.414,0.44,1,2004.43113,8,0.74,0.0,0.328,0.193,0.175,0.99,0.86,1874.45673,1872.07025,1983.6665,17028.8674,673.3405,2,1871.17145,0.676,1936.87706,0.283,0.0,0.0,0,0.177,1,0,16611,0.729,0.604,0.438,3292.0,3292.0,0.9001,3657.5,0.0,1,1,0.925,1362.075,1,1,0.685,1491.726,1,140.35,0.5,0.5,0.0,0.0,1.0,0.09,0.0,0.5,0.0,0.664,0.712,0.5,0.511,0.0,0.333,0.0,0,0,0.414,0.542,0.0,1.0,0.1,0.358,0.308,0.0,0.503,0.0,0.0,0.0,0.0
0,2024.03.26 00:00:00,XAUEURm,ANCHORED_PULLBACK,BUY,1,2006.784,2006.642,2008.708,13.52,0.38,2002.6266,2003.0336,2001.5684,0,0.221,0.138,0.2724,2002.81795,2005.96422,2009.87135,1998.9314,1,0.001,0.45,0,2002.6266,0.714,0.405,0,0.0,0.0,2002.39678,0.0,0.0,0,0,0,0.55,-0.58,-0.2248,0.58,0.313,2,0.593,0,0.718,2002.6266,2003.6034,0.272,0.035,-0.3991,1,0.4,0,0.593,1.209,3.0,0.403,0.43,1,2001.5684,5,0.6,0.455,0.666,0.174,0.284,0.889,0.824,1871.78744,1872.07025,1983.6665,16912.7326,-116.1348,1,1871.78744,0.675,1908.57085,0.286,0.0,0.0,0,0.181,1,0,16614,0.729,0.604,0.438,3292.0,3292.0,1.0364,3176.5,0.0,1,1,0.925,1362.075,1,1,0.685,1491.726,1,162.146,0.503,0.497,0.0,1.0,1.0,0.89,0.0,0.5,0.0,0.649,0.636,0.5,0.53,0.0,0.355,0.0,0,0,0.383,0.631,0.0,0.993,0.1,0.093,0.54,0.0,0.49,0.0,0.0,0.0,0.0
0,2024.03.26 01:13:59,XAUEURm,MEAN_REVERSION,BUY,1,2005.326,2002.91,2007.344,0.83,0.66,2002.65113,2004.0515,2002.23925,0,0.014,0.341,-0.2043,2002.81795,2002.83853,2009.87135,1998.9314,1,0.0,0.55,0,2002.65113,0.723,0.272,0,0.0,0.0,0.0,0.0,0.0,0,0,0,0.9,-0.615,-0.222,0.615,0.469,0,0.691,0,0.692,2002.56875,2001.33313,0.177,0.232,0.0,2,0.25,0,0.691,1.139,3.0,0.38,0.463,1,2004.0515,4,0.6,0.646,0.259,0.185,0.226,0.871,0.864,1871.78744,1872.07025,1983.6665,16912.7326,-116.1348,1,1871.78744,0.675,1908.57085,0.286,0.0,0.0,0,0.181,1,0,16615,0.729,0.604,0.438,3292.0,3292.0,1.0899,3020.6,0.0,1,1,0.925,1362.075,1,1,0.685,1491.726,1,170.034,0.503,0.497,0.0,1.0,1.0,0.66,0.0,0.5,0.0,0.467,0.396,0.5,0.479,0.0,0.384,0.0,0,0,0.36,0.863,0.105,0.913,0.175,0.267,0.392,0.0,0.53,0.0,0.0,0.0,0.0
0,2024.03.26 01:42:40,XAUEURm,SWEEP_REVERSAL,BUY,1,2002.902,1999.881,2005.943,1.01,0.252,2002.65113,2004.0515,2002.23925,0,0.014,0.341,-1.0068,2002.81795,2002.83853,2009.87135,1998.9314,1,0.001,0.55,0,2002.65113,0.723,0.272,0,0.0,0.0,0.0,0.0,0.0,0,0,0,0.9,-0.615,-0.222,0.615,0.076,0,0.691,0,0.692,2002.56875,2001.33313,0.98,0.57,0.0,2,0.25,0,0.691,1.316,3.0,0.439,0.484,1,2002.65113,8,0.745,0.0,0.377,0.185,0.226,0.871,0.864,1871.78744,1872.07025,1983.6665,16912.7326,-116.1348,1,1871.78744,0.675,1908.57085,0.286,0.0,0.0,0,0.181,1,0,16615,0.729,0.604,0.438,3292.0,3292.0,1.0899,3020.6,0.0,1,1,0.925,1362.075,1,1,0.685,1491.726,1,169.232,0.503,0.497,0.0,1.0,1.0,0.0,0.0,0.5,0.0,0.704,0.203,0.5,0.54,0.0,0.362,0.0,0,0,0.485,0.647,0.178,1.0,0.191,0.25,0.203,0.0,0.559,0.0,0.0,0.0,0.0
0,2024.03.26 03:13:59,XAUEURm,MEAN_REVERSION,BUY,1,2003.111,2000.678,2006.606,1.44,0.586,2003.31385,2004.0761,2000.4173,0,0.072,0.473,-1.149,2003.11375,2002.83853,2009.87135,1998.9314,1,0.001,0.6,2,2003.31385,0.769,0.066,0,0.0,0.0,0.0,0.0,0.0,0,0,0,1.0,-0.86,-0.1532,0.86,0.468,2,0.582,3,0.415,2000.26485,1998.8928,0.147,0.305,0.0,2,0.0,0,0.582,1.139,3.0,0.38,0.436,1,2003.31385,8,0.754,0.707,0.16,0.258,0.0,0.843,0.804,1871.78744,1872.07025,1983.6665,16912.7326,-116.1348,1,1871.78744,0.675,1908.57085,0.286,0.0,0.0,0,0.181,1,0,16617,0.729,0.604,0.438,3292.0,3292.0,1.0823,3041.6,0.0,1,1,0.925,1362.075,1,1,0.685,1491.726,0,168.132,0.503,0.497,0.0,1.0,0.5,0.17,0.0,0.5,0.0,0.776,0.467,0.5,0.554,0.0,0.372,0.0,0,0,0.334,0.691,0.0,1.0,0.1,0.599,0.292,0.0,0.543,0.0,0.0,0.0,0.0
0,2024.03.26 05:36:40,XAUEURm,BREAKOUT_RETEST,BUY,1,2004.56,2003.814,2005.951,1.86,0.525,2001.15857,2001.7837,2000.03335,1,0.159,0.343,0.044,2002.46965,2002.83853,2008.3085,1998.9314,1,0.001,0.35,0,2001.15857,0.8,0.0,1,0.0,0.0,0.0,0.0,0.0,0,0,0,0.8,-0.755,-0.1329,0.755,0.944,0,0.719,0,0.671,2001.40863,2002.90892,0.057,0.66,0.0,2,0.25,4,0.616,1.225,3.0,0.408,0.458,1,2000.03335,5,0.6,0.887,0.117,0.226,0.222,0.918,0.938,1873.80534,1871.26672,1983.6665,17643.1987,730.4661,2,1870.5767,0.666,1909.32035,0.288,0.0,0.0,0,0.185,1,0,16619,0.729,0.604,0.438,3292.0,3292.0,1.3242,2486.0,0.0,1,1,0.925,1362.075,1,1,0.685,1491.726,-1,206.289,0.5,0.5,0.0,0.0,0.0,0.24,0.0,0.5,0.0,0.389,0.413,0.5,0.492,0.0,0.393,0.0,0,0,0.357,0.788,0.0,0.815,0.1,0.28,0.496,0.0,0.53,0.0,0.0,0.0,0.0
0,2024.03.26 06:49:40,XAUEURm,SWEEP_REVERSAL,BUY,1,2002.753,2000.436,2004.653,0.82,0.294,2001.51097,2002.1853,2000.3871,0,0.011,0.269,-0.8848,2002.46965,2002.83853,2008.3085,1998.9314,1,0.001,0.6,0,2001.36112,0.783,0.646,0,0.0,0.0,0.0,0.0,0.0,0,0,0,0.8,-0.79,-0.1088,0.79,0.114,0,0.715,0,0.512,2001.43605,1999.63785,0.852,0.076,0.0,2,0.4,0,0.715,1.299,3.0,0.433,0.454,1,2001.36112,8,0.757,0.0,0.426,0.237,0.242,0.961,0.831,1873.80534,1871.26672,1983.6665,17643.1987,730.4661,2,1870.5767,0.666,1909.32035,0.288,0.0,0.0,0,0.185,1,0,16620,0.746,0.592,0.439,3292.0,3292.0,1.4209,2316.8,0.0,1,1,0.925,1362.075,1,1,0.685,1491.726,-1,220.576,0.5,0.5,0.0,0.0,0.0,0.0,0.0,0.5,0.0,0.717,0.502,0.5,0.495,0.0,0.443,0.0,0,0,0.327,0.52,0.0,1.0,0.1,0.335,0.261,0.0,0.575,0.0,0.0,0.0,0.0
0,2024.03.26 07:14:20,XAUEURm,MEAN_REVERSION,BUY,1,2002.166,2000.33,2004.677,1.37,0.641,2001.38455,2002.3157,2000.792,0,0.628,0.035,-1.094,2002.46965,2002.83853,2008.3085,1998.9314,0,0.002,0.45,0,2001.38455,0.795,0.451,0,0.0,0.0,1999.4476,0.0,0.0,0,0,0,1.0,-0.825,-0.0618,0.825,0.028,0,0.724,2,0.173,2001.4692,1999.2683,1.131,0.172,0.0,2,0.4,0,0.724,1.337,3.0,0.446,0.417,1,2001.38455,8,0.759,0.0,0.452,0.247,0.14,0.947,0.932,1873.80534,1871.26672,1983.6665,17643.1987,730.4661,2,1870.5767,0.666,1909.32035,0.288,0.0,0.0,0,0.185,1,0,16621,0.746,0.592,0.439,3292.0,3292.0,1.4345,2294.9,0.0,1,1,0.925,1362.075,1,1,0.685,1491.726,-1,222.421,0.5,0.5,0.0,0.0,0.0,0.07,0.0,0.5,0.0,1.0,0.479,0.5,0.543,0.0,0.478,0.0,0,0,0.367,0.382,0.0,1.0,0.1,0.267,0.152,0.0,0.582,0.0,0.0,0.0,0.0
14844,2024.03.26 10:00:00,XAUEURm,ANCHORED_PULLBACK,BUY,2,2020.554,2015.836,2024.507,0.84,0.794,2000.04308,2007.3624,1998.354,0,3.199,0.401,4.7535,2002.2366,2002.83853,2008.3085,1998.9314,0,0.004,0.4,2,2000.04308,0.748,0.543,0,0.0,0.0,2016.92313,0.0,0.0,0,0,1,0.675,0.685,0.0641,0.685,0.308,1,0.253,3,0.667,2005.67332,2015.24475,3.199,0.557,1.4347,0,0.0,2,1.0,1.772,3.199,0.554,0.626,2,2005.67332,2,0.55,0.0,0.208,0.906,0.0,0.686,0.971,1874.43023,1872.81836,1983.56182,18556.6545,913.4558,2,1871.4099,0.692,1937.85735,0.288,0.0,0.0,0,0.208,1,0,16624,0.746,0.592,0.439,3292.0,3292.0,0.9088,3622.4,0.0,1,1,0.925,1362.075,1,1,0.685,1491.726,0,145.99,0.5,0.5,0.0,0.0,0.5,0.49,0.0,0.5,0.0,0.375,0.442,0.5,0.475,0.0,0.467,0.0,0,0,0.364,0.326,0.0,0.421,0.143,1.0,0.742,0.0,0.43,0.0,0.0,0.0,0.0
14846,2024.03.26 10:21:40,XAUEURm,PULLBACK,BUY,2,2021.038,2015.604,2031.905,2.0,0.379,2000.04308,2007.3624,1998.354,0,3.199,0.401,4.8871,2002.2366,2002.83853,2008.3085,1998.9314,0,0.004,0.4,2,2000.04308,0.748,0.543,0,0.0,0.0,2016.92313,0.0,0.0,0,0,1,0.675,0.685,0.0641,0.685,0.168,2,0.5,3,0.667,2005.67332,2019.74895,3.333,0.553,0.0,2,0.0,0,0.5,1.416,3.333,0.425,0.459,1,2005.67332,2,0.55,0.0,0.25,0.206,0.0,0.686,0.942,1874.43023,1872.81836,1983.56182,18556.6545,913.4558,2,1871.4099,0.692,1937.85735,0.288,0.0,0.0,0,0.208,1,0,16624,0.746,0.592,0.439,3292.0,3292.0,0.9088,3622.4,0.0,1,1,0.925,1362.075,1,1,0.685,1491.726,0,146.124,0.5,0.5,0.0,0.0,0.5,0.8,0.0,0.5,0.0,0.958,0.486,0.5,0.506,0.0,0.489,0.0,0,0,0.356,0.295,0.0,0.428,0.143,1.0,0.863,0.0,0.505,0.0,0.0,0.0,0.0
14848,2024.03.26 11:05:00,XAUEURm,BREAKOUT_RETEST,BUY,2,2026.762,2020.279,2039.049,1.9,0.508,2017.3838,2024.602,2002.2912,1,1.335,0.318,1.5328,2002.88882,2003.05465,2008.641,1999.0644,0,0.005,0.85,0,2002.9474,0.705,0.0,1,0.0,0.0,2017.96513,0.0,0.0,0,0,1,0.75,0.72,0.2876,0.72,0.074,2,0.518,3,0.561,2017.3838,2022.6334,1.533,0.211,0.0,2,0.0,0,0.518,1.317,3.0,0.439,0.478,1,2017.3838,1,0.7,0.0,0.278,0.216,0.0,1.0,0.894,1874.43023,1872.81836,1983.56182,18556.6545,913.4558,2,1871.4099,0.692,1937.85735,0.288,0.0,0.0,0,0.208,1,0,16625,0.746,0.592,0.439,3292.0,3292.0,0.8291,3970.6,0.0,1,1,0.925,1362.075,1,1,0.685,1491.726,0,134.75,0.5,0.5,0.0,0.0,0.5,0.87,0.0,0.5,0.0,0.611,0.628,0.5,0.43,0.0,0.433,0.0,0,0,0.379,0.218,0.0,0.333,0.143,1.0,0.76,0.0,0.501,0.0,0.0,0.0,0.0
14850,2024.03.26 11:34:40,XAUEURm,BREAKOUT,BUY,2,2023.717,2020.279,2027.238,1.02,0.344,2017.3838,2024.602,2002.2912,1,1.335,0.318,0.7659,2002.88882,2003.05465,2008.641,1999.0644,0,0.004,0.85,0,2002.9474,0.705,0.0,1,0.0,0.0,2017.96513,0.0,0.0,0,0,1,0.75,0.72,0.2876,0.72,0.117,2,0.518,3,0.561,2017.3838,2022.6334,0.766,0.556,0.0,2,0.0,0,0.518,1.297,3.0,0.432,0.476,1,2017.3838,1,0.7,0.0,0.265,0.216,0.0,1.0,0.894,1874.43023,1872.81836,1983.56182,18556.6545,913.4558,2,1871.4099,0.692,1937.85735,0.288,0.0,0.0,0,0.208,1,0,16625,0.746,0.592,0.439,3292.0,3292.0,0.8291,3970.6,0.0,1,1,0.925,1362.075,1,1,0.685,1491.726,0,133.983,0.5,0.5,0.0,0.0,0.5,0.0,0.0,0.5,0.0,0.947,0.301,0.5,0.472,0.0,0.342,0.0,0,0,0.398,0.227,0.0,0.38,0.143,1.0,0.719,0.0,0.501,0.0,0.0,0.0,0.0
14852,2024.03.26 12:00:20,XAUEURm,TREND_CONTINUATION,BUY,2,2025.309,2020.329,2035.683,2.08,0.406,2017.1218,2024.602,2008.4908,1,0.299,1.408,1.1796,2002.88882,2003.05465,2008.641,1999.0644,0,0.005,0.7,0,2017.1218,0.748,0.527,0,0.0,0.0,0.0,0.0,0.0,0,0,1,0.55,0.755,0.5007,0.755,0.813,2,0.581,3,0.738,2020.5742,2014.8202,0.348,1.734,0.0,2,0.0,0,0.581,0.984,3.0,0.328,0.449,1,2020.5742,2,0.55,0.305,0.056,0.226,0.0,0.771,0.848,1871.68182,1872.12923,1983.73639,15354.3051,-3202.3494,1,1871.68182,0.644,1908.53006,0.294,0.0,0.0,0,0.044,1,0,16626,0.746,0.592,0.439,3292.0,3292.0,0.7933,4149.7,0.0,1,1,0.925,1362.075,1,1,0.685,1491.726,0,128.583,0.604,0.396,0.0,1.0,0.5,0.97,0.0,0.5,0.0,0.653,0.388,0.5,0.497,0.0,0.391,0.0,0,0,0.373,0.582,0.0,0.342,0.124,1.0,0.707,0.0,0.556,0.0,0.0,0.0,0.0
0,2024.03.26 12:21:40,XAUEURm,PULLBACK,BUY,2,2022.777,2019.999,2035.226,4.48,0.502,2017.1218,2024.602,2008.4908,1,0.299,1.408,0.5695,2002.88882,2003.05465,2008.641,1999.0644,0,0.004,0.7,0,2017.1218,0.748,0.527,0,0.0,0.0,0.0,0.0,0.0,0,0,1,0.55,0.755,0.5007,0.755,0.275,2,0.581,3,0.738,2020.5742,2014.8202,0.262,1.124,0.0,2,0.0,0,0.581,1.226,3.0,0.409,0.477,1,2017.1218,8,0.75,0.475,0.217,0.226,0.0,0.771,0.848,1871.68182,1872.12923,1983.73639,15354.3051,-3202.3494,1,1871.68182,0.644,1908.53006,0.294,0.0,0.0,0,0.044,1,0,16626,0.746,0.592,0.439,3292.0,3292.0,0.7933,4149.7,0.0,1,1,0.925,1362.075,1,1,0.685,1491.726,0,127.973,0.604,0.396,0.0,1.0,0.5,0.0,0.0,0.5,0.0,0.607,0.493,0.5,0.5,0.0,0.361,0.0,0,0,0.299,0.469,0.0,0.38,0.095,0.791,0.65,0.0,0.53,0.0,0.0,0.0,0.0
14854,2024.03.26 13:00:40,XAUEURm,SWEEP_REVERSAL,BUY,4,2015.769,2011.138,2020.767,1.08,0.167,2021.48403,2023.71115,2016.58435,0,0.524,0.139,-1.9448,2002.88882,2003.05465,2008.641,1999.0644,0,0.002,0.4,2,2021.48403,0.749,0.597,0,0.0,0.0,2014.2414,0.0,0.0,0,0,1,0.6,0.79,0.5595,0.79,0.189,2,0.62,3,0.435,2017.4752,2011.68467,1.079,0.171,0.0,2,0.15,0,0.62,1.265,3.0,0.422,0.434,1,2017.4752,2,0.55,0.0,0.303,0.237,0.053,0.793,0.855,1871.68182,1872.12923,1983.73639,15354.3051,-3202.3494,1,1871.68182,0.644,1908.53006,0.294,0.0,0.0,0,0.044,1,0,16627,0.746,0.592,0.439,3292.0,3292.0,0.7108,4631.4,0.0,1,1,0.925,1362.075,1,1,0.685,1491.726,1,113.149,0.604,0.396,0.0,1.0,1.0,0.0,0.0,0.5,0.0,0.716,0.354,0.5,0.449,0.0,0.332,0.0,0,0,0.355,0.452,0.0,0.571,0.314,0.867,0.401,0.0,0.523,0.0,0.0,0.0,0.0
0,2024.03.26 13:13:40,XAUEURm,BREAKOUT_RETEST,BUY,4,2020.359,2018.97,2024.776,3.18,0.432,2021.48403,2023.71115,2016.58435,1,0.524,0.139,-0.9537,2002.88882,2003.05465,2008.641,1999.0644,0,0.003,0.4,2,2021.48403,0.749,0.597,0,0.0,0.0,2014.2414,0.0,0.0,0,0,1,0.6,0.79,0.5595,0.79,0.759,2,0.62,3,0.435,2017.4752,2015.24807,0.088,0.393,0.0,2,0.15,0,0.62,1.008,3.0,0.336,0.404,1,2021.48403,8,0.75,0.824,0.132,0.237,0.053,0.793,0.873,1871.68182,1872.12923,1983.73639,15354.3051,-3202.3494,1,1871.68182,0.644,1908.53006,0.294,0.0,0.0,0,0.044,1,0,16627,0.746,0.592,0.439,3292.0,3292.0,0.7108,4631.4,0.0,1,1,0.925,1362.075,1,1,0.685,1491.726,1,114.14,0.604,0.396,0.0,1.0,1.0,0.99,0.0,0.5,0.0,0.481,0.493,0.5,0.437,0.0,0.377,0.0,0,0,0.286,0.505,0.0,0.557,0.207,0.551,0.65,0.0,0.554,0.0,0.0,0.0,0.0
14856,2024.03.26 13:14:20,XAUEURm,MEAN_REVERSION,BUY,4,2020.13,2016.425,2024.776,1.25,0.598,2021.48403,2023.71115,2016.58435,1,0.524,0.139,-1.0032,2002.88882,2003.05465,2008.641,1999.0644,0,0.003,0.4,2,2021.48403,0.749,0.597,0,0.0,0.0,2014.2414,0.0,0.0,0,0,1,0.6,0.79,0.5595,0.79,0.759,2,0.62,3,0.435,2017.4752,2015.24807,0.138,0.343,0.0,2,0.15,0,0.62,1.008,3.0,0.336,0.404,1,2021.48403,8,0.75,0.725,0.132,0.237,0.053,0.793,0.873,1871.68182,1872.12923,1983.73639,15354.3051,-3202.3494,1,1871.68182,0.644,1908.53006,0.294,0.0,0.0,0,0.044,1,0,16627,0.746,0.592,0.439,3292.0,3292.0,0.7108,4631.4,0.0,1,1,0.925,1362.075,1,1,0.685,1491.726,1,114.091,0.604,0.396,0.0,1.0,1.0,0.95,0.0,0.5,0.0,0.481,0.516,0.5,0.437,0.0,0.377,0.0,0,0,0.291,0.505,0.0,0.557,0.207,0.551,0.65,0.0,0.554,0.0,0.0,0.0,0.0
14858,2024.03.26 14:00:20,XAUEURm,TREND_CONTINUATION,BUY,4,2013.527,2007.198,2020.858,1.16,0.519,2021.52392,2023.72255,2016.68695,0,1.237,0.236,-2.1404,2002.88882,2003.05465,2008.641,1999.0644,0,0.001,0.4,2,2021.52392,0.8,0.202,0,0.0,0.0,2015.03813,0.0,0.0,0,0,1,0.975,0.65,0.4769,0.65,0.175,0,0.665,2,0.208,2017.5664,2012.2897,1.39,0.39,0.0,2,0.4,0,0.665,1.271,3.0,0.424,0.365,1,2017.5664,2,0.55,0.0,0.407,0.195,0.14,0.674,0.944,1871.68182,1872.12923,1983.73639,15354.3051,-3202.3494,1,1871.68182,0.644,1908.53006,0.294,0.0,0.0,0,0.044,1,0,16628,0.746,0.592,0.439,3292.0,3292.0,0.6242,5274.1,0.0,1,1,0.925,1362.075,1,1,0.685,1491.726,1,98.936,0.604,0.396,0.0,1.0,1.0,0.57,0.0,0.5,0.0,0.6,0.594,0.5,0.479,0.0,0.396,0.0,0,0,0.358,0.202,0.0,1.0,0.355,0.322,0.347,0.0,0.52,0.0,0.0,0.0,0.0
14860,2024.03.26 14:34:00,XAUEURm,PULLBACK,BUY,4,2013.097,2005.186,2024.816,1.48,0.442,2021.52392,2023.72255,2016.68695,0,1.237,0.236,-2.222,2002.88882,2003.05465,2008.641,1999.0644,0,0.001,0.4,2,2021.52392,0.8,0.202,0,0.0,0.0,2015.03813,0.0,0.0,0,0,1,0.975,0.65,0.4769,0.65,0.175,0,0.665,2,0.208,2017.5664,2007.89245,1.472,0.363,0.0,2,0.4,0,0.665,1.271,3.0,0.424,0.365,1,2021.52392,8,0.76,0.0,0.407,0.195,0.14,0.674,0.907,1871.68182,1872.12923,1983.73639,15354.3051,-3202.3494,1,1871.68182,0.644,1908.53006,0.294,0.0,0.0,0,0.044,1,0,16628,0.746,0.592,0.439,3292.0,3292.0,0.6242,5274.1,0.0,1,1,0.925,1362.075,1,1,0.685,1491.726,1,98.854,0.604,0.396,0.0,1.0,1.0,0.12,0.0,0.5,0.0,0.625,0.475,0.5,0.484,0.0,0.379,0.0,0,0,0.312,0.202,0.0,1.0,0.355,0.317,0.343,0.0,0.52,0.0,0.0,0.0,0.0
14862,2024.03.26 15:00:40,XAUEURm,SWEEP_REVERSAL,BUY,4,2013.931,2008.465,2024.386,1.91,0.242,2021.0941,2024.081,2012.1334,0,0.501,0.032,-1.9127,2002.88882,2003.05465,2008.641,1999.0644,0,0.001,0.7,2,2021.0941,0.8,0.107,0,0.0,0.0,2009.95937,0.0,0.0,0,0,0,1.0,0.685,0.3861,0.685,0.673,2,0.556,3,0.605,2011.28,2007.8664,0.117,0.507,0.0,2,0.4,0,0.556,1.047,3.0,0.349,0.349,0,2021.0941,8,0.76,0.765,0.258,0.206,0.14,0.575,0.891,1871.68182,1872.12923,1983.73639,15354.3051,-3202.3494,1,1871.68182,0.644,1908.53006,0.294,0.0,0.0,0,0.044,1,0,16629,0.746,0.592,0.439,3292.0,3292.0,0.6022,5466.2,0.0,1,1,0.925,1362.075,1,1,0.685,1491.726,1,95.533,0.604,0.396,0.0,1.0,1.0,0.54,0.0,0.5,0.0,0.984,0.543,0.5,0.492,0.0,0.429,0.0,0,0,0.345,0.398,0.0,1.0,0.355,0.371,0.65,0.0,0.525,0.0,0.0,0.0,0.0
14864,2024.03.26 15:14:20,XAUEURm,MEAN_REVERSION,BUY,4,2008.579,2004.206,2014.572,1.37,0.575,2021.0941,2024.081,2012.1334,0,0.501,0.032,-2.8918,2002.88882,2003.05465,2008.641,1999.0644,1,0.0,0.7,2,2021.0941,0.8,0.107,0,0.0,0.0,2009.95937,0.0,0.0,0,0,0,1.0,0.685,0.3861,0.685,0.042,2,0.556,3,0.605,2011.28,2007.8664,1.096,0.472,0.0,2,0.4,0,0.556,1.331,3.0,0.444,0.382,1,2011.28,2,0.55,0.0,0.447,0.206,0.14,0.575,0.891,1871.68182,1872.12923,1983.73639,15354.3051,-3202.3494,1,1871.68182,0.644,1908.53006,0.294,0.0,0.0,0,0.044,1,0,16629,0.746,0.592,0.439,3292.0,3292.0,0.6022,5466.2,0.0,1,1,0.925,1362.075,1,1,0.685,1491.726,1,94.554,0.604,0.396,0.0,1.0,1.0,0.02,0.0,0.5,0.0,0.73,0.319,0.5,0.425,0.0,0.318,0.0,0,0,0.363,0.337,0.0,1.0,0.303,0.363,0.265,0.0,0.498,0.0,0.0,0.0,0.0
14866,2024.03.26 16:00:00,XAUEURm,BREAKOUT_RETEST,BUY,4,2010.027,2006.592,2024.545,4.23,0.592,2011.11058,2015.45735,2003.86595,1,0.602,0.421,-0.7728,2002.88882,2003.05465,2008.641,2000.6605,1,0.001,0.6,0,2012.07653,0.718,0.533,0,0.0,0.0,2005.5657,0.0,0.0,0,0,0,1.0,0.72,0.243,0.72,0.55,2,0.623,0,0.469,2011.11058,2003.86595,0.773,0.507,0.0,2,0.25,0,0.623,1.103,3.0,0.368,0.423,1,2003.86595,5,0.6,0.0,0.235,0.216,0.181,0.944,0.884,1873.86969,1873.507,1983.73639,14082.3235,-1271.9815,1,1872.38194,0.634,1906.20862,0.294,0.0,0.0,0,0.171,1,0,16630,0.744,0.588,0.439,3292.0,3292.0,0.5814,5661.8,0.0,1,1,0.925,1362.075,1,1,0.685,1491.726,1,91.544,0.545,0.455,0.0,1.0,1.0,0.8,0.0,0.5,0.0,0.736,0.525,0.5,0.502,0.0,0.361,0.0,0,0,0.31,0.664,0.0,1.0,0.328,0.646,0.573,0.0,0.518,0.0,0.0,0.0,0.0
14868,2024.03.26 16:00:20,XAUEURm,TREND_CONTINUATION,BUY,4,2009.727,2002.933,2023.881,2.08,0.553,2011.11058,2015.45735,2003.86595,1,0.602,0.421,-0.8258,2002.88882,2003.05465,2008.641,2000.6605,1,0.001,0.6,0,2012.07653,0.718,0.533,0,0.0,0.0,2005.5657,0.0,0.0,0,0,0,1.0,0.72,0.243,0.72,0.55,2,0.623,0,0.469,2011.11058,2003.86595,0.826,0.454,0.0,2,0.25,0,0.623,1.103,3.0,0.368,0.423,1,2003.86595,5,0.6,0.0,0.235,0.216,0.181,0.944,0.884,1873.86969,1873.507,1983.73639,14082.3235,-1271.9815,1,1872.38194,0.634,1906.20862,0.294,0.0,0.0,0,0.171,1,0,16630,0.744,0.588,0.439,3292.0,3292.0,0.5814,5661.8,0.0,1,1,0.925,1362.075,1,1,0.685,1491.726,1,91.491,0.545,0.455,0.0,1.0,1.0,0.69,0.0,0.5,0.0,0.736,0.516,0.5,0.502,0.0,0.361,0.0,0,0,0.304,0.664,0.0,1.0,0.328,0.646,0.573,0.0,0.522,0.0,0.0,0.0,0.0
0,2024.03.26 17:00:40,XAUEURm,PULLBACK,BUY,3,2011.568,2008.619,2016.352,1.62,0.568,2008.5445,2011.9312,2005.9104,1,0.025,0.75,-0.0461,2002.88882,2003.05465,2008.641,2000.6605,1,0.001,0.4,0,2008.5445,0.8,0.478,0,0.0,0.0,0.0,0.0,0.0,0,0,1,0.8,0.93,0.1151,0.93,1.0,0,0.697,1,0.051,2008.1682,2004.0289,0.018,0.728,0.0,2,0.0,0,0.697,0.9,3.0,0.3,0.376,1,2005.9104,5,0.6,0.963,0.0,0.279,0.0,0.721,0.917,1873.86969,1873.507,1983.73639,14082.3235,-1271.9815,1,1872.38194,0.634,1906.20862,0.294,0.0,0.0,0,0.171,1,0,16631,0.744,0.588,0.439,3292.0,3292.0,0.5646,5830.2,0.0,1,1,0.925,1362.075,1,1,0.685,1491.726,1,89.163,0.545,0.455,0.0,1.0,1.0,0.1,0.0,0.5,0.0,0.849,0.606,0.5,0.562,0.0,0.393,0.0,0,0,0.389,0.816,0.0,0.99,0.31,0.551,0.492,0.0,0.539,0.0,0.0,0.0,0.0
0,2024.03.26 17:42:40,XAUEURm,BREAKOUT,BUY,3,2011.829,2008.619,2016.352,1.41,0.334,2008.5445,2011.9312,2005.9104,1,0.025,0.75,-0.0013,2002.88882,2003.05465,2008.641,2000.6605,1,0.001,0.4,0,2008.5445,0.8,0.478,0,0.0,0.0,0.0,0.0,0.0,0,0,1,0.8,0.93,0.1151,0.93,1.0,0,0.697,1,0.051,2008.1682,2004.0289,0.063,0.773,0.0,2,0.0,0,0.697,0.9,3.0,0.3,0.376,1,2005.9104,5,0.6,0.873,0.0,0.279,0.0,0.721,0.917,1873.86969,1873.507,1983.73639,14082.3235,-1271.9815,1,1872.38194,0.634,1906.20862,0.294,0.0,0.0,0,0.171,1,0,16631,0.744,0.588,0.439,3292.0,3292.0,0.5646,5830.2,0.0,1,1,0.925,1362.075,1,1,0.685,1491.726,1,89.208,0.545,0.455,0.0,1.0,1.0,0.24,0.0,0.5,0.0,0.673,0.462,0.5,0.534,0.0,0.466,0.0,0,0,0.369,0.816,0.0,0.99,0.31,0.464,0.496,0.0,0.539,0.0,0.0,0.0,0.0
14870,2024.03.27 00:00:00,XAUEURm,BREAKOUT,BUY,1,2013.709,2005.607,2027.213,1.67,0.626,2009.42522,2010.23495,2008.1528,0,0.141,0.073,0.1836,2009.46857,2002.75413,2009.5345,2000.494,0,0.001,0.45,0,2009.42522,0.752,0.408,0,0.0,0.0,0.0,0.0,0.0,0,0,1,1.0,-0.86,-0.0667,0.86,0.187,0,0.731,0,0.39,2009.42522,2010.81333,0.184,0.073,0.079,0,0.15,2,0.746,1.716,3.0,0.572,0.504,2,2008.1528,5,0.6,0.633,0.304,0.958,0.13,0.729,0.963,1873.11063,1873.02733,1983.73639,14465.1537,-246.0354,1,1872.38194,0.632,1906.20862,0.298,0.0,0.0,0,0.135,1,0,16637,0.744,0.588,0.439,3292.0,3292.0,0.6094,5401.6,0.0,1,1,0.925,1362.075,1,1,0.685,1491.726,1,96.634,0.509,0.491,0.0,1.0,1.0,0.59,0.0,0.5,0.0,0.851,0.736,0.5,0.577,0.0,0.517,0.0,0,0,0.522,0.482,0.0,1.0,0.295,0.473,0.65,0.0,0.456,0.0,0.0,0.0,0.0
14872,2024.03.27 01:00:00,XAUEURm,MEAN_REVERSION,BUY,1,2012.599,2008.977,2019.39,1.88,0.734,2009.267,2010.5716,2008.9112,1,0.009,0.358,0.0088,2009.46857,2002.75413,2009.5345,2000.494,1,0.001,0.35,0,2009.5042,0.745,0.66,0,0.0,0.0,0.0,0.0,0.0,0,0,0,0.062,0.0,0.0015,0.297,1.0,0,0.806,2,0.386,2009.3856,2008.081,0.017,0.271,-0.0932,1,0.3,1,0.879,0.45,3.0,0.15,0.371,1,0.0,0,0.0,0.965,0.42,0.0,0.105,0.765,0.909,1873.11063,1873.02733,1983.73639,14465.1537,-246.0354,1,1872.38194,0.632,1906.20862,0.298,0.0,0.0,0,0.135,1,0,16638,0.744,0.588,0.439,3292.0,3292.0,0.7272,4527.0,0.0,1,1,0.925,1362.075,1,1,0.685,1491.726,1,115.059,0.509,0.491,0.0,1.0,1.0,0.58,0.0,0.5,0.0,0.443,0.527,0.5,0.574,0.0,0.428,0.0,0,0,0.36,0.8,0.0,0.849,0.135,0.278,0.481,0.0,0.514,0.0,0.0,0.0,0.0
0,2024.03.27 02:28:40,XAUEURm,BREAKOUT_RETEST,BUY,1,2012.656,2011.369,2014.079,1.11,0.388,2009.4578,2010.7866,2009.0954,1,0.324,0.126,-0.0219,2009.5094,2002.75413,2009.5345,2000.494,1,0.002,0.35,0,2009.4578,0.8,0.574,0,0.0,0.0,2007.99965,0.0,0.0,0,0,0,0.566,0.4376,0.0409,0.438,1.0,0,0.737,0,0.622,2009.5786,2008.4914,0.05,0.203,0.0,2,0.4,0,0.737,0.9,3.0,0.3,0.406,1,2010.7866,4,0.6,0.9,0.16,0.131,0.264,0.79,0.914,1873.11063,1873.02733,1983.73639,14465.1537,-246.0354,1,1872.38194,0.632,1906.20862,0.298,0.0,0.0,0,0.135,1,0,16639,0.744,0.588,0.439,3292.0,3292.0,0.7671,4291.4,0.0,1,1,0.925,1362.075,1,1,0.685,1491.726,1,121.391,0.509,0.491,0.0,1.0,1.0,0.99,0.0,0.5,0.0,0.888,0.539,0.5,0.562,0.0,0.417,0.0,0,0,0.359,0.8,0.0,1.0,0.189,0.205,0.546,0.0,0.563,0.0,0.0,0.0,0.0
0,2024.03.27 05:00:00,XAUEURm,BREAKOUT_RETEST,BUY,1,2013.199,2011.78,2016.396,2.25,0.287,2010.56765,2011.6775,2008.8236,1,0.008,0.764,-0.1969,2009.5094,2002.75413,2009.5345,2000.494,0,0.002,0.45,0,2010.56765,0.798,0.3,0,0.0,0.0,0.0,0.0,0.0,0,0,1,0.315,0.5497,0.0331,0.55,0.853,2,0.48,0,0.526,2010.25055,2012.6288,0.102,0.811,0.0,2,0.3,0,0.48,0.966,3.0,0.322,0.372,1,2008.8236,5,0.6,0.795,0.164,0.165,0.21,0.947,0.934,1874.66104,1874.00898,1983.73639,13937.6849,-527.4689,1,1872.38194,0.628,1906.20862,0.3,0.0,0.0,0,0.144,1,0,16642,0.741,0.59,0.434,3292.0,3292.0,0.981,3355.6,0.0,1,1,0.925,1362.075,1,1,0.685,1491.726,1,155.402,0.519,0.481,0.0,1.0,1.0,0.22,0.0,0.5,0.0,0.743,0.414,0.5,0.555,0.0,0.341,0.0,0,0,0.355,0.864,0.0,1.0,0.24,0.392,0.65,0.0,0.555,0.0,0.0,0.0,0.0
0,2024.03.27 05:00:00,XAUEURm,PULLBACK,BUY,1,2013.199,2011.78,2015.762,1.81,0.416,2010.56765,2011.6775,2008.8236,1,0.008,0.764,-0.1969,2009.5094,2002.75413,2009.5345,2000.494,0,0.002,0.45,0,2010.56765,0.798,0.3,0,0.0,0.0,0.0,0.0,0.0,0,0,1,0.315,0.5497,0.0331,0.55,0.853,0,0.764,0,0.526,2010.25055,2012.6288,0.102,0.811,0.0,2,0.0,0,0.764,0.966,3.0,0.322,0.488,1,2008.8236,5,0.6,0.795,0.044,0.165,0.105,0.947,0.934,1874.66104,1874.00898,1983.73639,13937.6849,-527.4689,1,1872.38194,0.628,1906.20862,0.3,0.0,0.0,0,0.144,1,0,16642,0.741,0.59,0.434,3292.0,3292.0,0.981,3355.6,0.0,1,1,0.925,1362.075,1,1,0.685,1491.726,1,155.402,0.519,0.481,0.0,1.0,1.0,0.21,0.0,0.5,0.0,0.743,0.414,0.5,0.555,0.0,0.341,0.0,0,0,0.355,0.873,0.0,1.0,0.26,0.396,0.65,0.0,0.555,0.0,0.0,0.0,0.0
0,2024.03.27 05:13:40,XAUEURm,MEAN_REVERSION,BUY,1,2011.569,2008.884,2013.86,0.85,0.706,2010.56765,2011.6775,2008.8236,0,0.008,0.764,-0.6826,2009.5094,2002.75413,2009.5345,2000.494,1,0.002,0.45,0,2010.56765,0.798,0.3,0,0.0,0.0,0.0,0.0,0.0,0,0,1,0.315,0.5497,0.0331,0.55,0.607,0,0.764,0,0.526,2010.25055,2007.07955,0.588,0.357,0.0,2,0.0,0,0.764,1.077,3.0,0.359,0.501,2,2010.56765,8,0.76,0.0,0.118,0.165,0.105,0.947,0.898,1874.66104,1874.00898,1983.73639,13937.6849,-527.4689,1,1872.38194,0.628,1906.20862,0.3,0.0,0.0,0,0.144,1,0,16642,0.741,0.59,0.434,3292.0,3292.0,0.981,3355.6,0.0,1,1,0.925,1362.075,1,1,0.685,1491.726,1,154.916,0.519,0.481,0.0,1.0,1.0,0.0,0.0,0.5,0.0,0.593,0.361,0.5,0.539,0.0,0.322,0.0,0,0,0.374,0.854,0.0,0.882,0.186,0.375,0.387,0.0,0.544,0.0,0.0,0.0,0.0
14874,2024.03.27 05:37:20,XAUEURm,SWEEP_REVERSAL,BUY,1,2011.069,2007.713,2013.86,0.83,0.154,2010.56765,2011.6775,2008.8236,0,0.008,0.764,-0.8316,2009.5094,2002.75413,2009.5345,2000.494,1,0.001,0.45,0,2010.56765,0.798,0.3,0,0.0,0.0,0.0,0.0,0.0,0,0,1,0.315,0.5497,0.0331,0.55,0.452,0,0.764,0,0.526,2010.25055,2007.07955,0.737,0.208,0.0,2,0.0,0,0.764,1.147,3.0,0.382,0.509,2,2010.56765,8,0.76,0.0,0.165,0.165,0.105,0.947,0.898,1874.66104,1874.00898,1983.73639,13937.6849,-527.4689,1,1872.38194,0.628,1906.20862,0.3,0.0,0.0,0,0.144,1,0,16642,0.741,0.59,0.434,3292.0,3292.0,0.981,3355.6,0.0,1,1,0.925,1362.075,1,1,0.685,1491.726,1,154.767,0.519,0.481,0.0,1.0,1.0,0.0,0.0,0.5,0.0,0.473,0.296,0.5,0.519,0.0,0.319,0.0,0,0,0.406,0.818,0.0,1.0,0.186,0.33,0.365,0.0,0.529,0.0,0.0,0.0,0.0
0,2024.03.27 06:06:40,XAUEURm,BREAKOUT,BUY,1,2013.411,2012.06,2015.473,1.53,0.221,2009.09015,2010.7902,2008.3174,1,0.029,0.929,0.319,2009.5094,2002.75413,2009.5345,2000.494,0,0.002,0.4,0,2009.09015,0.759,0.364,0,0.0,0.0,0.0,0.0,0.0,0,0,0,0.366,0.4111,0.0333,0.411,0.752,0,0.76,0,0.596,2010.01745,2012.6448,0.031,0.783,0.0,2,0.25,0,0.76,1.012,3.0,0.337,0.444,1,2009.09015,8,0.752,0.937,0.174,0.123,0.207,0.794,0.944,1874.66104,1874.00898,1983.73639,13937.6849,-527.4689,1,1872.38194,0.628,1906.20862,0.3,0.0,0.0,0,0.144,1,0,16643,0.741,0.59,0.434,3292.0,3292.0,1.0207,3225.1,0.0,1,1,0.925,1362.075,1,1,0.685,1491.726,0,161.756,0.519,0.481,0.0,1.0,0.5,0.99,0.0,0.5,0.0,0.545,0.535,0.5,0.544,0.0,0.419,0.0,0,0,0.352,0.72,0.0,1.0,0.1,0.388,0.65,0.0,0.548,0.0,0.0,0.0,0.0
14876,2024.03.27 06:08:20,XAUEURm,TREND_CONTINUATION,BUY,1,2013.897,2010.027,2021.96,2.08,0.309,2009.09015,2010.7902,2008.3174,1,0.029,0.929,0.4697,2009.5094,2002.75413,2009.5345,2000.494,0,0.002,0.4,0,2009.09015,0.759,0.364,0,0.0,0.0,0.0,0.0,0.0,0,0,0,0.366,0.4111,0.0333,0.411,0.488,0,0.76,0,0.596,2010.01745,2012.6448,0.182,0.632,0.0,2,0.25,0,0.76,1.13,3.0,0.377,0.458,1,2009.09015,8,0.752,0.636,0.254,0.123,0.207,0.794,0.944,1874.66104,1874.00898,1983.73639,13937.6849,-527.4689,1,1872.38194,0.628,1906.20862,0.3,0.0,0.0,0,0.144,1,0,16643,0.741,0.59,0.434,3292.0,3292.0,1.0207,3225.1,0.0,1,1,0.925,1362.075,1,1,0.685,1491.726,0,161.906,0.519,0.481,0.0,1.0,0.5,0.99,0.0,0.5,0.0,0.641,0.635,0.5,0.544,0.0,0.374,0.0,0,0,0.394,0.787,0.0,0.997,0.13,0.384,0.65,0.0,0.522,0.0,0.0,0.0,0.0
0,2024.03.27 07:00:40,XAUEURm,BREAKOUT_RETEST,BUY,1,2012.431,2011.576,2013.401,1.13,0.341,2010.10855,2010.7943,2008.8742,1,0.134,0.348,-0.3404,2009.5094,2002.75413,2009.5345,2000.494,1,0.002,0.35,0,2010.10855,0.745,0.784,0,0.0,0.0,2009.97388,0.0,0.0,0,0,0,0.404,0.4336,0.0317,0.434,0.567,0,0.786,0,0.803,2009.28565,2007.91415,0.051,0.43,0.0,2,0.25,0,0.786,1.095,3.0,0.365,0.468,1,2010.10855,8,0.749,0.897,0.23,0.13,0.248,0.648,0.986,1874.66104,1874.00898,1983.73639,13937.6849,-527.4689,1,1872.38194,0.628,1906.20862,0.3,0.0,0.0,0,0.144,1,0,16644,0.741,0.59,0.434,3292.0,3292.0,1.1557,2848.4,0.0,1,1,0.925,1362.075,1,1,0.685,1491.726,0,182.804,0.519,0.481,0.0,1.0,0.5,0.19,0.0,0.5,0.0,0.608,0.437,0.5,0.48,0.0,0.416,0.0,0,0,0.348,0.8,0.0,1.0,0.225,0.256,0.431,0.0,0.559,0.0,0.0,0.0,0.0
14878,2024.03.27 07:06:40,XAUEURm,PULLBACK,BUY,1,2013.092,2008.819,2021.637,2.0,0.427,2010.10855,2010.7943,2008.8742,1,0.134,0.348,-0.1083,2009.5094,2002.75413,2009.5345,2000.494,0,0.002,0.35,0,2010.10855,0.745,0.784,0,0.0,0.0,2009.97388,0.0,0.0,0,0,0,0.404,0.4336,0.0317,0.434,0.564,0,0.786,0,0.803,2009.28565,2007.91415,0.181,0.662,0.0,2,0.25,0,0.786,1.096,3.0,0.365,0.468,1,2008.8742,5,0.6,0.639,0.231,0.13,0.248,0.648,0.986,1874.66104,1874.00898,1983.73639,13937.6849,-527.4689,1,1872.38194,0.628,1906.20862,0.3,0.0,0.0,0,0.144,1,0,16644,0.741,0.59,0.434,3292.0,3292.0,1.1557,2848.4,0.0,1,1,0.925,1362.075,1,1,0.685,1491.726,0,183.036,0.519,0.481,0.0,1.0,0.5,0.67,0.0,0.5,0.0,0.662,0.386,0.5,0.485,0.0,0.417,0.0,0,0,0.381,0.864,0.0,1.0,0.225,0.277,0.459,0.0,0.542,0.0,0.0,0.0,0.0
0,2024.03.27 08:06:40,XAUEURm,BREAKOUT,BUY,2,2016.135,2013.601,2023.285,2.82,0.404,2010.1045,2010.717,2008.757,0,0.666,0.019,0.9576,2009.0662,2002.75413,2011.04125,2000.494,0,0.004,0.4,0,2010.1045,0.728,0.183,0,0.0,0.0,2011.28837,0.0,0.0,0,0,1,0.588,0.5822,0.024,0.582,0.094,0,0.733,0,0.662,2010.3495,2012.3095,0.872,0.187,0.0,2,0.15,0,0.733,1.308,3.0,0.436,0.509,2,2010.1045,8,0.746,0.0,0.332,0.175,0.185,0.904,0.846,1873.11063,1873.02733,1983.73639,14679.6999,742.0151,2,1872.38194,0.625,1906.20862,0.302,0.0,0.0,0,0.154,1,0,16645,0.741,0.59,0.434,3292.0,3292.0,1.1511,2859.9,0.0,1,1,0.925,1362.075,1,1,0.685,1491.726,0,183.369,0.5,0.5,0.0,0.0,0.5,0.7,0.0,0.5,0.0,0.833,0.608,0.5,0.478,0.0,0.346,0.0,0,0,0.347,0.436,0.016,0.487,0.196,0.367,0.849,0.0,0.557,0.0,0.0,0.0,0.0
14880,2024.03.27 08:08:20,XAUEURm,TREND_CONTINUATION,BUY,2,2015.957,2012.525,2023.107,2.08,0.42,2010.1045,2010.717,2008.757,0,0.666,0.019,0.8953,2009.0662,2002.75413,2011.04125,2000.494,0,0.003,0.4,0,2010.1045,0.728,0.183,0,0.0,0.0,2011.28837,0.0,0.0,0,0,1,0.588,0.5822,0.024,0.582,0.094,0,0.733,0,0.662,2010.3495,2012.3095,0.81,0.124,0.0,2,0.15,0,0.733,1.308,3.0,0.436,0.509,2,2010.1045,8,0.746,0.0,0.332,0.175,0.185,0.904,0.846,1873.11063,1873.02733,1983.73639,14679.6999,742.0151,2,1872.38194,0.625,1906.20862,0.302,0.0,0.0,0,0.154,1,0,16645,0.741,0.59,0.434,3292.0,3292.0,1.1511,2859.9,0.0,1,1,0.925,1362.075,1,1,0.685,1491.726,0,183.307,0.5,0.5,0.0,0.0,0.5,0.53,0.0,0.5,0.0,0.833,0.526,0.5,0.478,0.0,0.346,0.0,0,0,0.297,0.459,0.016,0.584,0.196,0.367,0.838,0.0,0.555,0.0,0.0,0.0,0.0
0,2024.03.27 09:00:40,XAUEURm,BREAKOUT_RETEST,BUY,2,2012.682,2011.738,2013.688,1.07,0.444,2010.396,2011.269,2008.4754,1,0.014,0.319,-0.3197,2008.86805,2002.75413,2011.04125,2000.494,1,0.002,0.4,0,2010.396,0.8,0.6,0,0.0,0.0,2009.58335,0.0,0.0,0,0,0,0.626,0.8007,0.047,0.801,0.94,0,0.672,1,0.164,2009.1738,2007.9516,0.069,0.457,0.0,2,0.0,0,0.672,0.927,3.0,0.309,0.406,1,2010.396,8,0.76,0.863,0.018,0.24,0.0,0.877,0.966,1873.11063,1873.02733,1983.73639,14679.6999,742.0151,2,1872.38194,0.625,1906.20862,0.302,0.0,0.0,0,0.154,1,0,16646,0.741,0.59,0.434,3292.0,3292.0,1.0462,3146.6,0.0,1,1,0.925,1362.075,1,1,0.685,1491.726,0,165.563,0.5,0.5,0.0,0.0,0.5,0.31,0.0,0.5,0.0,0.44,0.393,0.5,0.497,0.0,0.389,0.0,0,0,0.369,0.813,0.0,0.99,0.158,0.268,0.434,0.0,0.578,0.0,0.0,0.0,0.0
14882,2024.03.27 09:13:40,XAUEURm,PULLBACK,BUY,2,2014.336,2009.616,2023.776,2.0,0.519,2010.396,2011.269,2008.4754,1,0.014,0.319,0.2059,2008.86805,2002.75413,2011.04125,2000.494,0,0.003,0.4,0,2010.396,0.8,0.6,0,0.0,0.0,2009.58335,0.0,0.0,0,0,0,0.626,0.8007,0.047,0.801,0.443,0,0.672,1,0.164,2010.2214,2014.0626,0.261,0.959,0.0,2,0.0,0,0.672,1.151,3.0,0.384,0.438,1,2008.4754,5,0.6,0.477,0.167,0.24,0.0,0.919,0.905,1873.11063,1873.02733,1983.73639,14679.6999,742.0151,2,1872.38194,0.625,1906.20862,0.302,0.0,0.0,0,0.154,1,0,16646,0.741,0.59,0.434,3292.0,3292.0,1.0462,3146.6,0.0,1,1,0.925,1362.075,1,1,0.685,1491.726,0,166.089,0.5,0.5,0.0,0.0,0.5,0.99,0.0,0.5,0.0,0.787,0.436,0.5,0.483,0.0,0.399,0.0,0,0,0.343,0.732,0.0,1.0,0.194,0.207,0.65,0.0,0.535,0.0,0.0,0.0,0.0
14884,2024.03.27 10:06:40,XAUEURm,BREAKOUT,BUY,2,2025.502,2017.4,2035.63,1.25,0.577,2010.27112,2012.08025,2009.18565,0,2.119,0.69,2.947,2008.86805,2002.75413,2011.04125,2000.494,0,0.005,0.2,4,2010.27112,0.8,0.775,0,0.0,0.0,2020.105,0.0,0.0,0,0,1,0.993,0.6468,0.0452,0.647,0.045,0,0.749,1,0.5,2010.63295,2022.57317,2.858,0.09,0.0,2,0.25,0,0.749,1.33,3.0,0.443,0.438,1,2010.27112,8,0.76,0.0,0.386,0.194,0.238,0.564,0.98,1873.11063,1873.02733,1983.73639,14679.6999,742.0151,2,1872.38194,0.625,1906.20862,0.302,0.0,0.0,0,0.154,1,0,16647,0.741,0.59,0.434,3292.0,3292.0,0.8126,4051.2,0.0,1,1,0.925,1362.075,1,1,0.685,1491.726,0,131.757,0.5,0.5,0.0,0.0,0.5,0.98,0.0,0.5,0.0,0.509,0.7,0.5,0.45,0.0,0.389,0.0,0,0,0.41,0.369,0.0,0.653,0.1,0.551,0.836,0.0,0.567,0.0,0.0,0.0,0.0
14885,2024.03.27 10:08:20,XAUEURm,TREND_CONTINUATION,BUY,2,2024.146,2019.285,2034.274,2.08,0.546,2010.27112,2012.08025,2009.18565,0,2.119,0.69,2.6123,2008.86805,2002.75413,2011.04125,2000.494,0,0.004,0.2,4,2010.27112,0.8,0.775,0,0.0,0.0,2020.105,0.0,0.0,0,0,1,0.993,0.6468,0.0452,0.647,0.07,0,0.749,1,0.5,2010.63295,2022.57317,2.523,0.424,0.0,2,0.25,0,0.749,1.318,3.0,0.439,0.436,1,2010.27112,8,0.76,0.0,0.379,0.194,0.238,0.564,0.98,1873.11063,1873.02733,1983.73639,14679.6999,742.0151,2,1872.38194,0.625,1906.20862,0.302,0.0,0.0,0,0.154,1,0,16647,0.741,0.59,0.434,3292.0,3292.0,0.8126,4051.2,0.0,1,1,0.925,1362.075,1,1,0.685,1491.726,0,131.422,0.5,0.5,0.0,0.0,0.5,0.49,0.0,0.5,0.0,0.585,0.626,0.5,0.45,0.0,0.428,0.0,0,0,0.381,0.415,0.0,0.653,0.1,0.551,0.836,0.0,0.567,0.0,0.0,0.0,0.0
0,2024.03.27 11:13:40,XAUEURm,PULLBACK,BUY,2,2027.406,2024.612,2040.066,4.53,0.475,2010.4805,2019.7656,2008.462,0,2.736,1.397,3.2307,2008.87025,2002.75633,2011.04565,2000.4956,0,0.005,0.7,2,2010.4805,0.781,0.158,0,0.0,0.0,2021.74195,0.0,0.0,0,0,1,1.0,0.895,0.1996,0.895,0.126,2,0.437,1,0.133,2010.8842,2016.9397,3.135,1.7,0.0,2,0.0,0,0.437,1.393,3.231,0.431,0.377,1,2010.4805,8,0.756,0.0,0.262,0.269,0.0,0.707,0.972,1873.11063,1873.02733,1983.73639,14679.6999,742.0151,2,1872.38194,0.625,1906.20862,0.302,0.0,0.0,0,0.154,1,0,16648,0.741,0.59,0.434,3292.0,3292.0,0.7801,4220.0,0.0,1,1,0.925,1362.075,1,1,0.685,1491.726,0,126.938,0.5,0.5,0.0,0.0,0.5,0.49,0.0,0.5,0.0,0.84,0.511,0.5,0.503,0.0,0.475,0.0,0,0,0.348,0.18,0.0,0.475,0.1,1.0,0.855,0.0,0.525,0.0,0.0,0.0,0.0
14888,2024.03.27 11:43:00,XAUEURm,ANCHORED_PULLBACK,BUY,2,2026.827,2020.476,2031.975,0.81,0.344,2010.4805,2019.7656,2008.462,0,2.736,1.397,3.0935,2008.87025,2002.75633,2011.04565,2000.4956,0,0.005,0.7,2,2010.4805,0.781,0.158,0,0.0,0.0,2021.74195,0.0,0.0,0,0,1,1.0,0.895,0.1996,0.895,0.329,2,0.437,1,0.133,2010.8842,2016.9397,2.998,1.563,0.0,2,0.0,0,0.437,1.239,3.093,0.401,0.359,1,2010.4805,8,0.756,0.0,0.201,0.269,0.0,0.707,0.972,1873.11063,1873.02733,1983.73639,14679.6999,742.0151,2,1872.38194,0.625,1906.20862,0.302,0.0,0.0,0,0.154,1,0,16648,0.741,0.59,0.434,3292.0,3292.0,0.7801,4220.0,0.0,1,1,0.925,1362.075,1,1,0.685,1491.726,0,126.801,0.5,0.5,0.0,0.0,0.5,0.0,0.0,0.5,0.0,0.688,0.364,0.5,0.535,0.0,0.462,0.0,0,0,0.427,0.289,0.0,0.475,0.1,1.0,0.855,0.0,0.527,0.0,0.0,0.0,0.0
0,2024.03.27 12:26:40,XAUEURm,BREAKOUT_RETEST,BUY,2,2025.347,2024.001,2030.116,3.54,0.623,2021.77445,2026.824,2012.1344,1,0.198,0.621,0.0625,2009.4791,2001.74733,2010.6455,1999.32055,0,0.005,0.8,0,2009.83915,0.739,0.293,0,0.0,0.0,2025.93062,0.0,0.0,0,0,1,1.0,0.93,0.2999,0.93,1.0,2,0.486,3,0.977,2022.2335,2017.18395,0.04,1.086,0.0,2,0.0,0,0.486,0.9,3.0,0.3,0.464,1,2026.824,4,0.6,0.92,0.0,0.279,0.0,0.919,0.946,1872.59284,1870.6615,1984.31966,13703.6608,-976.0392,1,1872.80412,0.619,1907.03076,0.303,0.0,0.0,0,0.054,1,0,16649,0.741,0.59,0.434,3292.0,3292.0,0.7337,4487.1,0.0,1,1,0.925,1362.075,1,1,0.685,1491.726,0,118.922,0.536,0.464,0.0,1.0,0.5,0.99,0.0,0.5,0.0,0.404,0.484,0.5,0.452,0.0,0.392,0.0,0,0,0.302,0.632,0.0,0.556,0.14,0.797,0.65,0.0,0.566,0.0,0.0,0.0,0.0
14890,2024.03.27 13:16:40,XAUEURm,MEAN_REVERSION,BUY,4,2023.255,2019.563,2028.346,1.38,0.609,2021.07053,2025.0537,2018.85765,1,0.064,0.32,-0.24,2009.4791,2001.74733,2010.6455,1999.32055,0,0.004,0.35,0,2021.07053,0.649,0.585,0,0.0,0.0,2019.6682,0.0,0.0,0,0,1,0.8,0.79,0.3361,0.79,0.873,0,0.659,2,0.384,2020.62795,2016.64477,0.144,0.719,0.0,2,0.25,0,0.659,0.957,3.0,0.319,0.389,1,2025.0537,4,0.6,0.712,0.138,0.237,0.088,0.815,0.986,1872.59284,1870.6615,1984.31966,13703.6608,-976.0392,1,1872.80412,0.619,1907.03076,0.303,0.0,0.0,0,0.054,1,0,16650,0.733,0.588,0.433,3292.0,3292.0,0.7132,4615.6,0.0,1,1,0.925,1362.075,1,1,0.685,1491.726,0,115.16,0.536,0.464,0.0,1.0,0.5,0.99,0.0,0.5,0.0,0.818,0.441,0.5,0.505,0.0,0.391,0.0,0,0,0.344,0.864,0.0,0.696,0.185,0.754,0.65,0.0,0.553,0.0,0.0,0.0,0.0
14891,2024.03.27 13:17:20,XAUEURm,PULLBACK,BUY,4,2023.564,2016.641,2037.411,2.0,0.558,2021.07053,2025.0537,2018.85765,1,0.064,0.32,-0.173,2009.4791,2001.74733,2010.6455,1999.32055,0,0.004,0.35,0,2021.07053,0.649,0.585,0,0.0,0.0,2019.6682,0.0,0.0,0,0,1,0.8,0.79,0.3361,0.79,0.873,0,0.659,2,0.384,2020.62795,2016.64477,0.077,0.786,0.0,2,0.25,0,0.659,0.957,3.0,0.319,0.389,1,2018.85765,5,0.6,0.846,0.138,0.237,0.088,0.815,0.986,1872.59284,1870.6615,1984.31966,13703.6608,-976.0392,1,1872.80412,0.619,1907.03076,0.303,0.0,0.0,0,0.054,1,0,16650,0.733,0.588,0.433,3292.0,3292.0,0.7132,4615.6,0.0,1,1,0.925,1362.075,1,1,0.685,1491.726,0,115.227,0.536,0.464,0.0,1.0,0.5,0.99,0.0,0.5,0.0,0.818,0.484,0.5,0.505,0.0,0.391,0.0,0,0,0.318,0.864,0.0,0.696,0.185,0.754,0.65,0.0,0.572,0.0,0.0,0.0,0.0
14892,2024.03.27 13:17:20,XAUEURm,TREND_CONTINUATION,BUY,4,2023.564,2018.025,2035.103,2.08,0.48,2021.07053,2025.0537,2018.85765,1,0.064,0.32,-0.173,2009.4791,2001.74733,2010.6455,1999.32055,0,0.004,0.35,0,2021.07053,0.649,0.585,0,0.0,0.0,2019.6682,0.0,0.0,0,0,1,0.8,0.79,0.3361,0.79,0.873,0,0.659,2,0.384,2020.62795,2016.64477,0.077,0.786,0.0,2,0.25,0,0.659,0.957,3.0,0.319,0.389,1,2018.85765,5,0.6,0.846,0.138,0.237,0.088,0.815,0.986,1872.59284,1870.6615,1984.31966,13703.6608,-976.0392,1,1872.80412,0.619,1907.03076,0.303,0.0,0.0,0,0.054,1,0,16650,0.733,0.588,0.433,3292.0,3292.0,0.7132,4615.6,0.0,1,1,0.925,1362.075,1,1,0.685,1491.726,0,115.227,0.536,0.464,0.0,1.0,0.5,0.98,0.0,0.5,0.0,0.818,0.484,0.5,0.505,0.0,0.391,0.0,0,0,0.318,0.864,0.0,0.696,0.185,0.754,0.65,0.0,0.572,0.0,0.0,0.0,0.0
14896,2024.03.27 14:00:00,XAUEURm,ANCHORED_PULLBACK,BUY,4,2029.719,2022.699,2036.798,1.01,0.355,2020.25452,2024.39275,2019.0374,0,0.909,0.03,1.1903,2009.47993,2001.748,2010.647,1999.321,0,0.005,0.55,0,2019.76768,0.723,0.515,0,0.0,0.0,2024.2543,0.0,0.0,0,0,1,1.0,0.825,0.3071,0.825,0.199,2,0.518,0,0.531,2021.47165,2026.58358,0.956,0.03,-0.1621,1,0.4,0,0.518,1.26,3.0,0.42,0.4,1,2019.76768,8,0.745,0.0,0.7,0.247,0.246,0.94,0.792,1872.59284,1870.6615,1984.31966,13703.6608,-976.0392,1,1872.80412,0.619,1907.03076,0.303,0.0,0.0,0,0.054,1,0,16651,0.733,0.588,0.433,3292.0,3292.0,0.6348,5185.7,0.0,1,1,0.925,1362.075,1,1,0.685,1491.726,0,103.745,0.536,0.464,0.0,1.0,0.5,0.99,0.0,0.5,0.0,0.787,0.689,0.5,0.475,0.0,0.311,0.0,0,0,0.38,0.247,0.0,0.422,0.164,0.213,0.86,0.0,0.542,0.0,0.0,0.0,0.0
0,2024.03.27 14:26:40,XAUEURm,BREAKOUT_RETEST,BUY,4,2027.055,2024.489,2030.362,1.29,0.596,2020.25452,2024.39275,2019.0374,1,0.909,0.03,0.6766,2009.47993,2001.748,2010.647,1999.321,0,0.004,0.55,0,2019.76768,0.723,0.515,0,0.0,0.0,2024.2543,0.0,0.0,0,0,1,1.0,0.825,0.3071,0.825,0.573,2,0.613,0,0.531,2021.47165,2026.58358,0.442,0.544,0.0,2,0.4,0,0.613,1.092,3.0,0.364,0.404,1,2020.25452,1,0.7,0.116,0.288,0.247,0.246,0.94,0.792,1872.59284,1870.6615,1984.31966,13703.6608,-976.0392,1,1872.80412,0.619,1907.03076,0.303,0.0,0.0,0,0.054,1,0,16651,0.733,0.588,0.433,3292.0,3292.0,0.6348,5185.7,0.0,1,1,0.925,1362.075,1,1,0.685,1491.726,0,103.231,0.536,0.464,0.0,1.0,0.5,0.37,0.0,0.5,0.0,0.892,0.436,0.5,0.439,0.0,0.393,0.0,0,0,0.327,0.522,0.0,0.695,0.21,0.297,0.435,0.0,0.542,0.0,0.0,0.0,0.0
14898,2024.03.27 15:00:40,XAUEURm,BREAKOUT,BUY,4,2029.631,2021.656,2042.922,1.67,0.419,2024.5865,2026.913,2020.192,1,0.291,0.098,0.3296,2009.64575,2001.88368,2010.9485,1999.41145,0,0.005,0.65,0,2024.5865,0.736,0.0,1,0.0,0.0,2024.94197,0.0,0.0,0,0,1,1.0,1.0,0.352,1.0,0.591,2,0.618,3,0.591,2024.845,2027.1715,0.281,0.157,0.0,2,0.15,4,0.585,1.384,3.0,0.461,0.478,1,2024.5865,8,0.747,0.438,0.183,0.3,0.053,0.949,0.915,1872.59284,1870.6615,1984.31966,13703.6608,-976.0392,1,1872.80412,0.619,1907.03076,0.303,0.0,0.0,0,0.054,1,0,16652,0.733,0.588,0.433,3292.0,3292.0,0.6192,5316.5,0.0,1,1,0.925,1362.075,1,1,0.685,1491.726,0,101.177,0.536,0.464,0.0,1.0,0.5,0.62,0.0,0.5,0.0,0.801,0.511,0.5,0.455,0.0,0.392,0.0,0,0,0.3,0.507,0.0,0.494,0.195,0.297,0.691,0.0,0.489,0.0,0.0,0.0,0.0
14900,2024.03.27 15:18:40,XAUEURm,PULLBACK,BUY,4,2026.674,2022.952,2030.464,1.02,0.662,2024.5865,2026.913,2020.192,1,0.291,0.098,-0.2266,2009.64575,2001.88368,2010.9485,1999.41145,0,0.004,0.65,0,2024.5865,0.736,0.0,1,0.0,0.0,2024.94197,0.0,0.0,0,0,1,1.0,1.0,0.352,1.0,0.418,2,0.618,3,0.591,2024.845,2022.5185,0.275,0.162,0.0,2,0.15,4,0.585,1.462,3.0,0.487,0.487,1,2020.192,5,0.6,0.45,0.235,0.3,0.053,0.949,0.797,1872.59284,1870.6615,1984.31966,13703.6608,-976.0392,1,1872.80412,0.619,1907.03076,0.303,0.0,0.0,0,0.054,1,0,16652,0.733,0.588,0.433,3292.0,3292.0,0.6192,5316.5,0.0,1,1,0.925,1362.075,1,1,0.685,1491.726,0,100.62,0.536,0.464,0.0,1.0,0.5,0.0,0.0,0.5,0.0,0.993,0.154,0.5,0.534,0.0,0.386,0.0,0,0,0.522,0.578,0.0,0.76,0.195,0.297,0.462,0.0,0.489,0.0,0.0,0.0,0.0
0,2024.03.27 15:32:40,XAUEURm,MEAN_REVERSION,BUY,4,2024.978,2022.952,2027.879,1.43,0.598,2024.5865,2026.913,2020.192,1,0.291,0.098,-0.5456,2009.64575,2001.88368,2010.9485,1999.41145,0,0.004,0.65,0,2024.5865,0.736,0.0,1,0.0,0.0,2024.94197,0.0,0.0,0,0,1,1.0,1.0,0.352,1.0,0.435,2,0.618,3,0.591,2019.675,2022.5185,0.378,0.157,0.0,2,0.15,4,0.585,1.454,3.0,0.485,0.471,1,2024.5865,8,0.747,0.243,0.23,0.3,0.053,0.825,0.797,1872.59284,1870.6615,1984.31966,13703.6608,-976.0392,1,1872.80412,0.619,1907.03076,0.303,0.0,0.0,0,0.054,1,0,16652,0.733,0.588,0.433,3292.0,3292.0,0.6192,5316.5,0.0,1,1,0.925,1362.075,1,1,0.685,1491.726,0,100.301,0.536,0.464,0.0,1.0,0.5,0.0,0.0,0.5,0.0,0.697,0.303,0.5,0.411,0.0,0.34,0.0,0,0,0.377,0.391,0.0,0.456,0.154,0.329,0.65,0.0,0.489,0.0,0.0,0.0,0.0
14902,2024.03.27 16:05:40,XAUEURm,TREND_CONTINUATION,BUY,4,2025.382,2018.932,2038.819,2.08,0.484,2025.1035,2026.396,2020.192,1,0.354,0.8,-0.5607,2009.841,2001.88368,2010.9485,1999.41145,0,0.004,0.6,0,2022.5185,0.759,0.651,0,0.0,0.0,0.0,0.0,0.0,0,0,1,0.8,0.825,0.3357,0.825,0.602,2,0.593,3,0.315,2019.675,2017.8655,0.449,0.786,0.0,2,0.25,0,0.593,1.079,3.0,0.36,0.392,1,2020.192,5,0.6,0.101,0.219,0.247,0.088,0.929,0.803,1873.5262,1871.66665,1984.47874,13149.3566,-554.3041,1,1872.91926,0.619,1907.25498,0.305,0.0,0.0,0,0.062,1,0,16653,0.733,0.588,0.433,3292.0,3292.0,0.6125,5374.6,0.0,1,1,0.925,1362.075,1,1,0.685,1491.726,0,99.291,0.521,0.479,0.0,1.0,0.5,0.16,0.0,0.5,0.0,0.819,0.505,0.5,0.548,0.0,0.349,0.0,0,0,0.307,0.72,0.0,0.723,0.083,0.502,0.65,0.0,0.532,0.0,0.0,0.0,0.0
14904,2024.03.27 16:30:40,XAUEURm,BREAKOUT_RETEST,BUY,4,2027.474,2022.947,2032.79,1.17,0.51,2025.1035,2026.396,2020.192,1,0.354,0.8,-0.1715,2009.841,2001.88368,2010.9485,1999.41145,0,0.004,0.6,0,2022.5185,0.759,0.651,0,0.0,0.0,0.0,0.0,0.0,0,0,1,0.8,0.825,0.3357,0.825,0.771,2,0.593,3,0.315,2024.845,2026.913,0.123,0.508,0.0,2,0.25,0,0.593,1.003,3.0,0.334,0.384,1,2022.5185,8,0.752,0.753,0.169,0.247,0.088,0.938,0.776,1873.5262,1871.66665,1984.47874,13149.3566,-554.3041,1,1872.91926,0.619,1907.25498,0.305,0.0,0.0,0,0.062,1,0,16653,0.733,0.588,0.433,3292.0,3292.0,0.6125,5374.6,0.0,1,1,0.925,1362.075,1,1,0.685,1491.726,0,99.681,0.521,0.479,0.0,1.0,0.5,0.99,0.0,0.5,0.0,0.609,0.539,0.5,0.56,0.0,0.403,0.0,0,0,0.352,0.629,0.0,0.651,0.117,0.418,0.65,0.0,0.554,0.0,0.0,0.0,0.0
14906,2024.03.27 17:03:40,XAUEURm,BREAKOUT,BUY,3,2027.823,2019.814,2041.171,1.67,0.337,2024.0695,2025.362,2021.743,1,0.013,0.568,0.0864,2008.943,2001.88368,2010.9485,1999.41145,0,0.004,0.35,0,2022.5185,0.759,0.519,0,0.0,0.0,0.0,0.0,0.0,0,0,1,0.8,0.825,0.2923,0.825,0.72,0,0.707,2,0.21,2023.294,2027.1715,0.232,0.495,0.0,2,0.25,0,0.707,1.026,3.0,0.342,0.39,1,2022.5185,8,0.752,0.537,0.184,0.247,0.088,0.837,0.925,1873.5262,1871.66665,1984.47874,13149.3566,-554.3041,1,1872.91926,0.619,1907.25498,0.305,0.0,0.0,0,0.062,1,0,16654,0.733,0.588,0.433,3292.0,3292.0,0.6166,5339.1,0.0,1,1,0.925,1362.075,1,1,0.685,1491.726,1,100.41,0.521,0.479,0.0,1.0,1.0,0.99,0.0,0.5,0.0,0.656,0.495,0.5,0.558,0.0,0.386,0.0,0,0,0.325,0.709,0.0,0.738,0.117,0.223,0.704,0.0,0.562,0.0,0.0,0.0,0.0
14908,2024.03.27 17:19:00,XAUEURm,PULLBACK,BUY,3,2027.806,2019.797,2043.823,2.0,0.562,2024.0695,2025.362,2021.743,1,0.013,0.568,0.0833,2008.943,2001.88368,2010.9485,1999.41145,0,0.004,0.35,0,2022.5185,0.759,0.519,0,0.0,0.0,0.0,0.0,0.0,0,0,1,0.8,0.825,0.2923,0.825,0.72,0,0.707,2,0.21,2023.294,2027.1715,0.229,0.498,0.0,2,0.25,0,0.707,1.026,3.0,0.342,0.39,1,2022.5185,8,0.752,0.543,0.184,0.247,0.088,0.837,0.925,1873.5262,1871.66665,1984.47874,13149.3566,-554.3041,1,1872.91926,0.619,1907.25498,0.305,0.0,0.0,0,0.062,1,0,16654,0.733,0.588,0.433,3292.0,3292.0,0.6166,5339.1,0.0,1,1,0.925,1362.075,1,1,0.685,1491.726,1,100.407,0.521,0.479,0.0,1.0,1.0,0.47,0.0,0.5,0.0,0.62,0.469,0.5,0.551,0.0,0.387,0.0,0,0,0.339,0.709,0.0,0.738,0.117,0.223,0.704,0.0,0.562,0.0,0.0,0.0,0.0
14910,2024.03.27 18:04:40,XAUEURm,MEAN_REVERSION,BUY,3,2024.841,2020.615,2028.256,0.81,0.585,2022.65135,2024.9636,2022.1889,0,0.008,0.225,-0.2087,2008.943,2001.88368,2010.9485,1999.41145,0,0.004,0.45,0,2022.65135,0.732,0.747,0,0.0,0.0,2022.88188,0.0,0.0,0,0,1,0.8,1.0,0.2367,1.0,0.021,2,0.59,0,0.469,2022.8055,2021.5723,0.238,0.004,0.0,2,0.15,0,0.59,1.34,3.0,0.447,0.464,1,2024.9636,4,0.6,0.524,0.354,0.3,0.146,0.993,0.918,1873.5262,1871.66665,1984.47874,13149.3566,-554.3041,1,1872.91926,0.619,1907.25498,0.305,0.0,0.0,0,0.062,1,0,16655,0.733,0.588,0.433,3292.0,3292.0,0.6232,5282.2,0.0,1,1,0.925,1362.075,1,1,0.685,1491.726,1,100.926,0.521,0.479,0.0,1.0,1.0,0.0,0.0,0.5,0.0,0.973,0.406,0.5,0.543,0.0,0.39,0.0,0,0,0.375,0.658,0.0,1.0,0.125,0.331,0.461,0.0,0.538,0.0,0.0,0.0,0.0
0,2024.03.27 18:30:40,XAUEURm,BREAKOUT_RETEST,BUY,3,2026.06,2024.475,2028.256,1.39,0.535,2022.65135,2024.9636,2022.1889,1,0.008,0.225,0.0221,2008.943,2001.88368,2010.9485,1999.41145,0,0.004,0.45,0,2022.65135,0.732,0.747,0,0.0,0.0,2022.88188,0.0,0.0,0,0,1,0.8,1.0,0.2367,1.0,0.913,2,0.59,0,0.469,2022.8055,2021.5723,0.007,0.226,0.0,2,0.15,0,0.59,0.939,3.0,0.313,0.417,1,2024.9636,4,0.6,0.986,0.086,0.3,0.146,0.993,0.918,1873.5262,1871.66665,1984.47874,13149.3566,-554.3041,1,1872.91926,0.619,1907.25498,0.305,0.0,0.0,0,0.062,1,0,16655,0.733,0.588,0.433,3292.0,3292.0,0.6232,5282.2,0.0,1,1,0.925,1362.075,1,1,0.685,1491.726,1,101.157,0.521,0.479,0.0,1.0,1.0,0.7,0.0,0.5,0.0,0.989,0.595,0.5,0.569,0.0,0.424,0.0,0,0,0.397,0.699,0.0,0.855,0.125,0.249,0.461,0.0,0.564,0.0,0.0,0.0,0.0
14912,2024.03.27 18:41:20,XAUEURm,TREND_CONTINUATION,BUY,3,2026.678,2020.339,2039.884,2.08,0.512,2022.65135,2024.9636,2022.1889,1,0.008,0.225,0.1391,2008.943,2001.88368,2010.9485,1999.41145,0,0.004,0.45,0,2022.65135,0.732,0.747,0,0.0,0.0,2022.88188,0.0,0.0,0,0,1,0.8,1.0,0.2367,1.0,0.822,2,0.59,0,0.469,2022.8055,2021.5723,0.11,0.343,0.0,2,0.15,0,0.59,0.98,3.0,0.327,0.422,1,0.0,0,0.0,0.78,0.113,0.3,0.146,0.993,0.918,1873.5262,1871.66665,1984.47874,13149.3566,-554.3041,1,1872.91926,0.619,1907.25498,0.305,0.0,0.0,0,0.062,1,0,16655,0.733,0.588,0.433,3292.0,3292.0,0.6232,5282.2,0.0,1,1,0.925,1362.075,1,1,0.685,1491.726,1,101.274,0.521,0.479,0.0,1.0,1.0,0.99,0.0,0.5,0.0,1.0,0.693,0.5,0.564,0.0,0.424,0.0,0,0,0.455,0.698,0.0,0.855,0.125,0.249,0.65,0.0,0.564,0.0,0.0,0.0,0.0
14914,2024.03.27 19:03:40,XAUEURm,BREAKOUT,BUY,3,2027.306,2019.311,2040.632,1.67,0.343,2022.77238,2024.28075,2022.08675,1,0.253,0.261,0.2329,2008.943,2001.88368,2012.59665,1999.41145,0,0.004,0.4,0,2022.49812,0.72,0.718,0,0.0,0.0,0.0,0.0,0.0,0,0,1,0.8,1.0,0.1524,1.0,0.537,0,0.672,1,0.212,2022.63525,2026.2005,0.259,0.41,0.0,2,0.15,0,0.672,1.109,3.0,0.37,0.412,1,2022.08675,5,0.6,0.483,0.199,0.3,0.053,0.883,0.934,1873.5262,1871.66665,1984.47874,13149.3566,-554.3041,1,1872.91926,0.619,1907.25498,0.305,0.0,0.0,0,0.062,1,0,16656,0.733,0.588,0.433,3292.0,3292.0,0.6176,5330.2,0.0,1,1,0.925,1362.075,1,1,0.685,1491.726,1,100.48,0.521,0.479,0.0,1.0,1.0,0.67,0.0,0.5,0.0,1.0,0.642,0.5,0.557,0.0,0.383,0.0,0,0,0.405,0.545,0.0,0.808,0.125,0.152,0.65,0.0,0.526,0.0,0.0,0.0,0.0
14916,2024.03.27 19:19:00,XAUEURm,PULLBACK,BUY,3,2026.51,2018.515,2042.501,2.0,0.582,2022.77238,2024.28075,2022.08675,1,0.253,0.261,0.0836,2008.943,2001.88368,2012.59665,1999.41145,0,0.004,0.4,0,2022.49812,0.72,0.718,0,0.0,0.0,0.0,0.0,0.0,0,0,1,0.8,1.0,0.1524,1.0,0.645,0,0.672,1,0.212,2022.63525,2021.40112,0.109,0.341,0.0,2,0.15,0,0.672,1.06,3.0,0.353,0.406,1,0.0,0,0.0,0.781,0.167,0.3,0.053,0.883,0.986,1873.5262,1871.66665,1984.47874,13149.3566,-554.3041,1,1872.91926,0.619,1907.25498,0.305,0.0,0.0,0,0.062,1,0,16656,0.733,0.588,0.433,3292.0,3292.0,0.6176,5330.2,0.0,1,1,0.925,1362.075,1,1,0.685,1491.726,1,100.331,0.521,0.479,0.0,1.0,1.0,0.07,0.0,0.5,0.0,0.984,0.515,0.5,0.559,0.0,0.394,0.0,0,0,0.334,0.564,0.0,0.808,0.125,0.152,0.65,0.0,0.527,0.0,0.0,0.0,0.0
14918,2024.03.27 20:41:20,XAUEURm,TREND_CONTINUATION,BUY,3,2028.797,2022.389,2042.146,2.08,0.562,2023.21925,2024.2214,2022.4398,0,0.062,0.188,0.4281,2008.943,2001.88368,2012.59665,1999.41145,0,0.004,0.4,0,2023.21925,0.8,0.596,0,0.0,0.0,0.0,0.0,0.0,0,0,1,1.0,0.9154,0.0394,0.915,0.052,0,0.758,1,0.011,2023.88735,2025.5576,0.303,0.01,0.0,2,0.15,0,0.758,1.326,3.0,0.442,0.385,1,2023.21925,8,0.76,0.394,0.344,0.275,0.053,0.495,0.949,1871.92402,1870.72643,1984.47874,13724.2311,574.8744,2,1872.91926,0.619,1907.25498,0.307,0.0,0.0,0,0.052,1,0,16657,0.733,0.588,0.433,3292.0,3292.0,0.6165,5339.7,0.0,1,1,0.925,1362.075,1,1,0.685,1491.726,1,100.58,0.5,0.5,0.0,0.0,1.0,0.45,0.0,0.5,0.0,0.952,0.498,0.5,0.578,0.0,0.334,0.0,0,0,0.308,0.518,0.0,0.713,0.125,0.148,0.866,0.0,0.532,0.0,0.0,0.0,0.0
0,2024.03.27 21:04:00,XAUEURm,BREAKOUT,BUY,3,2028.561,2020.551,2041.91,1.67,0.497,2023.21925,2024.2214,2022.4398,0,0.062,0.188,0.3839,2008.943,2001.88368,2012.59665,1999.41145,0,0.004,0.4,0,2023.21925,0.8,0.596,0,0.0,0.0,0.0,0.0,0.0,0,0,1,1.0,0.9154,0.0394,0.915,0.029,0,0.758,1,0.011,2023.88735,2025.5576,0.259,0.054,0.0,2,0.15,0,0.758,1.337,3.0,0.446,0.386,1,2023.21925,8,0.76,0.483,0.351,0.275,0.053,0.495,0.949,1871.92402,1870.72643,1984.47874,13724.2311,574.8744,2,1872.91926,0.619,1907.25498,0.307,0.0,0.0,0,0.052,1,0,16657,0.733,0.588,0.433,3292.0,3292.0,0.6165,5339.7,0.0,1,1,0.925,1362.075,1,1,0.685,1491.726,1,100.536,0.5,0.5,0.0,0.0,1.0,0.19,0.0,0.5,0.0,1.0,0.301,0.5,0.578,0.0,0.35,0.0,0,0,0.433,0.508,0.0,0.855,0.125,0.13,0.866,0.0,0.532,0.0,0.0,0.0,0.0
0,2024.03.27 21:19:00,XAUEURm,PULLBACK,BUY,3,2028.561,2020.551,2044.58,2.0,0.479,2023.21925,2024.2214,2022.4398,0,0.062,0.188,0.3839,2008.943,2001.88368,2012.59665,1999.41145,0,0.004,0.4,0,2023.21925,0.8,0.596,0,0.0,0.0,0.0,0.0,0.0,0,0,1,1.0,0.9154,0.0394,0.915,0.029,0,0.758,1,0.011,2023.88735,2025.5576,0.259,0.054,0.0,2,0.15,0,0.758,1.337,3.0,0.446,0.386,1,2023.21925,8,0.76,0.483,0.351,0.275,0.053,0.495,0.949,1871.92402,1870.72643,1984.47874,13724.2311,574.8744,2,1872.91926,0.619,1907.25498,0.307,0.0,0.0,0,0.052,1,0,16657,0.733,0.588,0.433,3292.0,3292.0,0.6165,5339.7,0.0,1,1,0.925,1362.075,1,1,0.685,1491.726,1,100.536,0.5,0.5,0.0,0.0,1.0,0.08,0.0,0.5,0.0,1.0,0.301,0.5,0.578,0.0,0.35,0.0,0,0,0.433,0.508,0.0,0.855,0.125,0.13,0.866,0.0,0.532,0.0,0.0,0.0,0.0
0,2024.03.27 22:01:00,XAUEURm,BREAKOUT_RETEST,BUY,1,2026.765,2025.17,2028.768,1.26,0.863,2023.21925,2024.8895,2022.4398,1,0.021,0.147,-0.0625,2009.48463,2001.71722,2011.8465,1999.3797,0,0.004,0.55,0,2023.21925,0.8,0.1,0,0.0,0.0,2025.45862,0.0,0.0,0,0,1,1.0,1.0,0.0675,1.0,0.794,0,0.671,0,0.418,2022.99655,2021.88305,0.021,0.189,0.1257,0,0.15,2,1.0,1.443,3.0,0.481,0.544,2,2024.8895,4,0.6,0.959,0.122,1.0,0.136,0.764,0.876,1871.92402,1870.72643,1984.47874,13724.2311,574.8744,2,1872.91926,0.619,1907.25498,0.307,0.0,0.0,0,0.052,1,0,16658,0.733,0.588,0.433,3878.0,3297.9,0.7295,5316.0,0.0,1,1,0.925,1362.075,1,1,0.685,1491.726,1,100.647,0.5,0.5,0.0,0.0,1.0,0.0,0.0,0.5,0.0,0.883,0.263,0.5,0.575,0.0,0.381,0.0,0,0,0.467,0.845,0.0,1.0,0.054,0.481,0.65,0.0,0.493,0.0,0.0,0.0,0.0
14920,2024.03.27 22:01:40,XAUEURm,ANCHORED_PULLBACK,BUY,1,2029.296,2024.469,2036.05,1.4,0.575,2023.21925,2024.8895,2022.4398,0,0.021,0.147,0.4136,2009.48463,2001.71722,2011.8465,1999.3797,0,0.004,0.55,0,2023.21925,0.8,0.1,0,0.0,0.0,2025.45862,0.0,0.0,0,0,1,1.0,1.0,0.0675,1.0,0.588,0,0.671,0,0.418,2025.44625,2025.00085,0.005,0.078,0.0,2,0.15,0,0.671,1.085,3.0,0.362,0.396,1,2023.21925,8,0.76,0.989,0.184,0.3,0.136,0.575,0.694,1871.92402,1870.72643,1984.47874,13724.2311,574.8744,2,1872.91926,0.619,1907.25498,0.307,0.0,0.0,0,0.052,1,0,16658,0.733,0.588,0.433,3878.0,3321.3,0.7295,5316.0,0.0,1,1,0.925,1362.075,1,1,0.685,1491.726,1,101.123,0.5,0.5,0.0,0.0,1.0,0.04,0.0,0.5,0.894,1.0,0.287,0.5,0.55,0.0,0.317,0.0,0,0,0.42,0.71,0.0,0.713,0.054,0.242,0.435,0.0,0.525,0.0,0.0,0.0,0.0
14922,2024.03.27 22:41:20,XAUEURm,TREND_CONTINUATION,BUY,1,2028.802,2022.423,2042.092,2.08,0.574,2023.21925,2024.8895,2022.4398,0,0.021,0.147,0.4309,2009.48463,2001.71722,2011.8465,1999.3797,0,0.004,0.55,0,2023.21925,0.8,0.1,0,0.0,0.0,2025.45862,0.0,0.0,0,0,1,1.0,1.0,0.0675,1.0,0.588,0,0.671,0,0.418,2025.44625,2025.89165,0.012,0.072,0.0,2,0.15,0,0.671,1.085,3.0,0.362,0.396,1,2023.21925,8,0.76,0.976,0.184,0.3,0.136,0.575,0.919,1871.92402,1870.72643,1984.47874,13724.2311,574.8744,2,1872.91926,0.619,1907.25498,0.307,0.0,0.0,0,0.052,1,0,16658,0.733,0.588,0.433,3292.0,3292.0,0.6193,5316.0,0.0,1,1,0.925,1362.075,1,1,0.685,1491.726,1,101.03,0.5,0.5,0.0,0.0,1.0,0.29,0.0,0.5,0.0,0.771,0.382,0.5,0.552,0.0,0.357,0.0,0,0,0.379,0.592,0.0,0.808,0.054,0.205,0.851,0.0,0.525,0.0,0.0,0.0,0.0
0,2024.03.27 23:04:00,XAUEURm,BREAKOUT,BUY,1,2028.659,2025.795,2042.095,4.69,0.489,2023.0406,2025.3458,2022.3626,0,0.003,0.104,0.4329,2009.48463,2009.21312,2011.39915,1998.283,0,0.003,0.55,0,2023.0406,0.79,0.614,0,0.0,0.0,0.0,0.0,0.0,0,0,1,1.0,0.825,0.0854,0.825,0.985,0,0.652,3,0.371,2025.3458,2026.1594,0.004,0.147,0.0,2,0.4,0,0.652,0.907,3.0,0.302,0.357,1,2023.0406,8,0.758,0.992,0.165,0.247,0.14,0.81,0.733,1871.92402,1870.72643,1984.47874,13724.2311,574.8744,2,1872.91926,0.619,1907.25498,0.307,0.0,0.0,0,0.052,1,0,16659,0.733,0.588,0.433,3292.0,3292.0,0.6126,5374.2,0.0,1,1,0.925,1362.075,1,1,0.685,1491.726,1,99.909,0.5,0.5,0.0,0.0,1.0,0.8,0.0,0.5,0.0,0.45,0.729,0.5,0.549,0.0,0.347,0.0,0,0,0.441,0.609,0.0,0.576,0.054,0.314,0.799,0.0,0.549,0.0,0.0,0.0,0.0
0,2024.03.27 23:19:00,XAUEURm,PULLBACK,BUY,1,2028.405,2025.795,2044.528,6.18,0.617,2023.0406,2025.3458,2022.3626,1,0.003,0.104,0.3856,2009.48463,2009.21312,2011.39915,1998.283,0,0.003,0.55,0,2023.0406,0.79,0.614,0,0.0,0.0,0.0,0.0,0.0,0,0,1,1.0,0.825,0.0854,0.825,0.708,0,0.652,3,0.371,2025.3458,2026.1594,0.043,0.195,0.0,2,0.4,0,0.652,1.031,3.0,0.344,0.371,1,2023.0406,8,0.758,0.913,0.248,0.247,0.14,0.81,0.733,1871.92402,1870.72643,1984.47874,13724.2311,574.8744,2,1872.91926,0.619,1907.25498,0.307,0.0,0.0,0,0.052,1,0,16659,0.733,0.588,0.433,3292.0,3292.0,0.6126,5374.2,0.0,1,1,0.925,1362.075,1,1,0.685,1491.726,1,99.862,0.5,0.5,0.0,0.0,1.0,0.17,0.0,0.5,0.0,0.685,0.37,0.5,0.566,0.0,0.367,0.0,0,0,0.395,0.599,0.0,0.665,0.054,0.266,0.718,0.0,0.549,0.0,0.0,0.0,0.0
0,2024.03.28 00:01:00,XAUEURm,BREAKOUT_RETEST,BUY,1,2027.275,2025.766,2029.294,1.34,0.514,2025.15312,2026.0024,2023.81855,1,0.161,0.354,-0.2326,2024.86638,2009.21312,2011.39915,1998.283,0,0.003,0.45,0,2025.15312,0.73,0.714,0,0.0,0.0,0.0,0.0,0.0,0,0,1,0.8,0.825,0.0854,0.825,0.325,0,0.743,0,0.441,2023.21192,2022.36265,0.153,0.322,0.0,2,0.25,0,0.743,1.204,3.0,0.401,0.4,1,2026.0024,4,0.6,0.693,0.303,0.247,0.176,0.449,0.97,1871.92402,1874.3707,1984.47874,13541.5208,-182.7103,1,1872.91926,0.619,1907.25498,0.309,0.0,0.0,0,0.062,1,0,16660,0.735,0.587,0.431,3292.0,3292.0,0.6545,5029.9,0.0,1,1,0.925,1362.075,1,1,0.685,1491.726,1,106.472,0.507,0.493,0.0,1.0,1.0,0.0,0.0,0.5,0.0,1.0,0.416,0.5,0.554,0.0,0.357,0.0,0,0,0.36,0.767,0.0,0.971,0.054,0.204,0.65,0.0,0.509,0.0,0.0,0.0,0.0
14924,2024.03.28 00:54:40,XAUEURm,MEAN_REVERSION,BUY,1,2025.171,2021.147,2028.445,0.81,0.648,2025.15312,2026.0024,2023.81855,0,0.161,0.354,-0.6509,2024.86638,2009.21312,2011.39915,1998.283,0,0.003,0.45,0,2025.15312,0.73,0.714,0,0.0,0.0,0.0,0.0,0.0,0,0,1,0.8,0.825,0.0854,0.825,0.007,0,0.743,0,0.441,2023.21192,2022.36265,0.265,0.096,0.0,2,0.25,0,0.743,1.347,3.0,0.449,0.417,1,2025.15312,8,0.746,0.47,0.398,0.247,0.176,0.449,0.97,1871.92402,1874.3707,1984.47874,13541.5208,-182.7103,1,1872.91926,0.619,1907.25498,0.309,0.0,0.0,0,0.062,1,0,16660,0.735,0.587,0.431,3292.0,3292.0,0.6545,5029.9,0.0,1,1,0.925,1362.075,1,1,0.685,1491.726,1,106.054,0.507,0.493,0.0,1.0,1.0,0.0,0.0,0.5,0.0,0.593,0.311,0.5,0.538,0.0,0.336,0.0,0,0,0.409,0.584,0.0,0.971,0.054,0.203,0.65,0.0,0.509,0.0,0.0,0.0,0.0
14926,2024.03.28 01:02:20,XAUEURm,SWEEP_REVERSAL,BUY,1,2025.179,2021.006,2028.604,0.82,0.153,2025.31192,2025.9508,2023.3953,0,0.657,0.017,-0.8207,2024.86638,2009.21312,2011.39915,1998.283,0,0.003,0.5,0,2025.31192,0.79,0.436,0,0.0,0.0,0.0,0.0,0.0,0,0,1,1.0,1.0,0.067,1.0,0.114,2,0.624,2,0.089,2025.18415,2021.98978,0.79,0.025,0.0,2,0.15,0,0.624,1.299,3.0,0.433,0.378,1,2025.31192,8,0.758,0.0,0.326,0.3,0.053,0.652,0.875,1871.92402,1874.3707,1984.47874,13541.5208,-182.7103,1,1872.91926,0.619,1907.25498,0.309,0.0,0.0,0,0.062,1,0,16661,0.735,0.587,0.431,3292.0,3292.0,0.7888,4173.4,0.0,1,1,0.925,1362.075,1,1,0.685,1491.726,0,127.823,0.507,0.493,0.0,1.0,0.5,0.05,0.0,0.5,0.0,0.735,0.424,0.5,0.537,0.0,0.339,0.0,0,0,0.342,0.354,0.0,1.0,0.054,0.335,0.65,0.0,0.539,0.0,0.0,0.0,0.0
0,2024.03.28 02:13:40,XAUEURm,BREAKOUT_RETEST,BUY,1,2026.452,2025.238,2028.52,1.7,0.592,2025.22757,2026.973,2022.84745,1,0.015,0.377,-0.5109,2023.86892,2009.21312,2012.8565,1998.283,0,0.003,0.65,0,2025.22757,0.8,0.154,0,0.0,0.0,0.0,0.0,0.0,0,0,1,1.0,0.825,0.0648,0.825,0.73,0,0.712,3,0.393,2023.00612,2024.11685,0.038,0.236,0.0,2,0.25,0,0.712,1.022,3.0,0.341,0.394,1,2025.22757,8,0.76,0.924,0.181,0.247,0.088,0.683,0.888,1871.92402,1874.3707,1984.47874,13541.5208,-182.7103,1,1872.91926,0.619,1907.25498,0.309,0.0,0.0,0,0.062,1,0,16662,0.735,0.587,0.431,3292.0,3292.0,0.8135,4046.9,0.0,1,1,0.925,1362.075,1,1,0.685,1491.726,0,132.131,0.507,0.493,0.0,1.0,0.5,0.99,0.0,0.5,0.0,0.783,0.642,0.5,0.562,0.0,0.372,0.0,0,0,0.402,0.761,0.0,0.868,0.054,0.277,0.65,0.0,0.559,0.0,0.0,0.0,0.0
0,2024.03.28 02:21:00,XAUEURm,PULLBACK,BUY,1,2027.379,2025.735,2039.52,7.38,0.633,2025.22757,2026.973,2022.84745,1,0.015,0.377,-0.2818,2023.86892,2009.21312,2012.8565,1998.283,0,0.004,0.65,0,2025.22757,0.8,0.154,0,0.0,0.0,0.0,0.0,0.0,0,0,1,1.0,0.825,0.0648,0.825,0.08,0,0.712,3,0.393,2025.0689,2024.11685,0.243,0.007,0.0,2,0.25,0,0.712,1.314,3.0,0.438,0.437,1,2022.84745,5,0.6,0.515,0.376,0.247,0.088,0.751,0.888,1871.92402,1874.3707,1984.47874,13541.5208,-182.7103,1,1872.91926,0.619,1907.25498,0.309,0.0,0.0,0,0.062,1,0,16662,0.735,0.587,0.431,3292.0,3292.0,0.8135,4046.9,0.0,1,1,0.925,1362.075,1,1,0.685,1491.726,0,132.36,0.507,0.493,0.0,1.0,0.5,0.99,0.0,0.5,0.0,1.0,0.784,0.5,0.516,0.0,0.32,0.0,0,0,0.453,0.712,0.0,1.0,0.054,0.366,0.65,0.0,0.54,0.0,0.0,0.0,0.0
14928,2024.03.28 02:21:00,XAUEURm,TREND_CONTINUATION,BUY,1,2027.379,2022.523,2037.496,2.08,0.568,2025.22757,2026.973,2022.84745,1,0.015,0.377,-0.2818,2023.86892,2009.21312,2012.8565,1998.283,0,0.004,0.65,0,2025.22757,0.8,0.154,0,0.0,0.0,0.0,0.0,0.0,0,0,1,1.0,0.825,0.0648,0.825,0.08,0,0.712,3,0.393,2025.0689,2024.11685,0.243,0.007,0.0,2,0.25,0,0.712,1.314,3.0,0.438,0.437,1,2022.84745,5,0.6,0.515,0.376,0.247,0.088,0.751,0.888,1871.92402,1874.3707,1984.47874,13541.5208,-182.7103,1,1872.91926,0.619,1907.25498,0.309,0.0,0.0,0,0.062,1,0,16662,0.735,0.587,0.431,3292.0,3292.0,0.8135,4046.9,0.0,1,1,0.925,1362.075,1,1,0.685,1491.726,0,132.36,0.507,0.493,0.0,1.0,0.5,0.98,0.0,0.5,0.0,1.0,0.784,0.5,0.516,0.0,0.32,0.0,0,0,0.453,0.712,0.0,1.0,0.054,0.366,0.65,0.0,0.54,0.0,0.0,0.0,0.0
14930,2024.03.28 03:32:40,XAUEURm,ANCHORED_PULLBACK,BUY,1,2030.238,2026.452,2034.733,1.19,0.394,2025.24788,2026.68225,2022.5385,0,0.351,0.059,0.4362,2023.99073,2009.21312,2012.8565,1998.283,0,0.005,0.65,0,2025.24788,0.799,0.401,0,0.0,0.0,2025.39407,0.0,0.0,0,0,1,0.68,0.8798,0.035,0.88,0.077,0,0.658,3,0.39,2025.24788,2026.84163,0.436,0.027,0.0,2,0.15,0,0.658,1.315,3.0,0.438,0.469,1,2025.24788,8,0.76,0.128,0.337,0.264,0.053,1.0,0.912,1871.92402,1874.3707,1984.47874,13541.5208,-182.7103,1,1872.91926,0.619,1907.25498,0.309,0.0,0.0,0,0.062,1,0,16663,0.735,0.587,0.431,3292.0,3292.0,0.8455,3893.4,0.0,1,1,0.925,1362.075,1,1,0.685,1491.726,0,138.313,0.507,0.493,0.0,1.0,0.5,0.99,0.0,0.5,0.0,1.0,0.596,0.5,0.545,0.0,0.448,0.0,0,0,0.401,0.452,0.0,0.713,0.054,0.602,0.86,0.0,0.547,0.0,0.0,0.0,0.0
14932,2024.03.28 04:00:00,XAUEURm,BREAKOUT,BUY,1,2029.878,2024.235,2039.283,1.67,0.583,2022.93577,2025.95625,2020.626,0,0.12,0.258,0.9703,2024.2407,2009.32675,2014.4805,1998.283,0,0.005,0.75,0,2022.93577,0.716,0.0,1,0.0,0.0,0.0,0.0,0.0,0,0,1,0.788,0.9877,0.0485,0.988,0.688,2,0.351,3,0.755,2026.13392,2027.55533,0.12,0.258,0.3154,0,0.15,2,1.0,1.491,3.0,0.497,0.586,2,2022.93577,8,0.743,0.76,0.154,0.996,0.053,0.72,0.897,1872.76454,1871.21833,1983.09472,13252.2446,-289.2761,1,1872.97683,0.624,1907.36709,0.311,0.0,0.0,0,0.074,1,0,16664,0.735,0.587,0.431,3292.0,3292.0,0.8751,3761.9,0.0,1,1,0.925,1362.075,1,1,0.685,1491.726,0,143.055,0.511,0.489,0.0,1.0,0.5,0.4,0.0,0.5,0.0,0.776,0.517,0.5,0.523,0.0,0.397,0.0,0,0,0.326,0.481,0.156,0.898,0.042,1.0,0.674,0.0,0.498,0.0,0.0,0.0,0.0
0,2024.03.28 04:21:00,XAUEURm,PULLBACK,BUY,1,2031.019,2029.05,2042.305,5.73,0.45,2022.93577,2025.95625,2020.626,0,0.12,0.258,1.2736,2024.2407,2009.32675,2014.4805,1998.283,0,0.005,0.75,0,2022.93577,0.716,0.0,1,0.0,0.0,0.0,0.0,0.0,0,0,1,0.788,0.9877,0.0485,0.988,0.104,0,0.651,3,0.755,2026.13392,2027.55533,0.423,0.046,0.0,2,0.15,4,0.595,1.603,3.0,0.534,0.498,1,2026.13392,2,0.55,0.153,0.329,0.296,0.053,0.72,0.897,1872.76454,1871.21833,1983.09472,13252.2446,-289.2761,1,1872.97683,0.624,1907.36709,0.311,0.0,0.0,0,0.074,1,0,16664,0.735,0.587,0.431,3292.0,3292.0,0.8751,3761.9,0.0,1,1,0.925,1362.075,1,1,0.685,1491.726,0,143.358,0.511,0.489,0.0,1.0,0.5,0.82,0.0,0.5,0.0,0.858,0.624,0.5,0.46,0.0,0.32,0.0,0,0,0.34,0.33,0.0,0.57,0.042,0.56,0.836,0.0,0.493,0.0,0.0,0.0,0.0
14934,2024.03.28 04:21:00,XAUEURm,TREND_CONTINUATION,BUY,1,2031.019,2026.505,2040.424,2.08,0.529,2022.93577,2025.95625,2020.626,0,0.12,0.258,1.2736,2024.2407,2009.32675,2014.4805,1998.283,0,0.005,0.75,0,2022.93577,0.716,0.0,1,0.0,0.0,0.0,0.0,0.0,0,0,1,0.788,0.9877,0.0485,0.988,0.104,0,0.651,3,0.755,2026.13392,2027.55533,0.423,0.046,0.0,2,0.15,4,0.595,1.603,3.0,0.534,0.498,1,2026.13392,2,0.55,0.153,0.329,0.296,0.053,0.72,0.897,1872.76454,1871.21833,1983.09472,13252.2446,-289.2761,1,1872.97683,0.624,1907.36709,0.311,0.0,0.0,0,0.074,1,0,16664,0.735,0.587,0.431,3292.0,3292.0,0.8751,3761.9,0.0,1,1,0.925,1362.075,1,1,0.685,1491.726,0,143.358,0.511,0.489,0.0,1.0,0.5,0.81,0.0,0.5,0.0,0.858,0.624,0.5,0.46,0.0,0.32,0.0,0,0,0.34,0.33,0.0,0.57,0.042,0.56,0.836,0.0,0.493,0.0,0.0,0.0,0.0
0,2024.03.28 05:00:00,XAUEURm,BREAKOUT_RETEST,BUY,1,2030.22,2029.262,2031.328,1.16,0.637,2026.36875,2028.036,2022.849,1,0.057,0.755,0.1751,2024.49068,2009.44037,2017.62245,1998.283,0,0.005,0.7,0,2026.36875,0.747,0.494,0,0.0,0.0,0.0,0.0,0.0,0,0,1,1.0,1.0,0.0649,1.0,0.642,2,0.575,3,0.936,2026.73925,2024.331,0.059,0.813,0.0,2,0.0,0,0.575,1.061,3.0,0.354,0.491,1,2028.036,4,0.6,0.882,0.108,0.3,0.0,0.853,0.904,1872.76454,1871.21833,1983.09472,13252.2446,-289.2761,1,1872.97683,0.624,1907.36709,0.311,0.0,0.0,0,0.074,1,0,16665,0.735,0.587,0.431,3292.0,3292.0,1.031,3193.0,0.0,1,1,0.925,1362.075,1,1,0.685,1491.726,0,168.648,0.511,0.489,0.0,1.0,0.5,0.97,0.0,0.5,0.0,1.0,0.53,0.5,0.563,0.0,0.382,0.0,0,0,0.34,0.671,0.059,0.855,0.039,0.368,0.65,0.0,0.558,0.0,0.0,0.0,0.0
14936,2024.03.28 06:00:00,XAUEURm,BREAKOUT,BUY,1,2030.995,2026.146,2039.076,1.67,0.467,2026.74113,2027.86925,2025.613,1,0.018,0.121,0.2976,2024.82235,2008.92512,2019.56725,1998.283,0,0.006,0.25,4,2026.74113,0.798,0.832,0,0.0,0.0,2029.94737,0.0,0.0,0,0,1,1.0,1.0,0.0658,1.0,0.368,0,0.742,2,0.038,2026.96675,2028.3205,0.228,0.191,0.0,2,0.15,0,0.742,1.184,3.0,0.395,0.388,1,2025.613,5,0.6,0.544,0.249,0.3,0.202,0.656,0.946,1872.76454,1871.21833,1983.09472,13252.2446,-289.2761,1,1872.97683,0.624,1907.36709,0.311,0.0,0.0,0,0.074,1,0,16666,0.735,0.587,0.431,3292.0,3292.0,1.0184,3232.5,0.0,1,1,0.925,1362.075,1,1,0.685,1491.726,0,166.827,0.511,0.489,0.0,1.0,0.5,0.0,0.0,0.5,0.0,0.624,0.579,0.5,0.449,0.0,0.405,0.0,0,0,0.344,0.605,0.0,0.582,0.042,0.285,0.65,0.0,0.585,0.0,0.0,0.0,0.0
0,2024.03.28 06:00:40,XAUEURm,ANCHORED_PULLBACK,BUY,1,2031.164,2028.978,2034.337,1.45,0.261,2026.74113,2027.86925,2025.613,0,0.018,0.121,0.3498,2024.82235,2008.92512,2019.56725,1998.283,0,0.006,0.25,4,2026.74113,0.798,0.832,0,0.0,0.0,2029.94737,0.0,0.0,0,0,1,1.0,1.0,0.0658,1.0,0.055,0,0.742,2,0.038,2026.96675,2028.3205,0.28,0.139,0.0,2,0.15,0,0.742,1.325,3.0,0.442,0.404,1,2026.74113,8,0.76,0.44,0.344,0.3,0.202,0.656,0.946,1872.76454,1871.21833,1983.09472,13252.2446,-289.2761,1,1872.97683,0.624,1907.36709,0.311,0.0,0.0,0,0.074,1,0,16666,0.735,0.587,0.431,3292.0,3292.0,1.0184,3232.5,0.0,1,1,0.925,1362.075,1,1,0.685,1491.726,0,166.88,0.511,0.489,0.0,1.0,0.5,0.04,0.0,0.5,0.0,0.653,0.593,0.5,0.449,0.0,0.362,0.0,0,0,0.335,0.527,0.0,0.582,0.042,0.321,0.792,0.0,0.585,0.0,0.0,0.0,0.0
14938,2024.03.28 06:21:00,XAUEURm,PULLBACK,BUY,1,2031.119,2026.27,2040.817,2.0,0.637,2026.74113,2027.86925,2025.613,1,0.018,0.121,0.3359,2024.82235,2008.92512,2019.56725,1998.283,0,0.006,0.25,4,2026.74113,0.798,0.832,0,0.0,0.0,2029.94737,0.0,0.0,0,0,1,1.0,1.0,0.0658,1.0,0.368,0,0.742,2,0.038,2026.96675,2028.3205,0.266,0.153,0.0,2,0.15,0,0.742,1.184,3.0,0.395,0.388,1,2026.74113,8,0.76,0.468,0.249,0.3,0.202,0.656,0.946,1872.76454,1871.21833,1983.09472,13252.2446,-289.2761,1,1872.97683,0.624,1907.36709,0.311,0.0,0.0,0,0.074,1,0,16666,0.735,0.587,0.431,3292.0,3292.0,1.0184,3232.5,0.0,1,1,0.925,1362.075,1,1,0.685,1491.726,0,166.866,0.511,0.489,0.0,1.0,0.5,0.51,0.0,0.5,0.0,0.672,0.371,0.5,0.543,0.0,0.375,0.0,0,0,0.391,0.605,0.0,0.582,0.042,0.285,0.731,0.0,0.585,0.0,0.0,0.0,0.0
14939,2024.03.28 06:21:20,XAUEURm,TREND_CONTINUATION,BUY,1,2031.456,2027.577,2039.537,2.08,0.576,2026.74113,2027.86925,2025.613,0,0.018,0.121,0.4402,2024.82235,2008.92512,2019.56725,1998.283,0,0.006,0.25,4,2026.74113,0.798,0.832,0,0.0,0.0,2029.94737,0.0,0.0,0,0,1,1.0,1.0,0.0658,1.0,0.055,0,0.742,2,0.038,2026.96675,2028.3205,0.37,0.048,0.0,2,0.15,0,0.742,1.325,3.0,0.442,0.404,1,2026.74113,8,0.76,0.259,0.344,0.3,0.202,0.656,0.946,1872.76454,1871.21833,1983.09472,13252.2446,-289.2761,1,1872.97683,0.624,1907.36709,0.311,0.0,0.0,0,0.074,1,0,16666,0.735,0.587,0.431,3292.0,3292.0,1.0184,3232.5,0.0,1,1,0.925,1362.075,1,1,0.685,1491.726,0,166.97,0.511,0.489,0.0,1.0,0.5,0.81,0.0,0.5,0.0,0.772,0.382,0.5,0.543,0.0,0.366,0.0,0,0,0.38,0.528,0.0,0.535,0.042,0.35,0.807,0.0,0.585,0.0,0.0,0.0,0.0
0,2024.03.28 08:00:00,XAUEURm,BREAKOUT,BUY,2,2032.238,2030.317,2040.189,4.14,0.53,2026.81212,2029.3358,2026.41365,1,0.504,0.415,0.6709,2023.98633,2009.06585,2021.5076,1998.283,0,0.006,0.55,2,2026.81212,0.793,0.54,0,0.0,0.0,0.0,0.0,0.0,0,0,1,1.0,1.0,0.1352,1.0,0.583,2,0.494,0,0.343,2026.94495,2030.53122,0.629,0.498,0.2651,0,0.3,2,1.0,1.538,3.0,0.513,0.521,2,2026.81212,8,0.759,0.0,0.245,1.0,0.174,0.753,0.639,1872.66888,1871.15832,1983.98013,13453.5897,201.3451,2,1873.68515,0.625,1904.85075,0.305,0.0,0.0,0,0.056,1,0,16668,0.735,0.587,0.431,3292.0,3292.0,1.035,3180.6,0.0,1,1,0.925,1362.075,1,1,0.685,1491.726,0,169.942,0.5,0.5,0.0,0.0,0.5,0.53,0.0,0.5,0.0,0.591,0.677,0.5,0.431,0.0,0.428,0.0,0,0,0.407,0.62,0.0,0.517,0.042,0.735,0.65,0.0,0.489,0.0,0.0,0.0,0.0
0,2024.03.28 08:02:40,XAUEURm,BREAKOUT_RETEST,BUY,2,2032.194,2030.317,2034.089,1.01,0.61,2026.81212,2029.3358,2026.41365,1,0.504,0.415,0.6571,2023.98633,2009.06585,2021.5076,1998.283,0,0.006,0.55,2,2026.81212,0.793,0.54,0,0.0,0.0,0.0,0.0,0.0,0,0,1,1.0,1.0,0.1352,1.0,0.583,2,0.542,0,0.343,2026.94495,2030.53122,0.615,0.512,0.0,2,0.0,0,0.542,1.088,3.0,0.363,0.399,1,2026.81212,8,0.759,0.0,0.125,0.3,0.069,0.753,0.639,1872.66888,1871.15832,1983.98013,13453.5897,201.3451,2,1873.68515,0.625,1904.85075,0.305,0.0,0.0,0,0.056,1,0,16668,0.735,0.587,0.431,3292.0,3292.0,1.035,3180.6,0.0,1,1,0.925,1362.075,1,1,0.685,1491.726,0,169.928,0.5,0.5,0.0,0.0,0.5,0.32,0.0,0.5,0.0,0.704,0.657,0.5,0.49,0.0,0.374,0.0,0,0,0.391,0.653,0.0,0.38,0.042,0.466,0.73,0.0,0.562,0.0,0.0,0.0,0.0
14942,2024.03.28 08:21:00,XAUEURm,PULLBACK,BUY,2,2034.423,2030.317,2043.965,2.32,0.494,2026.81212,2029.3358,2026.41365,0,0.504,0.415,1.3579,2023.98633,2009.06585,2021.5076,1998.283,0,0.007,0.55,2,2026.81212,0.793,0.54,0,0.0,0.0,0.0,0.0,0.0,0,0,1,1.0,1.0,0.1352,1.0,0.289,2,0.542,0,0.343,2026.94495,2031.32818,1.316,0.062,0.0,2,0.0,0,0.542,1.22,3.0,0.407,0.415,1,2026.81212,8,0.759,0.0,0.213,0.3,0.069,0.753,0.854,1872.66888,1871.15832,1983.98013,13453.5897,201.3451,2,1873.68515,0.625,1904.85075,0.305,0.0,0.0,0,0.056,1,0,16668,0.735,0.587,0.431,3292.0,3292.0,1.035,3180.6,0.0,1,1,0.925,1362.075,1,1,0.685,1491.726,0,170.629,0.5,0.5,0.0,0.0,0.5,0.95,0.0,0.5,0.0,0.412,0.57,0.5,0.493,0.0,0.39,0.0,0,0,0.346,0.564,0.0,0.475,0.042,0.522,0.855,0.0,0.562,0.0,0.0,0.0,0.0
14943,2024.03.28 08:21:20,XAUEURm,TREND_CONTINUATION,BUY,2,2034.67,2030.317,2042.621,1.83,0.582,2026.81212,2029.3358,2026.41365,0,0.504,0.415,1.4356,2023.98633,2009.06585,2021.5076,1998.283,0,0.007,0.55,2,2026.81212,0.793,0.54,0,0.0,0.0,0.0,0.0,0.0,0,0,1,1.0,1.0,0.1352,1.0,0.128,2,0.542,0,0.343,2026.94495,2031.32818,1.394,0.016,0.0,2,0.0,0,0.542,1.293,3.0,0.431,0.423,1,2026.81212,8,0.759,0.0,0.262,0.3,0.069,0.753,0.854,1872.66888,1871.15832,1983.98013,13453.5897,201.3451,2,1873.68515,0.625,1904.85075,0.305,0.0,0.0,0,0.056,1,0,16668,0.735,0.587,0.431,3292.0,3292.0,1.035,3180.6,0.0,1,1,0.925,1362.075,1,1,0.685,1491.726,0,170.706,0.5,0.5,0.0,0.0,0.5,0.98,0.0,0.5,0.0,0.473,0.581,0.5,0.493,0.0,0.367,0.0,0,0,0.343,0.526,0.0,0.475,0.042,0.522,0.855,0.0,0.562,0.0,0.0,0.0,0.0
14946,2024.03.28 09:00:00,XAUEURm,ANCHORED_PULLBACK,BUY,2,2035.403,2032.098,2038.814,1.03,0.682,2029.69122,2031.1502,2026.9817,0,0.722,0.024,0.722,2024.72637,2010.04865,2021.8143,1998.283,0,0.007,0.5,0,2029.69122,0.716,0.507,0,0.0,0.0,2033.10327,0.0,0.0,0,0,1,1.0,0.825,0.1721,0.825,0.104,2,0.356,0,0.437,2029.06595,2032.19232,0.909,0.024,0.3719,0,0.4,2,1.0,1.753,3.0,0.584,0.558,2,2029.69122,8,0.743,0.0,0.429,0.947,0.227,0.872,0.856,1872.66888,1871.15832,1983.98013,13453.5897,201.3451,2,1873.68515,0.625,1904.85075,0.305,0.0,0.0,0,0.056,1,0,16669,0.735,0.587,0.431,3292.0,3292.0,0.9822,3351.5,0.0,1,1,0.925,1362.075,1,1,0.685,1491.726,0,162.219,0.5,0.5,0.0,0.0,0.5,0.01,0.0,0.5,0.0,0.773,0.363,0.5,0.381,0.0,0.362,0.0,0,0,0.342,0.391,0.0,0.613,0.042,0.82,0.437,0.0,0.488,0.0,0.0,0.0,0.0
14948,2024.03.28 10:00:00,XAUEURm,BREAKOUT,BUY,2,2041.356,2034.142,2050.477,1.26,0.645,2029.02365,2032.585,2027.106,0,1.877,0.075,2.4779,2023.90655,2009.2159,2022.1366,1998.283,0,0.008,0.5,2,2029.02365,0.787,0.402,0,0.0,0.0,2037.0157,0.0,0.0,0,0,1,1.0,1.0,0.2451,1.0,0.094,2,0.49,3,0.484,2031.21525,2037.79005,1.877,0.075,0.3592,0,0.15,2,1.0,1.758,3.0,0.586,0.579,2,2029.02365,8,0.757,0.0,0.332,1.0,0.053,0.691,0.894,1872.66888,1871.15832,1983.98013,13453.5897,201.3451,2,1873.68515,0.625,1904.85075,0.305,0.0,0.0,0,0.056,1,0,16670,0.743,0.59,0.432,3292.0,3292.0,0.9023,3648.4,0.0,1,1,0.925,1362.075,1,1,0.685,1491.726,0,150.651,0.5,0.5,0.0,0.0,0.5,0.99,0.0,0.5,0.0,0.628,0.636,0.5,0.448,0.0,0.398,0.0,0,0,0.375,0.237,0.0,0.421,0.054,1.0,0.745,0.0,0.484,0.0,0.0,0.0,0.0
0,2024.03.28 10:21:00,XAUEURm,PULLBACK,BUY,2,2041.48,2039.943,2052.425,7.12,0.497,2029.02365,2032.585,2027.106,0,1.877,0.075,2.5119,2023.90655,2009.2159,2022.1366,1998.283,0,0.008,0.5,2,2029.02365,0.787,0.402,0,0.0,0.0,2037.0157,0.0,0.0,0,0,1,1.0,1.0,0.2451,1.0,0.094,2,0.6,3,0.484,2031.21525,2037.79005,1.911,0.109,0.0,2,0.15,0,0.6,1.308,3.0,0.436,0.427,1,2029.02365,8,0.757,0.0,0.332,0.3,0.053,0.691,0.894,1872.66888,1871.15832,1983.98013,13453.5897,201.3451,2,1873.68515,0.625,1904.85075,0.305,0.0,0.0,0,0.056,1,0,16670,0.743,0.59,0.432,3292.0,3292.0,0.9023,3648.4,0.0,1,1,0.925,1362.075,1,1,0.685,1491.726,0,150.685,0.5,0.5,0.0,0.0,0.5,0.75,0.0,0.5,0.0,1.0,0.448,0.5,0.522,0.0,0.371,0.0,0,0,0.336,0.237,0.0,0.428,0.054,0.823,0.857,0.0,0.554,0.0,0.0,0.0,0.0
14950,2024.03.28 10:21:20,XAUEURm,TREND_CONTINUATION,BUY,2,2041.332,2036.954,2050.453,2.08,0.583,2029.02365,2032.585,2027.106,0,1.877,0.075,2.4713,2023.90655,2009.2159,2022.1366,1998.283,0,0.008,0.5,2,2029.02365,0.787,0.402,0,0.0,0.0,2037.0157,0.0,0.0,0,0,1,1.0,1.0,0.2451,1.0,0.094,2,0.6,3,0.484,2031.21525,2037.79005,1.871,0.069,0.0,2,0.15,0,0.6,1.308,3.0,0.436,0.427,1,2029.02365,8,0.757,0.0,0.332,0.3,0.053,0.691,0.894,1872.66888,1871.15832,1983.98013,13453.5897,201.3451,2,1873.68515,0.625,1904.85075,0.305,0.0,0.0,0,0.056,1,0,16670,0.743,0.59,0.432,3292.0,3292.0,0.9023,3648.4,0.0,1,1,0.925,1362.075,1,1,0.685,1491.726,0,150.645,0.5,0.5,0.0,0.0,0.5,0.65,0.0,0.5,0.0,1.0,0.44,0.5,0.522,0.0,0.371,0.0,0,0,0.341,0.237,0.0,0.428,0.054,0.823,0.857,0.0,0.554,0.0,0.0,0.0,0.0
14952,2024.03.28 11:00:00,XAUEURm,ANCHORED_PULLBACK,BUY,2,2052.076,2047.568,2057.518,1.21,0.851,2029.43475,2037.6735,2027.787,0,3.173,0.658,4.4309,2024.44007,2009.86465,2024.02,1998.283,0,0.009,0.45,2,2029.43475,0.778,0.364,0,0.0,0.0,2048.87822,0.0,0.0,0,0,1,1.0,1.0,0.3178,1.0,0.221,2,0.388,3,0.688,2034.92725,2045.363,3.173,0.783,1.0093,0,0.0,2,1.0,1.799,3.173,0.567,0.604,2,2034.92725,2,0.55,0.0,0.234,1.0,0.0,0.469,0.868,1872.66888,1871.15832,1983.98013,13453.5897,201.3451,2,1873.68515,0.625,1904.85075,0.305,0.0,0.0,0,0.056,1,0,16671,0.743,0.59,0.432,3292.0,3292.0,0.7538,4366.9,0.0,1,1,0.925,1362.075,1,1,0.685,1491.726,0,128.317,0.5,0.5,0.0,0.0,0.5,0.57,0.0,0.5,0.0,0.564,0.635,0.5,0.394,0.0,0.436,0.0,0,0,0.374,0.45,0.0,0.517,0.036,1.0,0.437,0.0,0.483,0.0,0.0,0.0,0.0
0,2024.03.28 12:00:00,XAUEURm,BREAKOUT_RETEST,BUY,2,2051.386,2049.845,2053.049,1.08,0.884,2047.01075,2049.757,2033.2795,1,0.003,1.436,0.2366,2024.44007,2009.86465,2024.02,1998.283,0,0.008,0.75,2,2031.63175,0.762,0.0,1,0.0,0.0,2046.69355,0.0,0.0,0,0,1,1.0,1.0,0.4647,1.0,0.967,1,0.083,3,0.784,2047.56,2040.969,0.117,1.556,1.4398,0,0.3,2,1.0,1.636,3.596,0.455,0.614,2,2049.757,4,0.6,0.767,0.13,1.0,0.105,0.959,0.917,1872.99662,1873.6356,1984.29713,11520.2994,-1933.2903,1,1872.89977,0.625,1906.99273,0.286,0.0,0.0,0,0.035,1,0,16672,0.743,0.59,0.432,3292.0,3292.0,0.7191,4577.8,0.0,1,1,0.925,1362.075,1,1,0.685,1491.726,0,122.256,0.584,0.416,0.0,1.0,0.5,0.79,0.0,0.5,0.0,0.592,0.418,0.5,0.495,0.0,0.483,0.0,0,0,0.391,0.616,0.0,0.379,0.13,1.0,0.65,0.0,0.507,0.0,0.0,0.0,0.0
0,2024.03.28 12:01:40,XAUEURm,BREAKOUT,BUY,2,2052.884,2050.943,2064.328,5.9,0.532,2047.01075,2049.757,2033.2795,1,0.003,1.436,0.5639,2024.44007,2009.86465,2024.02,1998.283,0,0.009,0.75,2,2031.63175,0.762,0.0,1,0.0,0.0,2046.69355,0.0,0.0,0,0,1,1.0,1.0,0.4647,1.0,0.532,2,0.383,3,0.784,2047.56,2040.969,0.444,1.884,0.0,2,0.0,3,1.0,2.237,3.923,0.57,0.729,3,2047.01075,1,0.7,0.112,0.14,0.7,0.0,0.959,0.917,1872.99662,1873.6356,1984.29713,11520.2994,-1933.2903,1,1872.89977,0.625,1906.99273,0.286,0.0,0.0,0,0.035,1,0,16672,0.743,0.59,0.432,3292.0,3292.0,0.7191,4577.8,0.0,1,1,0.925,1362.075,1,1,0.685,1491.726,0,122.583,0.584,0.416,0.0,1.0,0.5,0.99,0.0,0.5,0.0,0.519,0.436,0.5,0.459,0.0,0.483,0.0,0,0,0.369,0.552,0.0,0.383,0.13,1.0,0.65,0.0,0.48,0.0,0.0,0.0,0.0
0,2024.03.28 12:21:00,XAUEURm,PULLBACK,BUY,2,2053.713,2050.943,2067.446,4.96,0.677,2047.01075,2049.757,2033.2795,0,0.003,1.436,0.745,2024.44007,2009.86465,2024.02,1998.283,0,0.009,0.75,2,2031.63175,0.762,0.0,1,0.0,0.0,2046.69355,0.0,0.0,0,0,1,1.0,1.0,0.4647,1.0,0.532,2,0.383,3,0.784,2047.56,2040.969,0.625,2.065,0.0,2,0.0,3,1.0,1.711,3.0,0.57,0.667,3,2047.01075,1,0.7,0.0,0.14,0.7,0.0,0.959,0.917,1872.99662,1873.6356,1984.29713,11520.2994,-1933.2903,1,1872.89977,0.625,1906.99273,0.286,0.0,0.0,0,0.035,1,0,16672,0.743,0.59,0.432,3292.0,3292.0,0.7191,4577.8,0.0,1,1,0.925,1362.075,1,1,0.685,1491.726,0,122.764,0.584,0.416,0.0,1.0,0.5,0.43,0.0,0.5,0.0,0.297,0.468,0.5,0.445,0.0,0.478,0.0,0,0,0.344,0.525,0.0,0.383,0.1,1.0,0.699,0.0,0.48,0.0,0.0,0.0,0.0
14954,2024.03.28 12:21:20,XAUEURm,TREND_CONTINUATION,BUY,2,2053.713,2048.22,2065.157,2.08,0.795,2047.01075,2049.757,2033.2795,0,0.003,1.436,0.745,2024.44007,2009.86465,2024.02,1998.283,0,0.009,0.75,2,2031.63175,0.762,0.0,1,0.0,0.0,2046.69355,0.0,0.0,0,0,1,1.0,1.0,0.4647,1.0,0.532,2,0.383,3,0.784,2047.56,2040.969,0.625,2.065,0.0,2,0.0,3,1.0,1.711,3.0,0.57,0.667,3,2047.01075,1,0.7,0.0,0.14,0.7,0.0,0.959,0.917,1872.99662,1873.6356,1984.29713,11520.2994,-1933.2903,1,1872.89977,0.625,1906.99273,0.286,0.0,0.0,0,0.035,1,0,16672,0.743,0.59,0.432,3292.0,3292.0,0.7191,4577.8,0.0,1,1,0.925,1362.075,1,1,0.685,1491.726,0,122.764,0.584,0.416,0.0,1.0,0.5,0.41,0.0,0.5,0.0,0.297,0.468,0.5,0.445,0.0,0.478,0.0,0,0,0.344,0.525,0.0,0.383,0.1,1.0,0.699,0.0,0.48,0.0,0.0,0.0,0.0
14956,2024.03.28 13:31:40,XAUEURm,MEAN_REVERSION,BUY,4,2044.322,2040.514,2051.549,1.9,0.55,2048.2574,2053.247,2037.7238,1,0.038,0.845,-1.4395,2025.22532,2007.9017,2023.0168,1998.283,0,0.007,0.7,0,2048.2574,0.669,0.835,0,0.0,0.0,2046.01553,0.0,0.0,0,0,1,0.8,0.825,0.5084,0.825,0.013,2,0.496,3,0.759,2034.9518,2040.4958,1.211,0.106,0.0,2,0.25,0,0.496,1.344,3.0,0.448,0.418,1,2037.7238,5,0.6,0.0,0.396,0.247,0.088,0.641,0.964,1872.99662,1873.6356,1984.29713,11520.2994,-1933.2903,1,1872.89977,0.625,1906.99273,0.286,0.0,0.0,0,0.035,1,0,16673,0.743,0.59,0.432,3292.0,3292.0,0.6557,5020.7,0.0,1,1,0.925,1362.075,1,1,0.685,1491.726,0,110.063,0.584,0.416,0.0,1.0,0.5,0.0,0.0,0.5,0.0,0.808,0.556,0.5,0.456,0.0,0.345,0.0,0,0,0.308,0.515,0.0,0.386,0.1,0.875,0.65,0.0,0.546,0.0,0.0,0.0,0.0
14958,2024.03.28 13:54:40,XAUEURm,SWEEP_REVERSAL,BUY,4,2039.484,2034.463,2051.549,2.4,0.198,2048.2574,2053.247,2037.7238,0,0.038,0.845,-2.4031,2025.22532,2007.9017,2023.0168,1998.283,0,0.006,0.7,0,2048.2574,0.669,0.835,0,0.0,0.0,2046.01553,0.0,0.0,0,0,1,0.8,0.825,0.5084,0.825,0.251,2,0.496,3,0.759,2034.9518,2032.7342,0.247,0.689,0.0,2,0.25,0,0.496,1.237,3.0,0.412,0.406,1,2048.2574,8,0.734,0.506,0.325,0.247,0.088,0.641,0.911,1872.99662,1873.6356,1984.29713,11520.2994,-1933.2903,1,1872.89977,0.625,1906.99273,0.286,0.0,0.0,0,0.035,1,0,16673,0.743,0.59,0.432,3292.0,3292.0,0.6557,5020.7,0.0,1,1,0.925,1362.075,1,1,0.685,1491.726,0,109.1,0.584,0.416,0.0,1.0,0.5,0.0,0.0,0.5,0.0,0.514,0.507,0.5,0.453,0.0,0.423,0.0,0,0,0.309,0.528,0.0,0.386,0.1,1.0,0.488,0.0,0.541,0.0,0.0,0.0,0.0
0,2024.03.28 14:34:20,XAUEURm,BREAKOUT_RETEST,BUY,4,2046.144,2044.364,2047.933,1.0,0.51,2046.45275,2049.6234,2042.3762,1,0.732,0.642,-0.6068,2023.07257,2007.9017,2023.0168,1998.283,0,0.006,0.4,0,2046.45275,0.704,0.461,0,0.0,0.0,2041.06938,0.0,0.0,0,0,1,0.8,0.825,0.4584,0.825,0.402,0,0.702,2,0.091,2044.64095,2039.20555,0.301,0.615,0.0,2,0.25,0,0.702,1.169,3.0,0.39,0.387,1,2044.64095,2,0.55,0.397,0.279,0.247,0.088,0.812,0.893,1872.99662,1873.6356,1984.29713,11520.2994,-1933.2903,1,1872.89977,0.625,1906.99273,0.286,0.0,0.0,0,0.035,1,0,16674,0.743,0.59,0.432,3292.0,3292.0,0.5548,5934.0,0.0,1,1,0.925,1362.075,1,1,0.685,1491.726,0,93.431,0.584,0.416,0.0,1.0,0.5,0.99,0.0,0.5,0.0,0.904,0.592,0.5,0.475,0.0,0.393,0.0,0,0,0.355,0.562,0.0,0.434,0.223,0.282,0.65,0.0,0.531,0.0,0.0,0.0,0.0
14960,2024.03.28 14:41:40,XAUEURm,PULLBACK,BUY,4,2048.587,2039.686,2066.389,2.0,0.555,2046.45275,2049.6234,2042.3762,1,0.732,0.642,-0.1951,2023.07257,2007.9017,2023.0168,1998.283,0,0.006,0.4,0,2046.45275,0.704,0.461,0,0.0,0.0,2041.06938,0.0,0.0,0,0,1,0.8,0.825,0.4584,0.825,0.832,0,0.702,2,0.091,2044.64095,2039.20555,0.11,1.026,0.0,2,0.25,0,0.702,0.976,3.0,0.325,0.365,1,2042.3762,5,0.6,0.78,0.15,0.247,0.088,0.812,0.893,1872.99662,1873.6356,1984.29713,11520.2994,-1933.2903,1,1872.89977,0.625,1906.99273,0.286,0.0,0.0,0,0.035,1,0,16674,0.743,0.59,0.432,3292.0,3292.0,0.5548,5934.0,0.0,1,1,0.925,1362.075,1,1,0.685,1491.726,0,93.842,0.584,0.416,0.0,1.0,0.5,0.99,0.0,0.5,0.0,0.616,0.595,0.5,0.503,0.0,0.323,0.0,0,0,0.337,0.747,0.0,0.434,0.254,0.456,0.65,0.0,0.569,0.0,0.0,0.0,0.0
14961,2024.03.28 14:41:59,XAUEURm,TREND_CONTINUATION,BUY,4,2048.584,2041.463,2063.419,2.08,0.476,2046.45275,2049.6234,2042.3762,1,0.732,0.642,-0.1956,2023.07257,2007.9017,2023.0168,1998.283,0,0.006,0.4,0,2046.45275,0.704,0.461,0,0.0,0.0,2041.06938,0.0,0.0,0,0,1,0.8,0.825,0.4584,0.825,0.832,0,0.702,2,0.091,2044.64095,2039.20555,0.11,1.026,0.0,2,0.25,0,0.702,0.976,3.0,0.325,0.365,1,2042.3762,5,0.6,0.781,0.15,0.247,0.088,0.812,0.893,1872.99662,1873.6356,1984.29713,11520.2994,-1933.2903,1,1872.89977,0.625,1906.99273,0.286,0.0,0.0,0,0.035,1,0,16674,0.743,0.59,0.432,3292.0,3292.0,0.5548,5934.0,0.0,1,1,0.925,1362.075,1,1,0.685,1491.726,0,93.842,0.584,0.416,0.0,1.0,0.5,0.98,0.0,0.5,0.0,0.616,0.6,0.5,0.503,0.0,0.323,0.0,0,0,0.34,0.747,0.0,0.434,0.254,0.456,0.65,0.0,0.569,0.0,0.0,0.0,0.0
14964,2024.03.28 15:06:40,XAUEURm,ANCHORED_PULLBACK,BUY,4,2053.632,2046.009,2063.472,1.29,0.401,2046.45275,2049.6234,2041.4703,0,0.088,0.602,0.592,2023.07257,2007.9017,2025.765,1998.283,0,0.006,0.45,0,2046.45275,0.759,0.625,0,0.0,0.0,2047.9785,0.0,0.0,0,0,1,0.8,0.825,0.3769,0.825,0.299,0,0.676,0,0.487,2046.9057,2052.3411,0.523,0.305,0.0,2,0.25,0,0.676,1.215,3.0,0.405,0.447,1,2046.45275,8,0.752,0.0,0.31,0.247,0.185,0.901,0.954,1872.99662,1873.6356,1984.29713,11520.2994,-1933.2903,1,1872.89977,0.625,1906.99273,0.286,0.0,0.0,0,0.035,1,0,16675,0.743,0.59,0.432,3292.0,3292.0,0.5014,6566.0,0.0,1,1,0.925,1362.075,1,1,0.685,1491.726,1,85.578,0.584,0.416,0.0,1.0,1.0,0.99,0.0,0.5,0.0,0.698,0.7,0.5,0.526,0.0,0.474,0.0,0,0,0.467,0.612,0.0,0.583,0.1,0.666,0.857,0.0,0.522,0.0,0.0,0.0,0.0
14966,2024.03.28 16:02:40,XAUEURm,BREAKOUT,BUY,4,2054.073,2044.072,2070.742,1.67,0.409,2049.17045,2051.4352,2042.3762,1,0.007,0.415,0.2416,2023.07257,2007.9017,2025.765,1998.283,0,0.006,0.5,0,2049.17045,0.771,0.426,0,0.0,0.0,0.0,0.0,0.0,0,0,1,1.0,1.0,0.3756,1.0,0.271,2,0.562,3,0.359,2049.17045,2052.3411,0.242,0.234,0.0,2,0.0,0,0.562,1.228,3.0,0.409,0.435,1,2042.3762,5,0.6,0.517,0.219,0.3,0.0,0.852,0.957,1871.98649,1872.9909,2001.7627,13912.3594,2392.06,2,1873.49307,0.631,1934.13295,0.282,0.0,0.0,0,0.041,1,0,16676,0.743,0.59,0.432,3292.0,3292.0,0.4937,6667.5,0.0,1,1,0.925,1362.075,1,1,0.685,1491.726,1,84.342,0.5,0.5,0.0,0.0,1.0,0.99,0.0,0.5,0.0,1.0,0.596,0.5,0.549,0.0,0.499,0.0,0,0,0.422,0.609,0.0,0.57,0.189,0.631,0.65,0.0,0.516,0.0,0.0,0.0,0.0
14968,2024.03.28 16:41:40,XAUEURm,PULLBACK,BUY,4,2060.649,2052.702,2080.652,2.52,0.502,2049.17045,2051.4352,2042.3762,0,0.007,0.415,1.2278,2023.07257,2007.9017,2025.765,1998.283,0,0.007,0.5,0,2049.17045,0.771,0.426,0,0.0,0.0,0.0,0.0,0.0,0,0,1,1.0,1.0,0.3756,1.0,0.014,2,0.562,3,0.359,2049.17045,2052.3411,1.228,0.752,0.0,2,0.0,0,0.562,1.344,3.0,0.448,0.449,1,2049.17045,8,0.754,0.0,0.296,0.3,0.0,0.852,0.957,1871.98649,1872.9909,2001.7627,13912.3594,2392.06,2,1873.49307,0.631,1934.13295,0.282,0.0,0.0,0,0.041,1,0,16676,0.743,0.59,0.432,3292.0,3292.0,0.4937,6667.5,0.0,1,1,0.925,1362.075,1,1,0.685,1491.726,1,85.328,0.5,0.5,0.0,0.0,1.0,0.87,0.0,0.5,0.0,0.476,0.613,0.5,0.466,0.0,0.443,0.0,0,0,0.385,0.561,0.0,0.475,0.193,0.633,0.856,0.0,0.516,0.0,0.0,0.0,0.0
14969,2024.03.28 16:41:59,XAUEURm,TREND_CONTINUATION,BUY,4,2060.649,2052.648,2077.318,2.08,0.59,2049.17045,2051.4352,2042.3762,0,0.007,0.415,1.2278,2023.07257,2007.9017,2025.765,1998.283,0,0.007,0.5,0,2049.17045,0.771,0.426,0,0.0,0.0,0.0,0.0,0.0,0,0,1,1.0,1.0,0.3756,1.0,0.014,2,0.562,3,0.359,2049.17045,2052.3411,1.228,0.752,0.0,2,0.0,0,0.562,1.344,3.0,0.448,0.449,1,2049.17045,8,0.754,0.0,0.296,0.3,0.0,0.852,0.957,1871.98649,1872.9909,2001.7627,13912.3594,2392.06,2,1873.49307,0.631,1934.13295,0.282,0.0,0.0,0,0.041,1,0,16676,0.743,0.59,0.432,3292.0,3292.0,0.4937,6667.5,0.0,1,1,0.925,1362.075,1,1,0.685,1491.726,1,85.328,0.5,0.5,0.0,0.0,1.0,0.86,0.0,0.5,0.0,0.476,0.605,0.5,0.466,0.0,0.443,0.0,0,0,0.38,0.561,0.0,0.475,0.193,0.633,0.856,0.0,0.516,0.0,0.0,0.0,0.0
14972,2024.03.28 17:06:40,XAUEURm,ANCHORED_PULLBACK,BUY,3,2057.852,2052.253,2068.502,1.9,0.56,2049.50087,2051.2255,2039.728,0,0.736,0.242,0.7257,2025.31325,2008.75517,2025.21145,1998.283,0,0.007,0.5,0,2049.50087,0.773,0.404,0,0.0,0.0,2053.98627,0.0,0.0,0,0,1,1.0,1.0,0.3257,1.0,0.353,2,0.488,0,0.777,2048.926,2052.95012,0.808,0.231,0.0,2,0.15,0,0.488,1.191,3.0,0.397,0.46,1,2049.50087,8,0.755,0.0,0.254,0.3,0.208,0.999,0.849,1871.98649,1872.9909,2001.7627,13912.3594,2392.06,2,1873.49307,0.631,1934.13295,0.282,0.0,0.0,0,0.041,1,0,16677,0.743,0.59,0.432,3292.0,3292.0,0.4722,6971.0,0.0,1,1,0.925,1362.075,1,1,0.685,1491.726,1,81.212,0.5,0.5,0.0,0.0,1.0,0.51,0.0,0.5,0.0,0.789,0.403,0.5,0.519,0.0,0.453,0.0,0,0,0.395,0.366,0.0,0.571,0.214,0.825,0.853,0.0,0.508,0.0,0.0,0.0,0.0
14974,2024.03.28 18:02:40,XAUEURm,BREAKOUT,BUY,3,2059.38,2048.645,2077.271,1.67,0.401,2048.48862,2056.0955,2046.96725,1,0.11,1.386,1.0619,2025.31325,2008.75517,2025.21145,1998.283,0,0.007,0.45,0,2048.48862,0.764,0.0,1,0.0,0.0,2055.47875,0.0,0.0,0,0,1,1.0,1.0,0.3228,1.0,0.759,2,0.527,2,0.091,2055.58837,2044.93875,0.07,1.558,0.0,2,0.0,4,0.558,1.309,3.0,0.436,0.405,1,2048.48862,8,0.753,0.86,0.072,0.3,0.0,0.809,0.887,1871.98649,1872.9909,2001.7627,13912.3594,2392.06,2,1873.49307,0.631,1934.13295,0.282,0.0,0.0,0,0.041,1,0,16678,0.743,0.59,0.432,3292.0,3292.0,0.46,7156.6,0.0,1,1,0.925,1362.075,1,1,0.685,1491.726,1,79.319,0.5,0.5,0.0,0.0,1.0,0.68,0.0,0.5,0.0,0.684,0.585,0.5,0.554,0.0,0.451,0.0,0,0,0.398,0.606,0.0,0.342,0.13,0.475,0.672,0.0,0.487,0.0,0.0,0.0,0.0
14976,2024.03.28 18:41:40,XAUEURm,PULLBACK,BUY,3,2057.885,2051.065,2079.355,3.15,0.642,2048.48862,2056.0955,2046.96725,1,0.11,1.386,0.853,2025.31325,2008.75517,2025.21145,1998.283,0,0.006,0.45,0,2048.48862,0.764,0.0,1,0.0,0.0,2055.47875,0.0,0.0,0,0,1,1.0,1.0,0.3228,1.0,0.662,2,0.527,2,0.091,2055.58837,2044.93875,0.139,1.349,0.0,2,0.0,4,0.558,1.352,3.0,0.451,0.41,1,2048.48862,8,0.753,0.722,0.101,0.3,0.0,0.809,0.887,1871.98649,1872.9909,2001.7627,13912.3594,2392.06,2,1873.49307,0.631,1934.13295,0.282,0.0,0.0,0,0.041,1,0,16678,0.743,0.59,0.432,3292.0,3292.0,0.46,7156.6,0.0,1,1,0.925,1362.075,1,1,0.685,1491.726,1,79.11,0.5,0.5,0.0,0.0,1.0,0.11,0.0,0.5,0.0,0.732,0.258,0.5,0.524,0.0,0.407,0.0,0,0,0.465,0.71,0.0,0.342,0.13,0.427,0.437,0.0,0.487,0.0,0.0,0.0,0.0
14977,2024.03.28 18:41:59,XAUEURm,TREND_CONTINUATION,BUY,3,2057.998,2049.41,2075.889,2.08,0.578,2048.48862,2056.0955,2046.96725,1,0.11,1.386,0.8688,2025.31325,2008.75517,2025.21145,1998.283,0,0.006,0.45,0,2048.48862,0.764,0.0,1,0.0,0.0,2055.47875,0.0,0.0,0,0,1,1.0,1.0,0.3228,1.0,0.662,2,0.527,2,0.091,2055.58837,2044.93875,0.123,1.365,0.0,2,0.0,4,0.558,1.352,3.0,0.451,0.41,1,2048.48862,8,0.753,0.753,0.101,0.3,0.0,0.809,0.887,1871.98649,1872.9909,2001.7627,13912.3594,2392.06,2,1873.49307,0.631,1934.13295,0.282,0.0,0.0,0,0.041,1,0,16678,0.743,0.59,0.432,3292.0,3292.0,0.46,7156.6,0.0,1,1,0.925,1362.075,1,1,0.685,1491.726,1,79.126,0.5,0.5,0.0,0.0,1.0,0.19,0.0,0.5,0.0,0.732,0.253,0.5,0.524,0.0,0.407,0.0,0,0,0.468,0.71,0.0,0.342,0.13,0.427,0.437,0.0,0.487,0.0,0.0,0.0,0.0
14980,2024.03.28 18:43:20,XAUEURm,BREAKOUT_RETEST,BUY,3,2057.412,2051.065,2063.952,1.03,0.607,2048.48862,2056.0955,2046.96725,1,0.11,1.386,0.7869,2025.31325,2008.75517,2025.21145,1998.283,0,0.006,0.45,0,2048.48862,0.764,0.0,1,0.0,0.0,2055.47875,0.0,0.0,0,0,1,1.0,1.0,0.3228,1.0,0.662,2,0.527,2,0.091,2053.55987,2044.93875,0.078,1.283,0.0,2,0.0,4,0.558,1.352,3.0,0.451,0.39,1,2048.48862,8,0.753,0.843,0.101,0.3,0.0,0.653,0.887,1871.98649,1872.9909,2001.7627,13912.3594,2392.06,2,1873.49307,0.631,1934.13295,0.282,0.0,0.0,0,0.041,1,0,16678,0.743,0.59,0.432,3292.0,3292.0,0.46,7156.6,0.0,1,1,0.925,1362.075,1,1,0.685,1491.726,1,79.044,0.5,0.5,0.0,0.0,1.0,0.0,0.0,0.5,0.0,0.732,0.262,0.5,0.507,0.0,0.391,0.0,0,0,0.452,0.71,0.0,0.274,0.1,0.427,0.437,0.0,0.487,0.0,0.0,0.0,0.0
14982,2024.03.28 20:02:40,XAUEURm,BREAKOUT,BUY,3,2060.597,2049.852,2078.505,1.67,0.411,2056.5389,2057.6854,2054.0166,1,0.123,0.699,0.1069,2027.19165,2008.75867,2025.22045,1998.283,0,0.007,0.4,2,2056.5389,0.787,0.503,0,0.0,0.0,0.0,0.0,0.0,0,0,1,1.0,1.0,0.2414,1.0,0.643,0,0.664,2,0.368,2055.851,2051.9529,0.203,0.747,0.0,2,0.0,0,0.664,1.061,3.0,0.354,0.445,1,2054.0166,5,0.6,0.594,0.107,0.3,0.0,0.873,0.865,1873.58733,1871.25531,1983.64586,13163.6789,-748.6805,1,1873.58733,0.642,1934.38247,0.277,0.0,0.0,0,0.05,1,0,16680,0.742,0.581,0.437,3292.0,3292.0,0.4596,7163.4,0.0,1,1,0.925,1362.075,1,1,0.685,1491.726,1,79.414,0.528,0.472,0.0,1.0,1.0,0.85,0.0,0.5,0.0,0.716,0.694,0.5,0.558,0.0,0.455,0.0,0,0,0.466,0.705,0.0,0.618,0.14,0.229,0.65,0.0,0.493,0.0,0.0,0.0,0.0
0,2024.03.28 20:41:40,XAUEURm,PULLBACK,BUY,3,2062.208,2059.115,2083.698,6.95,0.506,2056.5389,2057.6854,2054.0166,0,0.123,0.699,0.3318,2027.19165,2008.75867,2025.22045,1998.283,0,0.007,0.4,2,2056.5389,0.787,0.503,0,0.0,0.0,0.0,0.0,0.0,0,0,1,1.0,1.0,0.2414,1.0,0.242,0,0.664,2,0.368,2055.851,2051.9529,0.428,0.972,0.0,2,0.0,0,0.664,1.241,3.0,0.414,0.466,1,2056.5389,8,0.757,0.144,0.227,0.3,0.0,0.873,0.865,1873.58733,1871.25531,1983.64586,13163.6789,-748.6805,1,1873.58733,0.642,1934.38247,0.277,0.0,0.0,0,0.05,1,0,16680,0.742,0.581,0.437,3292.0,3292.0,0.4596,7163.4,0.0,1,1,0.925,1362.075,1,1,0.685,1491.726,1,79.639,0.528,0.472,0.0,1.0,1.0,0.99,0.0,0.5,0.0,0.728,0.527,0.5,0.55,0.0,0.332,0.0,0,0,0.314,0.629,0.0,0.618,0.1,0.228,0.86,0.0,0.493,0.0,0.0,0.0,0.0
14984,2024.03.28 20:41:59,XAUEURm,TREND_CONTINUATION,BUY,3,2062.03,2053.434,2079.938,2.08,0.595,2056.5389,2057.6854,2054.0166,0,0.123,0.699,0.307,2027.19165,2008.75867,2025.22045,1998.283,0,0.007,0.4,2,2056.5389,0.787,0.503,0,0.0,0.0,0.0,0.0,0.0,0,0,1,1.0,1.0,0.2414,1.0,0.242,0,0.664,2,0.368,2055.851,2051.9529,0.403,0.947,0.0,2,0.0,0,0.664,1.241,3.0,0.414,0.466,1,2056.5389,8,0.757,0.194,0.227,0.3,0.0,0.873,0.865,1873.58733,1871.25531,1983.64586,13163.6789,-748.6805,1,1873.58733,0.642,1934.38247,0.277,0.0,0.0,0,0.05,1,0,16680,0.742,0.581,0.437,3292.0,3292.0,0.4596,7163.4,0.0,1,1,0.925,1362.075,1,1,0.685,1491.726,1,79.614,0.528,0.472,0.0,1.0,1.0,0.98,0.0,0.5,0.0,0.728,0.536,0.5,0.55,0.0,0.332,0.0,0,0,0.319,0.629,0.0,0.618,0.1,0.228,0.86,0.0,0.493,0.0,0.0,0.0,0.0
14986,2024.03.28 22:03:00,XAUEURm,BREAKOUT,BUY,1,2071.864,2059.115,2089.772,1.4,0.516,2056.5389,2057.6854,2054.0166,0,0.123,0.699,1.6798,2027.19165,2008.75867,2025.22045,1998.283,0,0.008,0.4,2,2056.5389,0.787,0.503,0,0.0,0.0,0.0,0.0,0.0,0,0,1,1.0,1.0,0.2414,1.0,0.242,0,0.664,2,0.368,2055.851,2051.9529,1.776,2.32,0.0,2,0.0,0,0.664,1.241,3.0,0.414,0.466,1,2056.5389,8,0.757,0.0,0.227,0.3,0.0,0.873,0.865,1873.58733,1871.25531,1983.64586,13163.6789,-748.6805,1,1873.58733,0.642,1934.38247,0.277,0.0,0.0,0,0.05,1,0,16680,0.742,0.581,0.437,3292.0,3292.0,0.4596,7163.4,0.0,1,1,0.925,1362.075,1,1,0.685,1491.726,1,80.987,0.528,0.472,0.0,1.0,1.0,0.0,0.0,0.5,0.0,0.435,0.857,0.5,0.467,0.0,0.344,0.0,0,0,0.492,0.656,0.0,0.333,0.1,0.427,0.86,0.0,0.493,0.0,0.0,0.0,0.0
14987,2024.03.28 22:42:00,XAUEURm,PULLBACK,BUY,1,2071.864,2059.115,2093.354,1.69,0.506,2056.5389,2057.6854,2054.0166,0,0.123,0.699,1.6798,2027.19165,2008.75867,2025.22045,1998.283,0,0.008,0.4,2,2056.5389,0.787,0.503,0,0.0,0.0,0.0,0.0,0.0,0,0,1,1.0,1.0,0.2414,1.0,0.242,0,0.664,2,0.368,2055.851,2051.9529,1.776,2.32,0.0,2,0.0,0,0.664,1.241,3.0,0.414,0.466,1,2056.5389,8,0.757,0.0,0.227,0.3,0.0,0.873,0.865,1873.58733,1871.25531,1983.64586,13163.6789,-748.6805,1,1873.58733,0.642,1934.38247,0.277,0.0,0.0,0,0.05,1,0,16680,0.742,0.581,0.437,3292.0,3292.0,0.4596,7163.4,0.0,1,1,0.925,1362.075,1,1,0.685,1491.726,1,80.987,0.528,0.472,0.0,1.0,1.0,0.0,0.0,0.5,0.0,0.435,0.857,0.5,0.467,0.0,0.344,0.0,0,0,0.492,0.656,0.0,0.333,0.1,0.427,0.86,0.0,0.493,0.0,0.0,0.0,0.0
14988,2024.03.28 22:42:20,XAUEURm,TREND_CONTINUATION,BUY,1,2071.864,2059.115,2089.772,1.4,0.595,2056.5389,2057.6854,2054.0166,0,0.123,0.699,1.6798,2027.19165,2008.75867,2025.22045,1998.283,0,0.008,0.4,2,2056.5389,0.787,0.503,0,0.0,0.0,0.0,0.0,0.0,0,0,1,1.0,1.0,0.2414,1.0,0.242,0,0.664,2,0.368,2055.851,2051.9529,1.776,2.32,0.0,2,0.0,0,0.664,1.241,3.0,0.414,0.466,1,2056.5389,8,0.757,0.0,0.227,0.3,0.0,0.873,0.865,1873.58733,1871.25531,1983.64586,13163.6789,-748.6805,1,1873.58733,0.642,1934.38247,0.277,0.0,0.0,0,0.05,1,0,16680,0.742,0.581,0.437,3292.0,3292.0,0.4596,7163.4,0.0,1,1,0.925,1362.075,1,1,0.685,1491.726,1,80.987,0.528,0.472,0.0,1.0,1.0,0.0,0.0,0.5,0.0,0.435,0.857,0.5,0.467,0.0,0.344,0.0,0,0,0.492,0.656,0.0,0.333,0.1,0.427,0.86,0.0,0.493,0.0,0.0,0.0,0.0
14989,2024.03.29 00:03:00,XAUEURm,BREAKOUT,BUY,1,2071.864,2059.115,2089.772,1.4,0.516,2056.5389,2057.6854,2054.0166,0,0.123,0.699,1.6798,2027.19165,2008.75867,2025.22045,1998.283,0,0.008,0.4,2,2056.5389,0.787,0.503,0,0.0,0.0,0.0,0.0,0.0,0,0,1,1.0,1.0,0.2414,1.0,0.242,0,0.664,2,0.368,2055.851,2051.9529,1.776,2.32,0.0,2,0.0,0,0.664,1.241,3.0,0.414,0.466,1,2056.5389,8,0.757,0.0,0.227,0.3,0.0,0.873,0.865,1873.58733,1871.25531,1983.64586,13163.6789,-748.6805,1,1873.58733,0.642,1934.38247,0.277,0.0,0.0,0,0.05,1,0,16680,0.742,0.581,0.437,3292.0,3292.0,0.4596,7163.4,0.0,1,1,0.925,1362.075,1,1,0.685,1491.726,1,80.987,0.528,0.472,0.0,1.0,1.0,0.0,0.0,0.5,0.0,0.435,0.857,0.5,0.467,0.0,0.344,0.0,0,0,0.492,0.656,0.0,0.333,0.1,0.427,0.86,0.0,0.493,0.0,0.0,0.0,0.0
14990,2024.03.29 00:42:00,XAUEURm,PULLBACK,BUY,1,2071.864,2059.115,2093.354,1.69,0.506,2056.5389,2057.6854,2054.0166,0,0.123,0.699,1.6798,2027.19165,2008.75867,2025.22045,1998.283,0,0.008,0.4,2,2056.5389,0.787,0.503,0,0.0,0.0,0.0,0.0,0.0,0,0,1,1.0,1.0,0.2414,1.0,0.242,0,0.664,2,0.368,2055.851,2051.9529,1.776,2.32,0.0,2,0.0,0,0.664,1.241,3.0,0.414,0.466,1,2056.5389,8,0.757,0.0,0.227,0.3,0.0,0.873,0.865,1873.58733,1871.25531,1983.64586,13163.6789,-748.6805,1,1873.58733,0.642,1934.38247,0.277,0.0,0.0,0,0.05,1,0,16680,0.742,0.581,0.437,3292.0,3292.0,0.4596,7163.4,0.0,1,1,0.925,1362.075,1,1,0.685,1491.726,1,80.987,0.528,0.472,0.0,1.0,1.0,0.0,0.0,0.5,0.0,0.435,0.857,0.5,0.467,0.0,0.344,0.0,0,0,0.492,0.656,0.0,0.333,0.1,0.427,0.86,0.0,0.493,0.0,0.0,0.0,0.0
14991,2024.03.29 00:42:20,XAUEURm,TREND_CONTINUATION,BUY,1,2071.864,2059.115,2089.772,1.4,0.595,2056.5389,2057.6854,2054.0166,0,0.123,0.699,1.6798,2027.19165,2008.75867,2025.22045,1998.283,0,0.008,0.4,2,2056.5389,0.787,0.503,0,0.0,0.0,0.0,0.0,0.0,0,0,1,1.0,1.0,0.2414,1.0,0.242,0,0.664,2,0.368,2055.851,2051.9529,1.776,2.32,0.0,2,0.0,0,0.664,1.241,3.0,0.414,0.466,1,2056.5389,8,0.757,0.0,0.227,0.3,0.0,0.873,0.865,1873.58733,1871.25531,1983.64586,13163.6789,-748.6805,1,1873.58733,0.642,1934.38247,0.277,0.0,0.0,0,0.05,1,0,16680,0.742,0.581,0.437,3292.0,3292.0,0.4596,7163.4,0.0,1,1,0.925,1362.075,1,1,0.685,1491.726,1,80.987,0.528,0.472,0.0,1.0,1.0,0.0,0.0,0.5,0.0,0.435,0.857,0.5,0.467,0.0,0.344,0.0,0,0,0.492,0.656,0.0,0.333,0.1,0.427,0.86,0.0,0.493,0.0,0.0,0.0,0.0
14992,2024.03.29 02:03:00,XAUEURm,BREAKOUT,BUY,1,2071.864,2059.115,2089.772,1.4,0.516,2056.5389,2057.6854,2054.0166,0,0.123,0.699,1.6798,2027.19165,2008.75867,2025.22045,1998.283,0,0.008,0.4,2,2056.5389,0.787,0.503,0,0.0,0.0,0.0,0.0,0.0,0,0,1,1.0,1.0,0.2414,1.0,0.242,0,0.664,2,0.368,2055.851,2051.9529,1.776,2.32,0.0,2,0.0,0,0.664,1.241,3.0,0.414,0.466,1,2056.5389,8,0.757,0.0,0.227,0.3,0.0,0.873,0.865,1873.58733,1871.25531,1983.64586,13163.6789,-748.6805,1,1873.58733,0.642,1934.38247,0.277,0.0,0.0,0,0.05,1,0,16680,0.742,0.581,0.437,3292.0,3292.0,0.4596,7163.4,0.0,1,1,0.925,1362.075,1,1,0.685,1491.726,1,80.987,0.528,0.472,0.0,1.0,1.0,0.0,0.0,0.5,0.0,0.435,0.857,0.5,0.467,0.0,0.344,0.0,0,0,0.492,0.656,0.0,0.333,0.1,0.427,0.86,0.0,0.493,0.0,0.0,0.0,0.0
14993,2024.03.29 02:42:00,XAUEURm,PULLBACK,BUY,1,2071.864,2059.115,2093.354,1.69,0.506,2056.5389,2057.6854,2054.0166,0,0.123,0.699,1.6798,2027.19165,2008.75867,2025.22045,1998.283,0,0.008,0.4,2,2056.5389,0.787,0.503,0,0.0,0.0,0.0,0.0,0.0,0,0,1,1.0,1.0,0.2414,1.0,0.242,0,0.664,2,0.368,2055.851,2051.9529,1.776,2.32,0.0,2,0.0,0,0.664,1.241,3.0,0.414,0.466,1,2056.5389,8,0.757,0.0,0.227,0.3,0.0,0.873,0.865,1873.58733,1871.25531,1983.64586,13163.6789,-748.6805,1,1873.58733,0.642,1934.38247,0.277,0.0,0.0,0,0.05,1,0,16680,0.742,0.581,0.437,3292.0,3292.0,0.4596,7163.4,0.0,1,1,0.925,1362.075,1,1,0.685,1491.726,1,80.987,0.528,0.472,0.0,1.0,1.0,0.0,0.0,0.5,0.0,0.435,0.857,0.5,0.467,0.0,0.344,0.0,0,0,0.492,0.656,0.0,0.333,0.1,0.427,0.86,0.0,0.493,0.0,0.0,0.0,0.0
14994,2024.03.29 02:42:20,XAUEURm,TREND_CONTINUATION,BUY,1,2071.864,2059.115,2089.772,1.4,0.595,2056.5389,2057.6854,2054.0166,0,0.123,0.699,1.6798,2027.19165,2008.75867,2025.22045,1998.283,0,0.008,0.4,2,2056.5389,0.787,0.503,0,0.0,0.0,0.0,0.0,0.0,0,0,1,1.0,1.0,0.2414,1.0,0.242,0,0.664,2,0.368,2055.851,2051.9529,1.776,2.32,0.0,2,0.0,0,0.664,1.241,3.0,0.414,0.466,1,2056.5389,8,0.757,0.0,0.227,0.3,0.0,0.873,0.865,1873.58733,1871.25531,1983.64586,13163.6789,-748.6805,1,1873.58733,0.642,1934.38247,0.277,0.0,0.0,0,0.05,1,0,16680,0.742,0.581,0.437,3292.0,3292.0,0.4596,7163.4,0.0,1,1,0.925,1362.075,1,1,0.685,1491.726,1,80.987,0.528,0.472,0.0,1.0,1.0,0.0,0.0,0.5,0.0,0.435,0.857,0.5,0.467,0.0,0.344,0.0,0,0,0.492,0.656,0.0,0.333,0.1,0.427,0.86,0.0,0.493,0.0,0.0,0.0,0.0
14995,2024.03.29 04:03:00,XAUEURm,BREAKOUT,BUY,1,2071.864,2059.115,2089.772,1.4,0.516,2056.5389,2057.6854,2054.0166,0,0.123,0.699,1.6798,2027.19165,2008.75867,2025.22045,1998.283,0,0.008,0.4,2,2056.5389,0.787,0.503,0,0.0,0.0,0.0,0.0,0.0,0,0,1,1.0,1.0,0.2414,1.0,0.242,0,0.664,2,0.368,2055.851,2051.9529,1.776,2.32,0.0,2,0.0,0,0.664,1.241,3.0,0.414,0.466,1,2056.5389,8,0.757,0.0,0.227,0.3,0.0,0.873,0.865,1873.58733,1871.25531,1983.64586,13163.6789,-748.6805,1,1873.58733,0.642,1934.38247,0.277,0.0,0.0,0,0.05,1,0,16680,0.742,0.581,0.437,3292.0,3292.0,0.4596,7163.4,0.0,1,1,0.925,1362.075,1,1,0.685,1491.726,1,80.987,0.528,0.472,0.0,1.0,1.0,0.0,0.0,0.5,0.0,0.435,0.857,0.5,0.467,0.0,0.344,0.0,0,0,0.492,0.656,0.0,0.333,0.1,0.427,0.86,0.0,0.493,0.0,0.0,0.0,0.0
0,2024.03.29 04:42:00,XAUEURm,PULLBACK,BUY,1,2071.864,2059.115,2093.354,1.69,0.506,2056.5389,2057.6854,2054.0166,0,0.123,0.699,1.6798,2027.19165,2008.75867,2025.22045,1998.283,0,0.008,0.4,2,2056.5389,0.787,0.503,0,0.0,0.0,0.0,0.0,0.0,0,0,1,1.0,1.0,0.2414,1.0,0.242,0,0.664,2,0.368,2055.851,2051.9529,1.776,2.32,0.0,2,0.0,0,0.664,1.241,3.0,0.414,0.466,1,2056.5389,8,0.757,0.0,0.227,0.3,0.0,0.873,0.865,1873.58733,1871.25531,1983.64586,13163.6789,-748.6805,1,1873.58733,0.642,1934.38247,0.277,0.0,0.0,0,0.05,1,0,16680,0.742,0.581,0.437,3292.0,3292.0,0.4596,7163.4,0.0,1,1,0.925,1362.075,1,1,0.685,1491.726,1,80.987,0.528,0.472,0.0,1.0,1.0,0.0,0.0,0.5,0.0,0.435,0.857,0.5,0.467,0.0,0.344,0.0,0,0,0.492,0.656,0.0,0.333,0.1,0.427,0.86,0.0,0.493,0.0,0.0,0.0,0.0
0,2024.03.29 04:42:20,XAUEURm,TREND_CONTINUATION,BUY,1,2071.864,2059.115,2089.772,1.4,0.595,2056.5389,2057.6854,2054.0166,0,0.123,0.699,1.6798,2027.19165,2008.75867,2025.22045,1998.283,0,0.008,0.4,2,2056.5389,0.787,0.503,0,0.0,0.0,0.0,0.0,0.0,0,0,1,1.0,1.0,0.2414,1.0,0.242,0,0.664,2,0.368,2055.851,2051.9529,1.776,2.32,0.0,2,0.0,0,0.664,1.241,3.0,0.414,0.466,1,2056.5389,8,0.757,0.0,0.227,0.3,0.0,0.873,0.865,1873.58733,1871.25531,1983.64586,13163.6789,-748.6805,1,1873.58733,0.642,1934.38247,0.277,0.0,0.0,0,0.05,1,0,16680,0.742,0.581,0.437,3292.0,3292.0,0.4596,7163.4,0.0,1,1,0.925,1362.075,1,1,0.685,1491.726,1,80.987,0.528,0.472,0.0,1.0,1.0,0.0,0.0,0.5,0.0,0.435,0.857,0.5,0.467,0.0,0.344,0.0,0,0,0.492,0.656,0.0,0.333,0.1,0.427,0.86,0.0,0.493,0.0,0.0,0.0,0.0
0,2024.03.29 06:03:00,XAUEURm,BREAKOUT,BUY,1,2071.864,2059.115,2089.772,1.4,0.516,2056.5389,2057.6854,2054.0166,0,0.123,0.699,1.6798,2027.19165,2008.75867,2025.22045,1998.283,0,0.008,0.4,2,2056.5389,0.787,0.503,0,0.0,0.0,0.0,0.0,0.0,0,0,1,1.0,1.0,0.2414,1.0,0.242,0,0.664,2,0.368,2055.851,2051.9529,1.776,2.32,0.0,2,0.0,0,0.664,1.241,3.0,0.414,0.466,1,2056.5389,8,0.757,0.0,0.227,0.3,0.0,0.873,0.865,1873.58733,1871.25531,1983.64586,13163.6789,-748.6805,1,1873.58733,0.642,1934.38247,0.277,0.0,0.0,0,0.05,1,0,16680,0.742,0.581,0.437,3292.0,3292.0,0.4596,7163.4,0.0,1,1,0.925,1362.075,1,1,0.685,1491.726,1,80.987,0.528,0.472,0.0,1.0,1.0,0.0,0.0,0.5,0.0,0.435,0.857,0.5,0.467,0.0,0.344,0.0,0,0,0.492,0.656,0.0,0.333,0.1,0.427,0.86,0.0,0.493,0.0,0.0,0.0,0.0
0,2024.03.29 06:42:00,XAUEURm,PULLBACK,BUY,1,2071.864,2059.115,2093.354,1.69,0.506,2056.5389,2057.6854,2054.0166,0,0.123,0.699,1.6798,2027.19165,2008.75867,2025.22045,1998.283,0,0.008,0.4,2,2056.5389,0.787,0.503,0,0.0,0.0,0.0,0.0,0.0,0,0,1,1.0,1.0,0.2414,1.0,0.242,0,0.664,2,0.368,2055.851,2051.9529,1.776,2.32,0.0,2,0.0,0,0.664,1.241,3.0,0.414,0.466,1,2056.5389,8,0.757,0.0,0.227,0.3,0.0,0.873,0.865,1873.58733,1871.25531,1983.64586,13163.6789,-748.6805,1,1873.58733,0.642,1934.38247,0.277,0.0,0.0,0,0.05,1,0,16680,0.742,0.581,0.437,3292.0,3292.0,0.4596,7163.4,0.0,1,1,0.925,1362.075,1,1,0.685,1491.726,1,80.987,0.528,0.472,0.0,1.0,1.0,0.0,0.0,0.5,0.0,0.435,0.857,0.5,0.467,0.0,0.344,0.0,0,0,0.492,0.656,0.0,0.333,0.1,0.427,0.86,0.0,0.493,0.0,0.0,0.0,0.0
0,2024.03.29 06:42:20,XAUEURm,TREND_CONTINUATION,BUY,1,2071.864,2059.115,2089.772,1.4,0.595,2056.5389,2057.6854,2054.0166,0,0.123,0.699,1.6798,2027.19165,2008.75867,2025.22045,1998.283,0,0.008,0.4,2,2056.5389,0.787,0.503,0,0.0,0.0,0.0,0.0,0.0,0,0,1,1.0,1.0,0.2414,1.0,0.242,0,0.664,2,0.368,2055.851,2051.9529,1.776,2.32,0.0,2,0.0,0,0.664,1.241,3.0,0.414,0.466,1,2056.5389,8,0.757,0.0,0.227,0.3,0.0,0.873,0.865,1873.58733,1871.25531,1983.64586,13163.6789,-748.6805,1,1873.58733,0.642,1934.38247,0.277,0.0,0.0,0,0.05,1,0,16680,0.742,0.581,0.437,3292.0,3292.0,0.4596,7163.4,0.0,1,1,0.925,1362.075,1,1,0.685,1491.726,1,80.987,0.528,0.472,0.0,1.0,1.0,0.0,0.0,0.5,0.0,0.435,0.857,0.5,0.467,0.0,0.344,0.0,0,0,0.492,0.656,0.0,0.333,0.1,0.427,0.86,0.0,0.493,0.0,0.0,0.0,0.0
0,2024.03.29 08:03:00,XAUEURm,BREAKOUT,BUY,2,2071.864,2059.115,2089.772,1.4,0.516,2056.5389,2057.6854,2054.0166,0,0.123,0.699,1.6798,2027.19165,2008.75867,2025.22045,1998.283,0,0.008,0.4,2,2056.5389,0.787,0.503,0,0.0,0.0,0.0,0.0,0.0,0,0,1,1.0,1.0,0.2414,1.0,0.242,0,0.664,2,0.368,2055.851,2051.9529,1.776,2.32,0.0,2,0.0,0,0.664,1.241,3.0,0.414,0.466,1,2056.5389,8,0.757,0.0,0.227,0.3,0.0,0.873,0.865,1873.58733,1871.25531,1983.64586,13163.6789,-748.6805,1,1873.58733,0.642,1934.38247,0.277,0.0,0.0,0,0.05,1,0,16680,0.742,0.581,0.437,3292.0,3292.0,0.4596,7163.4,0.0,1,1,0.925,1362.075,1,1,0.685,1491.726,1,80.987,0.528,0.472,0.0,1.0,1.0,0.0,0.0,0.5,0.0,0.435,0.857,0.5,0.467,0.0,0.344,0.0,0,0,0.492,0.656,0.0,0.333,0.1,0.427,0.86,0.0,0.493,0.0,0.0,0.0,0.0
0,2024.03.29 08:42:00,XAUEURm,PULLBACK,BUY,2,2068.572,2055.82256,2090.06207,1.69,0.506,2056.5389,2057.6854,2054.0166,0,0.123,0.699,1.6798,2027.19165,2008.75867,2025.22045,1998.283,0,0.008,0.4,2,2056.5389,0.787,0.503,0,0.0,0.0,0.0,0.0,0.0,0,0,1,1.0,1.0,0.2414,1.0,0.242,0,0.664,2,0.368,2055.851,2051.9529,1.776,2.32,0.0,2,0.0,0,0.664,1.241,3.0,0.414,0.466,1,2056.5389,8,0.757,0.0,0.227,0.3,0.0,0.873,0.865,1873.58733,1871.25531,1983.64586,13163.6789,-748.6805,1,1873.58733,0.642,1934.38247,0.277,0.0,0.0,0,0.05,1,0,16680,0.742,0.581,0.437,3292.0,3292.0,0.4596,7163.4,0.0,1,1,0.925,1362.075,1,1,0.685,1491.726,1,80.527,0.528,0.472,0.0,1.0,1.0,0.0,0.0,0.5,0.0,0.435,0.857,0.5,0.467,0.0,0.344,0.0,0,0,0.492,0.656,0.0,0.333,0.1,0.427,0.86,0.0,0.493,0.0,0.0,0.0,0.0
0,2024.03.29 08:42:20,XAUEURm,TREND_CONTINUATION,BUY,2,2068.572,2055.82256,2086.48039,1.4,0.595,2056.5389,2057.6854,2054.0166,0,0.123,0.699,1.6798,2027.19165,2008.75867,2025.22045,1998.283,0,0.008,0.4,2,2056.5389,0.787,0.503,0,0.0,0.0,0.0,0.0,0.0,0,0,1,1.0,1.0,0.2414,1.0,0.242,0,0.664,2,0.368,2055.851,2051.9529,1.776,2.32,0.0,2,0.0,0,0.664,1.241,3.0,0.414,0.466,1,2056.5389,8,0.757,0.0,0.227,0.3,0.0,0.873,0.865,1873.58733,1871.25531,1983.64586,13163.6789,-748.6805,1,1873.58733,0.642,1934.38247,0.277,0.0,0.0,0,0.05,1,0,16680,0.742,0.581,0.437,3292.0,3292.0,0.4596,7163.4,0.0,1,1,0.925,1362.075,1,1,0.685,1491.726,1,80.527,0.528,0.472,0.0,1.0,1.0,0.0,0.0,0.5,0.0,0.435,0.857,0.5,0.467,0.0,0.344,0.0,0,0,0.492,0.656,0.0,0.333,0.1,0.427,0.86,0.0,0.493,0.0,0.0,0.0,0.0
0,2024.03.29 10:03:00,XAUEURm,BREAKOUT,BUY,2,2068.572,2055.82256,2086.48039,1.4,0.516,2056.5389,2057.6854,2054.0166,0,0.123,0.699,1.6798,2027.19165,2008.75867,2025.22045,1998.283,0,0.008,0.4,2,2056.5389,0.787,0.503,0,0.0,0.0,0.0,0.0,0.0,0,0,1,1.0,1.0,0.2414,1.0,0.242,0,0.664,2,0.368,2055.851,2051.9529,1.776,2.32,0.0,2,0.0,0,0.664,1.241,3.0,0.414,0.466,1,2056.5389,8,0.757,0.0,0.227,0.3,0.0,0.873,0.865,1873.58733,1871.25531,1983.64586,13163.6789,-748.6805,1,1873.58733,0.642,1934.38247,0.277,0.0,0.0,0,0.05,1,0,16680,0.742,0.581,0.437,3292.0,3292.0,0.4596,7163.4,0.0,1,1,0.925,1362.075,1,1,0.685,1491.726,1,80.527,0.528,0.472,0.0,1.0,1.0,0.0,0.0,0.5,0.0,0.435,0.857,0.5,0.467,0.0,0.344,0.0,0,0,0.492,0.656,0.0,0.333,0.1,0.427,0.86,0.0,0.493,0.0,0.0,0.0,0.0
0,2024.03.29 10:42:00,XAUEURm,PULLBACK,BUY,2,2068.572,2055.82256,2090.06207,1.69,0.506,2056.5389,2057.6854,2054.0166,0,0.123,0.699,1.6798,2027.19165,2008.75867,2025.22045,1998.283,0,0.008,0.4,2,2056.5389,0.787,0.503,0,0.0,0.0,0.0,0.0,0.0,0,0,1,1.0,1.0,0.2414,1.0,0.242,0,0.664,2,0.368,2055.851,2051.9529,1.776,2.32,0.0,2,0.0,0,0.664,1.241,3.0,0.414,0.466,1,2056.5389,8,0.757,0.0,0.227,0.3,0.0,0.873,0.865,1873.58733,1871.25531,1983.64586,13163.6789,-748.6805,1,1873.58733,0.642,1934.38247,0.277,0.0,0.0,0,0.05,1,0,16680,0.742,0.581,0.437,3292.0,3292.0,0.4596,7163.4,0.0,1,1,0.925,1362.075,1,1,0.685,1491.726,1,80.527,0.528,0.472,0.0,1.0,1.0,0.0,0.0,0.5,0.0,0.435,0.857,0.5,0.467,0.0,0.344,0.0,0,0,0.492,0.656,0.0,0.333,0.1,0.427,0.86,0.0,0.493,0.0,0.0,0.0,0.0
0,2024.03.29 10:42:20,XAUEURm,TREND_CONTINUATION,BUY,2,2068.572,2055.82256,2086.48039,1.4,0.595,2056.5389,2057.6854,2054.0166,0,0.123,0.699,1.6798,2027.19165,2008.75867,2025.22045,1998.283,0,0.008,0.4,2,2056.5389,0.787,0.503,0,0.0,0.0,0.0,0.0,0.0,0,0,1,1.0,1.0,0.2414,1.0,0.242,0,0.664,2,0.368,2055.851,2051.9529,1.776,2.32,0.0,2,0.0,0,0.664,1.241,3.0,0.414,0.466,1,2056.5389,8,0.757,0.0,0.227,0.3,0.0,0.873,0.865,1873.58733,1871.25531,1983.64586,13163.6789,-748.6805,1,1873.58733,0.642,1934.38247,0.277,0.0,0.0,0,0.05,1,0,16680,0.742,0.581,0.437,3292.0,3292.0,0.4596,7163.4,0.0,1,1,0.925,1362.075,1,1,0.685,1491.726,1,80.527,0.528,0.472,0.0,1.0,1.0,0.0,0.0,0.5,0.0,0.435,0.857,0.5,0.467,0.0,0.344,0.0,0,0,0.492,0.656,0.0,0.333,0.1,0.427,0.86,0.0,0.493,0.0,0.0,0.0,0.0
0,2024.03.29 12:03:00,XAUEURm,BREAKOUT,BUY,2,2068.572,2055.82256,2086.48039,1.4,0.516,2056.5389,2057.6854,2054.0166,0,0.123,0.699,1.6798,2027.19165,2008.75867,2025.22045,1998.283,0,0.008,0.4,2,2056.5389,0.787,0.503,0,0.0,0.0,0.0,0.0,0.0,0,0,1,1.0,1.0,0.2414,1.0,0.242,0,0.664,2,0.368,2055.851,2051.9529,1.776,2.32,0.0,2,0.0,0,0.664,1.241,3.0,0.414,0.466,1,2056.5389,8,0.757,0.0,0.227,0.3,0.0,0.873,0.865,1873.58733,1871.25531,1983.64586,13163.6789,-748.6805,1,1873.58733,0.642,1934.38247,0.277,0.0,0.0,0,0.05,1,0,16680,0.742,0.581,0.437,3292.0,3292.0,0.4596,7163.4,0.0,1,1,0.925,1362.075,1,1,0.685,1491.726,1,80.527,0.528,0.472,0.0,1.0,1.0,0.0,0.0,0.5,0.0,0.435,0.857,0.5,0.467,0.0,0.344,0.0,0,0,0.492,0.656,0.0,0.333,0.1,0.427,0.86,0.0,0.493,0.0,0.0,0.0,0.0
0,2024.03.29 12:42:00,XAUEURm,PULLBACK,BUY,2,2068.572,2055.82256,2090.06207,1.69,0.506,2056.5389,2057.6854,2054.0166,0,0.123,0.699,1.6798,2027.19165,2008.75867,2025.22045,1998.283,0,0.008,0.4,2,2056.5389,0.787,0.503,0,0.0,0.0,0.0,0.0,0.0,0,0,1,1.0,1.0,0.2414,1.0,0.242,0,0.664,2,0.368,2055.851,2051.9529,1.776,2.32,0.0,2,0.0,0,0.664,1.241,3.0,0.414,0.466,1,2056.5389,8,0.757,0.0,0.227,0.3,0.0,0.873,0.865,1873.58733,1871.25531,1983.64586,13163.6789,-748.6805,1,1873.58733,0.642,1934.38247,0.277,0.0,0.0,0,0.05,1,0,16680,0.742,0.581,0.437,3292.0,3292.0,0.4596,7163.4,0.0,1,1,0.925,1362.075,1,1,0.685,1491.726,1,80.527,0.528,0.472,0.0,1.0,1.0,0.0,0.0,0.5,0.0,0.435,0.857,0.5,0.467,0.0,0.344,0.0,0,0,0.492,0.656,0.0,0.333,0.1,0.427,0.86,0.0,0.493,0.0,0.0,0.0,0.0
0,2024.03.29 12:42:20,XAUEURm,TREND_CONTINUATION,BUY,2,2068.572,2055.82256,2086.48039,1.4,0.595,2056.5389,2057.6854,2054.0166,0,0.123,0.699,1.6798,2027.19165,2008.75867,2025.22045,1998.283,0,0.008,0.4,2,2056.5389,0.787,0.503,0,0.0,0.0,0.0,0.0,0.0,0,0,1,1.0,1.0,0.2414,1.0,0.242,0,0.664,2,0.368,2055.851,2051.9529,1.776,2.32,0.0,2,0.0,0,0.664,1.241,3.0,0.414,0.466,1,2056.5389,8,0.757,0.0,0.227,0.3,0.0,0.873,0.865,1873.58733,1871.25531,1983.64586,13163.6789,-748.6805,1,1873.58733,0.642,1934.38247,0.277,0.0,0.0,0,0.05,1,0,16680,0.742,0.581,0.437,3292.0,3292.0,0.4596,7163.4,0.0,1,1,0.925,1362.075,1,1,0.685,1491.726,1,80.527,0.528,0.472,0.0,1.0,1.0,0.0,0.0,0.5,0.0,0.435,0.857,0.5,0.467,0.0,0.344,0.0,0,0,0.492,0.656,0.0,0.333,0.1,0.427,0.86,0.0,0.493,0.0,0.0,0.0,0.0
0,2024.03.29 14:03:00,XAUEURm,BREAKOUT,BUY,4,2068.572,2055.82256,2086.48039,1.4,0.516,2056.5389,2057.6854,2054.0166,0,0.123,0.699,1.6798,2027.19165,2008.75867,2025.22045,1998.283,0,0.008,0.4,2,2056.5389,0.787,0.503,0,0.0,0.0,0.0,0.0,0.0,0,0,1,1.0,1.0,0.2414,1.0,0.242,0,0.664,2,0.368,2055.851,2051.9529,1.776,2.32,0.0,2,0.0,0,0.664,1.241,3.0,0.414,0.466,1,2056.5389,8,0.757,0.0,0.227,0.3,0.0,0.873,0.865,1873.58733,1871.25531,1983.64586,13163.6789,-748.6805,1,1873.58733,0.642,1934.38247,0.277,0.0,0.0,0,0.05,1,0,16680,0.742,0.581,0.437,3292.0,3292.0,0.4596,7163.4,0.0,1,1,0.925,1362.075,1,1,0.685,1491.726,1,80.527,0.528,0.472,0.0,1.0,1.0,0.0,0.0,0.5,0.0,0.435,0.857,0.5,0.467,0.0,0.344,0.0,0,0,0.492,0.656,0.0,0.333,0.1,0.427,0.86,0.0,0.493,0.0,0.0,0.0,0.0
0,2024.03.29 14:42:00,XAUEURm,PULLBACK,BUY,4,2068.572,2055.82256,2090.06207,1.69,0.506,2056.5389,2057.6854,2054.0166,0,0.123,0.699,1.6798,2027.19165,2008.75867,2025.22045,1998.283,0,0.008,0.4,2,2056.5389,0.787,0.503,0,0.0,0.0,0.0,0.0,0.0,0,0,1,1.0,1.0,0.2414,1.0,0.242,0,0.664,2,0.368,2055.851,2051.9529,1.776,2.32,0.0,2,0.0,0,0.664,1.241,3.0,0.414,0.466,1,2056.5389,8,0.757,0.0,0.227,0.3,0.0,0.873,0.865,1873.58733,1871.25531,1983.64586,13163.6789,-748.6805,1,1873.58733,0.642,1934.38247,0.277,0.0,0.0,0,0.05,1,0,16680,0.742,0.581,0.437,3292.0,3292.0,0.4596,7163.4,0.0,1,1,0.925,1362.075,1,1,0.685,1491.726,1,80.527,0.528,0.472,0.0,1.0,1.0,0.0,0.0,0.5,0.0,0.435,0.857,0.5,0.467,0.0,0.344,0.0,0,0,0.492,0.656,0.0,0.333,0.1,0.427,0.86,0.0,0.493,0.0,0.0,0.0,0.0
0,2024.03.29 14:42:20,XAUEURm,TREND_CONTINUATION,BUY,4,2068.572,2055.82256,2086.48039,1.4,0.595,2056.5389,2057.6854,2054.0166,0,0.123,0.699,1.6798,2027.19165,2008.75867,2025.22045,1998.283,0,0.008,0.4,2,2056.5389,0.787,0.503,0,0.0,0.0,0.0,0.0,0.0,0,0,1,1.0,1.0,0.2414,1.0,0.242,0,0.664,2,0.368,2055.851,2051.9529,1.776,2.32,0.0,2,0.0,0,0.664,1.241,3.0,0.414,0.466,1,2056.5389,8,0.757,0.0,0.227,0.3,0.0,0.873,0.865,1873.58733,1871.25531,1983.64586,13163.6789,-748.6805,1,1873.58733,0.642,1934.38247,0.277,0.0,0.0,0,0.05,1,0,16680,0.742,0.581,0.437,3292.0,3292.0,0.4596,7163.4,0.0,1,1,0.925,1362.075,1,1,0.685,1491.726,1,80.527,0.528,0.472,0.0,1.0,1.0,0.0,0.0,0.5,0.0,0.435,0.857,0.5,0.467,0.0,0.344,0.0,0,0,0.492,0.656,0.0,0.333,0.1,0.427,0.86,0.0,0.493,0.0,0.0,0.0,0.0
0,2024.03.29 16:03:00,XAUEURm,BREAKOUT,BUY,4,2068.572,2055.82256,2086.48039,1.4,0.516,2056.5389,2057.6854,2054.0166,0,0.123,0.699,1.6798,2027.19165,2008.75867,2025.22045,1998.283,0,0.008,0.4,2,2056.5389,0.787,0.503,0,0.0,0.0,0.0,0.0,0.0,0,0,1,1.0,1.0,0.2414,1.0,0.242,0,0.664,2,0.368,2055.851,2051.9529,1.776,2.32,0.0,2,0.0,0,0.664,1.241,3.0,0.414,0.466,1,2056.5389,8,0.757,0.0,0.227,0.3,0.0,0.873,0.865,1873.58733,1871.25531,1983.64586,13163.6789,-748.6805,1,1873.58733,0.642,1934.38247,0.277,0.0,0.0,0,0.05,1,0,16680,0.742,0.581,0.437,3292.0,3292.0,0.4596,7163.4,0.0,1,1,0.925,1362.075,1,1,0.685,1491.726,1,80.527,0.528,0.472,0.0,1.0,1.0,0.0,0.0,0.5,0.0,0.435,0.857,0.5,0.467,0.0,0.344,0.0,0,0,0.492,0.656,0.0,0.333,0.1,0.427,0.86,0.0,0.493,0.0,0.0,0.0,0.0
0,2024.03.29 16:42:00,XAUEURm,PULLBACK,BUY,4,2068.572,2055.82256,2090.06207,1.69,0.506,2056.5389,2057.6854,2054.0166,0,0.123,0.699,1.6798,2027.19165,2008.75867,2025.22045,1998.283,0,0.008,0.4,2,2056.5389,0.787,0.503,0,0.0,0.0,0.0,0.0,0.0,0,0,1,1.0,1.0,0.2414,1.0,0.242,0,0.664,2,0.368,2055.851,2051.9529,1.776,2.32,0.0,2,0.0,0,0.664,1.241,3.0,0.414,0.466,1,2056.5389,8,0.757,0.0,0.227,0.3,0.0,0.873,0.865,1873.58733,1871.25531,1983.64586,13163.6789,-748.6805,1,1873.58733,0.642,1934.38247,0.277,0.0,0.0,0,0.05,1,0,16680,0.742,0.581,0.437,3292.0,3292.0,0.4596,7163.4,0.0,1,1,0.925,1362.075,1,1,0.685,1491.726,1,80.527,0.528,0.472,0.0,1.0,1.0,0.0,0.0,0.5,0.0,0.435,0.857,0.5,0.467,0.0,0.344,0.0,0,0,0.492,0.656,0.0,0.333,0.1,0.427,0.86,0.0,0.493,0.0,0.0,0.0,0.0
0,2024.03.29 16:42:20,XAUEURm,TREND_CONTINUATION,BUY,4,2068.572,2055.82256,2086.48039,1.4,0.595,2056.5389,2057.6854,2054.0166,0,0.123,0.699,1.6798,2027.19165,2008.75867,2025.22045,1998.283,0,0.008,0.4,2,2056.5389,0.787,0.503,0,0.0,0.0,0.0,0.0,0.0,0,0,1,1.0,1.0,0.2414,1.0,0.242,0,0.664,2,0.368,2055.851,2051.9529,1.776,2.32,0.0,2,0.0,0,0.664,1.241,3.0,0.414,0.466,1,2056.5389,8,0.757,0.0,0.227,0.3,0.0,0.873,0.865,1873.58733,1871.25531,1983.64586,13163.6789,-748.6805,1,1873.58733,0.642,1934.38247,0.277,0.0,0.0,0,0.05,1,0,16680,0.742,0.581,0.437,3292.0,3292.0,0.4596,7163.4,0.0,1,1,0.925,1362.075,1,1,0.685,1491.726,1,80.527,0.528,0.472,0.0,1.0,1.0,0.0,0.0,0.5,0.0,0.435,0.857,0.5,0.467,0.0,0.344,0.0,0,0,0.492,0.656,0.0,0.333,0.1,0.427,0.86,0.0,0.493,0.0,0.0,0.0,0.0
0,2024.03.29 18:03:00,XAUEURm,BREAKOUT,BUY,3,2068.572,2055.82256,2086.48039,1.4,0.516,2056.5389,2057.6854,2054.0166,0,0.123,0.699,1.6798,2027.19165,2008.75867,2025.22045,1998.283,0,0.008,0.4,2,2056.5389,0.787,0.503,0,0.0,0.0,0.0,0.0,0.0,0,0,1,1.0,1.0,0.2414,1.0,0.242,0,0.664,2,0.368,2055.851,2051.9529,1.776,2.32,0.0,2,0.0,0,0.664,1.241,3.0,0.414,0.466,1,2056.5389,8,0.757,0.0,0.227,0.3,0.0,0.873,0.865,1873.58733,1871.25531,1983.64586,13163.6789,-748.6805,1,1873.58733,0.642,1934.38247,0.277,0.0,0.0,0,0.05,1,0,16680,0.742,0.581,0.437,3292.0,3292.0,0.4596,7163.4,0.0,1,1,0.925,1362.075,1,1,0.685,1491.726,1,80.527,0.528,0.472,0.0,1.0,1.0,0.0,0.0,0.5,0.0,0.435,0.857,0.5,0.467,0.0,0.344,0.0,0,0,0.492,0.656,0.0,0.333,0.1,0.427,0.86,0.0,0.493,0.0,0.0,0.0,0.0
0,2024.03.29 18:42:00,XAUEURm,PULLBACK,BUY,3,2068.572,2055.82256,2090.06207,1.69,0.506,2056.5389,2057.6854,2054.0166,0,0.123,0.699,1.6798,2027.19165,2008.75867,2025.22045,1998.283,0,0.008,0.4,2,2056.5389,0.787,0.503,0,0.0,0.0,0.0,0.0,0.0,0,0,1,1.0,1.0,0.2414,1.0,0.242,0,0.664,2,0.368,2055.851,2051.9529,1.776,2.32,0.0,2,0.0,0,0.664,1.241,3.0,0.414,0.466,1,2056.5389,8,0.757,0.0,0.227,0.3,0.0,0.873,0.865,1873.58733,1871.25531,1983.64586,13163.6789,-748.6805,1,1873.58733,0.642,1934.38247,0.277,0.0,0.0,0,0.05,1,0,16680,0.742,0.581,0.437,3292.0,3292.0,0.4596,7163.4,0.0,1,1,0.925,1362.075,1,1,0.685,1491.726,1,80.527,0.528,0.472,0.0,1.0,1.0,0.0,0.0,0.5,0.0,0.435,0.857,0.5,0.467,0.0,0.344,0.0,0,0,0.492,0.656,0.0,0.333,0.1,0.427,0.86,0.0,0.493,0.0,0.0,0.0,0.0
0,2024.03.29 18:42:20,XAUEURm,TREND_CONTINUATION,BUY,3,2068.572,2055.82256,2086.48039,1.4,0.595,2056.5389,2057.6854,2054.0166,0,0.123,0.699,1.6798,2027.19165,2008.75867,2025.22045,1998.283,0,0.008,0.4,2,2056.5389,0.787,0.503,0,0.0,0.0,0.0,0.0,0.0,0,0,1,1.0,1.0,0.2414,1.0,0.242,0,0.664,2,0.368,2055.851,2051.9529,1.776,2.32,0.0,2,0.0,0,0.664,1.241,3.0,0.414,0.466,1,2056.5389,8,0.757,0.0,0.227,0.3,0.0,0.873,0.865,1873.58733,1871.25531,1983.64586,13163.6789,-748.6805,1,1873.58733,0.642,1934.38247,0.277,0.0,0.0,0,0.05,1,0,16680,0.742,0.581,0.437,3292.0,3292.0,0.4596,7163.4,0.0,1,1,0.925,1362.075,1,1,0.685,1491.726,1,80.527,0.528,0.472,0.0,1.0,1.0,0.0,0.0,0.5,0.0,0.435,0.857,0.5,0.467,0.0,0.344,0.0,0,0,0.492,0.656,0.0,0.333,0.1,0.427,0.86,0.0,0.493,0.0,0.0,0.0,0.0
0,2024.03.29 20:03:00,XAUEURm,BREAKOUT,BUY,3,2068.572,2055.82256,2086.48039,1.4,0.516,2056.5389,2057.6854,2054.0166,0,0.123,0.699,1.6798,2027.19165,2008.75867,2025.22045,1998.283,0,0.008,0.4,2,2056.5389,0.787,0.503,0,0.0,0.0,0.0,0.0,0.0,0,0,1,1.0,1.0,0.2414,1.0,0.242,0,0.664,2,0.368,2055.851,2051.9529,1.776,2.32,0.0,2,0.0,0,0.664,1.241,3.0,0.414,0.466,1,2056.5389,8,0.757,0.0,0.227,0.3,0.0,0.873,0.865,1873.58733,1871.25531,1983.64586,13163.6789,-748.6805,1,1873.58733,0.642,1934.38247,0.277,0.0,0.0,0,0.05,1,0,16680,0.742,0.581,0.437,3292.0,3292.0,0.4596,7163.4,0.0,1,1,0.925,1362.075,1,1,0.685,1491.726,1,80.527,0.528,0.472,0.0,1.0,1.0,0.0,0.0,0.5,0.0,0.435,0.857,0.5,0.467,0.0,0.344,0.0,0,0,0.492,0.656,0.0,0.333,0.1,0.427,0.86,0.0,0.493,0.0,0.0,0.0,0.0
0,2024.03.29 20:42:00,XAUEURm,PULLBACK,BUY,3,2068.572,2055.82256,2090.06207,1.69,0.506,2056.5389,2057.6854,2054.0166,0,0.123,0.699,1.6798,2027.19165,2008.75867,2025.22045,1998.283,0,0.008,0.4,2,2056.5389,0.787,0.503,0,0.0,0.0,0.0,0.0,0.0,0,0,1,1.0,1.0,0.2414,1.0,0.242,0,0.664,2,0.368,2055.851,2051.9529,1.776,2.32,0.0,2,0.0,0,0.664,1.241,3.0,0.414,0.466,1,2056.5389,8,0.757,0.0,0.227,0.3,0.0,0.873,0.865,1873.58733,1871.25531,1983.64586,13163.6789,-748.6805,1,1873.58733,0.642,1934.38247,0.277,0.0,0.0,0,0.05,1,0,16680,0.742,0.581,0.437,3292.0,3292.0,0.4596,7163.4,0.0,1,1,0.925,1362.075,1,1,0.685,1491.726,1,80.527,0.528,0.472,0.0,1.0,1.0,0.0,0.0,0.5,0.0,0.435,0.857,0.5,0.467,0.0,0.344,0.0,0,0,0.492,0.656,0.0,0.333,0.1,0.427,0.86,0.0,0.493,0.0,0.0,0.0,0.0
0,2024.03.29 20:42:20,XAUEURm,TREND_CONTINUATION,BUY,3,2068.572,2055.82256,2086.48039,1.4,0.595,2056.5389,2057.6854,2054.0166,0,0.123,0.699,1.6798,2027.19165,2008.75867,2025.22045,1998.283,0,0.008,0.4,2,2056.5389,0.787,0.503,0,0.0,0.0,0.0,0.0,0.0,0,0,1,1.0,1.0,0.2414,1.0,0.242,0,0.664,2,0.368,2055.851,2051.9529,1.776,2.32,0.0,2,0.0,0,0.664,1.241,3.0,0.414,0.466,1,2056.5389,8,0.757,0.0,0.227,0.3,0.0,0.873,0.865,1873.58733,1871.25531,1983.64586,13163.6789,-748.6805,1,1873.58733,0.642,1934.38247,0.277,0.0,0.0,0,0.05,1,0,16680,0.742,0.581,0.437,3292.0,3292.0,0.4596,7163.4,0.0,1,1,0.925,1362.075,1,1,0.685,1491.726,1,80.527,0.528,0.472,0.0,1.0,1.0,0.0,0.0,0.5,0.0,0.435,0.857,0.5,0.467,0.0,0.344,0.0,0,0,0.492,0.656,0.0,0.333,0.1,0.427,0.86,0.0,0.493,0.0,0.0,0.0,0.0
0,2024.03.31 21:05:00,XAUEURm,BREAKOUT,BUY,3,2068.572,2055.82256,2086.48039,1.4,0.516,2056.5389,2057.6854,2054.0166,0,0.123,0.699,1.6798,2027.19165,2008.75867,2025.22045,1998.283,0,0.008,0.4,2,2056.5389,0.787,0.503,0,0.0,0.0,0.0,0.0,0.0,0,0,1,1.0,1.0,0.2414,1.0,0.242,0,0.664,2,0.368,2055.851,2051.9529,1.776,2.32,0.0,2,0.0,0,0.664,1.241,3.0,0.414,0.466,1,2056.5389,8,0.757,0.0,0.227,0.3,0.0,0.873,0.865,1873.58733,1871.25531,1983.64586,13163.6789,-748.6805,1,1873.58733,0.642,1934.38247,0.277,0.0,0.0,0,0.05,1,0,16680,0.742,0.581,0.437,3292.0,3292.0,0.4596,7163.4,0.0,1,1,0.925,1362.075,1,1,0.685,1491.726,1,80.527,0.528,0.472,0.0,1.0,1.0,0.0,0.0,0.5,0.0,0.435,0.857,0.5,0.467,0.0,0.344,0.0,0,0,0.492,0.656,0.0,0.333,0.1,0.427,0.86,0.0,0.493,0.0,0.0,0.0,0.0
0,2024.03.31 21:05:20,XAUEURm,PULLBACK,BUY,3,2068.572,2055.82256,2090.06207,1.69,0.506,2056.5389,2057.6854,2054.0166,0,0.123,0.699,1.6798,2027.19165,2008.75867,2025.22045,1998.283,0,0.008,0.4,2,2056.5389,0.787,0.503,0,0.0,0.0,0.0,0.0,0.0,0,0,1,1.0,1.0,0.2414,1.0,0.242,0,0.664,2,0.368,2055.851,2051.9529,1.776,2.32,0.0,2,0.0,0,0.664,1.241,3.0,0.414,0.466,1,2056.5389,8,0.757,0.0,0.227,0.3,0.0,0.873,0.865,1873.58733,1871.25531,1983.64586,13163.6789,-748.6805,1,1873.58733,0.642,1934.38247,0.277,0.0,0.0,0,0.05,1,0,16680,0.742,0.581,0.437,3292.0,3292.0,0.4596,7163.4,0.0,1,1,0.925,1362.075,1,1,0.685,1491.726,1,80.527,0.528,0.472,0.0,1.0,1.0,0.0,0.0,0.5,0.0,0.435,0.857,0.5,0.467,0.0,0.344,0.0,0,0,0.492,0.656,0.0,0.333,0.1,0.427,0.86,0.0,0.493,0.0,0.0,0.0,0.0
0,2024.03.31 21:06:00,XAUEURm,TREND_CONTINUATION,BUY,3,2068.572,2055.82256,2086.48039,1.4,0.595,2056.5389,2057.6854,2054.0166,0,0.123,0.699,1.6798,2027.19165,2008.75867,2025.22045,1998.283,0,0.008,0.4,2,2056.5389,0.787,0.503,0,0.0,0.0,0.0,0.0,0.0,0,0,1,1.0,1.0,0.2414,1.0,0.242,0,0.664,2,0.368,2055.851,2051.9529,1.776,2.32,0.0,2,0.0,0,0.664,1.241,3.0,0.414,0.466,1,2056.5389,8,0.757,0.0,0.227,0.3,0.0,0.873,0.865,1873.58733,1871.25531,1983.64586,13163.6789,-748.6805,1,1873.58733,0.642,1934.38247,0.277,0.0,0.0,0,0.05,1,0,16680,0.742,0.581,0.437,3292.0,3292.0,0.4596,7163.4,0.0,1,1,0.925,1362.075,1,1,0.685,1491.726,1,80.527,0.528,0.472,0.0,1.0,1.0,0.0,0.0,0.5,0.0,0.435,0.857,0.5,0.467,0.0,0.344,0.0,0,0,0.492,0.656,0.0,0.333,0.1,0.427,0.86,0.0,0.493,0.0,0.0,0.0,0.0
15012,2024.03.31 23:05:00,XAUEURm,BREAKOUT,BUY,1,2075.977,2059.884,2096.093,1.25,0.572,2056.77325,2058.3652,2054.12,0,0.03,0.366,1.9775,2027.466,2007.91587,2029.1082,1998.283,0,0.008,0.2,4,2056.77325,0.8,0.101,0,0.0,0.0,0.0,0.0,0.0,0,0,1,1.0,1.0,0.2112,1.0,0.321,0,0.694,3,0.5,2072.69275,2068.9782,0.001,0.461,0.0,2,0.0,0,0.694,1.206,3.0,0.402,0.407,1,2056.77325,8,0.76,0.998,0.204,0.3,0.15,0.244,0.963,1872.1588,1873.51011,1983.49609,11826.9033,-1336.7756,1,1872.1588,0.649,0.0,0.0,0.0,0.0,0,0.043,1,0,16682,0.742,0.581,0.437,3292.0,3292.0,0.4091,8046.3,0.0,1,1,0.925,1362.075,1,1,0.685,1491.726,1,72.611,0.557,0.443,0.0,1.0,1.0,0.69,0.0,0.5,0.0,0.986,0.529,0.5,0.55,0.0,0.478,0.0,0,0,0.374,0.758,0.0,0.44,0.219,0.286,0.825,0.0,0.505,0.0,0.0,0.0,0.0
15013,2024.03.31 23:05:20,XAUEURm,PULLBACK,BUY,1,2075.977,2059.261,2100.116,1.44,0.492,2056.77325,2058.3652,2054.12,0,0.03,0.366,1.9775,2027.466,2007.91587,2029.1082,1998.283,0,0.008,0.2,4,2056.77325,0.8,0.101,0,0.0,0.0,0.0,0.0,0.0,0,0,1,1.0,1.0,0.2112,1.0,0.321,0,0.694,3,0.5,2072.69275,2068.9782,0.001,0.461,0.0,2,0.0,0,0.694,1.206,3.0,0.402,0.407,1,2056.77325,8,0.76,0.998,0.204,0.3,0.15,0.244,0.963,1872.1588,1873.51011,1983.49609,11826.9033,-1336.7756,1,1872.1588,0.649,0.0,0.0,0.0,0.0,0,0.043,1,0,16682,0.742,0.581,0.437,3292.0,3292.0,0.4091,8046.3,0.0,1,1,0.925,1362.075,1,1,0.685,1491.726,1,72.611,0.557,0.443,0.0,1.0,1.0,0.68,0.0,0.5,0.0,0.986,0.528,0.5,0.55,0.0,0.478,0.0,0,0,0.373,0.758,0.0,0.44,0.219,0.286,0.825,0.0,0.505,0.0,0.0,0.0,0.0
15014,2024.03.31 23:06:00,XAUEURm,TREND_CONTINUATION,BUY,1,2075.837,2059.261,2095.953,1.21,0.577,2056.77325,2058.3652,2054.12,0,0.03,0.366,1.9601,2027.466,2007.91587,2029.1082,1998.283,0,0.008,0.2,4,2056.77325,0.8,0.101,0,0.0,0.0,0.0,0.0,0.0,0,0,1,1.0,1.0,0.2112,1.0,0.321,0,0.694,3,0.5,2072.69275,2068.9782,0.018,0.443,0.0,2,0.0,0,0.694,1.206,3.0,0.402,0.407,1,2056.77325,8,0.76,0.963,0.204,0.3,0.15,0.244,0.963,1872.1588,1873.51011,1983.49609,11826.9033,-1336.7756,1,1872.1588,0.649,0.0,0.0,0.0,0.0,0,0.043,1,0,16682,0.742,0.581,0.437,3292.0,3292.0,0.4091,8046.3,0.0,1,1,0.925,1362.075,1,1,0.685,1491.726,1,72.594,0.557,0.443,0.0,1.0,1.0,0.67,0.0,0.5,0.0,0.986,0.479,0.5,0.55,0.0,0.478,0.0,0,0,0.369,0.758,0.0,0.44,0.219,0.286,0.825,0.0,0.505,0.0,0.0,0.0,0.0
