ticket,signalId,symbol,setupType,direction,trailStyle,entryTime,exitTime,holdingMinutes,entryPrice,exitPrice,profitPips,profitUSD,maeATR,mfeATR,exitReason,entryVpPOC,entryVpVAH,entryVpVAL,entryVpInsideVA,entryVpDistHVN,entryVpDistLVN,entryVpBestHVN,entryVpThinnessRatio,entryVpOverlapBias,entryVpMigrationConf,entryVpDevPOCDir,entryVpProfileShape,entryVpUpthrust,entryVpSpring,entryVpCompPosition,entryVpBreakoutPOC,entryAuctRegime,entryAuctRegimeConf,entryAuctTradeQuality,entryAuctTradeGrade,entryAuctBalance,entryAuctContinuation,entryAuctReversalRisk,entryAuctExhaustion,entryAuctFailure,entryAuctVAExpRate,entryAuctTargetPrice,entryAuctTargetConf,entryAuctExpReward,entryLTValid,entryLTPOCMigration,entryLTNearestZoneStrength,entryArchetype,entryProfilerSamples,thesis,riskReward,exitAuctRegime,exitAuctFailure,exitAuctContinuation,exitAuctReversalRisk,exitAuctExhaustion,exitAuctBalance,exitVpMigrationConf,exitVpInsideVA,exitVpDevPOCDir,exitSpreadPoints,exitAtrProxy
964,LMTm_20240201144000_0,LMTm,BREAKOUT,SELL,-1,2024.02.01 14:40:00,2024.02.01 14:44:35,4,427.26,428.89,-163.0,-815.0,1.14,0.274,SL_HIT,429.859,430.65,428.39,0,1.06,0.245,428.955,0.5,0,1.0,0.825,0,0,0,0,0.0,0,0.624,0.341,0,0.624,0.247,0.14,0.455,0.4,0.0,428.955,0.748,0.839,1,-2,1.0,0,149,0.485,2.15,0,0.4,0.247,0.14,0.46,0.624,1.0,0,0.825,72.0,138.6
965,LMTm_20240201144000_0,LMTm,BREAKOUT,SELL,0,2024.02.01 14:40:00,2024.02.01 14:44:35,4,427.26,428.89,-163.0,-815.0,1.14,0.274,SL_HIT,429.859,430.65,428.39,0,1.06,0.245,428.955,0.5,0,1.0,0.825,0,0,0,0,0.0,0,0.624,0.341,0,0.624,0.247,0.14,0.455,0.4,0.0,428.955,0.748,0.839,1,-2,1.0,0,149,0.485,2.15,0,0.4,0.247,0.14,0.46,0.624,1.0,0,0.825,72.0,138.6
966,LMTm_20240201144000_0,LMTm,BREAKOUT,SELL,1,2024.02.01 14:40:00,2024.02.01 14:44:35,4,427.26,428.89,-163.0,-815.0,1.14,0.274,SL_HIT,429.859,430.65,428.39,0,1.06,0.245,428.955,0.5,0,1.0,0.825,0,0,0,0,0.0,0,0.624,0.341,0,0.624,0.247,0.14,0.455,0.4,0.0,428.955,0.748,0.839,1,-2,1.0,0,149,0.485,2.15,0,0.4,0.247,0.14,0.46,0.624,1.0,0,0.825,72.0,138.6
967,LMTm_20240201144359_7,LMTm,ANCHORED_PULLBACK,SELL,-1,2024.02.01 14:43:59,2024.02.01 14:48:05,4,427.85,429.05,-120.0,-600.0,0.808,0.0,SL_HIT,429.859,430.65,428.39,0,1.06,0.245,428.955,0.5,0,1.0,0.825,0,0,0,0,0.0,0,0.624,0.32,0,0.624,0.247,0.14,0.46,0.4,0.0,428.955,0.748,0.652,1,-2,1.0,0,149,0.189,2.45,0,0.4,0.247,0.14,0.46,0.624,1.0,0,0.825,69.0,138.6
968,LMTm_20240201144359_7,LMTm,ANCHORED_PULLBACK,SELL,0,2024.02.01 14:43:59,2024.02.01 14:48:05,4,427.85,429.05,-120.0,-600.0,0.808,0.0,SL_HIT,429.859,430.65,428.39,0,1.06,0.245,428.955,0.5,0,1.0,0.825,0,0,0,0,0.0,0,0.624,0.32,0,0.624,0.247,0.14,0.46,0.4,0.0,428.955,0.748,0.652,1,-2,1.0,0,149,0.189,2.45,0,0.4,0.247,0.14,0.46,0.624,1.0,0,0.825,69.0,138.6
969,LMTm_20240201144359_7,LMTm,ANCHORED_PULLBACK,SELL,1,2024.02.01 14:43:59,2024.02.01 14:48:05,4,427.85,429.05,-120.0,-600.0,0.808,0.0,SL_HIT,429.859,430.65,428.39,0,1.06,0.245,428.955,0.5,0,1.0,0.825,0,0,0,0,0.0,0,0.624,0.32,0,0.624,0.247,0.14,0.46,0.4,0.0,428.955,0.748,0.652,1,-2,1.0,0,149,0.189,2.45,0,0.4,0.247,0.14,0.46,0.624,1.0,0,0.825,69.0,138.6
978,LMTm_20240201150000_2,LMTm,PULLBACK,SELL,1,2024.02.01 15:00:00,2024.02.01 15:16:33,16,427.69,427.11,58.0,290.0,0.529,0.753,TRAIL_STOP,428.97875,430.7175,428.31,0,0.692,0.396,428.97875,0.45,0,0.675,-0.685,0,0,0,0,0.0,2,0.842,0.46,1,0.316,0.906,0.129,0.252,0.0,0.1,428.97875,0.755,0.503,1,-2,1.0,0,150,0.589,2.26,0,0.0,0.206,0.129,0.283,0.616,0.675,0,-0.685,51.0,147.5
977,LMTm_20240201150000_2,LMTm,PULLBACK,SELL,0,2024.02.01 15:00:00,2024.02.01 15:25:59,25,427.69,427.21,48.0,240.0,0.529,0.753,TRAIL_STOP,428.97875,430.7175,428.31,0,0.692,0.396,428.97875,0.45,0,0.675,-0.685,0,0,0,0,0.0,2,0.842,0.46,1,0.316,0.906,0.129,0.252,0.0,0.1,428.97875,0.755,0.503,1,-2,1.0,0,150,0.589,2.26,0,0.0,0.206,0.129,0.284,0.616,0.675,0,-0.685,48.0,147.5
976,LMTm_20240201150000_2,LMTm,PULLBACK,SELL,-1,2024.02.01 15:00:00,2024.02.01 15:57:05,57,427.69,428.87,-118.0,-590.0,0.766,0.753,SL_HIT,428.97875,430.7175,428.31,0,0.692,0.396,428.97875,0.45,0,0.675,-0.685,0,0,0,0,0.0,2,0.842,0.46,1,0.316,0.906,0.129,0.252,0.0,0.1,428.97875,0.755,0.503,1,-2,1.0,0,150,0.589,2.26,0,0.0,0.206,0.129,0.218,0.616,0.675,1,-0.685,40.0,147.5
985,LMTm_20240201164259_0,LMTm,BREAKOUT,SELL,-1,2024.02.01 16:42:59,2024.02.01 17:05:37,22,429.04,430.63,-159.0,-795.0,0.982,0.0,SL_HIT,428.77475,430.4615,427.607,1,0.149,0.838,428.77475,0.55,0,0.5,-0.545,0,0,0,0,0.0,0,0.695,0.497,1,0.695,0.164,0.097,0.039,0.0,0.0,430.4615,0.6,1.212,1,-1,1.0,0,151,0.274,1.15,0,0.0,0.226,0.09,0.254,0.683,0.55,0,-0.755,35.0,165.6
986,LMTm_20240201164259_0,LMTm,BREAKOUT,SELL,0,2024.02.01 16:42:59,2024.02.01 17:05:37,22,429.04,430.63,-159.0,-795.0,0.982,0.0,SL_HIT,428.77475,430.4615,427.607,1,0.149,0.838,428.77475,0.55,0,0.5,-0.545,0,0,0,0,0.0,0,0.695,0.497,1,0.695,0.164,0.097,0.039,0.0,0.0,430.4615,0.6,1.212,1,-1,1.0,0,151,0.274,1.15,0,0.0,0.226,0.09,0.254,0.683,0.55,0,-0.755,35.0,165.6
987,LMTm_20240201164259_0,LMTm,BREAKOUT,SELL,1,2024.02.01 16:42:59,2024.02.01 17:05:37,22,429.04,430.63,-159.0,-795.0,0.982,0.0,SL_HIT,428.77475,430.4615,427.607,1,0.149,0.838,428.77475,0.55,0,0.5,-0.545,0,0,0,0,0.0,0,0.695,0.497,1,0.695,0.164,0.097,0.039,0.0,0.0,430.4615,0.6,1.212,1,-1,1.0,0,151,0.274,1.15,0,0.0,0.226,0.09,0.254,0.683,0.55,0,-0.755,35.0,165.6
991,LMTm_20240201165837_1,LMTm,BREAKOUT_RETEST,SELL,-1,2024.02.01 16:58:37,2024.02.01 17:05:37,7,429.71,430.63,-92.0,-460.0,0.558,0.0,SL_HIT,428.77475,430.4615,427.607,1,0.149,0.838,428.77475,0.55,0,0.5,-0.545,0,0,0,0,0.0,0,0.695,0.465,1,0.695,0.164,0.097,0.003,0.0,0.0,428.77475,0.76,1.016,1,-1,1.0,0,151,0.388,1.03,0,0.0,0.226,0.09,0.254,0.683,0.55,0,-0.755,35.0,165.6
992,LMTm_20240201165837_1,LMTm,BREAKOUT_RETEST,SELL,0,2024.02.01 16:58:37,2024.02.01 17:05:37,7,429.71,430.63,-92.0,-460.0,0.558,0.0,SL_HIT,428.77475,430.4615,427.607,1,0.149,0.838,428.77475,0.55,0,0.5,-0.545,0,0,0,0,0.0,0,0.695,0.465,1,0.695,0.164,0.097,0.003,0.0,0.0,428.77475,0.76,1.016,1,-1,1.0,0,151,0.388,1.03,0,0.0,0.226,0.09,0.254,0.683,0.55,0,-0.755,35.0,165.6
993,LMTm_20240201165837_1,LMTm,BREAKOUT_RETEST,SELL,1,2024.02.01 16:58:37,2024.02.01 17:05:37,7,429.71,430.63,-92.0,-460.0,0.558,0.0,SL_HIT,428.77475,430.4615,427.607,1,0.149,0.838,428.77475,0.55,0,0.5,-0.545,0,0,0,0,0.0,0,0.695,0.465,1,0.695,0.164,0.097,0.003,0.0,0.0,428.77475,0.76,1.016,1,-1,1.0,0,151,0.388,1.03,0,0.0,0.226,0.09,0.254,0.683,0.55,0,-0.755,35.0,165.6
994,LMTm_20240201170424_5,LMTm,MEAN_REVERSION,SELL,-1,2024.02.01 17:04:24,2024.02.01 17:43:21,38,430.07,428.98,109.0,545.0,0.381,0.634,TP_HIT,428.98625,429.965,427.5725,0,0.294,0.363,428.76875,0.55,0,0.55,-0.755,0,0,0,0,0.0,0,0.683,0.464,1,0.683,0.226,0.09,0.146,0.0,0.0,428.98625,0.7,1.117,1,-1,1.0,0,152,0.645,0.82,0,0.0,0.226,0.09,0.145,0.683,0.55,1,-0.755,35.0,165.6
995,LMTm_20240201170424_5,LMTm,MEAN_REVERSION,SELL,0,2024.02.01 17:04:24,2024.02.01 17:43:21,38,430.07,428.98,109.0,545.0,0.381,0.634,TP_HIT,428.98625,429.965,427.5725,0,0.294,0.363,428.76875,0.55,0,0.55,-0.755,0,0,0,0,0.0,0,0.683,0.464,1,0.683,0.226,0.09,0.146,0.0,0.0,428.98625,0.7,1.117,1,-1,1.0,0,152,0.645,0.82,0,0.0,0.226,0.09,0.145,0.683,0.55,1,-0.755,35.0,165.6
996,LMTm_20240201170424_5,LMTm,MEAN_REVERSION,SELL,1,2024.02.01 17:04:24,2024.02.01 17:43:21,38,430.07,428.98,109.0,545.0,0.381,0.634,TP_HIT,428.98625,429.965,427.5725,0,0.294,0.363,428.76875,0.55,0,0.55,-0.755,0,0,0,0,0.0,0,0.683,0.464,1,0.683,0.226,0.09,0.146,0.0,0.0,428.98625,0.7,1.117,1,-1,1.0,0,152,0.645,0.82,0,0.0,0.226,0.09,0.145,0.683,0.55,1,-0.755,35.0,165.6
1003,LMTm_20240201170625_4,LMTm,SWEEP_REVERSAL,SELL,-1,2024.02.01 17:06:25,2024.02.01 17:43:21,36,430.33,428.98,135.0,675.0,0.223,0.791,TP_HIT,428.98625,429.965,427.5725,0,0.294,0.363,428.76875,0.55,0,0.55,-0.755,0,0,0,0,0.0,0,0.683,0.475,1,0.683,0.226,0.09,0.254,0.0,0.0,428.98625,0.7,1.211,1,-1,1.0,0,152,0.141,0.81,0,0.0,0.226,0.09,0.145,0.683,0.55,1,-0.755,35.0,165.6
1004,LMTm_20240201170625_4,LMTm,SWEEP_REVERSAL,SELL,0,2024.02.01 17:06:25,2024.02.01 17:43:21,36,430.33,428.98,135.0,675.0,0.223,0.791,TP_HIT,428.98625,429.965,427.5725,0,0.294,0.363,428.76875,0.55,0,0.55,-0.755,0,0,0,0,0.0,0,0.683,0.475,1,0.683,0.226,0.09,0.254,0.0,0.0,428.98625,0.7,1.211,1,-1,1.0,0,152,0.141,0.81,0,0.0,0.226,0.09,0.145,0.683,0.55,1,-0.755,35.0,165.6
1005,LMTm_20240201170625_4,LMTm,SWEEP_REVERSAL,SELL,1,2024.02.01 17:06:25,2024.02.01 17:43:21,36,430.33,428.98,135.0,675.0,0.223,0.791,TP_HIT,428.98625,429.965,427.5725,0,0.294,0.363,428.76875,0.55,0,0.55,-0.755,0,0,0,0,0.0,0,0.683,0.475,1,0.683,0.226,0.09,0.254,0.0,0.0,428.98625,0.7,1.211,1,-1,1.0,0,152,0.141,0.81,0,0.0,0.226,0.09,0.145,0.683,0.55,1,-0.755,35.0,165.6
988,LMTm_20240201164534_3,LMTm,TREND_CONTINUATION,SELL,-1,2024.02.01 16:45:34,2024.02.01 17:58:28,72,429.14,427.22,192.0,960.0,0.989,1.179,TP_HIT,428.77475,430.4615,427.607,1,0.149,0.838,428.77475,0.55,0,0.5,-0.545,0,0,0,0,0.0,0,0.695,0.494,1,0.695,0.164,0.097,0.039,0.0,0.0,430.4615,0.6,1.192,1,-1,1.0,0,151,0.381,1.02,0,0.0,0.226,0.09,0.213,0.683,0.55,0,-0.755,39.0,165.6
989,LMTm_20240201164534_3,LMTm,TREND_CONTINUATION,SELL,0,2024.02.01 16:45:34,2024.02.01 17:58:28,72,429.14,427.22,192.0,960.0,0.989,1.179,TP_HIT,428.77475,430.4615,427.607,1,0.149,0.838,428.77475,0.55,0,0.5,-0.545,0,0,0,0,0.0,0,0.695,0.494,1,0.695,0.164,0.097,0.039,0.0,0.0,430.4615,0.6,1.192,1,-1,1.0,0,151,0.381,1.02,0,0.0,0.226,0.09,0.213,0.683,0.55,0,-0.755,39.0,165.6
990,LMTm_20240201164534_3,LMTm,TREND_CONTINUATION,SELL,1,2024.02.01 16:45:34,2024.02.01 17:58:28,72,429.14,427.22,192.0,960.0,0.989,1.179,TP_HIT,428.77475,430.4615,427.607,1,0.149,0.838,428.77475,0.55,0,0.5,-0.545,0,0,0,0,0.0,0,0.695,0.494,1,0.695,0.164,0.097,0.039,0.0,0.0,430.4615,0.6,1.192,1,-1,1.0,0,151,0.381,1.02,0,0.0,0.226,0.09,0.213,0.683,0.55,0,-0.755,39.0,165.6
1007,LMTm_20240201174225_2,LMTm,PULLBACK,SELL,0,2024.02.01 17:42:25,2024.02.01 18:26:59,44,429.22,427.62,160.0,800.0,0.211,1.552,TRAIL_STOP,428.98625,429.965,427.5725,1,0.294,0.363,428.76875,0.55,0,0.55,-0.755,0,0,0,0,0.0,0,0.683,0.473,1,0.683,0.226,0.09,0.08,0.0,0.0,429.965,0.6,1.193,1,-1,1.0,0,152,0.501,4.58,0,0.4,0.185,0.288,0.402,0.702,0.9,0,-0.615,42.0,179.6
1008,LMTm_20240201174225_2,LMTm,PULLBACK,SELL,1,2024.02.01 17:42:25,2024.02.01 18:26:59,44,429.22,427.62,160.0,800.0,0.211,1.552,TRAIL_STOP,428.98625,429.965,427.5725,1,0.294,0.363,428.76875,0.55,0,0.55,-0.755,0,0,0,0,0.0,0,0.683,0.473,1,0.683,0.226,0.09,0.08,0.0,0.0,429.965,0.6,1.193,1,-1,1.0,0,152,0.501,4.58,0,0.4,0.185,0.288,0.402,0.702,0.9,0,-0.615,42.0,179.6
1020,LMTm_20240201184533_0,LMTm,BREAKOUT,SELL,-1,2024.02.01 18:45:33,2024.02.01 19:13:00,27,428.4,429.13,-73.0,-365.0,0.401,0.0,SL_HIT,428.0925,429.49,427.34,1,0.692,0.093,428.9525,0.5,0,0.9,-0.615,0,0,0,0,0.0,0,0.702,0.458,1,0.702,0.185,0.288,0.238,0.4,0.0,428.9525,0.747,1.251,1,-1,1.0,0,153,0.384,1.89,0,0.0,0.247,0.114,0.172,0.658,0.65,1,-0.825,37.0,187.8
1021,LMTm_20240201184533_0,LMTm,BREAKOUT,SELL,0,2024.02.01 18:45:33,2024.02.01 19:13:00,27,428.4,429.13,-73.0,-365.0,0.401,0.0,SL_HIT,428.0925,429.49,427.34,1,0.692,0.093,428.9525,0.5,0,0.9,-0.615,0,0,0,0,0.0,0,0.702,0.458,1,0.702,0.185,0.288,0.238,0.4,0.0,428.9525,0.747,1.251,1,-1,1.0,0,153,0.384,1.89,0,0.0,0.247,0.114,0.172,0.658,0.65,1,-0.825,37.0,187.8
1022,LMTm_20240201184533_0,LMTm,BREAKOUT,SELL,1,2024.02.01 18:45:33,2024.02.01 19:13:00,27,428.4,429.13,-73.0,-365.0,0.401,0.0,SL_HIT,428.0925,429.49,427.34,1,0.692,0.093,428.9525,0.5,0,0.9,-0.615,0,0,0,0,0.0,0,0.702,0.458,1,0.702,0.185,0.288,0.238,0.4,0.0,428.9525,0.747,1.251,1,-1,1.0,0,153,0.384,1.89,0,0.0,0.247,0.114,0.172,0.658,0.65,1,-0.825,37.0,187.8
1029,LMTm_20240201190959_5,LMTm,MEAN_REVERSION,SELL,-1,2024.02.01 19:09:59,2024.02.02 14:48:00,1178,428.5,426.48,202.0,948.5,0.389,1.065,TP_HIT,428.0925,429.06,426.48,1,0.001,0.574,428.0925,0.6,0,0.65,-0.825,0,0,0,0,0.0,0,0.658,0.483,1,0.658,0.247,0.114,0.056,0.0,0.0,426.48,0.6,1.14,1,-1,1.0,0,154,0.634,2.7,0,0.4,0.216,0.291,0.425,0.636,0.75,0,-0.72,56.0,176.1
1030,LMTm_20240201190959_5,LMTm,MEAN_REVERSION,SELL,0,2024.02.01 19:09:59,2024.02.02 14:48:00,1178,428.5,426.48,202.0,948.5,0.389,1.065,TP_HIT,428.0925,429.06,426.48,1,0.001,0.574,428.0925,0.6,0,0.65,-0.825,0,0,0,0,0.0,0,0.658,0.483,1,0.658,0.247,0.114,0.056,0.0,0.0,426.48,0.6,1.14,1,-1,1.0,0,154,0.634,2.7,0,0.4,0.216,0.291,0.425,0.636,0.75,0,-0.72,56.0,176.1
1031,LMTm_20240201190959_5,LMTm,MEAN_REVERSION,SELL,1,2024.02.01 19:09:59,2024.02.02 14:48:00,1178,428.5,426.48,202.0,948.5,0.389,1.065,TP_HIT,428.0925,429.06,426.48,1,0.001,0.574,428.0925,0.6,0,0.65,-0.825,0,0,0,0,0.0,0,0.658,0.483,1,0.658,0.247,0.114,0.056,0.0,0.0,426.48,0.6,1.14,1,-1,1.0,0,154,0.634,2.7,0,0.4,0.216,0.291,0.425,0.636,0.75,0,-0.72,56.0,176.1
1023,LMTm_20240201185840_1,LMTm,BREAKOUT_RETEST,SELL,-1,2024.02.01 18:58:40,2024.02.02 14:48:15,1189,428.1,426.25,185.0,863.5,0.629,0.969,TP_HIT,428.0925,429.49,427.34,1,0.692,0.093,428.9525,0.5,0,0.9,-0.615,0,0,0,0,0.0,0,0.702,0.447,1,0.702,0.185,0.288,0.16,0.4,0.0,428.9525,0.747,1.157,1,-1,1.0,0,153,0.549,1.17,0,0.4,0.216,0.291,0.425,0.636,0.75,0,-0.72,56.0,176.1
1024,LMTm_20240201185840_1,LMTm,BREAKOUT_RETEST,SELL,0,2024.02.01 18:58:40,2024.02.02 14:48:15,1189,428.1,426.25,185.0,863.5,0.629,0.969,TP_HIT,428.0925,429.49,427.34,1,0.692,0.093,428.9525,0.5,0,0.9,-0.615,0,0,0,0,0.0,0,0.702,0.447,1,0.702,0.185,0.288,0.16,0.4,0.0,428.9525,0.747,1.157,1,-1,1.0,0,153,0.549,1.17,0,0.4,0.216,0.291,0.425,0.636,0.75,0,-0.72,56.0,176.1
1025,LMTm_20240201185840_1,LMTm,BREAKOUT_RETEST,SELL,1,2024.02.01 18:58:40,2024.02.02 14:48:15,1189,428.1,426.25,185.0,863.5,0.629,0.969,TP_HIT,428.0925,429.49,427.34,1,0.692,0.093,428.9525,0.5,0,0.9,-0.615,0,0,0,0,0.0,0,0.702,0.447,1,0.702,0.185,0.288,0.16,0.4,0.0,428.9525,0.747,1.157,1,-1,1.0,0,153,0.549,1.17,0,0.4,0.216,0.291,0.425,0.636,0.75,0,-0.72,56.0,176.1
1043,LMTm_20240202144008_2,LMTm,PULLBACK,SELL,1,2024.02.02 14:40:08,2024.02.02 14:55:05,14,426.99,427.15,-16.0,-80.0,0.448,0.551,SL_HIT,428.616,429.33,426.882,1,0.714,0.251,428.616,0.6,0,0.75,-0.72,0,0,0,0,0.0,0,0.636,0.341,0,0.636,0.216,0.291,0.399,0.4,0.0,428.616,0.738,0.387,1,-2,1.0,0,156,0.525,1.39,0,0.4,0.216,0.291,0.398,0.636,0.75,0,-0.72,56.0,176.1
1028,LMTm_20240201190000_3,LMTm,TREND_CONTINUATION,SELL,1,2024.02.01 19:00:00,2024.02.02 14:55:25,1195,428.09,427.25,84.0,358.5,0.607,1.102,TRAIL_STOP,428.0925,429.06,426.48,1,0.001,0.574,428.0925,0.6,0,0.65,-0.825,0,0,0,0,0.0,2,1.0,0.584,2,0.658,0.947,0.219,0.12,0.3,0.229,429.06,0.6,1.662,1,-1,1.0,0,154,0.734,2.08,0,0.4,0.216,0.291,0.392,0.636,0.75,0,-0.72,56.0,176.1
1042,LMTm_20240202144008_2,LMTm,PULLBACK,SELL,0,2024.02.02 14:40:08,2024.02.02 14:55:35,15,426.99,427.33,-34.0,-170.0,0.448,0.551,SL_HIT,428.616,429.33,426.882,1,0.714,0.251,428.616,0.6,0,0.75,-0.72,0,0,0,0,0.0,0,0.636,0.341,0,0.636,0.216,0.291,0.399,0.4,0.0,428.616,0.738,0.387,1,-2,1.0,0,156,0.525,1.39,0,0.4,0.216,0.291,0.392,0.636,0.75,0,-0.72,56.0,176.1
1048,LMTm_20240202144059_1,LMTm,BREAKOUT_RETEST,SELL,0,2024.02.02 14:40:59,2024.02.02 14:55:35,14,427.05,427.33,-28.0,-140.0,0.414,0.585,SL_HIT,428.616,429.33,426.882,1,0.714,0.251,428.616,0.6,0,0.75,-0.72,0,0,0,0,0.0,0,0.636,0.339,0,0.636,0.216,0.291,0.399,0.4,0.0,428.616,0.738,0.373,1,-2,1.0,0,156,0.467,1.04,0,0.4,0.216,0.291,0.392,0.636,0.75,0,-0.72,56.0,176.1
1036,LMTm_20240201194259_2,LMTm,PULLBACK,SELL,0,2024.02.01 19:42:59,2024.02.02 14:59:35,1156,428.34,427.44,90.0,388.5,0.474,1.235,TRAIL_STOP,428.0925,429.06,426.48,1,0.001,0.574,428.0925,0.6,0,0.65,-0.825,0,0,0,0,0.0,0,0.658,0.483,1,0.658,0.247,0.114,0.042,0.0,0.0,429.06,0.6,1.143,1,-1,1.0,0,154,0.54,1.17,0,0.4,0.216,0.291,0.399,0.636,0.75,1,-0.72,53.0,176.1
1037,LMTm_20240201194259_2,LMTm,PULLBACK,SELL,1,2024.02.01 19:42:59,2024.02.02 14:59:59,1157,428.34,427.5,84.0,358.5,0.474,1.235,TRAIL_STOP,428.0925,429.06,426.48,1,0.001,0.574,428.0925,0.6,0,0.65,-0.825,0,0,0,0,0.0,0,0.658,0.483,1,0.658,0.247,0.114,0.042,0.0,0.0,429.06,0.6,1.143,1,-1,1.0,0,154,0.54,1.17,0,0.4,0.216,0.291,0.399,0.636,0.75,1,-0.72,53.0,176.1
1049,LMTm_20240202144059_1,LMTm,BREAKOUT_RETEST,SELL,1,2024.02.02 14:40:59,2024.02.02 15:00:06,19,427.05,427.54,-49.0,-245.0,0.414,0.585,SL_HIT,428.616,429.33,426.882,1,0.714,0.251,428.616,0.6,0,0.75,-0.72,0,0,0,0,0.0,0,0.636,0.339,0,0.636,0.216,0.291,0.399,0.4,0.0,428.616,0.738,0.373,1,-2,1.0,0,156,0.467,1.04,0,0.0,0.243,0.153,0.231,0.599,0.679,1,-0.8093,53.0,178.8
1027,LMTm_20240201190000_3,LMTm,TREND_CONTINUATION,SELL,0,2024.02.01 19:00:00,2024.02.02 15:00:20,1200,428.09,427.59,50.0,188.5,0.607,1.102,TRAIL_STOP,428.0925,429.06,426.48,1,0.001,0.574,428.0925,0.6,0,0.65,-0.825,0,0,0,0,0.0,2,1.0,0.584,2,0.658,0.947,0.219,0.12,0.3,0.229,429.06,0.6,1.662,1,-1,1.0,0,154,0.734,2.08,0,0.0,0.243,0.153,0.231,0.599,0.679,1,-0.8093,53.0,178.8
1039,LMTm_20240202144000_0,LMTm,BREAKOUT,SELL,0,2024.02.02 14:40:00,2024.02.02 15:45:35,65,426.95,427.22,-27.0,-135.0,0.761,0.528,SL_HIT,428.616,429.33,426.882,1,0.714,0.251,428.616,0.6,0,0.75,-0.72,0,0,0,0,0.0,0,0.497,0.307,0,0.497,0.216,0.291,0.399,0.4,0.0,428.616,0.738,0.397,1,-2,1.0,0,156,0.302,3.07,0,0.0,0.243,0.153,0.218,0.599,0.679,1,-0.8093,42.0,178.8
1047,LMTm_20240202144059_1,LMTm,BREAKOUT_RETEST,SELL,-1,2024.02.02 14:40:59,2024.02.02 16:56:59,136,427.05,425.64,141.0,705.0,0.704,0.772,TP_HIT,428.616,429.33,426.882,1,0.714,0.251,428.616,0.6,0,0.75,-0.72,0,0,0,0,0.0,0,0.636,0.339,0,0.636,0.216,0.291,0.399,0.4,0.0,428.616,0.738,0.373,1,-2,1.0,0,156,0.467,1.04,0,0.4,0.154,0.14,0.457,0.62,0.787,0,-0.5144,32.0,176.0
1006,LMTm_20240201174225_2,LMTm,PULLBACK,SELL,-1,2024.02.01 17:42:25,2024.02.02 17:35:22,1432,429.22,425.05,417.0,2023.5,0.211,2.513,TP_HIT,428.98625,429.965,427.5725,1,0.294,0.363,428.76875,0.55,0,0.55,-0.755,0,0,0,0,0.0,0,0.683,0.473,1,0.683,0.226,0.09,0.08,0.0,0.0,429.965,0.6,1.193,1,-1,1.0,0,152,0.501,4.58,0,0.15,0.3,0.053,0.346,0.553,1.0,0,-1.0,30.0,173.1
1035,LMTm_20240201194259_2,LMTm,PULLBACK,SELL,-1,2024.02.01 19:42:59,2024.02.02 17:35:22,1312,428.34,425.05,329.0,1583.5,0.474,1.747,TP_HIT,428.0925,429.06,426.48,1,0.001,0.574,428.0925,0.6,0,0.65,-0.825,0,0,0,0,0.0,0,0.658,0.483,1,0.658,0.247,0.114,0.042,0.0,0.0,429.06,0.6,1.143,1,-1,1.0,0,154,0.54,1.17,0,0.15,0.3,0.053,0.346,0.553,1.0,0,-1.0,30.0,173.1
1041,LMTm_20240202144008_2,LMTm,PULLBACK,SELL,-1,2024.02.02 14:40:08,2024.02.02 17:35:22,175,426.99,425.05,194.0,970.0,0.738,1.096,TP_HIT,428.616,429.33,426.882,1,0.714,0.251,428.616,0.6,0,0.75,-0.72,0,0,0,0,0.0,0,0.636,0.341,0,0.636,0.216,0.291,0.399,0.4,0.0,428.616,0.738,0.387,1,-2,1.0,0,156,0.525,1.39,0,0.15,0.3,0.053,0.346,0.553,1.0,0,-1.0,30.0,173.1
1071,LMTm_20240202165159_2,LMTm,PULLBACK,SELL,-1,2024.02.02 16:51:59,2024.02.02 17:35:22,43,425.87,425.05,82.0,410.0,0.205,0.46,TP_HIT,428.5225,428.96,426.51,0,0.098,0.3,428.5225,0.7,0,0.787,-0.5144,2,0,0,0,0.0,0,0.62,0.361,1,0.62,0.154,0.14,0.418,0.4,0.0,426.51,0.55,0.646,1,-1,1.0,0,158,0.372,1.13,0,0.15,0.3,0.053,0.346,0.553,1.0,0,-1.0,30.0,173.1
1072,LMTm_20240202165159_2,LMTm,PULLBACK,SELL,0,2024.02.02 16:51:59,2024.02.02 17:35:22,43,425.87,425.05,82.0,410.0,0.205,0.46,TP_HIT,428.5225,428.96,426.51,0,0.098,0.3,428.5225,0.7,0,0.787,-0.5144,2,0,0,0,0.0,0,0.62,0.361,1,0.62,0.154,0.14,0.418,0.4,0.0,426.51,0.55,0.646,1,-1,1.0,0,158,0.372,1.13,0,0.15,0.3,0.053,0.346,0.553,1.0,0,-1.0,30.0,173.1
1073,LMTm_20240202165159_2,LMTm,PULLBACK,SELL,1,2024.02.02 16:51:59,2024.02.02 17:35:22,43,425.87,425.05,82.0,410.0,0.205,0.46,TP_HIT,428.5225,428.96,426.51,0,0.098,0.3,428.5225,0.7,0,0.787,-0.5144,2,0,0,0,0.0,0,0.62,0.361,1,0.62,0.154,0.14,0.418,0.4,0.0,426.51,0.55,0.646,1,-1,1.0,0,158,0.372,1.13,0,0.15,0.3,0.053,0.346,0.553,1.0,0,-1.0,30.0,173.1
1066,LMTm_20240202164000_0,LMTm,BREAKOUT,SELL,0,2024.02.02 16:40:00,2024.02.02 18:35:48,115,425.88,425.67,21.0,105.0,0.352,1.068,TRAIL_STOP,428.5225,428.96,426.51,0,0.098,0.3,428.5225,0.7,0,0.787,-0.5144,2,0,0,0,0.0,0,0.62,0.36,1,0.62,0.154,0.14,0.418,0.4,0.0,426.51,0.55,0.644,1,-1,1.0,0,158,0.426,6.12,0,0.0,0.3,0.089,0.224,0.635,1.0,1,-1.0,32.0,178.6
1046,LMTm_20240202144017_3,LMTm,TREND_CONTINUATION,SELL,1,2024.02.02 14:40:17,2024.02.02 18:36:10,235,426.98,425.73,125.0,625.0,0.744,1.692,TRAIL_STOP,428.616,429.33,426.882,1,0.714,0.251,428.616,0.6,0,0.75,-0.72,0,0,0,0,0.0,0,0.636,0.341,0,0.636,0.216,0.291,0.399,0.4,0.0,428.616,0.738,0.39,1,-2,1.0,0,156,0.44,2.08,0,0.0,0.3,0.089,0.224,0.635,1.0,1,-1.0,33.0,178.6
1067,LMTm_20240202164000_0,LMTm,BREAKOUT,SELL,1,2024.02.02 16:40:00,2024.02.02 18:39:21,119,425.88,425.78,10.0,50.0,0.352,1.068,TRAIL_STOP,428.5225,428.96,426.51,0,0.098,0.3,428.5225,0.7,0,0.787,-0.5144,2,0,0,0,0.0,0,0.62,0.36,1,0.62,0.154,0.14,0.418,0.4,0.0,426.51,0.55,0.644,1,-1,1.0,0,158,0.426,6.12,0,0.0,0.3,0.089,0.224,0.635,1.0,1,-1.0,33.0,178.6
1076,LMTm_20240202170030_1,LMTm,BREAKOUT_RETEST,SELL,-1,2024.02.02 17:00:30,2024.02.02 18:41:59,101,425.31,426.07,-76.0,-380.0,0.428,0.757,SL_HIT,426.09425,428.3195,425.03,1,0.341,0.106,426.09425,0.85,0,1.0,-1.0,0,0,0,0,0.0,2,1.0,0.438,1,0.253,1.0,0.157,0.459,0.45,0.4851,426.09425,0.742,0.267,1,-1,1.0,0,159,0.831,2.52,0,0.0,0.3,0.089,0.237,0.635,1.0,1,-1.0,34.0,178.6
1077,LMTm_20240202170030_1,LMTm,BREAKOUT_RETEST,SELL,0,2024.02.02 17:00:30,2024.02.02 18:41:59,101,425.31,426.07,-76.0,-380.0,0.428,0.757,SL_HIT,426.09425,428.3195,425.03,1,0.341,0.106,426.09425,0.85,0,1.0,-1.0,0,0,0,0,0.0,2,1.0,0.438,1,0.253,1.0,0.157,0.459,0.45,0.4851,426.09425,0.742,0.267,1,-1,1.0,0,159,0.831,2.52,0,0.0,0.3,0.089,0.237,0.635,1.0,1,-1.0,34.0,178.6
1078,LMTm_20240202170030_1,LMTm,BREAKOUT_RETEST,SELL,1,2024.02.02 17:00:30,2024.02.02 18:41:59,101,425.31,426.07,-76.0,-380.0,0.428,0.757,SL_HIT,426.09425,428.3195,425.03,1,0.341,0.106,426.09425,0.85,0,1.0,-1.0,0,0,0,0,0.0,2,1.0,0.438,1,0.253,1.0,0.157,0.459,0.45,0.4851,426.09425,0.742,0.267,1,-1,1.0,0,159,0.831,2.52,0,0.0,0.3,0.089,0.237,0.635,1.0,1,-1.0,34.0,178.6
1040,LMTm_20240202144000_0,LMTm,BREAKOUT,SELL,1,2024.02.02 14:40:00,2024.02.02 18:44:08,244,426.95,426.12,83.0,415.0,0.761,1.675,TRAIL_STOP,428.616,429.33,426.882,1,0.714,0.251,428.616,0.6,0,0.75,-0.72,0,0,0,0,0.0,0,0.497,0.307,0,0.497,0.216,0.291,0.399,0.4,0.0,428.616,0.738,0.397,1,-2,1.0,0,156,0.302,3.07,0,0.0,0.3,0.089,0.035,0.635,1.0,1,-1.0,34.0,178.6
1045,LMTm_20240202144017_3,LMTm,TREND_CONTINUATION,SELL,0,2024.02.02 14:40:17,2024.02.02 18:44:08,243,426.98,426.12,86.0,430.0,0.744,1.692,TRAIL_STOP,428.616,429.33,426.882,1,0.714,0.251,428.616,0.6,0,0.75,-0.72,0,0,0,0,0.0,0,0.636,0.341,0,0.636,0.216,0.291,0.399,0.4,0.0,428.616,0.738,0.39,1,-2,1.0,0,156,0.44,2.08,0,0.0,0.3,0.089,0.035,0.635,1.0,1,-1.0,34.0,178.6
1079,LMTm_20240202171033_7,LMTm,ANCHORED_PULLBACK,SELL,-1,2024.02.02 17:10:33,2024.02.02 18:56:18,105,424.99,426.19,-120.0,-600.0,0.67,0.572,SL_HIT,426.09425,428.3195,425.03,0,0.341,0.106,426.09425,0.85,0,1.0,-1.0,0,0,0,0,0.0,0,0.553,0.373,1,0.553,0.3,0.053,0.346,0.15,0.0,426.09425,0.742,0.283,1,-1,1.0,0,159,0.29,2.93,0,0.0,0.3,0.089,0.035,0.635,1.0,1,-1.0,33.0,178.6
1080,LMTm_20240202171033_7,LMTm,ANCHORED_PULLBACK,SELL,0,2024.02.02 17:10:33,2024.02.02 18:56:18,105,424.99,426.19,-120.0,-600.0,0.67,0.572,SL_HIT,426.09425,428.3195,425.03,0,0.341,0.106,426.09425,0.85,0,1.0,-1.0,0,0,0,0,0.0,0,0.553,0.373,1,0.553,0.3,0.053,0.346,0.15,0.0,426.09425,0.742,0.283,1,-1,1.0,0,159,0.29,2.93,0,0.0,0.3,0.089,0.035,0.635,1.0,1,-1.0,33.0,178.6
1081,LMTm_20240202171033_7,LMTm,ANCHORED_PULLBACK,SELL,1,2024.02.02 17:10:33,2024.02.02 18:56:18,105,424.99,426.19,-120.0,-600.0,0.67,0.572,SL_HIT,426.09425,428.3195,425.03,0,0.341,0.106,426.09425,0.85,0,1.0,-1.0,0,0,0,0,0.0,0,0.553,0.373,1,0.553,0.3,0.053,0.346,0.15,0.0,426.09425,0.742,0.283,1,-1,1.0,0,159,0.29,2.93,0,0.0,0.3,0.089,0.035,0.635,1.0,1,-1.0,33.0,178.6
1069,LMTm_20240202164022_3,LMTm,TREND_CONTINUATION,SELL,0,2024.02.02 16:40:22,2024.02.02 18:56:59,136,425.93,426.29,-36.0,-180.0,0.324,1.097,SL_HIT,428.5225,428.96,426.51,0,0.098,0.3,428.5225,0.7,0,0.787,-0.5144,2,0,0,0,0.0,0,0.62,0.359,1,0.62,0.154,0.14,0.418,0.4,0.0,426.51,0.55,0.632,1,-1,1.0,0,158,0.437,2.08,0,0.0,0.3,0.089,0.035,0.635,1.0,1,-1.0,33.0,178.6
1109,LMTm_20240202190059_1,LMTm,BREAKOUT_RETEST,SELL,-1,2024.02.02 19:00:59,2024.02.02 19:02:12,1,425.68,426.22,-54.0,-270.0,0.279,0.0,SL_HIT,426.03175,426.7475,424.907,1,0.076,0.76,425.00925,0.45,0,0.8,-1.0,0,0,0,0,0.0,0,0.659,0.405,1,0.659,0.3,0.154,0.193,0.0,0.0,425.00925,0.747,0.372,1,-1,1.0,0,161,0.532,1.25,0,0.0,0.3,0.154,0.095,0.659,0.8,1,-1.0,32.0,179.4
1110,LMTm_20240202190059_1,LMTm,BREAKOUT_RETEST,SELL,0,2024.02.02 19:00:59,2024.02.02 19:02:12,1,425.68,426.22,-54.0,-270.0,0.279,0.0,SL_HIT,426.03175,426.7475,424.907,1,0.076,0.76,425.00925,0.45,0,0.8,-1.0,0,0,0,0,0.0,0,0.659,0.405,1,0.659,0.3,0.154,0.193,0.0,0.0,425.00925,0.747,0.372,1,-1,1.0,0,161,0.532,1.25,0,0.0,0.3,0.154,0.095,0.659,0.8,1,-1.0,32.0,179.4
1111,LMTm_20240202190059_1,LMTm,BREAKOUT_RETEST,SELL,1,2024.02.02 19:00:59,2024.02.02 19:02:12,1,425.68,426.22,-54.0,-270.0,0.279,0.0,SL_HIT,426.03175,426.7475,424.907,1,0.076,0.76,425.00925,0.45,0,0.8,-1.0,0,0,0,0,0.0,0,0.659,0.405,1,0.659,0.3,0.154,0.193,0.0,0.0,425.00925,0.747,0.372,1,-1,1.0,0,161,0.532,1.25,0,0.0,0.3,0.154,0.095,0.659,0.8,1,-1.0,32.0,179.4
1070,LMTm_20240202164022_3,LMTm,TREND_CONTINUATION,SELL,1,2024.02.02 16:40:22,2024.02.02 19:02:32,142,425.93,426.34,-41.0,-205.0,0.324,1.097,SL_HIT,428.5225,428.96,426.51,0,0.098,0.3,428.5225,0.7,0,0.787,-0.5144,2,0,0,0,0.0,0,0.62,0.359,1,0.62,0.154,0.14,0.418,0.4,0.0,426.51,0.55,0.632,1,-1,1.0,0,158,0.437,2.08,0,0.0,0.3,0.154,0.0,0.659,0.8,1,-1.0,32.0,179.4
1065,LMTm_20240202164000_0,LMTm,BREAKOUT,SELL,-1,2024.02.02 16:40:00,2024.02.02 19:18:15,158,425.88,426.6,-72.0,-360.0,0.403,1.068,SL_HIT,428.5225,428.96,426.51,0,0.098,0.3,428.5225,0.7,0,0.787,-0.5144,2,0,0,0,0.0,0,0.62,0.36,1,0.62,0.154,0.14,0.418,0.4,0.0,426.51,0.55,0.644,1,-1,1.0,0,158,0.426,6.12,0,0.0,0.3,0.154,0.161,0.659,0.8,1,-1.0,32.0,179.4
1026,LMTm_20240201190000_3,LMTm,TREND_CONTINUATION,SELL,-1,2024.02.01 19:00:00,2024.02.05 14:40:00,5500,428.09,421.49,660.0,3054.0,0.607,2.178,TP_HIT,428.0925,429.06,426.48,1,0.001,0.574,428.0925,0.6,0,0.65,-0.825,0,0,0,0,0.0,2,1.0,0.584,2,0.658,0.947,0.219,0.12,0.3,0.229,429.06,0.6,1.662,1,-1,1.0,0,154,0.734,2.08,2,0.4,0.947,0.454,0.457,0.23,0.8,0,-0.825,85.0,180.6
1038,LMTm_20240202144000_0,LMTm,BREAKOUT,SELL,-1,2024.02.02 14:40:00,2024.02.05 14:40:00,4320,426.95,421.49,546.0,2545.5,0.761,1.675,TP_HIT,428.616,429.33,426.882,1,0.714,0.251,428.616,0.6,0,0.75,-0.72,0,0,0,0,0.0,0,0.497,0.307,0,0.497,0.216,0.291,0.399,0.4,0.0,428.616,0.738,0.397,1,-2,1.0,0,156,0.302,3.07,2,0.4,0.947,0.454,0.457,0.23,0.8,0,-0.825,85.0,180.6
1044,LMTm_20240202144017_3,LMTm,TREND_CONTINUATION,SELL,-1,2024.02.02 14:40:17,2024.02.05 14:40:00,4319,426.98,421.49,549.0,2560.5,0.744,1.692,TP_HIT,428.616,429.33,426.882,1,0.714,0.251,428.616,0.6,0,0.75,-0.72,0,0,0,0,0.0,0,0.636,0.341,0,0.636,0.216,0.291,0.399,0.4,0.0,428.616,0.738,0.39,1,-2,1.0,0,156,0.44,2.08,2,0.4,0.947,0.454,0.457,0.23,0.8,0,-0.825,85.0,180.6
1068,LMTm_20240202164022_3,LMTm,TREND_CONTINUATION,SELL,-1,2024.02.02 16:40:22,2024.02.05 14:40:00,4199,425.93,421.49,444.0,2035.5,1.108,1.097,TP_HIT,428.5225,428.96,426.51,0,0.098,0.3,428.5225,0.7,0,0.787,-0.5144,2,0,0,0,0.0,0,0.62,0.359,1,0.62,0.154,0.14,0.418,0.4,0.0,426.51,0.55,0.632,1,-1,1.0,0,158,0.437,2.08,2,0.4,0.947,0.454,0.457,0.23,0.8,0,-0.825,85.0,180.6
1116,LMTm_20240202190234_2,LMTm,PULLBACK,SELL,-1,2024.02.02 19:02:34,2024.02.05 14:40:00,4057,426.05,421.49,456.0,2095.5,1.02,0.0,TP_HIT,426.03175,426.7475,424.907,1,0.076,0.76,425.00925,0.45,0,0.8,-1.0,0,0,0,0,0.0,0,0.659,0.387,1,0.659,0.3,0.154,0.0,0.0,0.0,425.00925,0.747,0.219,1,-1,1.0,0,161,0.577,1.19,2,0.4,0.947,0.454,0.457,0.23,0.8,0,-0.825,85.0,180.6
1117,LMTm_20240202190234_2,LMTm,PULLBACK,SELL,0,2024.02.02 19:02:34,2024.02.05 14:40:00,4057,426.05,421.49,456.0,2095.5,1.02,0.0,TP_HIT,426.03175,426.7475,424.907,1,0.076,0.76,425.00925,0.45,0,0.8,-1.0,0,0,0,0,0.0,0,0.659,0.387,1,0.659,0.3,0.154,0.0,0.0,0.0,425.00925,0.747,0.219,1,-1,1.0,0,161,0.577,1.19,2,0.4,0.947,0.454,0.457,0.23,0.8,0,-0.825,85.0,180.6
1118,LMTm_20240202190234_2,LMTm,PULLBACK,SELL,1,2024.02.02 19:02:34,2024.02.05 14:40:00,4057,426.05,421.49,456.0,2095.5,1.02,0.0,TP_HIT,426.03175,426.7475,424.907,1,0.076,0.76,425.00925,0.45,0,0.8,-1.0,0,0,0,0,0.0,0,0.659,0.387,1,0.659,0.3,0.154,0.0,0.0,0.0,425.00925,0.747,0.219,1,-1,1.0,0,161,0.577,1.19,2,0.4,0.947,0.454,0.457,0.23,0.8,0,-0.825,85.0,180.6
1120,LMTm_20240202191825_5,LMTm,MEAN_REVERSION,SELL,-1,2024.02.02 19:18:25,2024.02.05 14:40:00,4041,426.31,421.49,482.0,2225.5,0.875,0.134,TP_HIT,426.03175,426.7475,424.907,1,0.076,0.76,425.00925,0.45,0,0.8,-1.0,0,0,0,0,0.0,0,0.659,0.394,1,0.659,0.3,0.154,0.161,0.0,0.0,425.00925,0.747,0.276,1,-1,1.0,0,161,0.592,2.11,2,0.4,0.947,0.454,0.457,0.23,0.8,0,-0.825,85.0,180.6
1121,LMTm_20240202191825_5,LMTm,MEAN_REVERSION,SELL,0,2024.02.02 19:18:25,2024.02.05 14:40:00,4041,426.31,421.49,482.0,2225.5,0.875,0.134,TP_HIT,426.03175,426.7475,424.907,1,0.076,0.76,425.00925,0.45,0,0.8,-1.0,0,0,0,0,0.0,0,0.659,0.394,1,0.659,0.3,0.154,0.161,0.0,0.0,425.00925,0.747,0.276,1,-1,1.0,0,161,0.592,2.11,2,0.4,0.947,0.454,0.457,0.23,0.8,0,-0.825,85.0,180.6
1122,LMTm_20240202191825_5,LMTm,MEAN_REVERSION,SELL,1,2024.02.02 19:18:25,2024.02.05 14:40:00,4041,426.31,421.49,482.0,2225.5,0.875,0.134,TP_HIT,426.03175,426.7475,424.907,1,0.076,0.76,425.00925,0.45,0,0.8,-1.0,0,0,0,0,0.0,0,0.659,0.394,1,0.659,0.3,0.154,0.161,0.0,0.0,425.00925,0.747,0.276,1,-1,1.0,0,161,0.592,2.11,2,0.4,0.947,0.454,0.457,0.23,0.8,0,-0.825,85.0,180.6
1099,LMTm_20240202184025_3,LMTm,TREND_CONTINUATION,SELL,1,2024.02.02 18:40:25,2024.02.05 14:41:37,4081,425.44,421.9,354.0,1585.5,1.366,2.284,TRAIL_STOP,426.15475,427.0665,424.722,1,0.568,1.443,426.15475,0.45,0,1.0,-1.0,0,0,0,-1,0.0,0,0.635,0.362,1,0.635,0.3,0.089,0.224,0.0,0.0,426.15475,0.732,0.376,1,-1,1.0,0,160,0.564,2.08,0,0.4,0.247,0.454,0.46,0.53,0.8,0,-0.825,85.0,180.6
1096,LMTm_20240202184000_0,LMTm,BREAKOUT,SELL,1,2024.02.02 18:40:00,2024.02.05 14:41:40,4081,425.4,421.97,343.0,1530.5,1.388,2.261,TRAIL_STOP,426.15475,427.0665,424.722,1,0.568,1.443,426.15475,0.45,0,1.0,-1.0,0,0,0,-1,0.0,0,0.635,0.361,1,0.635,0.3,0.089,0.224,0.0,0.0,426.15475,0.732,0.367,1,-1,1.0,0,160,0.39,1.67,0,0.4,0.247,0.454,0.46,0.53,0.8,0,-0.825,85.0,180.6
1095,LMTm_20240202184000_0,LMTm,BREAKOUT,SELL,0,2024.02.02 18:40:00,2024.02.05 14:51:34,4091,425.4,422.13,327.0,1450.5,1.388,2.312,TRAIL_STOP,426.15475,427.0665,424.722,1,0.568,1.443,426.15475,0.45,0,1.0,-1.0,0,0,0,-1,0.0,0,0.635,0.361,1,0.635,0.3,0.089,0.224,0.0,0.0,426.15475,0.732,0.367,1,-1,1.0,0,160,0.39,1.67,0,0.4,0.247,0.454,0.46,0.53,0.8,0,-0.825,72.0,180.6
1097,LMTm_20240202184025_3,LMTm,TREND_CONTINUATION,SELL,-1,2024.02.02 18:40:25,2024.02.05 14:56:37,4096,425.44,420.95,449.0,2060.5,1.366,2.48,TP_HIT,426.15475,427.0665,424.722,1,0.568,1.443,426.15475,0.45,0,1.0,-1.0,0,0,0,-1,0.0,0,0.635,0.362,1,0.635,0.3,0.089,0.224,0.0,0.0,426.15475,0.732,0.376,1,-1,1.0,0,160,0.564,2.08,0,0.4,0.247,0.454,0.457,0.53,0.8,0,-0.825,67.0,180.6
1098,LMTm_20240202184025_3,LMTm,TREND_CONTINUATION,SELL,0,2024.02.02 18:40:25,2024.02.05 14:56:37,4096,425.44,420.95,449.0,2060.5,1.366,2.48,TP_HIT,426.15475,427.0665,424.722,1,0.568,1.443,426.15475,0.45,0,1.0,-1.0,0,0,0,-1,0.0,0,0.635,0.362,1,0.635,0.3,0.089,0.224,0.0,0.0,426.15475,0.732,0.376,1,-1,1.0,0,160,0.564,2.08,0,0.4,0.247,0.454,0.457,0.53,0.8,0,-0.825,67.0,180.6
1094,LMTm_20240202184000_0,LMTm,BREAKOUT,SELL,-1,2024.02.02 18:40:00,2024.02.05 14:56:40,4096,425.4,420.87,453.0,2080.5,1.388,2.491,TP_HIT,426.15475,427.0665,424.722,1,0.568,1.443,426.15475,0.45,0,1.0,-1.0,0,0,0,-1,0.0,0,0.635,0.361,1,0.635,0.3,0.089,0.224,0.0,0.0,426.15475,0.732,0.367,1,-1,1.0,0,160,0.39,1.67,0,0.4,0.247,0.454,0.457,0.53,0.8,0,-0.825,67.0,180.6
1152,LMTm_20240205150000_2,LMTm,PULLBACK,SELL,0,2024.02.05 15:00:00,2024.02.05 15:27:36,27,420.91,420.53,38.0,190.0,0.581,0.724,TRAIL_STOP,425.195,427.23,424.64,0,2.251,0.549,425.195,0.35,0,1.0,-0.825,0,0,0,-1,0.0,2,1.0,0.605,2,0.497,0.947,0.088,0.287,0.25,0.2886,425.195,0.73,1.557,1,-1,0.0,0,164,0.736,1.28,0,0.25,0.247,0.088,0.359,0.568,1.0,0,-0.825,46.0,173.9
1141,LMTm_20240205144000_0,LMTm,BREAKOUT,SELL,1,2024.02.05 14:40:00,2024.02.05 16:29:16,109,420.64,420.43,21.0,105.0,1.002,0.614,TRAIL_STOP,424.99,426.904,424.816,0,2.408,0.289,424.99,0.3,0,0.8,-0.825,4,0,0,-1,0.0,2,1.0,0.588,2,0.23,0.947,0.454,0.457,0.4,0.3637,424.99,0.744,1.74,1,-1,0.0,0,163,0.657,1.25,3,0.0,0.7,0.0,0.083,0.374,1.0,0,-1.0,32.0,169.6
1144,LMTm_20240205144102_3,LMTm,TREND_CONTINUATION,SELL,1,2024.02.05 14:41:02,2024.02.05 16:29:16,108,420.66,420.43,23.0,115.0,0.991,0.626,TRAIL_STOP,424.99,426.904,424.816,0,2.408,0.289,424.99,0.3,0,0.8,-0.825,4,0,0,-1,0.0,0,0.53,0.419,1,0.53,0.247,0.454,0.457,0.4,0.0,424.99,0.744,1.299,1,-1,0.0,0,163,0.492,1.0,3,0.0,0.7,0.0,0.083,0.374,1.0,0,-1.0,32.0,169.6
1153,LMTm_20240205150000_2,LMTm,PULLBACK,SELL,1,2024.02.05 15:00:00,2024.02.05 16:29:16,89,420.91,420.43,48.0,240.0,0.581,0.793,TRAIL_STOP,425.195,427.23,424.64,0,2.251,0.549,425.195,0.35,0,1.0,-0.825,0,0,0,-1,0.0,2,1.0,0.605,2,0.497,0.947,0.088,0.287,0.25,0.2886,425.195,0.73,1.557,1,-1,0.0,0,164,0.736,1.28,3,0.0,0.7,0.0,0.083,0.374,1.0,0,-1.0,32.0,169.6
1143,LMTm_20240205144102_3,LMTm,TREND_CONTINUATION,SELL,0,2024.02.05 14:41:02,2024.02.05 16:29:27,108,420.66,420.48,18.0,90.0,0.991,0.626,TRAIL_STOP,424.99,426.904,424.816,0,2.408,0.289,424.99,0.3,0,0.8,-0.825,4,0,0,-1,0.0,0,0.53,0.419,1,0.53,0.247,0.454,0.457,0.4,0.0,424.99,0.744,1.299,1,-1,0.0,0,163,0.492,1.0,3,0.0,0.7,0.0,0.083,0.374,1.0,0,-1.0,32.0,169.6
1140,LMTm_20240205144000_0,LMTm,BREAKOUT,SELL,0,2024.02.05 14:40:00,2024.02.05 16:30:59,110,420.64,420.82,-18.0,-90.0,1.002,0.614,SL_HIT,424.99,426.904,424.816,0,2.408,0.289,424.99,0.3,0,0.8,-0.825,4,0,0,-1,0.0,2,1.0,0.588,2,0.23,0.947,0.454,0.457,0.4,0.3637,424.99,0.744,1.74,1,-1,0.0,0,163,0.657,1.25,3,0.0,0.7,0.0,0.047,0.374,1.0,1,-1.0,33.0,169.6
1163,LMTm_20240205164000_0,LMTm,BREAKOUT,SELL,1,2024.02.05 16:40:00,2024.02.05 17:20:59,40,420.05,419.6,45.0,225.0,0.195,0.531,TRAIL_STOP,426.54625,427.6,420.4345,0,0.249,1.492,419.80225,0.85,2,1.0,-1.0,2,0,0,-1,0.0,3,1.0,0.742,3,0.374,0.7,0.0,0.083,0.0,0.0,425.891,0.65,2.074,1,2,0.0,0,165,0.635,1.25,3,0.25,0.648,0.088,0.256,0.379,1.0,1,-0.825,30.0,163.2
1166,LMTm_20240205164241_3,LMTm,TREND_CONTINUATION,SELL,1,2024.02.05 16:42:41,2024.02.05 17:20:59,38,419.89,419.6,29.0,145.0,0.195,0.436,TRAIL_STOP,426.54625,427.6,420.4345,0,0.249,1.492,419.80225,0.85,2,1.0,-1.0,2,0,0,-1,0.0,3,1.0,0.742,3,0.374,0.7,0.0,0.06,0.0,0.0,425.891,0.65,2.081,1,2,0.0,0,165,0.818,2.08,3,0.25,0.648,0.088,0.256,0.379,1.0,1,-0.825,30.0,163.2
1169,LMTm_20240205170000_2,LMTm,PULLBACK,SELL,1,2024.02.05 17:00:00,2024.02.05 17:20:59,20,419.36,419.6,-24.0,-120.0,0.172,0.129,SL_HIT,419.80225,426.3355,419.17,1,0.271,1.562,419.80225,0.85,0,1.0,-0.825,2,0,0,-1,0.0,3,0.913,0.531,2,0.079,0.648,0.193,0.376,0.55,0.0,420.22375,0.55,1.5,1,2,0.0,0,166,0.777,2.0,3,0.25,0.648,0.088,0.256,0.379,1.0,1,-0.825,30.0,163.2
1172,LMTm_20240205170600_7,LMTm,ANCHORED_PULLBACK,SELL,1,2024.02.05 17:06:00,2024.02.05 17:20:59,14,419.17,419.6,-43.0,-215.0,0.245,0.012,SL_HIT,419.80225,426.3355,419.17,1,0.271,1.562,419.80225,0.85,0,1.0,-0.825,2,0,0,-1,0.0,3,0.913,0.583,2,0.379,0.648,0.088,0.256,0.25,0.0,419.80225,0.757,1.567,1,2,0.0,0,166,0.688,4.75,3,0.25,0.648,0.088,0.256,0.379,1.0,1,-0.825,30.0,163.2
1177,LMTm_20240205180000_1,LMTm,BREAKOUT_RETEST,SELL,-1,2024.02.05 18:00:00,2024.02.05 18:03:21,3,419.18,419.67,-49.0,-245.0,0.31,0.0,SL_HIT,419.50625,421.0375,418.85,1,0.078,2.08,419.94375,0.25,0,0.8,-1.0,4,0,0,-1,0.0,0,0.571,0.507,2,0.571,0.3,0.15,0.07,0.0,0.0,419.94375,0.744,1.11,1,2,0.0,0,167,0.562,3.04,0,0.0,0.3,0.15,0.0,0.571,0.8,1,-1.0,29.0,141.9
1178,LMTm_20240205180000_1,LMTm,BREAKOUT_RETEST,SELL,0,2024.02.05 18:00:00,2024.02.05 18:03:21,3,419.18,419.67,-49.0,-245.0,0.31,0.0,SL_HIT,419.50625,421.0375,418.85,1,0.078,2.08,419.94375,0.25,0,0.8,-1.0,4,0,0,-1,0.0,0,0.571,0.507,2,0.571,0.3,0.15,0.07,0.0,0.0,419.94375,0.744,1.11,1,2,0.0,0,167,0.562,3.04,0,0.0,0.3,0.15,0.0,0.571,0.8,1,-1.0,29.0,141.9
1179,LMTm_20240205180000_1,LMTm,BREAKOUT_RETEST,SELL,1,2024.02.05 18:00:00,2024.02.05 18:03:21,3,419.18,419.67,-49.0,-245.0,0.31,0.0,SL_HIT,419.50625,421.0375,418.85,1,0.078,2.08,419.94375,0.25,0,0.8,-1.0,4,0,0,-1,0.0,0,0.571,0.507,2,0.571,0.3,0.15,0.07,0.0,0.0,419.94375,0.744,1.11,1,2,0.0,0,167,0.562,3.04,0,0.0,0.3,0.15,0.0,0.571,0.8,1,-1.0,29.0,141.9
1170,LMTm_20240205170600_7,LMTm,ANCHORED_PULLBACK,SELL,-1,2024.02.05 17:06:00,2024.02.05 18:04:00,58,419.17,419.86,-69.0,-345.0,0.417,0.012,SL_HIT,419.80225,426.3355,419.17,1,0.271,1.562,419.80225,0.85,0,1.0,-0.825,2,0,0,-1,0.0,3,0.913,0.583,2,0.379,0.648,0.088,0.256,0.25,0.0,419.80225,0.757,1.567,1,2,0.0,0,166,0.688,4.75,0,0.0,0.3,0.15,0.0,0.571,0.8,1,-1.0,29.0,141.9
1171,LMTm_20240205170600_7,LMTm,ANCHORED_PULLBACK,SELL,0,2024.02.05 17:06:00,2024.02.05 18:04:00,58,419.17,419.86,-69.0,-345.0,0.417,0.012,SL_HIT,419.80225,426.3355,419.17,1,0.271,1.562,419.80225,0.85,0,1.0,-0.825,2,0,0,-1,0.0,3,0.913,0.583,2,0.379,0.648,0.088,0.256,0.25,0.0,419.80225,0.757,1.567,1,2,0.0,0,166,0.688,4.75,0,0.0,0.3,0.15,0.0,0.571,0.8,1,-1.0,29.0,141.9
1185,LMTm_20240205184735_0,LMTm,BREAKOUT,SELL,-1,2024.02.05 18:47:35,2024.02.06 14:40:00,1192,420.36,421.61,-125.0,-686.5,0.952,0.092,SL_HIT,419.50625,421.0375,418.85,1,0.078,2.08,419.94375,0.25,0,0.8,-1.0,4,0,0,-1,0.0,0,0.571,0.511,2,0.571,0.3,0.15,0.147,0.0,0.0,420.81875,0.55,1.456,1,2,0.0,0,167,0.438,4.33,2,0.4,0.947,0.14,0.402,0.616,1.0,0,-0.825,57.0,135.6
1186,LMTm_20240205184735_0,LMTm,BREAKOUT,SELL,0,2024.02.05 18:47:35,2024.02.06 14:40:00,1192,420.36,421.61,-125.0,-686.5,0.952,0.092,SL_HIT,419.50625,421.0375,418.85,1,0.078,2.08,419.94375,0.25,0,0.8,-1.0,4,0,0,-1,0.0,0,0.571,0.511,2,0.571,0.3,0.15,0.147,0.0,0.0,420.81875,0.55,1.456,1,2,0.0,0,167,0.438,4.33,2,0.4,0.947,0.14,0.402,0.616,1.0,0,-0.825,57.0,135.6
1187,LMTm_20240205184735_0,LMTm,BREAKOUT,SELL,1,2024.02.05 18:47:35,2024.02.06 14:40:00,1192,420.36,421.61,-125.0,-686.5,0.952,0.092,SL_HIT,419.50625,421.0375,418.85,1,0.078,2.08,419.94375,0.25,0,0.8,-1.0,4,0,0,-1,0.0,0,0.571,0.511,2,0.571,0.3,0.15,0.147,0.0,0.0,420.81875,0.55,1.456,1,2,0.0,0,167,0.438,4.33,2,0.4,0.947,0.14,0.402,0.616,1.0,0,-0.825,57.0,135.6
1162,LMTm_20240205164000_0,LMTm,BREAKOUT,SELL,0,2024.02.05 16:40:00,2024.02.06 14:41:25,1321,420.05,421.78,-173.0,-926.5,0.979,0.531,SL_HIT,426.54625,427.6,420.4345,0,0.249,1.492,419.80225,0.85,2,1.0,-1.0,2,0,0,-1,0.0,3,1.0,0.742,3,0.374,0.7,0.0,0.083,0.0,0.0,425.891,0.65,2.074,1,2,0.0,0,165,0.635,1.25,0,0.4,0.247,0.14,0.415,0.635,1.0,0,-0.825,57.0,135.6
1164,LMTm_20240205164241_3,LMTm,TREND_CONTINUATION,SELL,-1,2024.02.05 16:42:41,2024.02.06 14:41:34,1318,419.89,421.93,-204.0,-1081.5,1.12,0.436,SL_HIT,426.54625,427.6,420.4345,0,0.249,1.492,419.80225,0.85,2,1.0,-1.0,2,0,0,-1,0.0,3,1.0,0.742,3,0.374,0.7,0.0,0.06,0.0,0.0,425.891,0.65,2.081,1,2,0.0,0,165,0.818,2.08,0,0.4,0.247,0.14,0.425,0.635,1.0,0,-0.825,57.0,135.6
1165,LMTm_20240205164241_3,LMTm,TREND_CONTINUATION,SELL,0,2024.02.05 16:42:41,2024.02.06 14:41:34,1318,419.89,421.93,-204.0,-1081.5,1.12,0.436,SL_HIT,426.54625,427.6,420.4345,0,0.249,1.492,419.80225,0.85,2,1.0,-1.0,2,0,0,-1,0.0,3,1.0,0.742,3,0.374,0.7,0.0,0.06,0.0,0.0,425.891,0.65,2.081,1,2,0.0,0,165,0.818,2.08,0,0.4,0.247,0.14,0.425,0.635,1.0,0,-0.825,57.0,135.6
1167,LMTm_20240205170000_2,LMTm,PULLBACK,SELL,-1,2024.02.05 17:00:00,2024.02.06 14:41:34,1301,419.36,421.93,-257.0,-1346.5,1.489,0.129,SL_HIT,419.80225,426.3355,419.17,1,0.271,1.562,419.80225,0.85,0,1.0,-0.825,2,0,0,-1,0.0,3,0.913,0.531,2,0.079,0.648,0.193,0.376,0.55,0.0,420.22375,0.55,1.5,1,2,0.0,0,166,0.777,2.0,0,0.4,0.247,0.14,0.425,0.635,1.0,0,-0.825,57.0,135.6
1168,LMTm_20240205170000_2,LMTm,PULLBACK,SELL,0,2024.02.05 17:00:00,2024.02.06 14:41:34,1301,419.36,421.93,-257.0,-1346.5,1.489,0.129,SL_HIT,419.80225,426.3355,419.17,1,0.271,1.562,419.80225,0.85,0,1.0,-0.825,2,0,0,-1,0.0,3,0.913,0.531,2,0.079,0.648,0.193,0.376,0.55,0.0,420.22375,0.55,1.5,1,2,0.0,0,166,0.777,2.0,0,0.4,0.247,0.14,0.425,0.635,1.0,0,-0.825,57.0,135.6
1188,LMTm_20240205184740_3,LMTm,TREND_CONTINUATION,SELL,-1,2024.02.05 18:47:40,2024.02.06 14:41:41,1194,420.33,422.1,-177.0,-946.5,1.128,0.07,SL_HIT,419.50625,421.0375,418.85,1,0.078,2.08,419.94375,0.25,0,0.8,-1.0,4,0,0,-1,0.0,0,0.571,0.512,2,0.571,0.3,0.15,0.147,0.0,0.0,420.81875,0.55,1.464,1,2,0.0,0,167,0.539,2.08,0,0.4,0.247,0.14,0.425,0.635,1.0,0,-0.825,57.0,135.6
1189,LMTm_20240205184740_3,LMTm,TREND_CONTINUATION,SELL,0,2024.02.05 18:47:40,2024.02.06 14:41:41,1194,420.33,422.1,-177.0,-946.5,1.128,0.07,SL_HIT,419.50625,421.0375,418.85,1,0.078,2.08,419.94375,0.25,0,0.8,-1.0,4,0,0,-1,0.0,0,0.571,0.512,2,0.571,0.3,0.15,0.147,0.0,0.0,420.81875,0.55,1.464,1,2,0.0,0,167,0.539,2.08,0,0.4,0.247,0.14,0.425,0.635,1.0,0,-0.825,57.0,135.6
1190,LMTm_20240205184740_3,LMTm,TREND_CONTINUATION,SELL,1,2024.02.05 18:47:40,2024.02.06 14:41:41,1194,420.33,422.1,-177.0,-946.5,1.128,0.07,SL_HIT,419.50625,421.0375,418.85,1,0.078,2.08,419.94375,0.25,0,0.8,-1.0,4,0,0,-1,0.0,0,0.571,0.512,2,0.571,0.3,0.15,0.147,0.0,0.0,420.81875,0.55,1.464,1,2,0.0,0,167,0.539,2.08,0,0.4,0.247,0.14,0.425,0.635,1.0,0,-0.825,57.0,135.6
1203,LMTm_20240206144134_4,LMTm,SWEEP_REVERSAL,SELL,0,2024.02.06 14:41:34,2024.02.06 14:56:08,14,421.36,421.91,-55.0,-275.0,0.641,0.192,SL_HIT,419.30325,420.404,418.85,0,0.517,0.247,419.30325,0.6,0,1.0,-0.825,2,0,0,-1,0.0,0,0.635,0.409,1,0.635,0.247,0.14,0.425,0.4,0.0,420.2745,0.55,1.444,1,-2,0.0,0,170,0.257,0.8,0,0.4,0.247,0.14,0.425,0.635,1.0,0,-0.825,54.0,135.6
1195,LMTm_20240206144125_5,LMTm,MEAN_REVERSION,SELL,-1,2024.02.06 14:41:25,2024.02.06 14:57:42,16,421.21,422.3,-109.0,-545.0,0.767,0.081,SL_HIT,419.30325,420.404,418.85,0,0.517,0.247,419.30325,0.6,0,1.0,-0.825,2,0,0,-1,0.0,0,0.635,0.412,1,0.635,0.247,0.14,0.415,0.4,0.0,420.2745,0.55,1.476,1,-2,0.0,0,170,0.604,0.86,0,0.4,0.247,0.14,0.425,0.635,1.0,0,-0.825,53.0,135.6
1196,LMTm_20240206144125_5,LMTm,MEAN_REVERSION,SELL,0,2024.02.06 14:41:25,2024.02.06 14:57:42,16,421.21,422.3,-109.0,-545.0,0.767,0.081,SL_HIT,419.30325,420.404,418.85,0,0.517,0.247,419.30325,0.6,0,1.0,-0.825,2,0,0,-1,0.0,0,0.635,0.412,1,0.635,0.247,0.14,0.415,0.4,0.0,420.2745,0.55,1.476,1,-2,0.0,0,170,0.604,0.86,0,0.4,0.247,0.14,0.425,0.635,1.0,0,-0.825,53.0,135.6
1197,LMTm_20240206144125_5,LMTm,MEAN_REVERSION,SELL,1,2024.02.06 14:41:25,2024.02.06 14:57:42,16,421.21,422.3,-109.0,-545.0,0.767,0.081,SL_HIT,419.30325,420.404,418.85,0,0.517,0.247,419.30325,0.6,0,1.0,-0.825,2,0,0,-1,0.0,0,0.635,0.412,1,0.635,0.247,0.14,0.415,0.4,0.0,420.2745,0.55,1.476,1,-2,0.0,0,170,0.604,0.86,0,0.4,0.247,0.14,0.425,0.635,1.0,0,-0.825,53.0,135.6
1202,LMTm_20240206144134_4,LMTm,SWEEP_REVERSAL,SELL,-1,2024.02.06 14:41:34,2024.02.06 15:06:04,24,421.36,422.75,-139.0,-695.0,0.995,0.192,SL_HIT,419.30325,420.404,418.85,0,0.517,0.247,419.30325,0.6,0,1.0,-0.825,2,0,0,-1,0.0,0,0.635,0.409,1,0.635,0.247,0.14,0.425,0.4,0.0,420.2745,0.55,1.444,1,-2,0.0,0,170,0.257,0.8,0,0.15,0.3,0.192,0.342,0.502,1.0,0,-1.0,51.0,131.8
1204,LMTm_20240206144134_4,LMTm,SWEEP_REVERSAL,SELL,1,2024.02.06 14:41:34,2024.02.06 15:06:04,24,421.36,422.75,-139.0,-695.0,0.995,0.192,SL_HIT,419.30325,420.404,418.85,0,0.517,0.247,419.30325,0.6,0,1.0,-0.825,2,0,0,-1,0.0,0,0.635,0.409,1,0.635,0.247,0.14,0.425,0.4,0.0,420.2745,0.55,1.444,1,-2,0.0,0,170,0.257,0.8,0,0.15,0.3,0.192,0.342,0.502,1.0,0,-1.0,51.0,131.8
1161,LMTm_20240205164000_0,LMTm,BREAKOUT,SELL,-1,2024.02.05 16:40:00,2024.02.06 15:23:26,1363,420.05,423.47,-342.0,-1771.5,1.976,0.531,SL_HIT,426.54625,427.6,420.4345,0,0.249,1.492,419.80225,0.85,2,1.0,-1.0,2,0,0,-1,0.0,3,1.0,0.742,3,0.374,0.7,0.0,0.083,0.0,0.0,425.891,0.65,2.074,1,2,0.0,0,165,0.635,1.25,0,0.15,0.3,0.192,0.342,0.502,1.0,0,-1.0,45.0,131.8
1212,LMTm_20240206150236_3,LMTm,TREND_CONTINUATION,SELL,-1,2024.02.06 15:02:36,2024.02.06 15:23:33,20,421.91,423.53,-162.0,-810.0,1.191,0.0,SL_HIT,419.215,420.748,418.996,0,0.711,0.286,419.215,0.6,0,1.0,-1.0,2,0,0,-1,0.0,0,0.502,0.45,1,0.502,0.3,0.192,0.342,0.15,0.0,420.31,0.55,1.332,1,-2,0.0,0,171,0.59,1.01,0,0.15,0.3,0.192,0.342,0.502,1.0,0,-1.0,45.0,131.8
1213,LMTm_20240206150236_3,LMTm,TREND_CONTINUATION,SELL,0,2024.02.06 15:02:36,2024.02.06 15:23:33,20,421.91,423.53,-162.0,-810.0,1.191,0.0,SL_HIT,419.215,420.748,418.996,0,0.711,0.286,419.215,0.6,0,1.0,-1.0,2,0,0,-1,0.0,0,0.502,0.45,1,0.502,0.3,0.192,0.342,0.15,0.0,420.31,0.55,1.332,1,-2,0.0,0,171,0.59,1.01,0,0.15,0.3,0.192,0.342,0.502,1.0,0,-1.0,45.0,131.8
1214,LMTm_20240206150236_3,LMTm,TREND_CONTINUATION,SELL,1,2024.02.06 15:02:36,2024.02.06 15:23:33,20,421.91,423.53,-162.0,-810.0,1.191,0.0,SL_HIT,419.215,420.748,418.996,0,0.711,0.286,419.215,0.6,0,1.0,-1.0,2,0,0,-1,0.0,0,0.502,0.45,1,0.502,0.3,0.192,0.342,0.15,0.0,420.31,0.55,1.332,1,-2,0.0,0,171,0.59,1.01,0,0.15,0.3,0.192,0.342,0.502,1.0,0,-1.0,45.0,131.8
1139,LMTm_20240205144000_0,LMTm,BREAKOUT,SELL,-1,2024.02.05 14:40:00,2024.02.06 15:26:37,1486,420.64,424.3,-366.0,-1891.5,1.965,0.825,SL_HIT,424.99,426.904,424.816,0,2.408,0.289,424.99,0.3,0,0.8,-0.825,4,0,0,-1,0.0,2,1.0,0.588,2,0.23,0.947,0.454,0.457,0.4,0.3637,424.99,0.744,1.74,1,-1,0.0,0,163,0.657,1.25,0,0.15,0.3,0.192,0.342,0.502,1.0,0,-1.0,49.0,131.8
1217,LMTm_20240206150608_2,LMTm,PULLBACK,SELL,-1,2024.02.06 15:06:08,2024.02.06 15:26:37,20,422.3,424.3,-200.0,-1000.0,1.434,0.0,SL_HIT,419.215,420.748,418.996,0,0.711,0.286,419.215,0.6,0,1.0,-1.0,2,0,0,-1,0.0,0,0.502,0.435,1,0.502,0.3,0.192,0.342,0.15,0.0,420.31,0.55,1.201,1,-2,0.0,0,171,0.499,1.01,0,0.15,0.3,0.192,0.342,0.502,1.0,0,-1.0,49.0,131.8
1218,LMTm_20240206150608_2,LMTm,PULLBACK,SELL,0,2024.02.06 15:06:08,2024.02.06 15:26:37,20,422.3,424.3,-200.0,-1000.0,1.434,0.0,SL_HIT,419.215,420.748,418.996,0,0.711,0.286,419.215,0.6,0,1.0,-1.0,2,0,0,-1,0.0,0,0.502,0.435,1,0.502,0.3,0.192,0.342,0.15,0.0,420.31,0.55,1.201,1,-2,0.0,0,171,0.499,1.01,0,0.15,0.3,0.192,0.342,0.502,1.0,0,-1.0,49.0,131.8
1219,LMTm_20240206150608_2,LMTm,PULLBACK,SELL,1,2024.02.06 15:06:08,2024.02.06 15:26:37,20,422.3,424.3,-200.0,-1000.0,1.434,0.0,SL_HIT,419.215,420.748,418.996,0,0.711,0.286,419.215,0.6,0,1.0,-1.0,2,0,0,-1,0.0,0,0.502,0.435,1,0.502,0.3,0.192,0.342,0.15,0.0,420.31,0.55,1.201,1,-2,0.0,0,171,0.499,1.01,0,0.15,0.3,0.192,0.342,0.502,1.0,0,-1.0,49.0,131.8
1151,LMTm_20240205150000_2,LMTm,PULLBACK,SELL,-1,2024.02.05 15:00:00,2024.02.06 15:45:00,1485,420.91,425.0,-409.0,-2106.5,2.346,1.012,SL_HIT,425.195,427.23,424.64,0,2.251,0.549,425.195,0.35,0,1.0,-0.825,0,0,0,-1,0.0,2,1.0,0.605,2,0.497,0.947,0.088,0.287,0.25,0.2886,425.195,0.73,1.557,1,-1,0.0,0,164,0.736,1.28,0,0.15,0.3,0.192,0.342,0.502,1.0,0,-1.0,41.0,131.8
1142,LMTm_20240205144102_3,LMTm,TREND_CONTINUATION,SELL,-1,2024.02.05 14:41:02,2024.02.06 15:46:08,1505,420.66,425.17,-451.0,-2316.5,2.486,0.836,SL_HIT,424.99,426.904,424.816,0,2.408,0.289,424.99,0.3,0,0.8,-0.825,4,0,0,-1,0.0,0,0.53,0.419,1,0.53,0.247,0.454,0.457,0.4,0.0,424.99,0.744,1.299,1,-1,0.0,0,163,0.492,1.0,0,0.15,0.3,0.192,0.342,0.502,1.0,0,-1.0,40.0,131.8
1233,LMTm_20240206164130_5,LMTm,MEAN_REVERSION,SELL,-1,2024.02.06 16:41:30,2024.02.06 16:46:31,5,424.99,426.18,-119.0,-595.0,0.753,0.0,SL_HIT,420.3035,422.39,419.18,0,2.913,0.324,420.3035,0.5,0,1.0,-0.825,2,0,0,0,0.0,0,0.58,0.385,1,0.58,0.247,0.088,0.386,0.25,0.0,425.891,0.65,1.396,1,-1,1.0,0,172,0.573,3.94,0,0.25,0.247,0.088,0.352,0.58,1.0,0,-0.825,32.0,148.8
1234,LMTm_20240206164130_5,LMTm,MEAN_REVERSION,SELL,0,2024.02.06 16:41:30,2024.02.06 16:46:31,5,424.99,426.18,-119.0,-595.0,0.753,0.0,SL_HIT,420.3035,422.39,419.18,0,2.913,0.324,420.3035,0.5,0,1.0,-0.825,2,0,0,0,0.0,0,0.58,0.385,1,0.58,0.247,0.088,0.386,0.25,0.0,425.891,0.65,1.396,1,-1,1.0,0,172,0.573,3.94,0,0.25,0.247,0.088,0.352,0.58,1.0,0,-0.825,32.0,148.8
1235,LMTm_20240206164130_5,LMTm,MEAN_REVERSION,SELL,1,2024.02.06 16:41:30,2024.02.06 16:46:31,5,424.99,426.18,-119.0,-595.0,0.753,0.0,SL_HIT,420.3035,422.39,419.18,0,2.913,0.324,420.3035,0.5,0,1.0,-0.825,2,0,0,0,0.0,0,0.58,0.385,1,0.58,0.247,0.088,0.386,0.25,0.0,425.891,0.65,1.396,1,-1,1.0,0,172,0.573,3.94,0,0.25,0.247,0.088,0.352,0.58,1.0,0,-0.825,32.0,148.8
1236,LMTm_20240206164159_4,LMTm,SWEEP_REVERSAL,SELL,-1,2024.02.06 16:41:59,2024.02.06 16:53:00,11,425.01,426.52,-151.0,-755.0,0.981,0.0,SL_HIT,420.3035,422.39,419.18,0,2.913,0.324,420.3035,0.5,0,1.0,-0.825,2,0,0,0,0.0,0,0.58,0.386,1,0.58,0.247,0.088,0.386,0.25,0.0,425.891,0.65,1.402,1,-1,1.0,0,172,0.193,3.16,0,0.25,0.247,0.088,0.352,0.58,1.0,0,-0.825,34.0,148.8
1237,LMTm_20240206164159_4,LMTm,SWEEP_REVERSAL,SELL,0,2024.02.06 16:41:59,2024.02.06 16:53:00,11,425.01,426.52,-151.0,-755.0,0.981,0.0,SL_HIT,420.3035,422.39,419.18,0,2.913,0.324,420.3035,0.5,0,1.0,-0.825,2,0,0,0,0.0,0,0.58,0.386,1,0.58,0.247,0.088,0.386,0.25,0.0,425.891,0.65,1.402,1,-1,1.0,0,172,0.193,3.16,0,0.25,0.247,0.088,0.352,0.58,1.0,0,-0.825,34.0,148.8
1238,LMTm_20240206164159_4,LMTm,SWEEP_REVERSAL,SELL,1,2024.02.06 16:41:59,2024.02.06 16:53:00,11,425.01,426.52,-151.0,-755.0,0.981,0.0,SL_HIT,420.3035,422.39,419.18,0,2.913,0.324,420.3035,0.5,0,1.0,-0.825,2,0,0,0,0.0,0,0.58,0.386,1,0.58,0.247,0.088,0.386,0.25,0.0,425.891,0.65,1.402,1,-1,1.0,0,172,0.193,3.16,0,0.25,0.247,0.088,0.352,0.58,1.0,0,-0.825,34.0,148.8
1230,LMTm_20240206164000_0,LMTm,BREAKOUT,SELL,-1,2024.02.06 16:40:00,2024.02.06 17:18:22,38,425.08,427.31,-223.0,-1115.0,1.485,0.0,SL_HIT,420.3035,422.39,419.18,0,2.913,0.324,420.3035,0.5,0,1.0,-0.825,2,0,0,0,0.0,0,0.58,0.388,1,0.58,0.247,0.088,0.386,0.25,0.0,425.891,0.65,1.423,1,-1,1.0,0,172,0.497,1.67,0,0.0,0.128,0.0,0.227,0.464,0.29,0,0.4283,34.0,149.9
1231,LMTm_20240206164000_0,LMTm,BREAKOUT,SELL,0,2024.02.06 16:40:00,2024.02.06 17:18:22,38,425.08,427.31,-223.0,-1115.0,1.485,0.0,SL_HIT,420.3035,422.39,419.18,0,2.913,0.324,420.3035,0.5,0,1.0,-0.825,2,0,0,0,0.0,0,0.58,0.388,1,0.58,0.247,0.088,0.386,0.25,0.0,425.891,0.65,1.423,1,-1,1.0,0,172,0.497,1.67,0,0.0,0.128,0.0,0.227,0.464,0.29,0,0.4283,34.0,149.9
1232,LMTm_20240206164000_0,LMTm,BREAKOUT,SELL,1,2024.02.06 16:40:00,2024.02.06 17:18:22,38,425.08,427.31,-223.0,-1115.0,1.485,0.0,SL_HIT,420.3035,422.39,419.18,0,2.913,0.324,420.3035,0.5,0,1.0,-0.825,2,0,0,0,0.0,0,0.58,0.388,1,0.58,0.247,0.088,0.386,0.25,0.0,425.891,0.65,1.423,1,-1,1.0,0,172,0.497,1.67,0,0.0,0.128,0.0,0.227,0.464,0.29,0,0.4283,34.0,149.9
1248,LMTm_20240206190000_7,LMTm,ANCHORED_PULLBACK,SELL,-1,2024.02.06 19:00:00,2024.02.07 14:41:00,1181,426.35,427.87,-152.0,-821.5,0.226,0.824,SL_HIT,427.33625,427.82,424.9175,1,0.227,2.129,427.33625,0.45,0,0.55,0.755,2,0,0,0,0.0,5,1.0,0.385,1,0.488,0.226,0.405,0.606,0.3,-1.848,427.33625,0.736,0.624,1,-1,1.0,0,175,0.458,2.91,6,0.7,0.195,0.545,0.703,0.575,0.65,1,0.65,48.0,148.3
1249,LMTm_20240206190000_7,LMTm,ANCHORED_PULLBACK,SELL,0,2024.02.06 19:00:00,2024.02.07 14:41:00,1181,426.35,427.87,-152.0,-821.5,0.226,0.824,SL_HIT,427.33625,427.82,424.9175,1,0.227,2.129,427.33625,0.45,0,0.55,0.755,2,0,0,0,0.0,5,1.0,0.385,1,0.488,0.226,0.405,0.606,0.3,-1.848,427.33625,0.736,0.624,1,-1,1.0,0,175,0.458,2.91,6,0.7,0.195,0.545,0.703,0.575,0.65,1,0.65,48.0,148.3
1250,LMTm_20240206190000_7,LMTm,ANCHORED_PULLBACK,SELL,1,2024.02.06 19:00:00,2024.02.07 14:41:00,1181,426.35,427.87,-152.0,-821.5,0.226,0.824,SL_HIT,427.33625,427.82,424.9175,1,0.227,2.129,427.33625,0.45,0,0.55,0.755,2,0,0,0,0.0,5,1.0,0.385,1,0.488,0.226,0.405,0.606,0.3,-1.848,427.33625,0.736,0.624,1,-1,1.0,0,175,0.458,2.91,6,0.7,0.195,0.545,0.703,0.575,0.65,1,0.65,48.0,148.3
1254,LMTm_20240207144121_5,LMTm,MEAN_REVERSION,SELL,-1,2024.02.07 14:41:21,2024.02.07 14:48:38,7,427.41,428.68,-127.0,-635.0,0.789,0.0,SL_HIT,427.288,427.668,425.388,1,0.034,0.136,427.288,0.75,0,0.65,0.65,2,0,0,0,0.0,0,0.575,0.326,0,0.575,0.195,0.14,0.283,0.4,0.0,425.388,0.6,0.542,1,-2,1.0,0,177,0.569,1.7,0,0.4,0.195,0.14,0.437,0.575,0.65,0,0.65,49.0,148.3
1255,LMTm_20240207144121_5,LMTm,MEAN_REVERSION,SELL,0,2024.02.07 14:41:21,2024.02.07 14:48:38,7,427.41,428.68,-127.0,-635.0,0.789,0.0,SL_HIT,427.288,427.668,425.388,1,0.034,0.136,427.288,0.75,0,0.65,0.65,2,0,0,0,0.0,0,0.575,0.326,0,0.575,0.195,0.14,0.283,0.4,0.0,425.388,0.6,0.542,1,-2,1.0,0,177,0.569,1.7,0,0.4,0.195,0.14,0.437,0.575,0.65,0,0.65,49.0,148.3
1256,LMTm_20240207144121_5,LMTm,MEAN_REVERSION,SELL,1,2024.02.07 14:41:21,2024.02.07 14:48:38,7,427.41,428.68,-127.0,-635.0,0.789,0.0,SL_HIT,427.288,427.668,425.388,1,0.034,0.136,427.288,0.75,0,0.65,0.65,2,0,0,0,0.0,0,0.575,0.326,0,0.575,0.195,0.14,0.283,0.4,0.0,425.388,0.6,0.542,1,-2,1.0,0,177,0.569,1.7,0,0.4,0.195,0.14,0.437,0.575,0.65,0,0.65,49.0,148.3
1264,LMTm_20240207150000_7,LMTm,ANCHORED_PULLBACK,SELL,0,2024.02.07 15:00:00,2024.02.07 15:04:37,4,428.25,428.33,-8.0,-40.0,0.251,0.21,SL_HIT,427.3315,428.56,425.536,1,0.622,0.11,427.3315,0.8,0,1.0,0.86,0,0,0,0,0.0,0,0.61,0.332,0,0.61,0.258,0.053,0.308,0.15,0.0,427.3315,0.738,0.264,1,-2,1.0,0,178,0.467,2.01,0,0.15,0.258,0.053,0.333,0.61,1.0,1,0.86,41.0,147.6
1263,LMTm_20240207150000_7,LMTm,ANCHORED_PULLBACK,SELL,-1,2024.02.07 15:00:00,2024.02.07 15:12:59,12,428.25,427.31,94.0,470.0,0.251,0.603,TP_HIT,427.3315,428.56,425.536,1,0.622,0.11,427.3315,0.8,0,1.0,0.86,0,0,0,0,0.0,0,0.61,0.332,0,0.61,0.258,0.053,0.308,0.15,0.0,427.3315,0.738,0.264,1,-2,1.0,0,178,0.467,2.01,0,0.15,0.258,0.053,0.314,0.61,1.0,1,0.86,38.0,147.6
1265,LMTm_20240207150000_7,LMTm,ANCHORED_PULLBACK,SELL,1,2024.02.07 15:00:00,2024.02.07 15:12:59,12,428.25,427.31,94.0,470.0,0.251,0.603,TP_HIT,427.3315,428.56,425.536,1,0.622,0.11,427.3315,0.8,0,1.0,0.86,0,0,0,0,0.0,0,0.61,0.332,0,0.61,0.258,0.053,0.308,0.15,0.0,427.3315,0.738,0.264,1,-2,1.0,0,178,0.467,2.01,0,0.15,0.258,0.053,0.314,0.61,1.0,1,0.86,38.0,147.6
1258,LMTm_20240207144238_4,LMTm,SWEEP_REVERSAL,SELL,0,2024.02.07 14:42:38,2024.02.07 15:17:35,34,427.72,427.55,17.0,85.0,0.856,0.364,TRAIL_STOP,427.288,427.668,425.388,0,0.034,0.136,427.288,0.75,0,0.65,0.65,2,0,0,0,0.0,0,0.575,0.339,0,0.575,0.195,0.14,0.437,0.4,0.0,425.388,0.6,0.658,1,-2,1.0,0,177,0.24,1.57,0,0.15,0.258,0.053,0.23,0.61,1.0,1,0.86,40.0,147.6
1259,LMTm_20240207144238_4,LMTm,SWEEP_REVERSAL,SELL,1,2024.02.07 14:42:38,2024.02.07 15:19:37,36,427.72,427.97,-25.0,-125.0,0.856,0.364,SL_HIT,427.288,427.668,425.388,0,0.034,0.136,427.288,0.75,0,0.65,0.65,2,0,0,0,0.0,0,0.575,0.339,0,0.575,0.195,0.14,0.437,0.4,0.0,425.388,0.6,0.658,1,-2,1.0,0,177,0.24,1.57,0,0.15,0.258,0.053,0.223,0.61,1.0,1,0.86,39.0,147.6
1271,LMTm_20240207171907_5,LMTm,MEAN_REVERSION,SELL,-1,2024.02.07 17:19:07,2024.02.07 18:15:59,56,427.85,428.71,-86.0,-430.0,0.564,0.0,SL_HIT,427.1425,428.56,425.536,1,0.027,0.607,427.1425,0.8,0,0.8,0.755,0,0,0,0,0.0,0,0.664,0.362,1,0.664,0.226,0.088,0.236,0.25,0.0,427.1425,0.742,0.408,1,-2,1.0,0,180,0.606,0.82,0,0.0,0.29,0.0,0.217,0.703,0.8,0,0.965,29.0,153.3
1272,LMTm_20240207171907_5,LMTm,MEAN_REVERSION,SELL,0,2024.02.07 17:19:07,2024.02.07 18:15:59,56,427.85,428.71,-86.0,-430.0,0.564,0.0,SL_HIT,427.1425,428.56,425.536,1,0.027,0.607,427.1425,0.8,0,0.8,0.755,0,0,0,0,0.0,0,0.664,0.362,1,0.664,0.226,0.088,0.236,0.25,0.0,427.1425,0.742,0.408,1,-2,1.0,0,180,0.606,0.82,0,0.0,0.29,0.0,0.217,0.703,0.8,0,0.965,29.0,153.3
1273,LMTm_20240207171907_5,LMTm,MEAN_REVERSION,SELL,1,2024.02.07 17:19:07,2024.02.07 18:15:59,56,427.85,428.71,-86.0,-430.0,0.564,0.0,SL_HIT,427.1425,428.56,425.536,1,0.027,0.607,427.1425,0.8,0,0.8,0.755,0,0,0,0,0.0,0,0.664,0.362,1,0.664,0.226,0.088,0.236,0.25,0.0,427.1425,0.742,0.408,1,-2,1.0,0,180,0.606,0.82,0,0.0,0.29,0.0,0.217,0.703,0.8,0,0.965,29.0,153.3
1257,LMTm_20240207144238_4,LMTm,SWEEP_REVERSAL,SELL,-1,2024.02.07 14:42:38,2024.02.07 18:34:30,231,427.72,429.2,-148.0,-740.0,0.991,0.546,SL_HIT,427.288,427.668,425.388,0,0.034,0.136,427.288,0.75,0,0.65,0.65,2,0,0,0,0.0,0,0.575,0.339,0,0.575,0.195,0.14,0.437,0.4,0.0,425.388,0.6,0.658,1,-2,1.0,0,177,0.24,1.57,0,0.0,0.29,0.0,0.217,0.703,0.8,0,0.965,30.0,153.3
1279,LMTm_20240207182714_4,LMTm,SWEEP_REVERSAL,SELL,1,2024.02.07 18:27:14,2024.02.07 18:56:06,28,428.72,428.32,40.0,200.0,0.326,0.555,TRAIL_STOP,427.47775,428.227,426.895,0,0.358,1.119,427.47775,0.4,0,0.8,0.965,0,0,0,0,0.0,0,0.703,0.418,1,0.703,0.29,0.0,0.217,0.0,0.0,427.47775,0.751,0.642,1,-2,1.0,0,181,0.104,0.81,0,0.0,0.29,0.0,0.077,0.703,0.8,1,0.965,30.0,153.3
1277,LMTm_20240207182714_4,LMTm,SWEEP_REVERSAL,SELL,-1,2024.02.07 18:27:14,2024.02.07 19:16:30,49,428.72,427.48,124.0,620.0,0.326,0.796,TP_HIT,427.47775,428.227,426.895,0,0.358,1.119,427.47775,0.4,0,0.8,0.965,0,0,0,0,0.0,0,0.703,0.418,1,0.703,0.29,0.0,0.217,0.0,0.0,427.47775,0.751,0.642,1,-2,1.0,0,181,0.104,0.81,0,0.0,0.3,0.132,0.072,0.638,0.8,1,1.0,30.0,154.1
1278,LMTm_20240207182714_4,LMTm,SWEEP_REVERSAL,SELL,0,2024.02.07 18:27:14,2024.02.07 19:16:30,49,428.72,427.48,124.0,620.0,0.326,0.796,TP_HIT,427.47775,428.227,426.895,0,0.358,1.119,427.47775,0.4,0,0.8,0.965,0,0,0,0,0.0,0,0.703,0.418,1,0.703,0.29,0.0,0.217,0.0,0.0,427.47775,0.751,0.642,1,-2,1.0,0,181,0.104,0.81,0,0.0,0.3,0.132,0.072,0.638,0.8,1,1.0,30.0,154.1
1287,LMTm_20240208185124_0,LMTm,BREAKOUT,SELL,-1,2024.02.08 18:51:24,2024.02.08 19:03:59,12,425.54,426.3,-76.0,-380.0,0.523,0.0,SL_HIT,425.51725,426.4645,424.57,1,0.035,0.487,425.51725,0.45,0,0.45,-0.51,0,0,0,0,0.0,0,0.785,0.412,1,0.785,0.153,0.088,0.1,0.25,0.0,426.4645,0.6,0.357,1,2,0.0,0,188,0.238,4.66,0,0.25,0.164,0.247,0.218,0.721,0.5,1,-0.545,28.0,137.6
1288,LMTm_20240208185124_0,LMTm,BREAKOUT,SELL,0,2024.02.08 18:51:24,2024.02.08 19:03:59,12,425.54,426.3,-76.0,-380.0,0.523,0.0,SL_HIT,425.51725,426.4645,424.57,1,0.035,0.487,425.51725,0.45,0,0.45,-0.51,0,0,0,0,0.0,0,0.785,0.412,1,0.785,0.153,0.088,0.1,0.25,0.0,426.4645,0.6,0.357,1,2,0.0,0,188,0.238,4.66,0,0.25,0.164,0.247,0.218,0.721,0.5,1,-0.545,28.0,137.6
1289,LMTm_20240208185124_0,LMTm,BREAKOUT,SELL,1,2024.02.08 18:51:24,2024.02.08 19:03:59,12,425.54,426.3,-76.0,-380.0,0.523,0.0,SL_HIT,425.51725,426.4645,424.57,1,0.035,0.487,425.51725,0.45,0,0.45,-0.51,0,0,0,0,0.0,0,0.785,0.412,1,0.785,0.153,0.088,0.1,0.25,0.0,426.4645,0.6,0.357,1,2,0.0,0,188,0.238,4.66,0,0.25,0.164,0.247,0.218,0.721,0.5,1,-0.545,28.0,137.6
1290,LMTm_20240208185124_2,LMTm,PULLBACK,SELL,-1,2024.02.08 18:51:24,2024.02.08 19:03:59,12,425.54,426.3,-76.0,-380.0,0.523,0.0,SL_HIT,425.51725,426.4645,424.57,1,0.035,0.487,425.51725,0.45,0,0.45,-0.51,0,0,0,0,0.0,0,0.785,0.412,1,0.785,0.153,0.088,0.1,0.25,0.0,426.4645,0.6,0.357,1,2,0.0,0,188,0.434,5.6,0,0.25,0.164,0.247,0.218,0.721,0.5,1,-0.545,28.0,137.6
1291,LMTm_20240208185124_2,LMTm,PULLBACK,SELL,0,2024.02.08 18:51:24,2024.02.08 19:03:59,12,425.54,426.3,-76.0,-380.0,0.523,0.0,SL_HIT,425.51725,426.4645,424.57,1,0.035,0.487,425.51725,0.45,0,0.45,-0.51,0,0,0,0,0.0,0,0.785,0.412,1,0.785,0.153,0.088,0.1,0.25,0.0,426.4645,0.6,0.357,1,2,0.0,0,188,0.434,5.6,0,0.25,0.164,0.247,0.218,0.721,0.5,1,-0.545,28.0,137.6
1292,LMTm_20240208185124_2,LMTm,PULLBACK,SELL,1,2024.02.08 18:51:24,2024.02.08 19:03:59,12,425.54,426.3,-76.0,-380.0,0.523,0.0,SL_HIT,425.51725,426.4645,424.57,1,0.035,0.487,425.51725,0.45,0,0.45,-0.51,0,0,0,0,0.0,0,0.785,0.412,1,0.785,0.153,0.088,0.1,0.25,0.0,426.4645,0.6,0.357,1,2,0.0,0,188,0.434,5.6,0,0.25,0.164,0.247,0.218,0.721,0.5,1,-0.545,28.0,137.6
1286,LMTm_20240208164324_0,LMTm,BREAKOUT,SELL,1,2024.02.08 16:43:24,2024.02.08 19:07:12,143,425.24,426.73,-149.0,-745.0,1.062,0.119,SL_HIT,428.2095,428.92,426.687,0,1.468,0.234,428.2095,0.55,0,1.0,0.825,2,0,0,-1,0.0,0,0.614,0.384,1,0.614,0.247,0.14,0.441,0.4,0.0,428.2095,0.738,0.914,1,2,0.0,0,186,0.496,1.43,0,0.25,0.164,0.247,0.328,0.721,0.5,0,-0.545,28.0,137.6
1306,LMTm_20240208191623_1,LMTm,BREAKOUT_RETEST,SELL,-1,2024.02.08 19:16:23,2024.02.08 19:26:30,10,426.1,426.54,-44.0,-220.0,0.291,0.0,SL_HIT,425.48375,426.1825,425.215,1,0.232,0.472,425.48375,0.45,0,0.5,-0.545,0,0,0,0,0.0,0,0.721,0.371,1,0.721,0.164,0.247,0.25,0.25,0.0,425.48375,0.742,0.183,1,2,0.0,0,189,0.36,1.49,0,0.25,0.164,0.247,0.324,0.721,0.5,0,-0.545,28.0,137.6
1307,LMTm_20240208191623_1,LMTm,BREAKOUT_RETEST,SELL,0,2024.02.08 19:16:23,2024.02.08 19:26:30,10,426.1,426.54,-44.0,-220.0,0.291,0.0,SL_HIT,425.48375,426.1825,425.215,1,0.232,0.472,425.48375,0.45,0,0.5,-0.545,0,0,0,0,0.0,0,0.721,0.371,1,0.721,0.164,0.247,0.25,0.25,0.0,425.48375,0.742,0.183,1,2,0.0,0,189,0.36,1.49,0,0.25,0.164,0.247,0.324,0.721,0.5,0,-0.545,28.0,137.6
1308,LMTm_20240208191623_1,LMTm,BREAKOUT_RETEST,SELL,1,2024.02.08 19:16:23,2024.02.08 19:26:30,10,426.1,426.54,-44.0,-220.0,0.291,0.0,SL_HIT,425.48375,426.1825,425.215,1,0.232,0.472,425.48375,0.45,0,0.5,-0.545,0,0,0,0,0.0,0,0.721,0.371,1,0.721,0.164,0.247,0.25,0.25,0.0,425.48375,0.742,0.183,1,2,0.0,0,189,0.36,1.49,0,0.25,0.164,0.247,0.324,0.721,0.5,0,-0.545,28.0,137.6
1303,LMTm_20240208190539_5,LMTm,MEAN_REVERSION,SELL,0,2024.02.08 19:05:39,2024.02.08 19:37:08,31,426.4,426.27,13.0,65.0,0.24,0.233,TRAIL_STOP,425.48375,426.1825,425.215,0,0.232,0.472,425.48375,0.45,0,0.5,-0.545,0,0,0,0,0.0,0,0.721,0.384,1,0.721,0.164,0.247,0.328,0.25,0.0,425.48375,0.742,0.292,1,2,0.0,0,189,0.655,0.83,0,0.25,0.164,0.247,0.218,0.721,0.5,1,-0.545,29.0,137.6
1302,LMTm_20240208190539_5,LMTm,MEAN_REVERSION,SELL,-1,2024.02.08 19:05:39,2024.02.09 14:40:00,1174,426.4,424.19,221.0,1043.5,0.24,0.298,TP_HIT,425.48375,426.1825,425.215,0,0.232,0.472,425.48375,0.45,0,0.5,-0.545,0,0,0,0,0.0,0,0.721,0.384,1,0.721,0.164,0.247,0.328,0.25,0.0,425.48375,0.742,0.292,1,2,0.0,0,189,0.655,0.83,1,0.4,0.185,0.29,0.758,0.755,0.6,0,-0.615,73.0,130.4
1304,LMTm_20240208190539_5,LMTm,MEAN_REVERSION,SELL,1,2024.02.08 19:05:39,2024.02.09 14:40:00,1174,426.4,424.19,221.0,1043.5,0.24,0.298,TP_HIT,425.48375,426.1825,425.215,0,0.232,0.472,425.48375,0.45,0,0.5,-0.545,0,0,0,0,0.0,0,0.721,0.384,1,0.721,0.164,0.247,0.328,0.25,0.0,425.48375,0.742,0.292,1,2,0.0,0,189,0.655,0.83,1,0.4,0.185,0.29,0.758,0.755,0.6,0,-0.615,73.0,130.4
1294,LMTm_20240208185159_3,LMTm,TREND_CONTINUATION,SELL,0,2024.02.08 18:51:59,2024.02.09 14:43:02,1191,425.52,424.88,64.0,258.5,0.867,1.06,TRAIL_STOP,425.51725,426.4645,424.57,1,0.035,0.487,425.51725,0.45,0,0.45,-0.51,0,0,0,0,0.0,0,0.785,0.412,1,0.785,0.153,0.088,0.1,0.25,0.0,426.4645,0.6,0.361,1,2,0.0,0,188,0.335,2.08,0,0.4,0.185,0.29,0.46,0.778,0.6,0,-0.615,73.0,130.4
1295,LMTm_20240208185159_3,LMTm,TREND_CONTINUATION,SELL,1,2024.02.08 18:51:59,2024.02.09 14:43:05,1191,425.52,425.04,48.0,178.5,0.867,1.06,TRAIL_STOP,425.51725,426.4645,424.57,1,0.035,0.487,425.51725,0.45,0,0.45,-0.51,0,0,0,0,0.0,0,0.785,0.412,1,0.785,0.153,0.088,0.1,0.25,0.0,426.4645,0.6,0.361,1,2,0.0,0,188,0.335,2.08,0,0.4,0.185,0.29,0.46,0.778,0.6,0,-0.615,73.0,130.4
1285,LMTm_20240208164324_0,LMTm,BREAKOUT,SELL,0,2024.02.08 16:43:24,2024.02.09 14:46:43,1323,425.24,424.52,72.0,298.5,1.062,0.93,TRAIL_STOP,428.2095,428.92,426.687,0,1.468,0.234,428.2095,0.55,0,1.0,0.825,2,0,0,-1,0.0,0,0.614,0.384,1,0.614,0.247,0.14,0.441,0.4,0.0,428.2095,0.738,0.914,1,2,0.0,0,186,0.496,1.43,0,0.4,0.185,0.29,0.46,0.778,0.6,0,-0.615,72.0,130.4
1326,LMTm_20240209145600_2,LMTm,PULLBACK,SELL,1,2024.02.09 14:56:00,2024.02.09 15:01:59,5,424.85,425.01,-16.0,-80.0,0.414,0.33,SL_HIT,426.07625,426.45,425.553,0,1.547,0.172,425.92675,0.3,0,0.6,-0.615,4,0,0,-1,0.0,0,0.778,0.274,0,0.778,0.185,0.29,0.425,0.4,0.0,425.92675,0.755,0.406,1,-2,0.502,0,191,0.304,1.54,0,0.15,0.247,0.053,0.342,0.732,0.975,0,-0.825,59.0,132.9
1325,LMTm_20240209145600_2,LMTm,PULLBACK,SELL,0,2024.02.09 14:56:00,2024.02.09 15:02:16,6,424.85,425.25,-40.0,-200.0,0.414,0.33,SL_HIT,426.07625,426.45,425.553,0,1.547,0.172,425.92675,0.3,0,0.6,-0.615,4,0,0,-1,0.0,0,0.778,0.274,0,0.778,0.185,0.29,0.425,0.4,0.0,425.92675,0.755,0.406,1,-2,0.502,0,191,0.304,1.54,0,0.15,0.247,0.053,0.355,0.732,0.975,0,-0.825,59.0,132.9
1315,LMTm_20240209144000_0,LMTm,BREAKOUT,SELL,-1,2024.02.09 14:40:00,2024.02.09 15:03:00,23,423.46,425.64,-218.0,-1090.0,1.633,0.0,SL_HIT,426.07625,426.45,425.553,0,1.547,0.172,425.92675,0.3,0,0.6,-0.615,4,0,0,-1,0.0,1,1.0,0.352,1,0.755,0.185,0.29,0.758,0.4,-0.1771,425.92675,0.755,0.599,1,-2,0.502,0,191,0.438,1.52,0,0.15,0.247,0.053,0.36,0.732,0.975,0,-0.825,60.0,132.9
1316,LMTm_20240209144000_0,LMTm,BREAKOUT,SELL,0,2024.02.09 14:40:00,2024.02.09 15:03:00,23,423.46,425.64,-218.0,-1090.0,1.633,0.0,SL_HIT,426.07625,426.45,425.553,0,1.547,0.172,425.92675,0.3,0,0.6,-0.615,4,0,0,-1,0.0,1,1.0,0.352,1,0.755,0.185,0.29,0.758,0.4,-0.1771,425.92675,0.755,0.599,1,-2,0.502,0,191,0.438,1.52,0,0.15,0.247,0.053,0.36,0.732,0.975,0,-0.825,60.0,132.9
1317,LMTm_20240209144000_0,LMTm,BREAKOUT,SELL,1,2024.02.09 14:40:00,2024.02.09 15:03:00,23,423.46,425.64,-218.0,-1090.0,1.633,0.0,SL_HIT,426.07625,426.45,425.553,0,1.547,0.172,425.92675,0.3,0,0.6,-0.615,4,0,0,-1,0.0,1,1.0,0.352,1,0.755,0.185,0.29,0.758,0.4,-0.1771,425.92675,0.755,0.599,1,-2,0.502,0,191,0.438,1.52,0,0.15,0.247,0.053,0.36,0.732,0.975,0,-0.825,60.0,132.9
1318,LMTm_20240209144006_3,LMTm,TREND_CONTINUATION,SELL,-1,2024.02.09 14:40:06,2024.02.09 15:03:00,22,423.64,425.64,-200.0,-1000.0,1.495,0.0,SL_HIT,426.07625,426.45,425.553,0,1.547,0.172,425.92675,0.3,0,0.6,-0.615,4,0,0,-1,0.0,0,0.778,0.325,0,0.778,0.185,0.29,0.46,0.4,0.0,425.92675,0.755,0.841,1,-2,0.502,0,191,0.372,1.66,0,0.15,0.247,0.053,0.36,0.732,0.975,0,-0.825,60.0,132.9
1319,LMTm_20240209144006_3,LMTm,TREND_CONTINUATION,SELL,0,2024.02.09 14:40:06,2024.02.09 15:03:00,22,423.64,425.64,-200.0,-1000.0,1.495,0.0,SL_HIT,426.07625,426.45,425.553,0,1.547,0.172,425.92675,0.3,0,0.6,-0.615,4,0,0,-1,0.0,0,0.778,0.325,0,0.778,0.185,0.29,0.46,0.4,0.0,425.92675,0.755,0.841,1,-2,0.502,0,191,0.372,1.66,0,0.15,0.247,0.053,0.36,0.732,0.975,0,-0.825,60.0,132.9
1320,LMTm_20240209144006_3,LMTm,TREND_CONTINUATION,SELL,1,2024.02.09 14:40:06,2024.02.09 15:03:00,22,423.64,425.64,-200.0,-1000.0,1.495,0.0,SL_HIT,426.07625,426.45,425.553,0,1.547,0.172,425.92675,0.3,0,0.6,-0.615,4,0,0,-1,0.0,0,0.778,0.325,0,0.778,0.185,0.29,0.46,0.4,0.0,425.92675,0.755,0.841,1,-2,0.502,0,191,0.372,1.66,0,0.15,0.247,0.053,0.36,0.732,0.975,0,-0.825,60.0,132.9
1324,LMTm_20240209145600_2,LMTm,PULLBACK,SELL,-1,2024.02.09 14:56:00,2024.02.09 15:03:00,7,424.85,425.64,-79.0,-395.0,0.567,0.33,SL_HIT,426.07625,426.45,425.553,0,1.547,0.172,425.92675,0.3,0,0.6,-0.615,4,0,0,-1,0.0,0,0.778,0.274,0,0.778,0.185,0.29,0.425,0.4,0.0,425.92675,0.755,0.406,1,-2,0.502,0,191,0.304,1.54,0,0.15,0.247,0.053,0.36,0.732,0.975,0,-0.825,60.0,132.9
1342,LMTm_20240209165600_2,LMTm,PULLBACK,SELL,-1,2024.02.09 16:56:00,2024.02.09 17:58:25,62,424.27,425.2,-93.0,-465.0,0.655,0.0,SL_HIT,426.0425,426.287,424.983,0,0.045,0.561,426.0425,0.4,0,1.0,-0.86,2,0,0,0,0.0,0,0.591,0.356,1,0.591,0.258,0.0,0.268,0.0,0.0,426.0425,0.752,0.572,1,2,0.0,0,193,0.466,4.41,0,0.0,0.269,0.0,0.163,0.617,1.0,0,-0.895,29.0,131.1
1343,LMTm_20240209165600_2,LMTm,PULLBACK,SELL,0,2024.02.09 16:56:00,2024.02.09 17:58:25,62,424.27,425.2,-93.0,-465.0,0.655,0.0,SL_HIT,426.0425,426.287,424.983,0,0.045,0.561,426.0425,0.4,0,1.0,-0.86,2,0,0,0,0.0,0,0.591,0.356,1,0.591,0.258,0.0,0.268,0.0,0.0,426.0425,0.752,0.572,1,2,0.0,0,193,0.466,4.41,0,0.0,0.269,0.0,0.163,0.617,1.0,0,-0.895,29.0,131.1
1344,LMTm_20240209165600_2,LMTm,PULLBACK,SELL,1,2024.02.09 16:56:00,2024.02.09 17:58:25,62,424.27,425.2,-93.0,-465.0,0.655,0.0,SL_HIT,426.0425,426.287,424.983,0,0.045,0.561,426.0425,0.4,0,1.0,-0.86,2,0,0,0,0.0,0,0.591,0.356,1,0.591,0.258,0.0,0.268,0.0,0.0,426.0425,0.752,0.572,1,2,0.0,0,193,0.466,4.41,0,0.0,0.269,0.0,0.163,0.617,1.0,0,-0.895,29.0,131.1
1345,LMTm_20240209170259_7,LMTm,ANCHORED_PULLBACK,SELL,-1,2024.02.09 17:02:59,2024.02.09 17:58:25,55,424.51,425.2,-69.0,-345.0,0.488,0.0,SL_HIT,426.0425,426.45,424.983,0,0.438,0.308,426.0425,0.45,0,1.0,-0.895,2,0,0,0,0.0,0,0.617,0.321,0,0.617,0.269,0.0,0.242,0.0,0.0,425.0645,0.55,0.492,1,2,0.0,0,194,0.431,3.83,0,0.0,0.269,0.0,0.163,0.617,1.0,0,-0.895,29.0,131.1
1346,LMTm_20240209170259_7,LMTm,ANCHORED_PULLBACK,SELL,0,2024.02.09 17:02:59,2024.02.09 17:58:25,55,424.51,425.2,-69.0,-345.0,0.488,0.0,SL_HIT,426.0425,426.45,424.983,0,0.438,0.308,426.0425,0.45,0,1.0,-0.895,2,0,0,0,0.0,0,0.617,0.321,0,0.617,0.269,0.0,0.242,0.0,0.0,425.0645,0.55,0.492,1,2,0.0,0,194,0.431,3.83,0,0.0,0.269,0.0,0.163,0.617,1.0,0,-0.895,29.0,131.1
1347,LMTm_20240209170259_7,LMTm,ANCHORED_PULLBACK,SELL,1,2024.02.09 17:02:59,2024.02.09 17:58:25,55,424.51,425.2,-69.0,-345.0,0.488,0.0,SL_HIT,426.0425,426.45,424.983,0,0.438,0.308,426.0425,0.45,0,1.0,-0.895,2,0,0,0,0.0,0,0.617,0.321,0,0.617,0.269,0.0,0.242,0.0,0.0,425.0645,0.55,0.492,1,2,0.0,0,194,0.431,3.83,0,0.0,0.269,0.0,0.163,0.617,1.0,0,-0.895,29.0,131.1
1354,LMTm_20240209180000_1,LMTm,BREAKOUT_RETEST,SELL,-1,2024.02.09 18:00:00,2024.02.09 18:00:18,0,424.96,425.34,-38.0,-190.0,0.268,0.0,SL_HIT,424.5415,425.893,424.303,1,0.046,0.706,424.5415,0.5,0,1.0,-0.93,0,0,0,0,0.0,2,0.853,0.398,1,0.234,0.979,0.245,0.173,0.3,0.097,424.5415,0.738,0.337,1,2,0.0,0,195,0.813,1.1,0,0.0,0.279,0.14,0.053,0.534,1.0,1,-0.93,29.0,126.8
1355,LMTm_20240209180000_1,LMTm,BREAKOUT_RETEST,SELL,0,2024.02.09 18:00:00,2024.02.09 18:00:18,0,424.96,425.34,-38.0,-190.0,0.268,0.0,SL_HIT,424.5415,425.893,424.303,1,0.046,0.706,424.5415,0.5,0,1.0,-0.93,0,0,0,0,0.0,2,0.853,0.398,1,0.234,0.979,0.245,0.173,0.3,0.097,424.5415,0.738,0.337,1,2,0.0,0,195,0.813,1.1,0,0.0,0.279,0.14,0.053,0.534,1.0,1,-0.93,29.0,126.8
1356,LMTm_20240209180000_1,LMTm,BREAKOUT_RETEST,SELL,1,2024.02.09 18:00:00,2024.02.09 18:00:18,0,424.96,425.34,-38.0,-190.0,0.268,0.0,SL_HIT,424.5415,425.893,424.303,1,0.046,0.706,424.5415,0.5,0,1.0,-0.93,0,0,0,0,0.0,2,0.853,0.398,1,0.234,0.979,0.245,0.173,0.3,0.097,424.5415,0.738,0.337,1,2,0.0,0,195,0.813,1.1,0,0.0,0.279,0.14,0.053,0.534,1.0,1,-0.93,29.0,126.8
1336,LMTm_20240209164000_0,LMTm,BREAKOUT,SELL,-1,2024.02.09 16:40:00,2024.02.09 18:13:38,93,424.75,425.54,-79.0,-395.0,0.565,0.141,SL_HIT,426.0425,426.287,424.983,0,0.045,0.561,426.0425,0.4,0,1.0,-0.86,2,0,0,0,0.0,0,0.591,0.337,0,0.591,0.258,0.0,0.257,0.0,0.0,425.3905,0.55,0.412,1,2,0.0,0,193,0.484,4.34,0,0.0,0.279,0.14,0.082,0.534,1.0,1,-0.93,29.0,126.8
1337,LMTm_20240209164000_0,LMTm,BREAKOUT,SELL,0,2024.02.09 16:40:00,2024.02.09 18:13:38,93,424.75,425.54,-79.0,-395.0,0.565,0.141,SL_HIT,426.0425,426.287,424.983,0,0.045,0.561,426.0425,0.4,0,1.0,-0.86,2,0,0,0,0.0,0,0.591,0.337,0,0.591,0.258,0.0,0.257,0.0,0.0,425.3905,0.55,0.412,1,2,0.0,0,193,0.484,4.34,0,0.0,0.279,0.14,0.082,0.534,1.0,1,-0.93,29.0,126.8
1338,LMTm_20240209164000_0,LMTm,BREAKOUT,SELL,1,2024.02.09 16:40:00,2024.02.09 18:13:38,93,424.75,425.54,-79.0,-395.0,0.565,0.141,SL_HIT,426.0425,426.287,424.983,0,0.045,0.561,426.0425,0.4,0,1.0,-0.86,2,0,0,0,0.0,0,0.591,0.337,0,0.591,0.258,0.0,0.257,0.0,0.0,425.3905,0.55,0.412,1,2,0.0,0,193,0.484,4.34,0,0.0,0.279,0.14,0.082,0.534,1.0,1,-0.93,29.0,126.8
1363,LMTm_20240209190430_0,LMTm,BREAKOUT,SELL,-1,2024.02.09 19:04:30,2024.02.09 19:26:31,22,425.11,425.64,-53.0,-265.0,0.407,0.0,SL_HIT,425.1065,425.495,424.607,1,0.053,0.67,425.1065,0.4,0,0.8,-0.79,0,0,0,0,0.0,0,0.75,0.393,1,0.75,0.237,0.267,0.106,0.25,0.0,425.495,0.6,0.205,1,2,0.0,0,196,0.338,1.97,0,0.25,0.237,0.267,0.201,0.75,0.8,1,-0.79,26.0,122.7
1364,LMTm_20240209190430_0,LMTm,BREAKOUT,SELL,0,2024.02.09 19:04:30,2024.02.09 19:26:31,22,425.11,425.64,-53.0,-265.0,0.407,0.0,SL_HIT,425.1065,425.495,424.607,1,0.053,0.67,425.1065,0.4,0,0.8,-0.79,0,0,0,0,0.0,0,0.75,0.393,1,0.75,0.237,0.267,0.106,0.25,0.0,425.495,0.6,0.205,1,2,0.0,0,196,0.338,1.97,0,0.25,0.237,0.267,0.201,0.75,0.8,1,-0.79,26.0,122.7
1365,LMTm_20240209190430_0,LMTm,BREAKOUT,SELL,1,2024.02.09 19:04:30,2024.02.09 19:26:31,22,425.11,425.64,-53.0,-265.0,0.407,0.0,SL_HIT,425.1065,425.495,424.607,1,0.053,0.67,425.1065,0.4,0,0.8,-0.79,0,0,0,0,0.0,0,0.75,0.393,1,0.75,0.237,0.267,0.106,0.25,0.0,425.495,0.6,0.205,1,2,0.0,0,196,0.338,1.97,0,0.25,0.237,0.267,0.201,0.75,0.8,1,-0.79,26.0,122.7
1366,LMTm_20240209190915_2,LMTm,PULLBACK,SELL,-1,2024.02.09 19:09:15,2024.02.09 19:26:31,17,425.11,425.64,-53.0,-265.0,0.407,0.0,SL_HIT,425.1065,425.495,424.607,1,0.053,0.67,425.1065,0.4,0,0.8,-0.79,0,0,0,0,0.0,0,0.75,0.393,1,0.75,0.237,0.267,0.106,0.25,0.0,425.495,0.6,0.205,1,2,0.0,0,196,0.559,1.97,0,0.25,0.237,0.267,0.201,0.75,0.8,1,-0.79,26.0,122.7
1367,LMTm_20240209190915_2,LMTm,PULLBACK,SELL,0,2024.02.09 19:09:15,2024.02.09 19:26:31,17,425.11,425.64,-53.0,-265.0,0.407,0.0,SL_HIT,425.1065,425.495,424.607,1,0.053,0.67,425.1065,0.4,0,0.8,-0.79,0,0,0,0,0.0,0,0.75,0.393,1,0.75,0.237,0.267,0.106,0.25,0.0,425.495,0.6,0.205,1,2,0.0,0,196,0.559,1.97,0,0.25,0.237,0.267,0.201,0.75,0.8,1,-0.79,26.0,122.7
1368,LMTm_20240209190915_2,LMTm,PULLBACK,SELL,1,2024.02.09 19:09:15,2024.02.09 19:26:31,17,425.11,425.64,-53.0,-265.0,0.407,0.0,SL_HIT,425.1065,425.495,424.607,1,0.053,0.67,425.1065,0.4,0,0.8,-0.79,0,0,0,0,0.0,0,0.75,0.393,1,0.75,0.237,0.267,0.106,0.25,0.0,425.495,0.6,0.205,1,2,0.0,0,196,0.559,1.97,0,0.25,0.237,0.267,0.201,0.75,0.8,1,-0.79,26.0,122.7
1378,LMTm_20240212144030_0,LMTm,BREAKOUT,SELL,-1,2024.02.12 14:40:30,2024.02.12 14:41:30,1,425.37,426.07,-70.0,-350.0,0.529,0.0,SL_HIT,425.0475,425.94,424.75,1,0.193,0.401,425.0475,0.7,0,0.8,-0.825,0,0,0,0,0.0,2,1.0,0.347,0,0.598,0.947,0.193,0.397,0.55,0.2256,425.94,0.6,0.231,1,2,0.0,0,198,0.427,4.43,0,0.25,0.247,0.088,0.279,0.629,0.8,1,-0.825,63.0,122.8
1379,LMTm_20240212144030_0,LMTm,BREAKOUT,SELL,0,2024.02.12 14:40:30,2024.02.12 14:41:30,1,425.37,426.07,-70.0,-350.0,0.529,0.0,SL_HIT,425.0475,425.94,424.75,1,0.193,0.401,425.0475,0.7,0,0.8,-0.825,0,0,0,0,0.0,2,1.0,0.347,0,0.598,0.947,0.193,0.397,0.55,0.2256,425.94,0.6,0.231,1,2,0.0,0,198,0.427,4.43,0,0.25,0.247,0.088,0.279,0.629,0.8,1,-0.825,63.0,122.8
1380,LMTm_20240212144030_0,LMTm,BREAKOUT,SELL,1,2024.02.12 14:40:30,2024.02.12 14:41:30,1,425.37,426.07,-70.0,-350.0,0.529,0.0,SL_HIT,425.0475,425.94,424.75,1,0.193,0.401,425.0475,0.7,0,0.8,-0.825,0,0,0,0,0.0,2,1.0,0.347,0,0.598,0.947,0.193,0.397,0.55,0.2256,425.94,0.6,0.231,1,2,0.0,0,198,0.427,4.43,0,0.25,0.247,0.088,0.279,0.629,0.8,1,-0.825,63.0,122.8
1381,LMTm_20240212144100_1,LMTm,BREAKOUT_RETEST,SELL,-1,2024.02.12 14:41:00,2024.02.12 14:41:30,0,425.39,426.07,-68.0,-340.0,0.0,0.0,SL_HIT,425.0475,425.94,424.75,1,0.193,0.401,425.0475,0.7,0,0.8,-0.825,0,0,0,0,0.0,0,0.629,0.291,0,0.629,0.247,0.088,0.277,0.25,0.0,425.94,0.6,0.161,1,2,0.0,0,198,0.482,1.84,0,0.25,0.247,0.088,0.279,0.629,0.8,1,-0.825,63.0,122.8
1382,LMTm_20240212144100_1,LMTm,BREAKOUT_RETEST,SELL,0,2024.02.12 14:41:00,2024.02.12 14:41:30,0,425.39,426.07,-68.0,-340.0,0.0,0.0,SL_HIT,425.0475,425.94,424.75,1,0.193,0.401,425.0475,0.7,0,0.8,-0.825,0,0,0,0,0.0,0,0.629,0.291,0,0.629,0.247,0.088,0.277,0.25,0.0,425.94,0.6,0.161,1,2,0.0,0,198,0.482,1.84,0,0.25,0.247,0.088,0.279,0.629,0.8,1,-0.825,63.0,122.8
1383,LMTm_20240212144100_1,LMTm,BREAKOUT_RETEST,SELL,1,2024.02.12 14:41:00,2024.02.12 14:41:30,0,425.39,426.07,-68.0,-340.0,0.0,0.0,SL_HIT,425.0475,425.94,424.75,1,0.193,0.401,425.0475,0.7,0,0.8,-0.825,0,0,0,0,0.0,0,0.629,0.291,0,0.629,0.247,0.088,0.277,0.25,0.0,425.94,0.6,0.161,1,2,0.0,0,198,0.482,1.84,0,0.25,0.247,0.088,0.279,0.629,0.8,1,-0.825,63.0,122.8
1377,LMTm_20240209192641_5,LMTm,MEAN_REVERSION,SELL,1,2024.02.09 19:26:41,2024.02.12 14:46:35,4039,425.46,425.89,-43.0,-399.5,0.611,0.44,SL_HIT,425.1065,425.495,424.607,1,0.053,0.67,425.1065,0.4,0,0.8,-0.79,0,0,0,0,0.0,0,0.75,0.386,1,0.75,0.237,0.267,0.25,0.25,0.0,424.607,0.6,0.146,1,2,0.0,0,196,0.645,0.87,0,0.25,0.247,0.088,0.332,0.629,0.8,1,-0.825,61.0,122.8
1390,LMTm_20240212144238_2,LMTm,PULLBACK,SELL,-1,2024.02.12 14:42:38,2024.02.12 14:47:18,4,425.38,426.06,-68.0,-340.0,0.513,0.375,SL_HIT,425.0475,425.94,424.75,1,0.193,0.401,425.0475,0.7,0,0.8,-0.825,0,0,0,0,0.0,0,0.629,0.292,0,0.629,0.247,0.088,0.277,0.25,0.0,425.94,0.6,0.164,1,2,0.0,0,198,0.537,1.3,0,0.25,0.247,0.088,0.279,0.629,0.8,1,-0.825,61.0,122.8
1391,LMTm_20240212144238_2,LMTm,PULLBACK,SELL,0,2024.02.12 14:42:38,2024.02.12 14:47:18,4,425.38,426.06,-68.0,-340.0,0.513,0.375,SL_HIT,425.0475,425.94,424.75,1,0.193,0.401,425.0475,0.7,0,0.8,-0.825,0,0,0,0,0.0,0,0.629,0.292,0,0.629,0.247,0.088,0.277,0.25,0.0,425.94,0.6,0.164,1,2,0.0,0,198,0.537,1.3,0,0.25,0.247,0.088,0.279,0.629,0.8,1,-0.825,61.0,122.8
1392,LMTm_20240212144238_2,LMTm,PULLBACK,SELL,1,2024.02.12 14:42:38,2024.02.12 14:47:18,4,425.38,426.06,-68.0,-340.0,0.513,0.375,SL_HIT,425.0475,425.94,424.75,1,0.193,0.401,425.0475,0.7,0,0.8,-0.825,0,0,0,0,0.0,0,0.629,0.292,0,0.629,0.247,0.088,0.277,0.25,0.0,425.94,0.6,0.164,1,2,0.0,0,198,0.537,1.3,0,0.25,0.247,0.088,0.279,0.629,0.8,1,-0.825,61.0,122.8
1394,LMTm_20240212144242_3,LMTm,TREND_CONTINUATION,SELL,0,2024.02.12 14:42:42,2024.02.12 14:47:30,4,425.39,426.13,-74.0,-370.0,0.546,0.383,SL_HIT,425.0475,425.94,424.75,1,0.193,0.401,425.0475,0.7,0,0.8,-0.825,0,0,0,0,0.0,0,0.629,0.291,0,0.629,0.247,0.088,0.277,0.25,0.0,425.94,0.6,0.161,1,2,0.0,0,198,0.454,2.08,0,0.25,0.247,0.088,0.274,0.629,0.8,1,-0.825,61.0,122.8
1339,LMTm_20240209164008_3,LMTm,TREND_CONTINUATION,SELL,-1,2024.02.09 16:40:08,2024.02.12 14:48:00,4207,424.72,426.36,-164.0,-1004.5,1.108,0.119,SL_HIT,426.0425,426.287,424.983,0,0.045,0.561,426.0425,0.4,0,1.0,-0.86,2,0,0,0,0.0,0,0.591,0.338,0,0.591,0.258,0.0,0.257,0.0,0.0,425.3905,0.55,0.422,1,2,0.0,0,193,0.542,2.08,0,0.25,0.247,0.088,0.167,0.629,0.8,1,-0.825,61.0,122.8
1340,LMTm_20240209164008_3,LMTm,TREND_CONTINUATION,SELL,0,2024.02.09 16:40:08,2024.02.12 14:48:00,4207,424.72,426.36,-164.0,-1004.5,1.108,0.119,SL_HIT,426.0425,426.287,424.983,0,0.045,0.561,426.0425,0.4,0,1.0,-0.86,2,0,0,0,0.0,0,0.591,0.338,0,0.591,0.258,0.0,0.257,0.0,0.0,425.3905,0.55,0.422,1,2,0.0,0,193,0.542,2.08,0,0.25,0.247,0.088,0.167,0.629,0.8,1,-0.825,61.0,122.8
1341,LMTm_20240209164008_3,LMTm,TREND_CONTINUATION,SELL,1,2024.02.09 16:40:08,2024.02.12 14:48:00,4207,424.72,426.36,-164.0,-1004.5,1.108,0.119,SL_HIT,426.0425,426.287,424.983,0,0.045,0.561,426.0425,0.4,0,1.0,-0.86,2,0,0,0,0.0,0,0.591,0.338,0,0.591,0.258,0.0,0.257,0.0,0.0,425.3905,0.55,0.422,1,2,0.0,0,193,0.542,2.08,0,0.25,0.247,0.088,0.167,0.629,0.8,1,-0.825,61.0,122.8
1375,LMTm_20240209192641_5,LMTm,MEAN_REVERSION,SELL,-1,2024.02.09 19:26:41,2024.02.12 14:48:12,4041,425.46,426.44,-98.0,-674.5,0.79,0.44,SL_HIT,425.1065,425.495,424.607,1,0.053,0.67,425.1065,0.4,0,0.8,-0.79,0,0,0,0,0.0,0,0.75,0.386,1,0.75,0.237,0.267,0.25,0.25,0.0,424.607,0.6,0.146,1,2,0.0,0,196,0.645,0.87,0,0.25,0.247,0.088,0.274,0.629,0.8,1,-0.825,61.0,122.8
1376,LMTm_20240209192641_5,LMTm,MEAN_REVERSION,SELL,0,2024.02.09 19:26:41,2024.02.12 14:48:12,4041,425.46,426.44,-98.0,-674.5,0.79,0.44,SL_HIT,425.1065,425.495,424.607,1,0.053,0.67,425.1065,0.4,0,0.8,-0.79,0,0,0,0,0.0,0,0.75,0.386,1,0.75,0.237,0.267,0.25,0.25,0.0,424.607,0.6,0.146,1,2,0.0,0,196,0.645,0.87,0,0.25,0.247,0.088,0.274,0.629,0.8,1,-0.825,61.0,122.8
1393,LMTm_20240212144242_3,LMTm,TREND_CONTINUATION,SELL,-1,2024.02.12 14:42:42,2024.02.12 15:02:20,19,425.39,426.88,-149.0,-745.0,1.116,0.383,SL_HIT,425.0475,425.94,424.75,1,0.193,0.401,425.0475,0.7,0,0.8,-0.825,0,0,0,0,0.0,0,0.629,0.291,0,0.629,0.247,0.088,0.277,0.25,0.0,425.94,0.6,0.161,1,2,0.0,0,198,0.454,2.08,0,0.4,0.247,0.26,0.454,0.588,0.8,0,-0.825,58.0,120.6
1395,LMTm_20240212144242_3,LMTm,TREND_CONTINUATION,SELL,1,2024.02.12 14:42:42,2024.02.12 15:02:20,19,425.39,426.88,-149.0,-745.0,1.116,0.383,SL_HIT,425.0475,425.94,424.75,1,0.193,0.401,425.0475,0.7,0,0.8,-0.825,0,0,0,0,0.0,0,0.629,0.291,0,0.629,0.247,0.088,0.277,0.25,0.0,425.94,0.6,0.161,1,2,0.0,0,198,0.454,2.08,0,0.4,0.247,0.26,0.454,0.588,0.8,0,-0.825,58.0,120.6
1293,LMTm_20240208185159_3,LMTm,TREND_CONTINUATION,SELL,-1,2024.02.08 18:51:59,2024.02.12 15:02:37,5530,425.52,427.22,-170.0,-1096.0,1.146,1.161,SL_HIT,425.51725,426.4645,424.57,1,0.035,0.487,425.51725,0.45,0,0.45,-0.51,0,0,0,0,0.0,0,0.785,0.412,1,0.785,0.153,0.088,0.1,0.25,0.0,426.4645,0.6,0.361,1,2,0.0,0,188,0.335,2.08,0,0.4,0.247,0.26,0.454,0.588,0.8,0,-0.825,58.0,120.6
1284,LMTm_20240208164324_0,LMTm,BREAKOUT,SELL,-1,2024.02.08 16:43:24,2024.02.12 15:06:05,5662,425.24,427.76,-252.0,-1506.0,1.643,0.937,SL_HIT,428.2095,428.92,426.687,0,1.468,0.234,428.2095,0.55,0,1.0,0.825,2,0,0,-1,0.0,0,0.614,0.384,1,0.614,0.247,0.14,0.441,0.4,0.0,428.2095,0.738,0.914,1,2,0.0,0,186,0.496,1.43,0,0.4,0.247,0.26,0.454,0.588,0.8,0,-0.825,58.0,120.6
1419,LMTm_20240212164406_5,LMTm,MEAN_REVERSION,SELL,-1,2024.02.12 16:44:06,2024.02.12 17:02:17,18,427.93,428.88,-95.0,-475.0,0.779,0.0,SL_HIT,425.1295,426.396,424.906,0,0.917,0.331,425.7255,0.5,0,0.144,0.0,0,0,0,0,0.0,0,0.721,0.456,1,0.721,0.0,0.0,0.284,0.0,0.0,425.7255,0.742,1.038,1,2,0.0,0,200,0.725,2.31,0,0.15,0.206,0.053,0.321,0.616,0.675,0,0.685,33.0,123.5
1420,LMTm_20240212164406_5,LMTm,MEAN_REVERSION,SELL,0,2024.02.12 16:44:06,2024.02.12 17:02:17,18,427.93,428.88,-95.0,-475.0,0.779,0.0,SL_HIT,425.1295,426.396,424.906,0,0.917,0.331,425.7255,0.5,0,0.144,0.0,0,0,0,0,0.0,0,0.721,0.456,1,0.721,0.0,0.0,0.284,0.0,0.0,425.7255,0.742,1.038,1,2,0.0,0,200,0.725,2.31,0,0.15,0.206,0.053,0.321,0.616,0.675,0,0.685,33.0,123.5
1421,LMTm_20240212164406_5,LMTm,MEAN_REVERSION,SELL,1,2024.02.12 16:44:06,2024.02.12 17:02:17,18,427.93,428.88,-95.0,-475.0,0.779,0.0,SL_HIT,425.1295,426.396,424.906,0,0.917,0.331,425.7255,0.5,0,0.144,0.0,0,0,0,0,0.0,0,0.721,0.456,1,0.721,0.0,0.0,0.284,0.0,0.0,425.7255,0.742,1.038,1,2,0.0,0,200,0.725,2.31,0,0.15,0.206,0.053,0.321,0.616,0.675,0,0.685,33.0,123.5
1422,LMTm_20240212164420_4,LMTm,SWEEP_REVERSAL,SELL,-1,2024.02.12 16:44:20,2024.02.12 17:23:15,38,427.91,429.11,-120.0,-600.0,0.989,0.0,SL_HIT,425.1295,426.396,424.906,0,0.917,0.331,425.7255,0.5,0,0.144,0.0,0,0,0,0,0.0,0,0.721,0.455,1,0.721,0.0,0.0,0.284,0.0,0.0,425.7255,0.742,1.03,1,2,0.0,0,200,0.114,1.83,0,0.15,0.206,0.053,0.321,0.616,0.675,0,0.685,32.0,123.5
1423,LMTm_20240212164420_4,LMTm,SWEEP_REVERSAL,SELL,0,2024.02.12 16:44:20,2024.02.12 17:23:15,38,427.91,429.11,-120.0,-600.0,0.989,0.0,SL_HIT,425.1295,426.396,424.906,0,0.917,0.331,425.7255,0.5,0,0.144,0.0,0,0,0,0,0.0,0,0.721,0.455,1,0.721,0.0,0.0,0.284,0.0,0.0,425.7255,0.742,1.03,1,2,0.0,0,200,0.114,1.83,0,0.15,0.206,0.053,0.321,0.616,0.675,0,0.685,32.0,123.5
1424,LMTm_20240212164420_4,LMTm,SWEEP_REVERSAL,SELL,1,2024.02.12 16:44:20,2024.02.12 17:23:15,38,427.91,429.11,-120.0,-600.0,0.989,0.0,SL_HIT,425.1295,426.396,424.906,0,0.917,0.331,425.7255,0.5,0,0.144,0.0,0,0,0,0,0.0,0,0.721,0.455,1,0.721,0.0,0.0,0.284,0.0,0.0,425.7255,0.742,1.03,1,2,0.0,0,200,0.114,1.83,0,0.15,0.206,0.053,0.321,0.616,0.675,0,0.685,32.0,123.5
1431,LMTm_20240212184408_5,LMTm,MEAN_REVERSION,SELL,-1,2024.02.12 18:44:08,2024.02.12 18:49:59,5,427.64,428.03,-39.0,-195.0,0.29,0.0,SL_HIT,426.662,427.894,424.982,1,0.074,0.435,426.662,0.65,0,0.75,0.72,0,0,0,0,0.0,0,0.622,0.355,1,0.622,0.216,0.106,0.05,0.0,0.0,426.662,0.757,0.256,1,2,0.0,0,202,0.59,2.59,0,0.0,0.216,0.106,0.052,0.622,0.75,1,0.72,33.0,124.0
1432,LMTm_20240212184408_5,LMTm,MEAN_REVERSION,SELL,0,2024.02.12 18:44:08,2024.02.12 18:49:59,5,427.64,428.03,-39.0,-195.0,0.29,0.0,SL_HIT,426.662,427.894,424.982,1,0.074,0.435,426.662,0.65,0,0.75,0.72,0,0,0,0,0.0,0,0.622,0.355,1,0.622,0.216,0.106,0.05,0.0,0.0,426.662,0.757,0.256,1,2,0.0,0,202,0.59,2.59,0,0.0,0.216,0.106,0.052,0.622,0.75,1,0.72,33.0,124.0
1433,LMTm_20240212184408_5,LMTm,MEAN_REVERSION,SELL,1,2024.02.12 18:44:08,2024.02.12 18:49:59,5,427.64,428.03,-39.0,-195.0,0.29,0.0,SL_HIT,426.662,427.894,424.982,1,0.074,0.435,426.662,0.65,0,0.75,0.72,0,0,0,0,0.0,0,0.622,0.355,1,0.622,0.216,0.106,0.05,0.0,0.0,426.662,0.757,0.256,1,2,0.0,0,202,0.59,2.59,0,0.0,0.216,0.106,0.052,0.622,0.75,1,0.72,33.0,124.0
1440,LMTm_20240213144028_5,LMTm,MEAN_REVERSION,SELL,-1,2024.02.13 14:40:28,2024.02.13 14:41:50,1,427.88,428.9,-102.0,-510.0,0.763,0.0,SL_HIT,427.70225,428.103,426.958,1,0.184,0.087,427.70225,0.5,0,0.975,0.65,0,0,0,0,0.0,0,0.72,0.398,1,0.72,0.195,0.322,0.31,0.4,0.0,426.958,0.6,0.562,1,-2,0.5,0,205,0.649,0.91,0,0.4,0.195,0.322,0.353,0.72,0.975,0,0.65,68.0,127.1
1441,LMTm_20240213144028_5,LMTm,MEAN_REVERSION,SELL,0,2024.02.13 14:40:28,2024.02.13 14:41:50,1,427.88,428.9,-102.0,-510.0,0.763,0.0,SL_HIT,427.70225,428.103,426.958,1,0.184,0.087,427.70225,0.5,0,0.975,0.65,0,0,0,0,0.0,0,0.72,0.398,1,0.72,0.195,0.322,0.31,0.4,0.0,426.958,0.6,0.562,1,-2,0.5,0,205,0.649,0.91,0,0.4,0.195,0.322,0.353,0.72,0.975,0,0.65,68.0,127.1
1442,LMTm_20240213144028_5,LMTm,MEAN_REVERSION,SELL,1,2024.02.13 14:40:28,2024.02.13 14:41:50,1,427.88,428.9,-102.0,-510.0,0.763,0.0,SL_HIT,427.70225,428.103,426.958,1,0.184,0.087,427.70225,0.5,0,0.975,0.65,0,0,0,0,0.0,0,0.72,0.398,1,0.72,0.195,0.322,0.31,0.4,0.0,426.958,0.6,0.562,1,-2,0.5,0,205,0.649,0.91,0,0.4,0.195,0.322,0.353,0.72,0.975,0,0.65,68.0,127.1
1416,LMTm_20240212164243_3,LMTm,TREND_CONTINUATION,SELL,-1,2024.02.12 16:42:43,2024.02.13 14:42:27,1319,427.84,429.29,-145.0,-786.5,1.156,0.888,SL_HIT,425.1295,426.396,424.906,0,0.917,0.331,425.7255,0.5,0,0.144,0.0,0,0,0,0,0.0,0,0.721,0.452,1,0.721,0.0,0.0,0.284,0.0,0.0,425.7255,0.742,1.004,1,2,0.0,0,200,0.186,1.48,0,0.4,0.195,0.322,0.368,0.72,0.975,0,0.65,68.0,127.1
1417,LMTm_20240212164243_3,LMTm,TREND_CONTINUATION,SELL,0,2024.02.12 16:42:43,2024.02.13 14:42:27,1319,427.84,429.29,-145.0,-786.5,1.156,0.888,SL_HIT,425.1295,426.396,424.906,0,0.917,0.331,425.7255,0.5,0,0.144,0.0,0,0,0,0,0.0,0,0.721,0.452,1,0.721,0.0,0.0,0.284,0.0,0.0,425.7255,0.742,1.004,1,2,0.0,0,200,0.186,1.48,0,0.4,0.195,0.322,0.368,0.72,0.975,0,0.65,68.0,127.1
1418,LMTm_20240212164243_3,LMTm,TREND_CONTINUATION,SELL,1,2024.02.12 16:42:43,2024.02.13 14:42:27,1319,427.84,429.29,-145.0,-786.5,1.156,0.888,SL_HIT,425.1295,426.396,424.906,0,0.917,0.331,425.7255,0.5,0,0.144,0.0,0,0,0,0,0.0,0,0.721,0.452,1,0.721,0.0,0.0,0.284,0.0,0.0,425.7255,0.742,1.004,1,2,0.0,0,200,0.186,1.48,0,0.4,0.195,0.322,0.368,0.72,0.975,0,0.65,68.0,127.1
1410,LMTm_20240212164100_0,LMTm,BREAKOUT,SELL,-1,2024.02.12 16:41:00,2024.02.13 14:42:38,1321,427.52,429.36,-184.0,-981.5,1.483,0.62,SL_HIT,425.1295,426.396,424.906,0,0.917,0.331,425.7255,0.5,0,0.144,0.0,0,0,0,0,0.0,0,0.721,0.438,1,0.721,0.0,0.0,0.284,0.0,0.0,425.7255,0.742,0.886,1,2,0.0,0,200,0.253,1.0,0,0.4,0.195,0.322,0.41,0.72,0.975,0,0.65,68.0,127.1
1411,LMTm_20240212164100_0,LMTm,BREAKOUT,SELL,0,2024.02.12 16:41:00,2024.02.13 14:42:38,1321,427.52,429.36,-184.0,-981.5,1.483,0.62,SL_HIT,425.1295,426.396,424.906,0,0.917,0.331,425.7255,0.5,0,0.144,0.0,0,0,0,0,0.0,0,0.721,0.438,1,0.721,0.0,0.0,0.284,0.0,0.0,425.7255,0.742,0.886,1,2,0.0,0,200,0.253,1.0,0,0.4,0.195,0.322,0.41,0.72,0.975,0,0.65,68.0,127.1
1412,LMTm_20240212164100_0,LMTm,BREAKOUT,SELL,1,2024.02.12 16:41:00,2024.02.13 14:42:38,1321,427.52,429.36,-184.0,-981.5,1.483,0.62,SL_HIT,425.1295,426.396,424.906,0,0.917,0.331,425.7255,0.5,0,0.144,0.0,0,0,0,0,0.0,0,0.721,0.438,1,0.721,0.0,0.0,0.284,0.0,0.0,425.7255,0.742,0.886,1,2,0.0,0,200,0.253,1.0,0,0.4,0.195,0.322,0.41,0.72,0.975,0,0.65,68.0,127.1
1414,LMTm_20240212164239_2,LMTm,PULLBACK,SELL,0,2024.02.12 16:42:39,2024.02.13 14:53:32,1330,427.9,427.82,-8.0,-21.5,1.223,0.938,SL_HIT,425.1295,426.396,424.906,0,0.917,0.331,425.7255,0.5,0,0.144,0.0,0,0,0,0,0.0,0,0.721,0.455,1,0.721,0.0,0.0,0.284,0.0,0.0,425.7255,0.742,1.026,1,2,0.0,0,200,0.157,1.21,0,0.4,0.195,0.322,0.387,0.72,0.975,1,0.65,64.0,127.1
1437,LMTm_20240213144004_6,LMTm,NAKED_POC,SELL,-1,2024.02.13 14:40:04,2024.02.13 14:58:40,18,428.13,426.2,193.0,965.0,0.968,1.432,TP_HIT,427.70225,428.103,426.958,0,0.184,0.087,427.70225,0.5,0,0.975,0.65,0,0,0,0,0.0,0,0.72,0.351,1,0.72,0.195,0.322,0.416,0.4,0.0,427.70225,0.714,0.163,1,-2,0.5,0,205,0.75,1.11,0,0.4,0.195,0.322,0.435,0.72,0.975,0,0.65,61.0,127.1
1438,LMTm_20240213144004_6,LMTm,NAKED_POC,SELL,0,2024.02.13 14:40:04,2024.02.13 14:58:40,18,428.13,426.2,193.0,965.0,0.968,1.432,TP_HIT,427.70225,428.103,426.958,0,0.184,0.087,427.70225,0.5,0,0.975,0.65,0,0,0,0,0.0,0,0.72,0.351,1,0.72,0.195,0.322,0.416,0.4,0.0,427.70225,0.714,0.163,1,-2,0.5,0,205,0.75,1.11,0,0.4,0.195,0.322,0.435,0.72,0.975,0,0.65,61.0,127.1
1439,LMTm_20240213144004_6,LMTm,NAKED_POC,SELL,1,2024.02.13 14:40:04,2024.02.13 14:58:40,18,428.13,426.2,193.0,965.0,0.968,1.432,TP_HIT,427.70225,428.103,426.958,0,0.184,0.087,427.70225,0.5,0,0.975,0.65,0,0,0,0,0.0,0,0.72,0.351,1,0.72,0.195,0.322,0.416,0.4,0.0,427.70225,0.714,0.163,1,-2,0.5,0,205,0.75,1.11,0,0.4,0.195,0.322,0.435,0.72,0.975,0,0.65,61.0,127.1
1415,LMTm_20240212164239_2,LMTm,PULLBACK,SELL,1,2024.02.12 16:42:39,2024.02.13 15:00:18,1337,427.9,426.63,127.0,573.5,1.223,1.424,TRAIL_STOP,425.1295,426.396,424.906,0,0.917,0.331,425.7255,0.5,0,0.144,0.0,0,0,0,0,0.0,0,0.721,0.455,1,0.721,0.0,0.0,0.284,0.0,0.0,425.7255,0.742,1.026,1,2,0.0,0,200,0.157,1.21,0,0.15,0.258,0.141,0.352,0.689,1.0,0,0.86,59.0,137.3
1413,LMTm_20240212164239_2,LMTm,PULLBACK,SELL,-1,2024.02.12 16:42:39,2024.02.13 15:24:27,1361,427.9,425.73,217.0,1023.5,1.223,1.751,TP_HIT,425.1295,426.396,424.906,0,0.917,0.331,425.7255,0.5,0,0.144,0.0,0,0,0,0,0.0,0,0.721,0.455,1,0.721,0.0,0.0,0.284,0.0,0.0,425.7255,0.742,1.026,1,2,0.0,0,200,0.157,1.21,0,0.15,0.258,0.141,0.352,0.689,1.0,0,0.86,52.0,137.3
1458,LMTm_20240213150015_7,LMTm,ANCHORED_PULLBACK,SELL,1,2024.02.13 15:00:15,2024.02.13 15:35:59,35,425.98,425.15,83.0,415.0,0.765,0.991,TRAIL_STOP,427.75,428.15,427.03,0,1.18,0.102,427.75,0.35,0,1.0,0.86,0,0,0,0,0.0,0,0.689,0.366,1,0.689,0.258,0.141,0.352,0.15,0.0,427.75,0.749,0.575,1,-2,0.5,0,206,0.219,2.06,0,0.15,0.258,0.141,0.352,0.689,1.0,0,0.86,47.0,137.3
1457,LMTm_20240213150015_7,LMTm,ANCHORED_PULLBACK,SELL,0,2024.02.13 15:00:15,2024.02.13 15:36:04,35,425.98,425.27,71.0,355.0,0.765,0.991,TRAIL_STOP,427.75,428.15,427.03,0,1.18,0.102,427.75,0.35,0,1.0,0.86,0,0,0,0,0.0,0,0.689,0.366,1,0.689,0.258,0.141,0.352,0.15,0.0,427.75,0.749,0.575,1,-2,0.5,0,206,0.219,2.06,0,0.15,0.258,0.141,0.352,0.689,1.0,0,0.86,46.0,137.3
1466,LMTm_20240213180036_1,LMTm,BREAKOUT_RETEST,SELL,-1,2024.02.13 18:00:36,2024.02.13 18:31:42,31,424.57,423.71,86.0,430.0,0.287,0.588,TP_HIT,424.57975,426.195,423.71,1,0.05,2.267,424.57975,0.5,0,0.5,-0.545,2,0,0,0,0.0,0,0.667,0.313,0,0.667,0.164,0.088,0.1,0.25,0.0,423.71,0.6,0.751,1,2,0.493,0,209,0.343,2.06,0,0.25,0.164,0.088,0.35,0.667,0.5,0,-0.545,31.0,139.4
1467,LMTm_20240213180036_1,LMTm,BREAKOUT_RETEST,SELL,0,2024.02.13 18:00:36,2024.02.13 18:31:42,31,424.57,423.71,86.0,430.0,0.287,0.588,TP_HIT,424.57975,426.195,423.71,1,0.05,2.267,424.57975,0.5,0,0.5,-0.545,2,0,0,0,0.0,0,0.667,0.313,0,0.667,0.164,0.088,0.1,0.25,0.0,423.71,0.6,0.751,1,2,0.493,0,209,0.343,2.06,0,0.25,0.164,0.088,0.35,0.667,0.5,0,-0.545,31.0,139.4
1468,LMTm_20240213180036_1,LMTm,BREAKOUT_RETEST,SELL,1,2024.02.13 18:00:36,2024.02.13 18:31:42,31,424.57,423.71,86.0,430.0,0.287,0.588,TP_HIT,424.57975,426.195,423.71,1,0.05,2.267,424.57975,0.5,0,0.5,-0.545,2,0,0,0,0.0,0,0.667,0.313,0,0.667,0.164,0.088,0.1,0.25,0.0,423.71,0.6,0.751,1,2,0.493,0,209,0.343,2.06,0,0.25,0.164,0.088,0.35,0.667,0.5,0,-0.545,31.0,139.4
1456,LMTm_20240213150015_7,LMTm,ANCHORED_PULLBACK,SELL,-1,2024.02.13 15:00:15,2024.02.13 18:42:48,222,425.98,423.22,276.0,1380.0,0.765,1.996,TP_HIT,427.75,428.15,427.03,0,1.18,0.102,427.75,0.35,0,1.0,0.86,0,0,0,0,0.0,0,0.689,0.366,1,0.689,0.258,0.141,0.352,0.15,0.0,427.75,0.749,0.575,1,-2,0.5,0,206,0.219,2.06,0,0.25,0.164,0.088,0.35,0.667,0.5,0,-0.545,31.0,139.4
1464,LMTm_20240213164000_0,LMTm,BREAKOUT,SELL,0,2024.02.13 16:40:00,2024.02.14 14:40:00,1320,424.6,425.22,-62.0,-371.5,0.563,2.157,SL_HIT,427.64725,428.221,425.926,0,1.766,0.276,427.64725,0.5,0,1.0,0.72,0,0,0,0,0.0,0,0.593,0.307,0,0.593,0.216,0.14,0.391,0.4,0.0,427.64725,0.747,0.914,1,2,0.493,0,207,0.477,1.27,2,0.15,0.947,0.053,0.06,0.532,0.65,1,-0.825,75.0,163.2
1465,LMTm_20240213164000_0,LMTm,BREAKOUT,SELL,1,2024.02.13 16:40:00,2024.02.14 14:40:00,1320,424.6,425.22,-62.0,-371.5,0.563,2.157,SL_HIT,427.64725,428.221,425.926,0,1.766,0.276,427.64725,0.5,0,1.0,0.72,0,0,0,0,0.0,0,0.593,0.307,0,0.593,0.216,0.14,0.391,0.4,0.0,427.64725,0.747,0.914,1,2,0.493,0,207,0.477,1.27,2,0.15,0.947,0.053,0.06,0.532,0.65,1,-0.825,75.0,163.2
1472,LMTm_20240213184000_0,LMTm,BREAKOUT,SELL,-1,2024.02.13 18:40:00,2024.02.14 14:40:00,1200,423.39,425.22,-183.0,-976.5,0.373,1.277,SL_HIT,424.57975,426.195,423.71,0,0.05,2.267,424.57975,0.5,0,0.5,-0.545,2,0,0,0,0.0,0,0.667,0.391,1,0.667,0.164,0.088,0.35,0.25,0.0,424.57975,0.733,1.422,1,2,0.493,0,209,0.348,2.62,2,0.15,0.947,0.053,0.06,0.532,0.65,1,-0.825,75.0,163.2
1473,LMTm_20240213184000_0,LMTm,BREAKOUT,SELL,0,2024.02.13 18:40:00,2024.02.14 14:40:00,1200,423.39,425.22,-183.0,-976.5,0.373,1.277,SL_HIT,424.57975,426.195,423.71,0,0.05,2.267,424.57975,0.5,0,0.5,-0.545,2,0,0,0,0.0,0,0.667,0.391,1,0.667,0.164,0.088,0.35,0.25,0.0,424.57975,0.733,1.422,1,2,0.493,0,209,0.348,2.62,2,0.15,0.947,0.053,0.06,0.532,0.65,1,-0.825,75.0,163.2
1474,LMTm_20240213184000_0,LMTm,BREAKOUT,SELL,1,2024.02.13 18:40:00,2024.02.14 14:40:00,1200,423.39,425.22,-183.0,-976.5,0.373,1.277,SL_HIT,424.57975,426.195,423.71,0,0.05,2.267,424.57975,0.5,0,0.5,-0.545,2,0,0,0,0.0,0,0.667,0.391,1,0.667,0.164,0.088,0.35,0.25,0.0,424.57975,0.733,1.422,1,2,0.493,0,209,0.348,2.62,2,0.15,0.947,0.053,0.06,0.532,0.65,1,-0.825,75.0,163.2
1475,LMTm_20240213184030_2,LMTm,PULLBACK,SELL,-1,2024.02.13 18:40:30,2024.02.14 14:40:00,1199,423.21,425.22,-201.0,-1066.5,0.502,1.148,SL_HIT,424.57975,426.195,423.71,0,0.05,2.267,424.57975,0.5,0,0.5,-0.545,2,0,0,0,0.0,0,0.667,0.398,1,0.667,0.164,0.088,0.35,0.25,0.0,424.57975,0.733,1.477,1,2,0.493,0,209,0.299,2.77,2,0.15,0.947,0.053,0.06,0.532,0.65,1,-0.825,75.0,163.2
1476,LMTm_20240213184030_2,LMTm,PULLBACK,SELL,0,2024.02.13 18:40:30,2024.02.14 14:40:00,1199,423.21,425.22,-201.0,-1066.5,0.502,1.148,SL_HIT,424.57975,426.195,423.71,0,0.05,2.267,424.57975,0.5,0,0.5,-0.545,2,0,0,0,0.0,0,0.667,0.398,1,0.667,0.164,0.088,0.35,0.25,0.0,424.57975,0.733,1.477,1,2,0.493,0,209,0.299,2.77,2,0.15,0.947,0.053,0.06,0.532,0.65,1,-0.825,75.0,163.2
1477,LMTm_20240213184030_2,LMTm,PULLBACK,SELL,1,2024.02.13 18:40:30,2024.02.14 14:40:00,1199,423.21,425.22,-201.0,-1066.5,0.502,1.148,SL_HIT,424.57975,426.195,423.71,0,0.05,2.267,424.57975,0.5,0,0.5,-0.545,2,0,0,0,0.0,0,0.667,0.398,1,0.667,0.164,0.088,0.35,0.25,0.0,424.57975,0.733,1.477,1,2,0.493,0,209,0.299,2.77,2,0.15,0.947,0.053,0.06,0.532,0.65,1,-0.825,75.0,163.2
1478,LMTm_20240213184034_3,LMTm,TREND_CONTINUATION,SELL,-1,2024.02.13 18:40:34,2024.02.14 14:40:00,1199,423.14,425.22,-208.0,-1101.5,0.552,1.097,SL_HIT,424.57975,426.195,423.71,0,0.05,2.267,424.57975,0.5,0,0.5,-0.545,2,0,0,0,0.0,0,0.667,0.4,1,0.667,0.164,0.088,0.35,0.25,0.0,424.57975,0.733,1.499,1,2,0.493,0,209,0.352,2.08,2,0.15,0.947,0.053,0.06,0.532,0.65,1,-0.825,75.0,163.2
1479,LMTm_20240213184034_3,LMTm,TREND_CONTINUATION,SELL,0,2024.02.13 18:40:34,2024.02.14 14:40:00,1199,423.14,425.22,-208.0,-1101.5,0.552,1.097,SL_HIT,424.57975,426.195,423.71,0,0.05,2.267,424.57975,0.5,0,0.5,-0.545,2,0,0,0,0.0,0,0.667,0.4,1,0.667,0.164,0.088,0.35,0.25,0.0,424.57975,0.733,1.499,1,2,0.493,0,209,0.352,2.08,2,0.15,0.947,0.053,0.06,0.532,0.65,1,-0.825,75.0,163.2
1480,LMTm_20240213184034_3,LMTm,TREND_CONTINUATION,SELL,1,2024.02.13 18:40:34,2024.02.14 14:40:00,1199,423.14,425.22,-208.0,-1101.5,0.552,1.097,SL_HIT,424.57975,426.195,423.71,0,0.05,2.267,424.57975,0.5,0,0.5,-0.545,2,0,0,0,0.0,0,0.667,0.4,1,0.667,0.164,0.088,0.35,0.25,0.0,424.57975,0.733,1.499,1,2,0.493,0,209,0.352,2.08,2,0.15,0.947,0.053,0.06,0.532,0.65,1,-0.825,75.0,163.2
1496,LMTm_20240214144024_3,LMTm,TREND_CONTINUATION,SELL,-1,2024.02.14 14:40:24,2024.02.14 14:53:27,13,424.55,426.53,-198.0,-990.0,1.17,0.0,SL_HIT,424.545,425.01,422.406,1,0.046,0.182,422.499,0.7,0,0.65,-0.825,2,0,0,0,0.0,0,0.541,0.314,0,0.541,0.247,0.053,0.06,0.15,0.0,422.499,0.741,0.377,1,-1,0.0,0,212,0.408,1.05,0,0.15,0.247,0.053,0.327,0.541,0.65,0,-0.825,62.0,163.2
1497,LMTm_20240214144024_3,LMTm,TREND_CONTINUATION,SELL,0,2024.02.14 14:40:24,2024.02.14 14:53:27,13,424.55,426.53,-198.0,-990.0,1.17,0.0,SL_HIT,424.545,425.01,422.406,1,0.046,0.182,422.499,0.7,0,0.65,-0.825,2,0,0,0,0.0,0,0.541,0.314,0,0.541,0.247,0.053,0.06,0.15,0.0,422.499,0.741,0.377,1,-1,0.0,0,212,0.408,1.05,0,0.15,0.247,0.053,0.327,0.541,0.65,0,-0.825,62.0,163.2
1498,LMTm_20240214144024_3,LMTm,TREND_CONTINUATION,SELL,1,2024.02.14 14:40:24,2024.02.14 14:53:27,13,424.55,426.53,-198.0,-990.0,1.17,0.0,SL_HIT,424.545,425.01,422.406,1,0.046,0.182,422.499,0.7,0,0.65,-0.825,2,0,0,0,0.0,0,0.541,0.314,0,0.541,0.247,0.053,0.06,0.15,0.0,422.499,0.741,0.377,1,-1,0.0,0,212,0.408,1.05,0,0.15,0.247,0.053,0.327,0.541,0.65,0,-0.825,62.0,163.2
1502,LMTm_20240214144211_4,LMTm,SWEEP_REVERSAL,SELL,-1,2024.02.14 14:42:11,2024.02.14 14:53:38,11,425.02,426.65,-163.0,-815.0,0.956,0.0,SL_HIT,424.545,425.01,422.406,0,0.046,0.182,422.499,0.7,0,0.65,-0.825,2,0,0,0,0.0,0,0.541,0.348,0,0.541,0.247,0.053,0.327,0.15,0.0,422.499,0.741,0.67,1,-1,0.0,0,212,0.145,1.54,0,0.15,0.247,0.053,0.327,0.541,0.65,0,-0.825,62.0,163.2
1503,LMTm_20240214144211_4,LMTm,SWEEP_REVERSAL,SELL,0,2024.02.14 14:42:11,2024.02.14 14:53:38,11,425.02,426.65,-163.0,-815.0,0.956,0.0,SL_HIT,424.545,425.01,422.406,0,0.046,0.182,422.499,0.7,0,0.65,-0.825,2,0,0,0,0.0,0,0.541,0.348,0,0.541,0.247,0.053,0.327,0.15,0.0,422.499,0.741,0.67,1,-1,0.0,0,212,0.145,1.54,0,0.15,0.247,0.053,0.327,0.541,0.65,0,-0.825,62.0,163.2
1504,LMTm_20240214144211_4,LMTm,SWEEP_REVERSAL,SELL,1,2024.02.14 14:42:11,2024.02.14 14:53:38,11,425.02,426.65,-163.0,-815.0,0.956,0.0,SL_HIT,424.545,425.01,422.406,0,0.046,0.182,422.499,0.7,0,0.65,-0.825,2,0,0,0,0.0,0,0.541,0.348,0,0.541,0.247,0.053,0.327,0.15,0.0,422.499,0.741,0.67,1,-1,0.0,0,212,0.145,1.54,0,0.15,0.247,0.053,0.327,0.541,0.65,0,-0.825,62.0,163.2
1501,LMTm_20240214144207_2,LMTm,PULLBACK,SELL,1,2024.02.14 14:42:07,2024.02.14 15:25:25,43,425.01,423.98,103.0,515.0,1.109,1.225,TRAIL_STOP,424.545,425.01,422.406,1,0.046,0.182,422.499,0.7,0,0.65,-0.825,2,0,0,0,0.0,0,0.541,0.348,0,0.541,0.247,0.053,0.327,0.15,0.0,422.499,0.741,0.667,1,-1,0.0,0,212,0.506,1.03,0,0.15,0.258,0.161,0.293,0.599,1.0,1,-0.86,46.0,163.3
1500,LMTm_20240214144207_2,LMTm,PULLBACK,SELL,0,2024.02.14 14:42:07,2024.02.14 15:25:34,43,425.01,424.21,80.0,400.0,1.109,1.225,TRAIL_STOP,424.545,425.01,422.406,1,0.046,0.182,422.499,0.7,0,0.65,-0.825,2,0,0,0,0.0,0,0.541,0.348,0,0.541,0.247,0.053,0.327,0.15,0.0,422.499,0.741,0.667,1,-1,0.0,0,212,0.506,1.03,0,0.15,0.258,0.161,0.209,0.599,1.0,1,-0.86,46.0,163.3
1494,LMTm_20240214144000_0,LMTm,BREAKOUT,SELL,0,2024.02.14 14:40:00,2024.02.14 15:34:00,54,424.47,424.47,0.0,0.0,1.44,0.895,TRAIL_STOP,424.545,425.01,422.406,1,0.046,0.182,422.499,0.7,0,0.65,-0.825,2,0,0,0,0.0,2,1.0,0.448,1,0.532,0.947,0.053,0.06,0.15,0.3014,425.01,0.6,0.543,1,-1,0.0,0,212,0.407,1.67,0,0.15,0.258,0.161,0.333,0.599,1.0,1,-0.86,47.0,163.3
1499,LMTm_20240214144207_2,LMTm,PULLBACK,SELL,-1,2024.02.14 14:42:07,2024.02.14 15:48:32,66,425.01,422.5,251.0,1255.0,1.109,1.513,TP_HIT,424.545,425.01,422.406,1,0.046,0.182,422.499,0.7,0,0.65,-0.825,2,0,0,0,0.0,0,0.541,0.348,0,0.541,0.247,0.053,0.327,0.15,0.0,422.499,0.741,0.667,1,-1,0.0,0,212,0.506,1.03,0,0.15,0.258,0.161,0.303,0.599,1.0,0,-0.86,46.0,163.3
1495,LMTm_20240214144000_0,LMTm,BREAKOUT,SELL,1,2024.02.14 14:40:00,2024.02.14 16:01:00,81,424.47,421.68,279.0,1395.0,1.44,1.765,TRAIL_STOP,424.545,425.01,422.406,1,0.046,0.182,422.499,0.7,0,0.65,-0.825,2,0,0,0,0.0,2,1.0,0.448,1,0.532,0.947,0.053,0.06,0.15,0.3014,425.01,0.6,0.543,1,-1,0.0,0,212,0.407,1.67,6,0.7,0.216,0.545,0.737,0.618,1.0,0,-0.72,44.0,186.7
1522,LMTm_20240214170010_1,LMTm,BREAKOUT_RETEST,SELL,-1,2024.02.14 17:00:10,2024.02.14 17:05:38,5,421.95,422.56,-61.0,-305.0,0.29,0.0,SL_HIT,421.78125,423.675,421.4025,1,0.051,1.157,421.78125,0.45,0,0.8,-0.93,2,0,0,-1,0.0,0,0.544,0.325,0,0.544,0.279,0.0,0.006,0.0,0.0,423.675,0.6,0.412,1,2,0.0,0,215,0.501,3.07,0,0.0,0.279,0.0,0.036,0.544,0.8,1,-0.93,39.0,182.6
1523,LMTm_20240214170010_1,LMTm,BREAKOUT_RETEST,SELL,0,2024.02.14 17:00:10,2024.02.14 17:05:38,5,421.95,422.56,-61.0,-305.0,0.29,0.0,SL_HIT,421.78125,423.675,421.4025,1,0.051,1.157,421.78125,0.45,0,0.8,-0.93,2,0,0,-1,0.0,0,0.544,0.325,0,0.544,0.279,0.0,0.006,0.0,0.0,423.675,0.6,0.412,1,2,0.0,0,215,0.501,3.07,0,0.0,0.279,0.0,0.036,0.544,0.8,1,-0.93,39.0,182.6
1524,LMTm_20240214170010_1,LMTm,BREAKOUT_RETEST,SELL,1,2024.02.14 17:00:10,2024.02.14 17:05:38,5,421.95,422.56,-61.0,-305.0,0.29,0.0,SL_HIT,421.78125,423.675,421.4025,1,0.051,1.157,421.78125,0.45,0,0.8,-0.93,2,0,0,-1,0.0,0,0.544,0.325,0,0.544,0.279,0.0,0.006,0.0,0.0,423.675,0.6,0.412,1,2,0.0,0,215,0.501,3.07,0,0.0,0.279,0.0,0.036,0.544,0.8,1,-0.93,39.0,182.6
1463,LMTm_20240213164000_0,LMTm,BREAKOUT,SELL,-1,2024.02.13 16:40:00,2024.02.14 18:23:19,1543,424.6,421.07,353.0,1703.5,1.601,2.488,TP_HIT,427.64725,428.221,425.926,0,1.766,0.276,427.64725,0.5,0,1.0,0.72,0,0,0,0,0.0,0,0.593,0.307,0,0.593,0.216,0.14,0.391,0.4,0.0,427.64725,0.747,0.914,1,2,0.493,0,207,0.477,1.27,0,0.0,0.29,0.0,0.262,0.59,0.8,0,-0.965,32.0,178.9
1493,LMTm_20240214144000_0,LMTm,BREAKOUT,SELL,-1,2024.02.14 14:40:00,2024.02.14 18:23:21,223,424.47,420.36,411.0,2055.0,1.44,2.469,TP_HIT,424.545,425.01,422.406,1,0.046,0.182,422.499,0.7,0,0.65,-0.825,2,0,0,0,0.0,2,1.0,0.448,1,0.532,0.947,0.053,0.06,0.15,0.3014,425.01,0.6,0.543,1,-1,0.0,0,212,0.407,1.67,0,0.0,0.29,0.0,0.262,0.59,0.8,0,-0.965,32.0,178.9
1516,LMTm_20240214170000_3,LMTm,TREND_CONTINUATION,SELL,-1,2024.02.14 17:00:00,2024.02.14 18:23:38,83,421.94,417.31,463.0,2315.0,0.586,2.491,TP_HIT,421.78125,423.675,421.4025,1,0.051,1.157,421.78125,0.45,0,0.8,-0.93,2,0,0,-1,0.0,5,1.0,0.378,1,0.244,0.279,0.405,0.426,0.3,-0.1382,423.675,0.6,0.277,1,2,0.0,0,215,0.491,2.08,0,0.0,0.29,0.0,0.262,0.59,0.8,0,-0.965,32.0,178.9
1517,LMTm_20240214170000_3,LMTm,TREND_CONTINUATION,SELL,0,2024.02.14 17:00:00,2024.02.14 18:23:38,83,421.94,417.31,463.0,2315.0,0.586,2.491,TP_HIT,421.78125,423.675,421.4025,1,0.051,1.157,421.78125,0.45,0,0.8,-0.93,2,0,0,-1,0.0,5,1.0,0.378,1,0.244,0.279,0.405,0.426,0.3,-0.1382,423.675,0.6,0.277,1,2,0.0,0,215,0.491,2.08,0,0.0,0.29,0.0,0.262,0.59,0.8,0,-0.965,32.0,178.9
1518,LMTm_20240214170000_3,LMTm,TREND_CONTINUATION,SELL,1,2024.02.14 17:00:00,2024.02.14 18:23:38,83,421.94,417.31,463.0,2315.0,0.586,2.491,TP_HIT,421.78125,423.675,421.4025,1,0.051,1.157,421.78125,0.45,0,0.8,-0.93,2,0,0,-1,0.0,5,1.0,0.378,1,0.244,0.279,0.405,0.426,0.3,-0.1382,423.675,0.6,0.277,1,2,0.0,0,215,0.491,2.08,0,0.0,0.29,0.0,0.262,0.59,0.8,0,-0.965,32.0,178.9
1519,LMTm_20240214170005_0,LMTm,BREAKOUT,SELL,-1,2024.02.14 17:00:05,2024.02.14 18:23:38,83,421.93,417.31,462.0,2310.0,0.591,2.486,TP_HIT,421.78125,423.675,421.4025,1,0.051,1.157,421.78125,0.45,0,0.8,-0.93,2,0,0,-1,0.0,0,0.544,0.325,0,0.544,0.279,0.0,0.006,0.0,0.0,423.675,0.6,0.415,1,2,0.0,0,215,0.321,1.67,0,0.0,0.29,0.0,0.262,0.59,0.8,0,-0.965,32.0,178.9
1520,LMTm_20240214170005_0,LMTm,BREAKOUT,SELL,0,2024.02.14 17:00:05,2024.02.14 18:23:38,83,421.93,417.31,462.0,2310.0,0.591,2.486,TP_HIT,421.78125,423.675,421.4025,1,0.051,1.157,421.78125,0.45,0,0.8,-0.93,2,0,0,-1,0.0,0,0.544,0.325,0,0.544,0.279,0.0,0.006,0.0,0.0,423.675,0.6,0.415,1,2,0.0,0,215,0.321,1.67,0,0.0,0.29,0.0,0.262,0.59,0.8,0,-0.965,32.0,178.9
1521,LMTm_20240214170005_0,LMTm,BREAKOUT,SELL,1,2024.02.14 17:00:05,2024.02.14 18:23:38,83,421.93,417.31,462.0,2310.0,0.591,2.486,TP_HIT,421.78125,423.675,421.4025,1,0.051,1.157,421.78125,0.45,0,0.8,-0.93,2,0,0,-1,0.0,0,0.544,0.325,0,0.544,0.279,0.0,0.006,0.0,0.0,423.675,0.6,0.415,1,2,0.0,0,215,0.321,1.67,0,0.0,0.29,0.0,0.262,0.59,0.8,0,-0.965,32.0,178.9
1525,LMTm_20240214170016_2,LMTm,PULLBACK,SELL,-1,2024.02.14 17:00:16,2024.02.14 18:23:40,83,421.88,416.36,552.0,2760.0,0.619,2.978,TP_HIT,421.78125,423.675,421.4025,1,0.051,1.157,421.78125,0.45,0,0.8,-0.93,2,0,0,-1,0.0,0,0.544,0.326,0,0.544,0.279,0.0,0.003,0.0,0.0,423.675,0.6,0.422,1,2,0.0,0,215,0.555,2.0,0,0.0,0.29,0.0,0.262,0.59,0.8,0,-0.965,32.0,178.9
1526,LMTm_20240214170016_2,LMTm,PULLBACK,SELL,0,2024.02.14 17:00:16,2024.02.14 18:23:40,83,421.88,416.36,552.0,2760.0,0.619,2.978,TP_HIT,421.78125,423.675,421.4025,1,0.051,1.157,421.78125,0.45,0,0.8,-0.93,2,0,0,-1,0.0,0,0.544,0.326,0,0.544,0.279,0.0,0.003,0.0,0.0,423.675,0.6,0.422,1,2,0.0,0,215,0.555,2.0,0,0.0,0.29,0.0,0.262,0.59,0.8,0,-0.965,32.0,178.9
1527,LMTm_20240214170016_2,LMTm,PULLBACK,SELL,1,2024.02.14 17:00:16,2024.02.14 18:23:40,83,421.88,416.36,552.0,2760.0,0.619,2.978,TP_HIT,421.78125,423.675,421.4025,1,0.051,1.157,421.78125,0.45,0,0.8,-0.93,2,0,0,-1,0.0,0,0.544,0.326,0,0.544,0.279,0.0,0.003,0.0,0.0,423.675,0.6,0.422,1,2,0.0,0,215,0.555,2.0,0,0.0,0.29,0.0,0.262,0.59,0.8,0,-0.965,32.0,178.9
1545,LMTm_20240214190000_7,LMTm,ANCHORED_PULLBACK,SELL,0,2024.02.14 19:00:00,2024.02.14 19:10:04,10,413.37,413.91,-54.0,-270.0,0.23,0.429,SL_HIT,422.1665,426.11,415.355,0,0.076,2.354,412.1285,0.75,0,1.0,-0.825,0,0,0,-1,0.0,2,1.0,0.572,2,0.487,0.947,0.088,0.344,0.25,3.368,412.1285,0.708,1.998,1,2,0.0,0,217,0.67,1.55,0,0.25,0.247,0.088,0.344,0.518,1.0,0,-0.825,45.0,251.9
1544,LMTm_20240214190000_7,LMTm,ANCHORED_PULLBACK,SELL,-1,2024.02.14 19:00:00,2024.02.14 19:12:09,12,413.37,414.18,-81.0,-405.0,0.29,0.429,SL_HIT,422.1665,426.11,415.355,0,0.076,2.354,412.1285,0.75,0,1.0,-0.825,0,0,0,-1,0.0,2,1.0,0.572,2,0.487,0.947,0.088,0.344,0.25,3.368,412.1285,0.708,1.998,1,2,0.0,0,217,0.67,1.55,0,0.25,0.247,0.088,0.344,0.518,1.0,0,-0.825,45.0,251.9
1546,LMTm_20240214190000_7,LMTm,ANCHORED_PULLBACK,SELL,1,2024.02.14 19:00:00,2024.02.14 19:12:09,12,413.37,414.18,-81.0,-405.0,0.29,0.429,SL_HIT,422.1665,426.11,415.355,0,0.076,2.354,412.1285,0.75,0,1.0,-0.825,0,0,0,-1,0.0,2,1.0,0.572,2,0.487,0.947,0.088,0.344,0.25,3.368,412.1285,0.708,1.998,1,2,0.0,0,217,0.67,1.55,0,0.25,0.247,0.088,0.344,0.518,1.0,0,-0.825,45.0,251.9
1553,LMTm_20240214190219_3,LMTm,TREND_CONTINUATION,SELL,-1,2024.02.14 19:02:19,2024.02.14 19:38:30,36,412.87,415.9,-303.0,-1515.0,1.187,0.23,SL_HIT,422.1665,426.11,415.355,0,0.076,2.354,412.1285,0.75,0,1.0,-0.825,0,0,0,-1,0.0,0,0.518,0.402,1,0.518,0.247,0.088,0.351,0.25,0.0,413.921,0.55,1.571,1,2,0.0,0,217,0.557,2.08,0,0.25,0.247,0.088,0.356,0.518,1.0,1,-0.825,38.0,251.9
1554,LMTm_20240214190219_3,LMTm,TREND_CONTINUATION,SELL,0,2024.02.14 19:02:19,2024.02.14 19:38:30,36,412.87,415.9,-303.0,-1515.0,1.187,0.23,SL_HIT,422.1665,426.11,415.355,0,0.076,2.354,412.1285,0.75,0,1.0,-0.825,0,0,0,-1,0.0,0,0.518,0.402,1,0.518,0.247,0.088,0.351,0.25,0.0,413.921,0.55,1.571,1,2,0.0,0,217,0.557,2.08,0,0.25,0.247,0.088,0.356,0.518,1.0,1,-0.825,38.0,251.9
1555,LMTm_20240214190219_3,LMTm,TREND_CONTINUATION,SELL,1,2024.02.14 19:02:19,2024.02.14 19:38:30,36,412.87,415.9,-303.0,-1515.0,1.187,0.23,SL_HIT,422.1665,426.11,415.355,0,0.076,2.354,412.1285,0.75,0,1.0,-0.825,0,0,0,-1,0.0,0,0.518,0.402,1,0.518,0.247,0.088,0.351,0.25,0.0,413.921,0.55,1.571,1,2,0.0,0,217,0.557,2.08,0,0.25,0.247,0.088,0.356,0.518,1.0,1,-0.825,38.0,251.9
1547,LMTm_20240214190159_0,LMTm,BREAKOUT,SELL,-1,2024.02.14 19:01:59,2024.02.15 14:40:00,1178,412.85,419.24,-639.0,-3256.5,1.485,0.222,SL_HIT,422.1665,426.11,415.355,0,0.076,2.354,412.1285,0.75,0,1.0,-0.825,0,0,0,-1,0.0,0,0.518,0.402,1,0.518,0.247,0.088,0.351,0.25,0.0,413.921,0.55,1.574,1,2,0.0,0,217,0.501,1.67,5,0.15,0.3,0.353,0.632,0.299,0.8,0,-1.0,77.0,280.2
1548,LMTm_20240214190159_0,LMTm,BREAKOUT,SELL,0,2024.02.14 19:01:59,2024.02.15 14:40:00,1178,412.85,419.24,-639.0,-3256.5,1.485,0.222,SL_HIT,422.1665,426.11,415.355,0,0.076,2.354,412.1285,0.75,0,1.0,-0.825,0,0,0,-1,0.0,0,0.518,0.402,1,0.518,0.247,0.088,0.351,0.25,0.0,413.921,0.55,1.574,1,2,0.0,0,217,0.501,1.67,5,0.15,0.3,0.353,0.632,0.299,0.8,0,-1.0,77.0,280.2
1549,LMTm_20240214190159_0,LMTm,BREAKOUT,SELL,1,2024.02.14 19:01:59,2024.02.15 14:40:00,1178,412.85,419.24,-639.0,-3256.5,1.485,0.222,SL_HIT,422.1665,426.11,415.355,0,0.076,2.354,412.1285,0.75,0,1.0,-0.825,0,0,0,-1,0.0,0,0.518,0.402,1,0.518,0.247,0.088,0.351,0.25,0.0,413.921,0.55,1.574,1,2,0.0,0,217,0.501,1.67,5,0.15,0.3,0.353,0.632,0.299,0.8,0,-1.0,77.0,280.2
1550,LMTm_20240214190217_2,LMTm,PULLBACK,SELL,-1,2024.02.14 19:02:17,2024.02.15 14:40:00,1177,412.88,419.24,-636.0,-3241.5,1.473,0.234,SL_HIT,422.1665,426.11,415.355,0,0.076,2.354,412.1285,0.75,0,1.0,-0.825,0,0,0,-1,0.0,0,0.518,0.402,1,0.518,0.247,0.088,0.351,0.25,0.0,413.921,0.55,1.569,1,2,0.0,0,217,0.475,2.0,5,0.15,0.3,0.353,0.632,0.299,0.8,0,-1.0,77.0,280.2
1551,LMTm_20240214190217_2,LMTm,PULLBACK,SELL,0,2024.02.14 19:02:17,2024.02.15 14:40:00,1177,412.88,419.24,-636.0,-3241.5,1.473,0.234,SL_HIT,422.1665,426.11,415.355,0,0.076,2.354,412.1285,0.75,0,1.0,-0.825,0,0,0,-1,0.0,0,0.518,0.402,1,0.518,0.247,0.088,0.351,0.25,0.0,413.921,0.55,1.569,1,2,0.0,0,217,0.475,2.0,5,0.15,0.3,0.353,0.632,0.299,0.8,0,-1.0,77.0,280.2
1552,LMTm_20240214190217_2,LMTm,PULLBACK,SELL,1,2024.02.14 19:02:17,2024.02.15 14:40:00,1177,412.88,419.24,-636.0,-3241.5,1.473,0.234,SL_HIT,422.1665,426.11,415.355,0,0.076,2.354,412.1285,0.75,0,1.0,-0.825,0,0,0,-1,0.0,0,0.518,0.402,1,0.518,0.247,0.088,0.351,0.25,0.0,413.921,0.55,1.569,1,2,0.0,0,217,0.475,2.0,5,0.15,0.3,0.353,0.632,0.299,0.8,0,-1.0,77.0,280.2
1574,LMTm_20240215144013_5,LMTm,MEAN_REVERSION,SELL,-1,2024.02.15 14:40:13,2024.02.15 15:10:39,30,418.38,420.63,-225.0,-1125.0,0.746,0.1,SL_HIT,414.76475,416.6705,411.77,0,0.934,0.232,414.76475,0.45,0,0.8,-1.0,0,0,0,-1,0.0,0,0.599,0.325,0,0.599,0.3,0.053,0.332,0.15,0.0,414.76475,0.73,0.562,1,1,0.0,0,219,0.547,1.61,0,0.4,0.247,0.14,0.454,0.629,1.0,0,-0.825,61.0,271.9
1575,LMTm_20240215144013_5,LMTm,MEAN_REVERSION,SELL,0,2024.02.15 14:40:13,2024.02.15 15:10:39,30,418.38,420.63,-225.0,-1125.0,0.746,0.1,SL_HIT,414.76475,416.6705,411.77,0,0.934,0.232,414.76475,0.45,0,0.8,-1.0,0,0,0,-1,0.0,0,0.599,0.325,0,0.599,0.3,0.053,0.332,0.15,0.0,414.76475,0.73,0.562,1,1,0.0,0,219,0.547,1.61,0,0.4,0.247,0.14,0.454,0.629,1.0,0,-0.825,61.0,271.9
1576,LMTm_20240215144013_5,LMTm,MEAN_REVERSION,SELL,1,2024.02.15 14:40:13,2024.02.15 15:10:39,30,418.38,420.63,-225.0,-1125.0,0.746,0.1,SL_HIT,414.76475,416.6705,411.77,0,0.934,0.232,414.76475,0.45,0,0.8,-1.0,0,0,0,-1,0.0,0,0.599,0.325,0,0.599,0.3,0.053,0.332,0.15,0.0,414.76475,0.73,0.562,1,1,0.0,0,219,0.547,1.61,0,0.4,0.247,0.14,0.454,0.629,1.0,0,-0.825,61.0,271.9
1578,LMTm_20240215144703_0,LMTm,BREAKOUT,SELL,0,2024.02.15 14:47:03,2024.02.15 17:01:30,134,419.18,418.61,57.0,285.0,0.628,0.51,TRAIL_STOP,414.76475,416.6705,411.77,0,0.934,0.232,414.76475,0.45,0,0.8,-1.0,0,0,0,-1,0.0,0,0.599,0.341,0,0.599,0.3,0.053,0.344,0.15,0.0,414.76475,0.73,0.697,1,1,0.0,0,219,0.425,1.05,0,0.4,0.247,0.281,0.207,0.644,1.0,1,-0.825,37.0,279.1
1581,LMTm_20240215144705_2,LMTm,PULLBACK,SELL,0,2024.02.15 14:47:05,2024.02.15 17:01:30,134,419.11,418.61,50.0,250.0,0.653,0.485,TRAIL_STOP,414.76475,416.6705,411.77,0,0.934,0.232,414.76475,0.45,0,0.8,-1.0,0,0,0,-1,0.0,0,0.599,0.339,0,0.599,0.3,0.053,0.344,0.15,0.0,414.76475,0.73,0.686,1,1,0.0,0,219,0.415,1.03,0,0.4,0.247,0.281,0.207,0.644,1.0,1,-0.825,37.0,279.1
1595,LMTm_20240215170003_1,LMTm,BREAKOUT_RETEST,SELL,-1,2024.02.15 17:00:03,2024.02.15 17:05:30,5,417.93,418.78,-85.0,-425.0,0.283,0.0,SL_HIT,415.0525,418.255,411.85,1,0.044,0.262,415.0525,0.75,0,1.0,-0.825,0,0,0,-1,0.0,0,0.644,0.321,0,0.644,0.247,0.281,0.207,0.4,0.0,415.0525,0.727,0.333,1,1,0.961,0,222,0.571,3.44,0,0.4,0.247,0.281,0.191,0.644,1.0,0,-0.825,37.0,279.1
1596,LMTm_20240215170003_1,LMTm,BREAKOUT_RETEST,SELL,0,2024.02.15 17:00:03,2024.02.15 17:05:30,5,417.93,418.78,-85.0,-425.0,0.283,0.0,SL_HIT,415.0525,418.255,411.85,1,0.044,0.262,415.0525,0.75,0,1.0,-0.825,0,0,0,-1,0.0,0,0.644,0.321,0,0.644,0.247,0.281,0.207,0.4,0.0,415.0525,0.727,0.333,1,1,0.961,0,222,0.571,3.44,0,0.4,0.247,0.281,0.191,0.644,1.0,0,-0.825,37.0,279.1
1597,LMTm_20240215170003_1,LMTm,BREAKOUT_RETEST,SELL,1,2024.02.15 17:00:03,2024.02.15 17:05:30,5,417.93,418.78,-85.0,-425.0,0.283,0.0,SL_HIT,415.0525,418.255,411.85,1,0.044,0.262,415.0525,0.75,0,1.0,-0.825,0,0,0,-1,0.0,0,0.644,0.321,0,0.644,0.247,0.281,0.207,0.4,0.0,415.0525,0.727,0.333,1,1,0.961,0,222,0.571,3.44,0,0.4,0.247,0.281,0.191,0.644,1.0,0,-0.825,37.0,279.1
1609,LMTm_20240215184436_5,LMTm,MEAN_REVERSION,SELL,-1,2024.02.15 18:44:36,2024.02.15 18:50:08,5,419.22,420.09,-87.0,-435.0,0.302,0.0,SL_HIT,418.1775,419.8,417.44,1,0.049,0.475,418.1775,0.4,0,1.0,-0.825,0,0,0,-1,0.0,0,0.671,0.261,0,0.671,0.247,0.088,0.35,0.25,0.0,418.1775,0.719,0.157,1,1,0.961,0,223,0.573,1.21,0,0.25,0.247,0.088,0.371,0.671,1.0,1,-0.825,29.0,281.5
1610,LMTm_20240215184436_5,LMTm,MEAN_REVERSION,SELL,0,2024.02.15 18:44:36,2024.02.15 18:50:08,5,419.22,420.09,-87.0,-435.0,0.302,0.0,SL_HIT,418.1775,419.8,417.44,1,0.049,0.475,418.1775,0.4,0,1.0,-0.825,0,0,0,-1,0.0,0,0.671,0.261,0,0.671,0.247,0.088,0.35,0.25,0.0,418.1775,0.719,0.157,1,1,0.961,0,223,0.573,1.21,0,0.25,0.247,0.088,0.371,0.671,1.0,1,-0.825,29.0,281.5
1611,LMTm_20240215184436_5,LMTm,MEAN_REVERSION,SELL,1,2024.02.15 18:44:36,2024.02.15 18:50:08,5,419.22,420.09,-87.0,-435.0,0.302,0.0,SL_HIT,418.1775,419.8,417.44,1,0.049,0.475,418.1775,0.4,0,1.0,-0.825,0,0,0,-1,0.0,0,0.671,0.261,0,0.671,0.247,0.088,0.35,0.25,0.0,418.1775,0.719,0.157,1,1,0.961,0,223,0.573,1.21,0,0.25,0.247,0.088,0.371,0.671,1.0,1,-0.825,29.0,281.5
1592,LMTm_20240215164014_5,LMTm,MEAN_REVERSION,SELL,-1,2024.02.15 16:40:14,2024.02.15 18:51:27,131,418.14,420.35,-221.0,-1105.0,0.783,0.004,SL_HIT,414.73725,416.6255,411.77,0,1.01,0.562,414.73725,0.45,0,1.0,-0.825,0,0,0,-1,0.0,0,0.632,0.285,0,0.632,0.247,0.088,0.275,0.25,0.0,414.73725,0.73,0.48,1,1,0.961,0,221,0.564,1.55,0,0.25,0.247,0.088,0.371,0.671,1.0,0,-0.825,29.0,281.5
1593,LMTm_20240215164014_5,LMTm,MEAN_REVERSION,SELL,0,2024.02.15 16:40:14,2024.02.15 18:51:27,131,418.14,420.35,-221.0,-1105.0,0.783,0.004,SL_HIT,414.73725,416.6255,411.77,0,1.01,0.562,414.73725,0.45,0,1.0,-0.825,0,0,0,-1,0.0,0,0.632,0.285,0,0.632,0.247,0.088,0.275,0.25,0.0,414.73725,0.73,0.48,1,1,0.961,0,221,0.564,1.55,0,0.25,0.247,0.088,0.371,0.671,1.0,0,-0.825,29.0,281.5
1594,LMTm_20240215164014_5,LMTm,MEAN_REVERSION,SELL,1,2024.02.15 16:40:14,2024.02.15 18:51:27,131,418.14,420.35,-221.0,-1105.0,0.783,0.004,SL_HIT,414.73725,416.6255,411.77,0,1.01,0.562,414.73725,0.45,0,1.0,-0.825,0,0,0,-1,0.0,0,0.632,0.285,0,0.632,0.247,0.088,0.275,0.25,0.0,414.73725,0.73,0.48,1,1,0.961,0,221,0.564,1.55,0,0.25,0.247,0.088,0.371,0.671,1.0,0,-0.825,29.0,281.5
1571,LMTm_20240215144006_4,LMTm,SWEEP_REVERSAL,SELL,-1,2024.02.15 14:40:06,2024.02.16 14:40:00,1439,418.37,421.54,-317.0,-1646.5,0.921,0.221,SL_HIT,414.76475,416.6705,411.77,0,0.934,0.232,414.76475,0.45,0,0.8,-1.0,0,0,0,-1,0.0,0,0.599,0.325,0,0.599,0.3,0.053,0.332,0.15,0.0,414.76475,0.73,0.561,1,1,0.0,0,219,0.139,1.29,5,0.15,0.206,0.353,0.34,0.321,0.45,0,0.685,83.0,270.8
1572,LMTm_20240215144006_4,LMTm,SWEEP_REVERSAL,SELL,0,2024.02.15 14:40:06,2024.02.16 14:40:00,1439,418.37,421.54,-317.0,-1646.5,0.921,0.221,SL_HIT,414.76475,416.6705,411.77,0,0.934,0.232,414.76475,0.45,0,0.8,-1.0,0,0,0,-1,0.0,0,0.599,0.325,0,0.599,0.3,0.053,0.332,0.15,0.0,414.76475,0.73,0.561,1,1,0.0,0,219,0.139,1.29,5,0.15,0.206,0.353,0.34,0.321,0.45,0,0.685,83.0,270.8
1573,LMTm_20240215144006_4,LMTm,SWEEP_REVERSAL,SELL,1,2024.02.15 14:40:06,2024.02.16 14:40:00,1439,418.37,421.54,-317.0,-1646.5,0.921,0.221,SL_HIT,414.76475,416.6705,411.77,0,0.934,0.232,414.76475,0.45,0,0.8,-1.0,0,0,0,-1,0.0,0,0.599,0.325,0,0.599,0.3,0.053,0.332,0.15,0.0,414.76475,0.73,0.561,1,1,0.0,0,219,0.139,1.29,5,0.15,0.206,0.353,0.34,0.321,0.45,0,0.685,83.0,270.8
1586,LMTm_20240215164000_3,LMTm,TREND_CONTINUATION,SELL,-1,2024.02.15 16:40:00,2024.02.16 14:40:00,1320,418.08,421.54,-346.0,-1791.5,1.046,0.0,SL_HIT,414.73725,416.6255,411.77,0,1.01,0.562,414.73725,0.45,0,1.0,-0.825,0,0,0,-1,0.0,0,0.632,0.284,0,0.632,0.247,0.088,0.275,0.25,0.0,414.73725,0.73,0.472,1,1,0.961,0,221,0.522,1.01,5,0.15,0.206,0.353,0.34,0.321,0.45,0,0.685,83.0,270.8
1587,LMTm_20240215164000_3,LMTm,TREND_CONTINUATION,SELL,0,2024.02.15 16:40:00,2024.02.16 14:40:00,1320,418.08,421.54,-346.0,-1791.5,1.046,0.0,SL_HIT,414.73725,416.6255,411.77,0,1.01,0.562,414.73725,0.45,0,1.0,-0.825,0,0,0,-1,0.0,0,0.632,0.284,0,0.632,0.247,0.088,0.275,0.25,0.0,414.73725,0.73,0.472,1,1,0.961,0,221,0.522,1.01,5,0.15,0.206,0.353,0.34,0.321,0.45,0,0.685,83.0,270.8
1588,LMTm_20240215164000_3,LMTm,TREND_CONTINUATION,SELL,1,2024.02.15 16:40:00,2024.02.16 14:40:00,1320,418.08,421.54,-346.0,-1791.5,1.046,0.0,SL_HIT,414.73725,416.6255,411.77,0,1.01,0.562,414.73725,0.45,0,1.0,-0.825,0,0,0,-1,0.0,0,0.632,0.284,0,0.632,0.247,0.088,0.275,0.25,0.0,414.73725,0.73,0.472,1,1,0.961,0,221,0.522,1.01,5,0.15,0.206,0.353,0.34,0.321,0.45,0,0.685,83.0,270.8
1589,LMTm_20240215164007_4,LMTm,SWEEP_REVERSAL,SELL,-1,2024.02.15 16:40:07,2024.02.16 14:40:00,1319,418.15,421.54,-339.0,-1756.5,1.02,0.007,SL_HIT,414.73725,416.6255,411.77,0,1.01,0.562,414.73725,0.45,0,1.0,-0.825,0,0,0,-1,0.0,0,0.632,0.286,0,0.632,0.247,0.088,0.275,0.25,0.0,414.73725,0.73,0.482,1,1,0.961,0,221,0.168,1.24,5,0.15,0.206,0.353,0.34,0.321,0.45,0,0.685,83.0,270.8
1590,LMTm_20240215164007_4,LMTm,SWEEP_REVERSAL,SELL,0,2024.02.15 16:40:07,2024.02.16 14:40:00,1319,418.15,421.54,-339.0,-1756.5,1.02,0.007,SL_HIT,414.73725,416.6255,411.77,0,1.01,0.562,414.73725,0.45,0,1.0,-0.825,0,0,0,-1,0.0,0,0.632,0.286,0,0.632,0.247,0.088,0.275,0.25,0.0,414.73725,0.73,0.482,1,1,0.961,0,221,0.168,1.24,5,0.15,0.206,0.353,0.34,0.321,0.45,0,0.685,83.0,270.8
1591,LMTm_20240215164007_4,LMTm,SWEEP_REVERSAL,SELL,1,2024.02.15 16:40:07,2024.02.16 14:40:00,1319,418.15,421.54,-339.0,-1756.5,1.02,0.007,SL_HIT,414.73725,416.6255,411.77,0,1.01,0.562,414.73725,0.45,0,1.0,-0.825,0,0,0,-1,0.0,0,0.632,0.286,0,0.632,0.247,0.088,0.275,0.25,0.0,414.73725,0.73,0.482,1,1,0.961,0,221,0.168,1.24,5,0.15,0.206,0.353,0.34,0.321,0.45,0,0.685,83.0,270.8
1618,LMTm_20240215192459_1,LMTm,BREAKOUT_RETEST,SELL,-1,2024.02.15 19:24:59,2024.02.16 14:40:00,1155,419.24,421.54,-230.0,-1211.5,0.606,0.0,SL_HIT,418.18875,419.3325,417.96,1,0.494,0.062,418.18875,0.45,0,1.0,-0.825,0,0,0,-1,0.0,0,0.628,0.291,0,0.628,0.247,0.124,0.186,0.15,0.0,418.18875,0.74,0.135,1,1,0.961,0,224,0.561,1.24,5,0.15,0.206,0.353,0.34,0.321,0.45,0,0.685,83.0,270.8
1619,LMTm_20240215192459_1,LMTm,BREAKOUT_RETEST,SELL,0,2024.02.15 19:24:59,2024.02.16 14:40:00,1155,419.24,421.54,-230.0,-1211.5,0.606,0.0,SL_HIT,418.18875,419.3325,417.96,1,0.494,0.062,418.18875,0.45,0,1.0,-0.825,0,0,0,-1,0.0,0,0.628,0.291,0,0.628,0.247,0.124,0.186,0.15,0.0,418.18875,0.74,0.135,1,1,0.961,0,224,0.561,1.24,5,0.15,0.206,0.353,0.34,0.321,0.45,0,0.685,83.0,270.8
1620,LMTm_20240215192459_1,LMTm,BREAKOUT_RETEST,SELL,1,2024.02.15 19:24:59,2024.02.16 14:40:00,1155,419.24,421.54,-230.0,-1211.5,0.606,0.0,SL_HIT,418.18875,419.3325,417.96,1,0.494,0.062,418.18875,0.45,0,1.0,-0.825,0,0,0,-1,0.0,0,0.628,0.291,0,0.628,0.247,0.124,0.186,0.15,0.0,418.18875,0.74,0.135,1,1,0.961,0,224,0.561,1.24,5,0.15,0.206,0.353,0.34,0.321,0.45,0,0.685,83.0,270.8
1568,LMTm_20240215144000_3,LMTm,TREND_CONTINUATION,SELL,-1,2024.02.15 14:40:00,2024.02.16 14:44:15,1444,418.47,421.88,-341.0,-1766.5,1.167,0.257,SL_HIT,414.76475,416.6705,411.77,0,0.934,0.232,414.76475,0.45,0,0.8,-1.0,0,0,0,-1,0.0,5,1.0,0.411,1,0.299,0.3,0.353,0.632,0.15,-1.3602,414.76475,0.73,0.444,1,1,0.0,0,219,0.508,1.1,0,0.15,0.206,0.053,0.34,0.621,0.45,0,0.685,80.0,270.8
1569,LMTm_20240215144000_3,LMTm,TREND_CONTINUATION,SELL,0,2024.02.15 14:40:00,2024.02.16 14:44:15,1444,418.47,421.88,-341.0,-1766.5,1.167,0.257,SL_HIT,414.76475,416.6705,411.77,0,0.934,0.232,414.76475,0.45,0,0.8,-1.0,0,0,0,-1,0.0,5,1.0,0.411,1,0.299,0.3,0.353,0.632,0.15,-1.3602,414.76475,0.73,0.444,1,1,0.0,0,219,0.508,1.1,0,0.15,0.206,0.053,0.34,0.621,0.45,0,0.685,80.0,270.8
1570,LMTm_20240215144000_3,LMTm,TREND_CONTINUATION,SELL,1,2024.02.15 14:40:00,2024.02.16 14:44:15,1444,418.47,421.88,-341.0,-1766.5,1.167,0.257,SL_HIT,414.76475,416.6705,411.77,0,0.934,0.232,414.76475,0.45,0,0.8,-1.0,0,0,0,-1,0.0,5,1.0,0.411,1,0.299,0.3,0.353,0.632,0.15,-1.3602,414.76475,0.73,0.444,1,1,0.0,0,219,0.508,1.1,0,0.15,0.206,0.053,0.34,0.621,0.45,0,0.685,80.0,270.8
1603,LMTm_20240215180000_0,LMTm,BREAKOUT,SELL,-1,2024.02.15 18:00:00,2024.02.16 14:50:59,1250,418.63,422.85,-422.0,-2171.5,1.464,0.0,SL_HIT,418.1775,419.8,417.44,1,0.049,0.475,418.1775,0.4,0,1.0,-0.825,0,0,0,-1,0.0,0,0.671,0.262,0,0.671,0.247,0.088,0.195,0.25,0.0,419.8,0.6,0.163,1,1,0.961,0,223,0.365,1.67,0,0.15,0.206,0.053,0.34,0.621,0.45,0,0.685,77.0,270.8
1604,LMTm_20240215180000_0,LMTm,BREAKOUT,SELL,0,2024.02.15 18:00:00,2024.02.16 14:50:59,1250,418.63,422.85,-422.0,-2171.5,1.464,0.0,SL_HIT,418.1775,419.8,417.44,1,0.049,0.475,418.1775,0.4,0,1.0,-0.825,0,0,0,-1,0.0,0,0.671,0.262,0,0.671,0.247,0.088,0.195,0.25,0.0,419.8,0.6,0.163,1,1,0.961,0,223,0.365,1.67,0,0.15,0.206,0.053,0.34,0.621,0.45,0,0.685,77.0,270.8
1605,LMTm_20240215180000_0,LMTm,BREAKOUT,SELL,1,2024.02.15 18:00:00,2024.02.16 14:50:59,1250,418.63,422.85,-422.0,-2171.5,1.464,0.0,SL_HIT,418.1775,419.8,417.44,1,0.049,0.475,418.1775,0.4,0,1.0,-0.825,0,0,0,-1,0.0,0,0.671,0.262,0,0.671,0.247,0.088,0.195,0.25,0.0,419.8,0.6,0.163,1,1,0.961,0,223,0.365,1.67,0,0.15,0.206,0.053,0.34,0.621,0.45,0,0.685,77.0,270.8
1633,LMTm_20240216144015_5,LMTm,MEAN_REVERSION,SELL,-1,2024.02.16 14:40:15,2024.02.16 14:50:59,10,420.65,422.85,-220.0,-1100.0,0.776,0.0,SL_HIT,420.19725,420.417,418.659,0,0.189,0.027,420.19725,0.6,0,0.45,0.685,2,0,0,-1,0.0,0,0.621,0.372,1,0.621,0.206,0.053,0.34,0.15,0.0,418.659,0.6,0.66,1,2,0.966,0,226,0.598,0.92,0,0.15,0.206,0.053,0.34,0.621,0.45,0,0.685,77.0,270.8
1634,LMTm_20240216144015_5,LMTm,MEAN_REVERSION,SELL,0,2024.02.16 14:40:15,2024.02.16 14:50:59,10,420.65,422.85,-220.0,-1100.0,0.776,0.0,SL_HIT,420.19725,420.417,418.659,0,0.189,0.027,420.19725,0.6,0,0.45,0.685,2,0,0,-1,0.0,0,0.621,0.372,1,0.621,0.206,0.053,0.34,0.15,0.0,418.659,0.6,0.66,1,2,0.966,0,226,0.598,0.92,0,0.15,0.206,0.053,0.34,0.621,0.45,0,0.685,77.0,270.8
1635,LMTm_20240216144015_5,LMTm,MEAN_REVERSION,SELL,1,2024.02.16 14:40:15,2024.02.16 14:50:59,10,420.65,422.85,-220.0,-1100.0,0.776,0.0,SL_HIT,420.19725,420.417,418.659,0,0.189,0.027,420.19725,0.6,0,0.45,0.685,2,0,0,-1,0.0,0,0.621,0.372,1,0.621,0.206,0.053,0.34,0.15,0.0,418.659,0.6,0.66,1,2,0.966,0,226,0.598,0.92,0,0.15,0.206,0.053,0.34,0.621,0.45,0,0.685,77.0,270.8
1606,LMTm_20240215180005_2,LMTm,PULLBACK,SELL,-1,2024.02.15 18:00:05,2024.02.16 14:51:25,1251,418.66,422.95,-429.0,-2206.5,1.492,0.011,SL_HIT,418.1775,419.8,417.44,1,0.049,0.475,418.1775,0.4,0,1.0,-0.825,0,0,0,-1,0.0,0,0.671,0.261,0,0.671,0.247,0.088,0.195,0.25,0.0,419.8,0.6,0.159,1,1,0.961,0,223,0.59,2.0,0,0.15,0.206,0.053,0.34,0.621,0.45,0,0.685,76.0,270.8
1607,LMTm_20240215180005_2,LMTm,PULLBACK,SELL,0,2024.02.15 18:00:05,2024.02.16 14:51:25,1251,418.66,422.95,-429.0,-2206.5,1.492,0.011,SL_HIT,418.1775,419.8,417.44,1,0.049,0.475,418.1775,0.4,0,1.0,-0.825,0,0,0,-1,0.0,0,0.671,0.261,0,0.671,0.247,0.088,0.195,0.25,0.0,419.8,0.6,0.159,1,1,0.961,0,223,0.59,2.0,0,0.15,0.206,0.053,0.34,0.621,0.45,0,0.685,76.0,270.8
1608,LMTm_20240215180005_2,LMTm,PULLBACK,SELL,1,2024.02.15 18:00:05,2024.02.16 14:51:25,1251,418.66,422.95,-429.0,-2206.5,1.492,0.011,SL_HIT,418.1775,419.8,417.44,1,0.049,0.475,418.1775,0.4,0,1.0,-0.825,0,0,0,-1,0.0,0,0.671,0.261,0,0.671,0.247,0.088,0.195,0.25,0.0,419.8,0.6,0.159,1,1,0.961,0,223,0.59,2.0,0,0.15,0.206,0.053,0.34,0.621,0.45,0,0.685,76.0,270.8
1577,LMTm_20240215144703_0,LMTm,BREAKOUT,SELL,-1,2024.02.15 14:47:03,2024.02.16 14:55:30,1448,419.18,423.39,-421.0,-2166.5,1.46,0.51,SL_HIT,414.76475,416.6705,411.77,0,0.934,0.232,414.76475,0.45,0,0.8,-1.0,0,0,0,-1,0.0,0,0.599,0.341,0,0.599,0.3,0.053,0.344,0.15,0.0,414.76475,0.73,0.697,1,1,0.0,0,219,0.425,1.05,0,0.15,0.206,0.053,0.34,0.621,0.45,0,0.685,72.0,270.8
1579,LMTm_20240215144703_0,LMTm,BREAKOUT,SELL,1,2024.02.15 14:47:03,2024.02.16 14:55:30,1448,419.18,423.39,-421.0,-2166.5,1.46,0.51,SL_HIT,414.76475,416.6705,411.77,0,0.934,0.232,414.76475,0.45,0,0.8,-1.0,0,0,0,-1,0.0,0,0.599,0.341,0,0.599,0.3,0.053,0.344,0.15,0.0,414.76475,0.73,0.697,1,1,0.0,0,219,0.425,1.05,0,0.15,0.206,0.053,0.34,0.621,0.45,0,0.685,72.0,270.8
1580,LMTm_20240215144705_2,LMTm,PULLBACK,SELL,-1,2024.02.15 14:47:05,2024.02.16 14:55:30,1448,419.11,423.39,-428.0,-2201.5,1.485,0.485,SL_HIT,414.76475,416.6705,411.77,0,0.934,0.232,414.76475,0.45,0,0.8,-1.0,0,0,0,-1,0.0,0,0.599,0.339,0,0.599,0.3,0.053,0.344,0.15,0.0,414.76475,0.73,0.686,1,1,0.0,0,219,0.415,1.03,0,0.15,0.206,0.053,0.34,0.621,0.45,0,0.685,72.0,270.8
1582,LMTm_20240215144705_2,LMTm,PULLBACK,SELL,1,2024.02.15 14:47:05,2024.02.16 14:55:30,1448,419.11,423.39,-428.0,-2201.5,1.485,0.485,SL_HIT,414.76475,416.6705,411.77,0,0.934,0.232,414.76475,0.45,0,0.8,-1.0,0,0,0,-1,0.0,0,0.599,0.339,0,0.599,0.3,0.053,0.344,0.15,0.0,414.76475,0.73,0.686,1,1,0.0,0,219,0.415,1.03,0,0.15,0.206,0.053,0.34,0.621,0.45,0,0.685,72.0,270.8
1636,LMTm_20240216144333_4,LMTm,SWEEP_REVERSAL,SELL,-1,2024.02.16 14:43:33,2024.02.16 14:56:00,12,420.84,423.56,-272.0,-1360.0,0.986,0.0,SL_HIT,420.19725,420.417,418.659,0,0.189,0.027,420.19725,0.6,0,0.45,0.685,2,0,0,-1,0.0,0,0.621,0.372,1,0.621,0.206,0.053,0.34,0.15,0.0,418.659,0.6,0.66,1,2,0.966,0,226,0.151,0.81,0,0.15,0.206,0.053,0.34,0.621,0.45,0,0.685,71.0,270.8
1637,LMTm_20240216144333_4,LMTm,SWEEP_REVERSAL,SELL,0,2024.02.16 14:43:33,2024.02.16 14:56:00,12,420.84,423.56,-272.0,-1360.0,0.986,0.0,SL_HIT,420.19725,420.417,418.659,0,0.189,0.027,420.19725,0.6,0,0.45,0.685,2,0,0,-1,0.0,0,0.621,0.372,1,0.621,0.206,0.053,0.34,0.15,0.0,418.659,0.6,0.66,1,2,0.966,0,226,0.151,0.81,0,0.15,0.206,0.053,0.34,0.621,0.45,0,0.685,71.0,270.8
1638,LMTm_20240216144333_4,LMTm,SWEEP_REVERSAL,SELL,1,2024.02.16 14:43:33,2024.02.16 14:56:00,12,420.84,423.56,-272.0,-1360.0,0.986,0.0,SL_HIT,420.19725,420.417,418.659,0,0.189,0.027,420.19725,0.6,0,0.45,0.685,2,0,0,-1,0.0,0,0.621,0.372,1,0.621,0.206,0.053,0.34,0.15,0.0,418.659,0.6,0.66,1,2,0.966,0,226,0.151,0.81,0,0.15,0.206,0.053,0.34,0.621,0.45,0,0.685,71.0,270.8
1661,LMTm_20240216170010_7,LMTm,ANCHORED_PULLBACK,SELL,-1,2024.02.16 17:00:10,2024.02.16 17:00:16,0,422.05,422.41,-36.0,-180.0,0.0,0.0,SL_HIT,420.9495,422.126,419.954,1,0.379,0.111,420.2255,0.6,0,0.9,0.615,0,0,0,0,0.0,0,0.786,0.362,1,0.786,0.185,0.255,0.335,0.4,0.0,420.9495,0.7,0.273,1,1,0.968,0,229,0.526,3.29,0,0.4,0.185,0.255,0.335,0.786,0.9,1,0.615,33.0,258.4
1662,LMTm_20240216170010_7,LMTm,ANCHORED_PULLBACK,SELL,0,2024.02.16 17:00:10,2024.02.16 17:00:16,0,422.05,422.41,-36.0,-180.0,0.0,0.0,SL_HIT,420.9495,422.126,419.954,1,0.379,0.111,420.2255,0.6,0,0.9,0.615,0,0,0,0,0.0,0,0.786,0.362,1,0.786,0.185,0.255,0.335,0.4,0.0,420.9495,0.7,0.273,1,1,0.968,0,229,0.526,3.29,0,0.4,0.185,0.255,0.335,0.786,0.9,1,0.615,33.0,258.4
1663,LMTm_20240216170010_7,LMTm,ANCHORED_PULLBACK,SELL,1,2024.02.16 17:00:10,2024.02.16 17:00:16,0,422.05,422.41,-36.0,-180.0,0.0,0.0,SL_HIT,420.9495,422.126,419.954,1,0.379,0.111,420.2255,0.6,0,0.9,0.615,0,0,0,0,0.0,0,0.786,0.362,1,0.786,0.185,0.255,0.335,0.4,0.0,420.9495,0.7,0.273,1,1,0.968,0,229,0.526,3.29,0,0.4,0.185,0.255,0.335,0.786,0.9,1,0.615,33.0,258.4
1658,LMTm_20240216164937_5,LMTm,MEAN_REVERSION,SELL,-1,2024.02.16 16:49:37,2024.02.20 14:40:00,5630,421.81,425.05,-324.0,-1866.0,0.562,0.027,SL_HIT,420.15,420.906,418.962,0,0.402,0.357,419.718,0.45,0,0.825,0.755,0,0,0,0,0.0,0,0.73,0.363,1,0.73,0.226,0.0,0.224,0.0,0.0,420.15,0.7,0.336,1,1,0.968,0,228,0.633,0.81,0,0.25,0.226,0.363,0.697,0.577,1.0,0,0.755,75.0,154.9
1659,LMTm_20240216164937_5,LMTm,MEAN_REVERSION,SELL,0,2024.02.16 16:49:37,2024.02.20 14:40:00,5630,421.81,425.05,-324.0,-1866.0,0.562,0.027,SL_HIT,420.15,420.906,418.962,0,0.402,0.357,419.718,0.45,0,0.825,0.755,0,0,0,0,0.0,0,0.73,0.363,1,0.73,0.226,0.0,0.224,0.0,0.0,420.15,0.7,0.336,1,1,0.968,0,228,0.633,0.81,0,0.25,0.226,0.363,0.697,0.577,1.0,0,0.755,75.0,154.9
1660,LMTm_20240216164937_5,LMTm,MEAN_REVERSION,SELL,1,2024.02.16 16:49:37,2024.02.20 14:40:00,5630,421.81,425.05,-324.0,-1866.0,0.562,0.027,SL_HIT,420.15,420.906,418.962,0,0.402,0.357,419.718,0.45,0,0.825,0.755,0,0,0,0,0.0,0,0.73,0.363,1,0.73,0.226,0.0,0.224,0.0,0.0,420.15,0.7,0.336,1,1,0.968,0,228,0.633,0.81,0,0.25,0.226,0.363,0.697,0.577,1.0,0,0.755,75.0,154.9
1667,LMTm_20240216185000_5,LMTm,MEAN_REVERSION,SELL,-1,2024.02.16 18:50:00,2024.02.20 14:40:00,5510,422.59,425.05,-246.0,-1476.0,0.143,0.33,SL_HIT,420.87,422.58,420.24,0,0.062,0.915,420.87,0.65,0,0.975,0.825,0,0,0,0,0.0,0,0.644,0.364,1,0.644,0.247,0.128,0.052,0.0,0.0,420.87,0.739,0.217,1,1,0.968,0,230,0.593,0.83,0,0.25,0.226,0.363,0.697,0.577,1.0,0,0.755,75.0,154.9
1668,LMTm_20240216185000_5,LMTm,MEAN_REVERSION,SELL,0,2024.02.16 18:50:00,2024.02.20 14:40:00,5510,422.59,425.05,-246.0,-1476.0,0.143,0.33,SL_HIT,420.87,422.58,420.24,0,0.062,0.915,420.87,0.65,0,0.975,0.825,0,0,0,0,0.0,0,0.644,0.364,1,0.644,0.247,0.128,0.052,0.0,0.0,420.87,0.739,0.217,1,1,0.968,0,230,0.593,0.83,0,0.25,0.226,0.363,0.697,0.577,1.0,0,0.755,75.0,154.9
1669,LMTm_20240216185000_5,LMTm,MEAN_REVERSION,SELL,1,2024.02.16 18:50:00,2024.02.20 14:40:00,5510,422.59,425.05,-246.0,-1476.0,0.143,0.33,SL_HIT,420.87,422.58,420.24,0,0.062,0.915,420.87,0.65,0,0.975,0.825,0,0,0,0,0.0,0,0.644,0.364,1,0.644,0.247,0.128,0.052,0.0,0.0,420.87,0.739,0.217,1,1,0.968,0,230,0.593,0.83,0,0.25,0.226,0.363,0.697,0.577,1.0,0,0.755,75.0,154.9
1679,LMTm_20240220144013_5,LMTm,MEAN_REVERSION,SELL,-1,2024.02.20 14:40:13,2024.02.20 14:50:42,10,424.26,425.54,-128.0,-640.0,0.781,0.0,SL_HIT,422.5635,422.79,421.884,0,1.121,0.536,422.1105,0.3,0,1.0,0.755,4,0,0,0,0.0,0,0.675,0.405,1,0.675,0.226,0.363,0.397,0.25,0.0,422.5635,0.7,0.622,1,1,0.972,0,233,0.624,1.37,0,0.25,0.226,0.363,0.397,0.675,1.0,0,0.755,67.0,154.9
1680,LMTm_20240220144013_5,LMTm,MEAN_REVERSION,SELL,0,2024.02.20 14:40:13,2024.02.20 14:50:42,10,424.26,425.54,-128.0,-640.0,0.781,0.0,SL_HIT,422.5635,422.79,421.884,0,1.121,0.536,422.1105,0.3,0,1.0,0.755,4,0,0,0,0.0,0,0.675,0.405,1,0.675,0.226,0.363,0.397,0.25,0.0,422.5635,0.7,0.622,1,1,0.972,0,233,0.624,1.37,0,0.25,0.226,0.363,0.397,0.675,1.0,0,0.755,67.0,154.9
1681,LMTm_20240220144013_5,LMTm,MEAN_REVERSION,SELL,1,2024.02.20 14:40:13,2024.02.20 14:50:42,10,424.26,425.54,-128.0,-640.0,0.781,0.0,SL_HIT,422.5635,422.79,421.884,0,1.121,0.536,422.1105,0.3,0,1.0,0.755,4,0,0,0,0.0,0,0.675,0.405,1,0.675,0.226,0.363,0.397,0.25,0.0,422.5635,0.7,0.622,1,1,0.972,0,233,0.624,1.37,0,0.25,0.226,0.363,0.397,0.675,1.0,0,0.755,67.0,154.9
1684,LMTm_20240220144117_6,LMTm,NAKED_POC,SELL,1,2024.02.20 14:41:17,2024.02.20 15:23:04,41,424.5,425.15,-65.0,-325.0,0.749,0.42,SL_HIT,422.5635,422.79,421.884,0,1.121,0.536,422.1105,0.3,0,1.0,0.755,4,0,0,0,0.0,0,0.675,0.413,1,0.675,0.226,0.363,0.397,0.25,0.0,422.5635,0.7,0.692,1,1,0.972,0,233,0.583,1.05,0,0.0,0.29,0.15,0.249,0.622,1.0,0,0.965,49.0,150.5
1683,LMTm_20240220144117_6,LMTm,NAKED_POC,SELL,0,2024.02.20 14:41:17,2024.02.20 15:23:24,42,424.5,425.28,-78.0,-390.0,0.749,0.42,SL_HIT,422.5635,422.79,421.884,0,1.121,0.536,422.1105,0.3,0,1.0,0.755,4,0,0,0,0.0,0,0.675,0.413,1,0.675,0.226,0.363,0.397,0.25,0.0,422.5635,0.7,0.692,1,1,0.972,0,233,0.583,1.05,0,0.0,0.29,0.15,0.26,0.622,1.0,0,0.965,49.0,150.5
1676,LMTm_20240220144006_4,LMTm,SWEEP_REVERSAL,SELL,-1,2024.02.20 14:40:06,2024.02.20 15:27:38,47,424.25,425.83,-158.0,-790.0,0.988,0.258,SL_HIT,422.5635,422.79,421.884,0,1.121,0.536,422.1105,0.3,0,1.0,0.755,4,0,0,0,0.0,0,0.675,0.404,1,0.675,0.226,0.363,0.397,0.25,0.0,422.5635,0.7,0.619,1,1,0.972,0,233,0.267,1.09,0,0.0,0.29,0.15,0.286,0.622,1.0,0,0.965,47.0,150.5
1677,LMTm_20240220144006_4,LMTm,SWEEP_REVERSAL,SELL,0,2024.02.20 14:40:06,2024.02.20 15:27:38,47,424.25,425.83,-158.0,-790.0,0.988,0.258,SL_HIT,422.5635,422.79,421.884,0,1.121,0.536,422.1105,0.3,0,1.0,0.755,4,0,0,0,0.0,0,0.675,0.404,1,0.675,0.226,0.363,0.397,0.25,0.0,422.5635,0.7,0.619,1,1,0.972,0,233,0.267,1.09,0,0.0,0.29,0.15,0.286,0.622,1.0,0,0.965,47.0,150.5
1678,LMTm_20240220144006_4,LMTm,SWEEP_REVERSAL,SELL,1,2024.02.20 14:40:06,2024.02.20 15:27:38,47,424.25,425.83,-158.0,-790.0,0.988,0.258,SL_HIT,422.5635,422.79,421.884,0,1.121,0.536,422.1105,0.3,0,1.0,0.755,4,0,0,0,0.0,0,0.675,0.404,1,0.675,0.226,0.363,0.397,0.25,0.0,422.5635,0.7,0.619,1,1,0.972,0,233,0.267,1.09,0,0.0,0.29,0.15,0.286,0.622,1.0,0,0.965,47.0,150.5
1693,LMTm_20240220164013_5,LMTm,MEAN_REVERSION,SELL,-1,2024.02.20 16:40:13,2024.02.20 16:51:06,10,424.01,424.49,-48.0,-240.0,0.28,0.007,SL_HIT,422.37025,424.313,421.45,1,1.573,0.875,422.37025,0.7,1,1.0,1.0,0,0,0,0,0.0,4,0.564,0.41,1,0.548,0.3,0.0,0.168,0.0,0.0,422.37025,0.738,0.56,1,-2,0.972,0,235,0.552,3.65,4,0.0,0.3,0.0,0.198,0.548,1.0,1,1.0,34.0,146.6
1694,LMTm_20240220164013_5,LMTm,MEAN_REVERSION,SELL,0,2024.02.20 16:40:13,2024.02.20 16:51:06,10,424.01,424.49,-48.0,-240.0,0.28,0.007,SL_HIT,422.37025,424.313,421.45,1,1.573,0.875,422.37025,0.7,1,1.0,1.0,0,0,0,0,0.0,4,0.564,0.41,1,0.548,0.3,0.0,0.168,0.0,0.0,422.37025,0.738,0.56,1,-2,0.972,0,235,0.552,3.65,4,0.0,0.3,0.0,0.198,0.548,1.0,1,1.0,34.0,146.6
1695,LMTm_20240220164013_5,LMTm,MEAN_REVERSION,SELL,1,2024.02.20 16:40:13,2024.02.20 16:51:06,10,424.01,424.49,-48.0,-240.0,0.28,0.007,SL_HIT,422.37025,424.313,421.45,1,1.573,0.875,422.37025,0.7,1,1.0,1.0,0,0,0,0,0.0,4,0.564,0.41,1,0.548,0.3,0.0,0.168,0.0,0.0,422.37025,0.738,0.56,1,-2,0.972,0,235,0.552,3.65,4,0.0,0.3,0.0,0.198,0.548,1.0,1,1.0,34.0,146.6
1696,LMTm_20240220164124_6,LMTm,NAKED_POC,SELL,-1,2024.02.20 16:41:24,2024.02.20 16:51:20,9,423.87,424.55,-68.0,-340.0,0.423,0.0,SL_HIT,422.37025,424.313,421.45,1,1.573,0.875,422.37025,0.7,1,1.0,1.0,0,0,0,0,0.0,4,0.564,0.409,1,0.548,0.3,0.0,0.242,0.0,0.0,424.313,0.6,0.553,1,-2,0.972,0,235,0.612,2.35,4,0.0,0.3,0.0,0.198,0.548,1.0,1,1.0,34.0,146.6
1697,LMTm_20240220164124_6,LMTm,NAKED_POC,SELL,0,2024.02.20 16:41:24,2024.02.20 16:51:20,9,423.87,424.55,-68.0,-340.0,0.423,0.0,SL_HIT,422.37025,424.313,421.45,1,1.573,0.875,422.37025,0.7,1,1.0,1.0,0,0,0,0,0.0,4,0.564,0.409,1,0.548,0.3,0.0,0.242,0.0,0.0,424.313,0.6,0.553,1,-2,0.972,0,235,0.612,2.35,4,0.0,0.3,0.0,0.198,0.548,1.0,1,1.0,34.0,146.6
1698,LMTm_20240220164124_6,LMTm,NAKED_POC,SELL,1,2024.02.20 16:41:24,2024.02.20 16:51:20,9,423.87,424.55,-68.0,-340.0,0.423,0.0,SL_HIT,422.37025,424.313,421.45,1,1.573,0.875,422.37025,0.7,1,1.0,1.0,0,0,0,0,0.0,4,0.564,0.409,1,0.548,0.3,0.0,0.242,0.0,0.0,424.313,0.6,0.553,1,-2,0.972,0,235,0.612,2.35,4,0.0,0.3,0.0,0.198,0.548,1.0,1,1.0,34.0,146.6
1711,LMTm_20240220190000_7,LMTm,ANCHORED_PULLBACK,SELL,-1,2024.02.20 19:00:00,2024.02.20 19:01:59,1,423.57,423.98,-41.0,-205.0,0.284,0.0,SL_HIT,423.9645,424.992,423.622,0,0.287,0.211,423.9645,0.5,0,1.0,0.825,0,0,0,0,0.0,0,0.609,0.356,1,0.609,0.247,0.298,0.365,0.4,-0.0448,424.033,0.55,0.368,1,-2,0.972,0,238,0.549,6.67,0,0.4,0.247,0.298,0.368,0.627,1.0,1,0.825,30.0,137.4
1712,LMTm_20240220190000_7,LMTm,ANCHORED_PULLBACK,SELL,0,2024.02.20 19:00:00,2024.02.20 19:01:59,1,423.57,423.98,-41.0,-205.0,0.284,0.0,SL_HIT,423.9645,424.992,423.622,0,0.287,0.211,423.9645,0.5,0,1.0,0.825,0,0,0,0,0.0,0,0.609,0.356,1,0.609,0.247,0.298,0.365,0.4,-0.0448,424.033,0.55,0.368,1,-2,0.972,0,238,0.549,6.67,0,0.4,0.247,0.298,0.368,0.627,1.0,1,0.825,30.0,137.4
1713,LMTm_20240220190000_7,LMTm,ANCHORED_PULLBACK,SELL,1,2024.02.20 19:00:00,2024.02.20 19:01:59,1,423.57,423.98,-41.0,-205.0,0.284,0.0,SL_HIT,423.9645,424.992,423.622,0,0.287,0.211,423.9645,0.5,0,1.0,0.825,0,0,0,0,0.0,0,0.609,0.356,1,0.609,0.247,0.298,0.365,0.4,-0.0448,424.033,0.55,0.368,1,-2,0.972,0,238,0.549,6.67,0,0.4,0.247,0.298,0.368,0.627,1.0,1,0.825,30.0,137.4
1682,LMTm_20240220144117_6,LMTm,NAKED_POC,SELL,-1,2024.02.20 14:41:17,2024.02.21 14:40:33,1439,424.5,422.32,218.0,1028.5,0.975,1.711,TP_HIT,422.5635,422.79,421.884,0,1.121,0.536,422.1105,0.3,0,1.0,0.755,4,0,0,0,0.0,0,0.675,0.413,1,0.675,0.226,0.363,0.397,0.25,0.0,422.5635,0.7,0.692,1,1,0.972,0,233,0.583,1.05,0,0.4,0.247,0.258,0.437,0.563,1.0,0,0.825,70.0,138.6
1705,LMTm_20240220184210_0,LMTm,BREAKOUT,SELL,-1,2024.02.20 18:42:10,2024.02.21 14:40:33,1198,423.24,422.32,92.0,398.5,0.525,0.973,TP_HIT,424.00625,425.131,423.6995,0,0.052,0.767,424.00625,0.35,0,0.8,0.825,0,0,0,0,0.0,0,0.609,0.324,0,0.609,0.247,0.088,0.4,0.25,0.0,424.00625,0.731,0.338,1,-2,0.972,0,237,0.421,1.02,0,0.4,0.247,0.258,0.437,0.563,1.0,0,0.825,70.0,138.6
1706,LMTm_20240220184210_0,LMTm,BREAKOUT,SELL,0,2024.02.20 18:42:10,2024.02.21 14:40:33,1198,423.24,422.32,92.0,398.5,0.525,0.973,TP_HIT,424.00625,425.131,423.6995,0,0.052,0.767,424.00625,0.35,0,0.8,0.825,0,0,0,0,0.0,0,0.609,0.324,0,0.609,0.247,0.088,0.4,0.25,0.0,424.00625,0.731,0.338,1,-2,0.972,0,237,0.421,1.02,0,0.4,0.247,0.258,0.437,0.563,1.0,0,0.825,70.0,138.6
1707,LMTm_20240220184210_0,LMTm,BREAKOUT,SELL,1,2024.02.20 18:42:10,2024.02.21 14:40:33,1198,423.24,422.32,92.0,398.5,0.525,0.973,TP_HIT,424.00625,425.131,423.6995,0,0.052,0.767,424.00625,0.35,0,0.8,0.825,0,0,0,0,0.0,0,0.609,0.324,0,0.609,0.247,0.088,0.4,0.25,0.0,424.00625,0.731,0.338,1,-2,0.972,0,237,0.421,1.02,0,0.4,0.247,0.258,0.437,0.563,1.0,0,0.825,70.0,138.6
1708,LMTm_20240220185030_6,LMTm,NAKED_POC,SELL,-1,2024.02.20 18:50:30,2024.02.21 14:40:33,1190,423.44,422.32,112.0,498.5,0.385,1.112,TP_HIT,424.00625,425.131,423.6995,0,0.052,0.767,424.00625,0.35,0,0.8,0.825,0,0,0,0,0.0,0,0.609,0.325,0,0.609,0.247,0.088,0.388,0.25,0.0,424.00625,0.731,0.35,1,-2,0.972,0,237,0.67,1.03,0,0.4,0.247,0.258,0.437,0.563,1.0,0,0.825,70.0,138.6
1709,LMTm_20240220185030_6,LMTm,NAKED_POC,SELL,0,2024.02.20 18:50:30,2024.02.21 14:40:33,1190,423.44,422.32,112.0,498.5,0.385,1.112,TP_HIT,424.00625,425.131,423.6995,0,0.052,0.767,424.00625,0.35,0,0.8,0.825,0,0,0,0,0.0,0,0.609,0.325,0,0.609,0.247,0.088,0.388,0.25,0.0,424.00625,0.731,0.35,1,-2,0.972,0,237,0.67,1.03,0,0.4,0.247,0.258,0.437,0.563,1.0,0,0.825,70.0,138.6
1710,LMTm_20240220185030_6,LMTm,NAKED_POC,SELL,1,2024.02.20 18:50:30,2024.02.21 14:40:33,1190,423.44,422.32,112.0,498.5,0.385,1.112,TP_HIT,424.00625,425.131,423.6995,0,0.052,0.767,424.00625,0.35,0,0.8,0.825,0,0,0,0,0.0,0,0.609,0.325,0,0.609,0.247,0.088,0.388,0.25,0.0,424.00625,0.731,0.35,1,-2,0.972,0,237,0.67,1.03,0,0.4,0.247,0.258,0.437,0.563,1.0,0,0.825,70.0,138.6
1720,LMTm_20240221144007_7,LMTm,ANCHORED_PULLBACK,SELL,-1,2024.02.21 14:40:07,2024.02.21 14:42:08,2,421.87,422.85,-98.0,-490.0,0.642,0.0,SL_HIT,424.071,424.314,422.694,0,0.806,0.129,424.071,0.5,0,1.0,0.825,0,0,0,0,0.0,0,0.563,0.322,0,0.563,0.247,0.258,0.403,0.4,0.0,423.099,0.55,0.669,1,2,0.972,0,240,0.338,2.87,0,0.4,0.247,0.258,0.454,0.563,1.0,0,0.825,71.0,138.6
1721,LMTm_20240221144007_7,LMTm,ANCHORED_PULLBACK,SELL,0,2024.02.21 14:40:07,2024.02.21 14:42:08,2,421.87,422.85,-98.0,-490.0,0.642,0.0,SL_HIT,424.071,424.314,422.694,0,0.806,0.129,424.071,0.5,0,1.0,0.825,0,0,0,0,0.0,0,0.563,0.322,0,0.563,0.247,0.258,0.403,0.4,0.0,423.099,0.55,0.669,1,2,0.972,0,240,0.338,2.87,0,0.4,0.247,0.258,0.454,0.563,1.0,0,0.825,71.0,138.6
1722,LMTm_20240221144007_7,LMTm,ANCHORED_PULLBACK,SELL,1,2024.02.21 14:40:07,2024.02.21 14:42:08,2,421.87,422.85,-98.0,-490.0,0.642,0.0,SL_HIT,424.071,424.314,422.694,0,0.806,0.129,424.071,0.5,0,1.0,0.825,0,0,0,0,0.0,0,0.563,0.322,0,0.563,0.247,0.258,0.403,0.4,0.0,423.099,0.55,0.669,1,2,0.972,0,240,0.338,2.87,0,0.4,0.247,0.258,0.454,0.563,1.0,0,0.825,71.0,138.6
1717,LMTm_20240221144002_0,LMTm,BREAKOUT,SELL,-1,2024.02.21 14:40:02,2024.02.21 14:45:32,5,421.85,423.1,-125.0,-625.0,0.801,0.0,SL_HIT,424.071,424.314,422.694,0,0.806,0.129,424.071,0.5,0,1.0,0.825,0,0,0,0,0.0,0,0.563,0.323,0,0.563,0.247,0.258,0.403,0.4,0.0,423.099,0.55,0.676,1,2,0.972,0,240,0.481,2.83,0,0.4,0.247,0.258,0.351,0.563,1.0,0,0.825,70.0,138.6
1718,LMTm_20240221144002_0,LMTm,BREAKOUT,SELL,0,2024.02.21 14:40:02,2024.02.21 14:45:32,5,421.85,423.1,-125.0,-625.0,0.801,0.0,SL_HIT,424.071,424.314,422.694,0,0.806,0.129,424.071,0.5,0,1.0,0.825,0,0,0,0,0.0,0,0.563,0.323,0,0.563,0.247,0.258,0.403,0.4,0.0,423.099,0.55,0.676,1,2,0.972,0,240,0.481,2.83,0,0.4,0.247,0.258,0.351,0.563,1.0,0,0.825,70.0,138.6
1719,LMTm_20240221144002_0,LMTm,BREAKOUT,SELL,1,2024.02.21 14:40:02,2024.02.21 14:45:32,5,421.85,423.1,-125.0,-625.0,0.801,0.0,SL_HIT,424.071,424.314,422.694,0,0.806,0.129,424.071,0.5,0,1.0,0.825,0,0,0,0,0.0,0,0.563,0.323,0,0.563,0.247,0.258,0.403,0.4,0.0,423.099,0.55,0.676,1,2,0.972,0,240,0.481,2.83,0,0.4,0.247,0.258,0.351,0.563,1.0,0,0.825,70.0,138.6
1742,LMTm_20240221164627_2,LMTm,PULLBACK,SELL,-1,2024.02.21 16:46:27,2024.02.21 17:13:30,27,424.61,425.41,-80.0,-400.0,0.538,0.022,SL_HIT,423.333,424.206,422.266,0,0.881,0.036,423.333,0.5,0,0.605,-0.6383,0,0,0,0,0.0,0,0.73,0.398,1,0.73,0.191,0.188,0.325,0.15,0.0,423.333,0.734,0.432,1,2,0.974,0,242,0.339,1.63,0,0.25,0.164,0.229,0.311,0.651,0.75,0,-0.545,38.0,134.1
1743,LMTm_20240221164627_2,LMTm,PULLBACK,SELL,0,2024.02.21 16:46:27,2024.02.21 17:13:30,27,424.61,425.41,-80.0,-400.0,0.538,0.022,SL_HIT,423.333,424.206,422.266,0,0.881,0.036,423.333,0.5,0,0.605,-0.6383,0,0,0,0,0.0,0,0.73,0.398,1,0.73,0.191,0.188,0.325,0.15,0.0,423.333,0.734,0.432,1,2,0.974,0,242,0.339,1.63,0,0.25,0.164,0.229,0.311,0.651,0.75,0,-0.545,38.0,134.1
1744,LMTm_20240221164627_2,LMTm,PULLBACK,SELL,1,2024.02.21 16:46:27,2024.02.21 17:13:30,27,424.61,425.41,-80.0,-400.0,0.538,0.022,SL_HIT,423.333,424.206,422.266,0,0.881,0.036,423.333,0.5,0,0.605,-0.6383,0,0,0,0,0.0,0,0.73,0.398,1,0.73,0.191,0.188,0.325,0.15,0.0,423.333,0.734,0.432,1,2,0.974,0,242,0.339,1.63,0,0.25,0.164,0.229,0.311,0.651,0.75,0,-0.545,38.0,134.1
1751,LMTm_20240221184130_7,LMTm,ANCHORED_PULLBACK,SELL,-1,2024.02.21 18:41:30,2024.02.21 18:41:59,0,423.96,424.33,-37.0,-185.0,0.0,0.0,SL_HIT,424.497,425.37,423.236,1,0.125,0.297,424.497,0.55,0,0.55,-0.58,0,0,0,0,0.0,0,0.71,0.255,0,0.71,0.174,0.14,0.339,0.4,0.0,424.497,0.727,0.179,1,2,0.974,0,244,0.477,1.93,0,0.4,0.174,0.14,0.339,0.71,0.55,1,-0.58,34.0,137.9
1752,LMTm_20240221184130_7,LMTm,ANCHORED_PULLBACK,SELL,0,2024.02.21 18:41:30,2024.02.21 18:41:59,0,423.96,424.33,-37.0,-185.0,0.0,0.0,SL_HIT,424.497,425.37,423.236,1,0.125,0.297,424.497,0.55,0,0.55,-0.58,0,0,0,0,0.0,0,0.71,0.255,0,0.71,0.174,0.14,0.339,0.4,0.0,424.497,0.727,0.179,1,2,0.974,0,244,0.477,1.93,0,0.4,0.174,0.14,0.339,0.71,0.55,1,-0.58,34.0,137.9
1753,LMTm_20240221184130_7,LMTm,ANCHORED_PULLBACK,SELL,1,2024.02.21 18:41:30,2024.02.21 18:41:59,0,423.96,424.33,-37.0,-185.0,0.0,0.0,SL_HIT,424.497,425.37,423.236,1,0.125,0.297,424.497,0.55,0,0.55,-0.58,0,0,0,0,0.0,0,0.71,0.255,0,0.71,0.174,0.14,0.339,0.4,0.0,424.497,0.727,0.179,1,2,0.974,0,244,0.477,1.93,0,0.4,0.174,0.14,0.339,0.71,0.55,1,-0.58,34.0,137.9
1736,LMTm_20240221164030_4,LMTm,SWEEP_REVERSAL,SELL,-1,2024.02.21 16:40:30,2024.02.22 14:40:00,1319,424.64,421.81,283.0,1353.5,0.61,0.697,TP_HIT,423.333,424.206,422.266,0,0.881,0.036,423.333,0.5,0,0.605,-0.6383,0,0,0,0,0.0,0,0.73,0.399,1,0.73,0.191,0.188,0.325,0.15,0.0,423.333,0.734,0.441,1,2,0.974,0,242,0.192,0.95,0,0.15,0.216,0.302,0.358,0.577,0.5,0,0.72,66.0,143.3
1737,LMTm_20240221164030_4,LMTm,SWEEP_REVERSAL,SELL,0,2024.02.21 16:40:30,2024.02.22 14:40:00,1319,424.64,421.81,283.0,1353.5,0.61,0.697,TP_HIT,423.333,424.206,422.266,0,0.881,0.036,423.333,0.5,0,0.605,-0.6383,0,0,0,0,0.0,0,0.73,0.399,1,0.73,0.191,0.188,0.325,0.15,0.0,423.333,0.734,0.441,1,2,0.974,0,242,0.192,0.95,0,0.15,0.216,0.302,0.358,0.577,0.5,0,0.72,66.0,143.3
1738,LMTm_20240221164030_4,LMTm,SWEEP_REVERSAL,SELL,1,2024.02.21 16:40:30,2024.02.22 14:40:00,1319,424.64,421.81,283.0,1353.5,0.61,0.697,TP_HIT,423.333,424.206,422.266,0,0.881,0.036,423.333,0.5,0,0.605,-0.6383,0,0,0,0,0.0,0,0.73,0.399,1,0.73,0.191,0.188,0.325,0.15,0.0,423.333,0.734,0.441,1,2,0.974,0,242,0.192,0.95,0,0.15,0.216,0.302,0.358,0.577,0.5,0,0.72,66.0,143.3
1739,LMTm_20240221164100_5,LMTm,MEAN_REVERSION,SELL,-1,2024.02.21 16:41:00,2024.02.22 14:40:00,1319,424.64,421.81,283.0,1353.5,0.61,0.697,TP_HIT,423.333,424.206,422.266,0,0.881,0.036,423.333,0.5,0,0.605,-0.6383,0,0,0,0,0.0,0,0.73,0.399,1,0.73,0.191,0.188,0.325,0.15,0.0,423.333,0.734,0.441,1,2,0.974,0,242,0.654,1.19,0,0.15,0.216,0.302,0.358,0.577,0.5,0,0.72,66.0,143.3
1740,LMTm_20240221164100_5,LMTm,MEAN_REVERSION,SELL,0,2024.02.21 16:41:00,2024.02.22 14:40:00,1319,424.64,421.81,283.0,1353.5,0.61,0.697,TP_HIT,423.333,424.206,422.266,0,0.881,0.036,423.333,0.5,0,0.605,-0.6383,0,0,0,0,0.0,0,0.73,0.399,1,0.73,0.191,0.188,0.325,0.15,0.0,423.333,0.734,0.441,1,2,0.974,0,242,0.654,1.19,0,0.15,0.216,0.302,0.358,0.577,0.5,0,0.72,66.0,143.3
1741,LMTm_20240221164100_5,LMTm,MEAN_REVERSION,SELL,1,2024.02.21 16:41:00,2024.02.22 14:40:00,1319,424.64,421.81,283.0,1353.5,0.61,0.697,TP_HIT,423.333,424.206,422.266,0,0.881,0.036,423.333,0.5,0,0.605,-0.6383,0,0,0,0,0.0,0,0.73,0.399,1,0.73,0.191,0.188,0.325,0.15,0.0,423.333,0.734,0.441,1,2,0.974,0,242,0.654,1.19,0,0.15,0.216,0.302,0.358,0.577,0.5,0,0.72,66.0,143.3
1745,LMTm_20240221171320_3,LMTm,TREND_CONTINUATION,SELL,-1,2024.02.21 17:13:20,2024.02.22 14:40:00,1286,424.97,421.81,316.0,1518.5,0.38,0.962,TP_HIT,423.333,424.594,421.49,0,0.005,0.429,423.333,0.8,1,0.75,-0.545,0,0,0,0,0.0,0,0.651,0.379,1,0.651,0.164,0.229,0.247,0.25,0.0,423.333,0.735,0.456,1,2,0.974,0,243,0.433,1.02,0,0.15,0.216,0.302,0.358,0.577,0.5,0,0.72,66.0,143.3
1746,LMTm_20240221171320_3,LMTm,TREND_CONTINUATION,SELL,0,2024.02.21 17:13:20,2024.02.22 14:40:00,1286,424.97,421.81,316.0,1518.5,0.38,0.962,TP_HIT,423.333,424.594,421.49,0,0.005,0.429,423.333,0.8,1,0.75,-0.545,0,0,0,0,0.0,0,0.651,0.379,1,0.651,0.164,0.229,0.247,0.25,0.0,423.333,0.735,0.456,1,2,0.974,0,243,0.433,1.02,0,0.15,0.216,0.302,0.358,0.577,0.5,0,0.72,66.0,143.3
1747,LMTm_20240221171320_3,LMTm,TREND_CONTINUATION,SELL,1,2024.02.21 17:13:20,2024.02.22 14:40:00,1286,424.97,421.81,316.0,1518.5,0.38,0.962,TP_HIT,423.333,424.594,421.49,0,0.005,0.429,423.333,0.8,1,0.75,-0.545,0,0,0,0,0.0,0,0.651,0.379,1,0.651,0.164,0.229,0.247,0.25,0.0,423.333,0.735,0.456,1,2,0.974,0,243,0.433,1.02,0,0.15,0.216,0.302,0.358,0.577,0.5,0,0.72,66.0,143.3
1763,LMTm_20240221190416_1,LMTm,BREAKOUT_RETEST,SELL,-1,2024.02.21 19:04:16,2024.02.22 14:40:00,1175,424.03,421.81,222.0,1048.5,0.713,0.252,TP_HIT,424.52625,425.0325,423.9075,1,0.008,0.235,424.52625,0.5,0,0.309,-0.4988,0,0,0,0,0.0,0,0.808,0.388,1,0.808,0.15,0.181,0.197,0.15,0.0,424.52625,0.746,0.182,1,2,0.974,0,245,0.285,1.08,0,0.15,0.216,0.302,0.358,0.577,0.5,0,0.72,66.0,143.3
1764,LMTm_20240221190416_1,LMTm,BREAKOUT_RETEST,SELL,0,2024.02.21 19:04:16,2024.02.22 14:40:00,1175,424.03,421.81,222.0,1048.5,0.713,0.252,TP_HIT,424.52625,425.0325,423.9075,1,0.008,0.235,424.52625,0.5,0,0.309,-0.4988,0,0,0,0,0.0,0,0.808,0.388,1,0.808,0.15,0.181,0.197,0.15,0.0,424.52625,0.746,0.182,1,2,0.974,0,245,0.285,1.08,0,0.15,0.216,0.302,0.358,0.577,0.5,0,0.72,66.0,143.3
1765,LMTm_20240221190416_1,LMTm,BREAKOUT_RETEST,SELL,1,2024.02.21 19:04:16,2024.02.22 14:40:00,1175,424.03,421.81,222.0,1048.5,0.713,0.252,TP_HIT,424.52625,425.0325,423.9075,1,0.008,0.235,424.52625,0.5,0,0.309,-0.4988,0,0,0,0,0.0,0,0.808,0.388,1,0.808,0.15,0.181,0.197,0.15,0.0,424.52625,0.746,0.182,1,2,0.974,0,245,0.285,1.08,0,0.15,0.216,0.302,0.358,0.577,0.5,0,0.72,66.0,143.3
1759,LMTm_20240221184630_2,LMTm,PULLBACK,SELL,1,2024.02.21 18:46:30,2024.02.22 14:45:32,1199,423.88,422.51,137.0,623.5,0.827,1.516,TRAIL_STOP,424.497,425.37,423.236,1,0.125,0.297,424.497,0.55,0,0.55,-0.58,0,0,0,0,0.0,0,0.71,0.258,0,0.71,0.174,0.14,0.339,0.4,0.0,424.497,0.727,0.202,1,2,0.974,0,244,0.432,1.29,0,0.15,0.216,0.302,0.36,0.599,0.5,0,0.72,63.0,143.3
1758,LMTm_20240221184630_2,LMTm,PULLBACK,SELL,0,2024.02.21 18:46:30,2024.02.22 14:45:34,1199,423.88,422.61,127.0,573.5,0.827,1.516,TRAIL_STOP,424.497,425.37,423.236,1,0.125,0.297,424.497,0.55,0,0.55,-0.58,0,0,0,0,0.0,0,0.71,0.258,0,0.71,0.174,0.14,0.339,0.4,0.0,424.497,0.727,0.202,1,2,0.974,0,244,0.432,1.29,0,0.15,0.216,0.302,0.36,0.599,0.5,0,0.72,63.0,143.3
1761,LMTm_20240221190000_0,LMTm,BREAKOUT,SELL,0,2024.02.21 19:00:00,2024.02.22 14:49:23,1189,423.84,422.72,112.0,498.5,0.85,1.477,TRAIL_STOP,424.52625,425.0325,423.9075,0,0.008,0.235,424.52625,0.5,0,0.309,-0.4988,0,0,0,0,0.0,1,1.0,0.425,1,0.795,0.15,0.181,0.389,0.15,-0.727,424.52625,0.746,0.081,1,2,0.974,0,245,0.299,1.67,0,0.15,0.216,0.302,0.36,0.599,0.5,0,0.72,62.0,143.3
1762,LMTm_20240221190000_0,LMTm,BREAKOUT,SELL,1,2024.02.21 19:00:00,2024.02.22 14:49:23,1189,423.84,422.72,112.0,498.5,0.85,1.477,TRAIL_STOP,424.52625,425.0325,423.9075,0,0.008,0.235,424.52625,0.5,0,0.309,-0.4988,0,0,0,0,0.0,1,1.0,0.425,1,0.795,0.15,0.181,0.389,0.15,-0.727,424.52625,0.746,0.081,1,2,0.974,0,245,0.299,1.67,0,0.15,0.216,0.302,0.36,0.599,0.5,0,0.72,62.0,143.3
1768,LMTm_20240221191320_3,LMTm,TREND_CONTINUATION,SELL,1,2024.02.21 19:13:20,2024.02.22 14:49:26,1176,424.15,422.78,137.0,623.5,0.627,1.7,TRAIL_STOP,424.52625,425.0325,423.9075,1,0.008,0.235,424.52625,0.5,0,0.309,-0.4988,0,0,0,0,0.0,0,0.808,0.39,1,0.808,0.15,0.181,0.148,0.15,0.0,425.0325,0.6,0.2,1,2,0.974,0,245,0.278,2.08,0,0.15,0.216,0.302,0.36,0.599,0.5,0,0.72,62.0,143.3
1767,LMTm_20240221191320_3,LMTm,TREND_CONTINUATION,SELL,0,2024.02.21 19:13:20,2024.02.22 14:54:27,1181,424.15,423.72,43.0,153.5,0.627,1.7,TRAIL_STOP,424.52625,425.0325,423.9075,1,0.008,0.235,424.52625,0.5,0,0.309,-0.4988,0,0,0,0,0.0,0,0.808,0.39,1,0.808,0.15,0.181,0.148,0.15,0.0,425.0325,0.6,0.2,1,2,0.974,0,245,0.278,2.08,0,0.15,0.216,0.302,0.36,0.599,0.5,0,0.72,61.0,143.3
1781,LMTm_20240222144000_0,LMTm,BREAKOUT,SELL,-1,2024.02.22 14:40:00,2024.02.22 15:05:36,25,421.15,424.0,-285.0,-1425.0,1.919,0.0,SL_HIT,423.81625,424.705,423.7175,0,1.861,0.207,423.81625,0.25,0,0.5,0.72,4,0,0,-1,0.0,0,0.577,0.374,1,0.577,0.216,0.302,0.358,0.15,0.0136,423.81625,0.75,0.959,1,-2,0.0,0,247,0.413,1.27,0,0.4,0.174,0.14,0.424,0.693,0.825,0,0.58,53.0,149.2
1782,LMTm_20240222144000_0,LMTm,BREAKOUT,SELL,0,2024.02.22 14:40:00,2024.02.22 15:05:36,25,421.15,424.0,-285.0,-1425.0,1.919,0.0,SL_HIT,423.81625,424.705,423.7175,0,1.861,0.207,423.81625,0.25,0,0.5,0.72,4,0,0,-1,0.0,0,0.577,0.374,1,0.577,0.216,0.302,0.358,0.15,0.0136,423.81625,0.75,0.959,1,-2,0.0,0,247,0.413,1.27,0,0.4,0.174,0.14,0.424,0.693,0.825,0,0.58,53.0,149.2
1783,LMTm_20240222144000_0,LMTm,BREAKOUT,SELL,1,2024.02.22 14:40:00,2024.02.22 15:05:36,25,421.15,424.0,-285.0,-1425.0,1.919,0.0,SL_HIT,423.81625,424.705,423.7175,0,1.861,0.207,423.81625,0.25,0,0.5,0.72,4,0,0,-1,0.0,0,0.577,0.374,1,0.577,0.216,0.302,0.358,0.15,0.0136,423.81625,0.75,0.959,1,-2,0.0,0,247,0.413,1.27,0,0.4,0.174,0.14,0.424,0.693,0.825,0,0.58,53.0,149.2
1790,LMTm_20240222145304_7,LMTm,ANCHORED_PULLBACK,SELL,0,2024.02.22 14:53:04,2024.02.22 16:42:23,109,422.72,423.25,-53.0,-265.0,0.893,0.586,SL_HIT,423.81625,424.705,423.7175,0,1.861,0.207,423.81625,0.25,0,0.5,0.72,4,0,0,-1,0.0,0,0.599,0.322,0,0.599,0.216,0.302,0.36,0.15,0.0,423.81625,0.75,0.468,1,-2,0.0,0,247,0.183,2.02,0,0.25,0.148,0.088,0.356,0.635,0.716,1,0.4922,32.0,147.6
1789,LMTm_20240222145304_7,LMTm,ANCHORED_PULLBACK,SELL,-1,2024.02.22 14:53:04,2024.02.22 17:17:59,144,422.72,424.15,-143.0,-715.0,0.984,0.586,SL_HIT,423.81625,424.705,423.7175,0,1.861,0.207,423.81625,0.25,0,0.5,0.72,4,0,0,-1,0.0,0,0.599,0.322,0,0.599,0.216,0.302,0.36,0.15,0.0,423.81625,0.75,0.468,1,-2,0.0,0,247,0.183,2.02,0,0.0,0.188,0.0,0.027,0.629,0.392,1,-0.6268,33.0,148.9
1791,LMTm_20240222145304_7,LMTm,ANCHORED_PULLBACK,SELL,1,2024.02.22 14:53:04,2024.02.22 17:17:59,144,422.72,424.15,-143.0,-715.0,0.984,0.586,SL_HIT,423.81625,424.705,423.7175,0,1.861,0.207,423.81625,0.25,0,0.5,0.72,4,0,0,-1,0.0,0,0.599,0.322,0,0.599,0.216,0.302,0.36,0.15,0.0,423.81625,0.75,0.468,1,-2,0.0,0,247,0.183,2.02,0,0.0,0.188,0.0,0.027,0.629,0.392,1,-0.6268,33.0,148.9
1766,LMTm_20240221191320_3,LMTm,TREND_CONTINUATION,SELL,-1,2024.02.21 19:13:20,2024.02.22 19:22:16,1448,424.15,425.83,-168.0,-901.5,1.196,1.7,SL_HIT,424.52625,425.0325,423.9075,1,0.008,0.235,424.52625,0.5,0,0.309,-0.4988,0,0,0,0,0.0,0,0.808,0.39,1,0.808,0.15,0.181,0.148,0.15,0.0,425.0325,0.6,0.2,1,2,0.974,0,245,0.278,2.08,4,0.4,0.174,0.14,0.387,0.645,0.825,0,-0.58,29.0,153.8
1757,LMTm_20240221184630_2,LMTm,PULLBACK,SELL,-1,2024.02.21 18:46:30,2024.02.22 19:25:34,1479,423.88,425.95,-207.0,-1096.5,1.473,1.516,SL_HIT,424.497,425.37,423.236,1,0.125,0.297,424.497,0.55,0,0.55,-0.58,0,0,0,0,0.0,0,0.71,0.258,0,0.71,0.174,0.14,0.339,0.4,0.0,424.497,0.727,0.202,1,2,0.974,0,244,0.432,1.29,4,0.4,0.174,0.14,0.387,0.645,0.825,0,-0.58,30.0,153.8
1760,LMTm_20240221190000_0,LMTm,BREAKOUT,SELL,-1,2024.02.21 19:00:00,2024.02.22 19:25:34,1465,423.84,425.95,-211.0,-1116.5,1.492,1.477,SL_HIT,424.52625,425.0325,423.9075,0,0.008,0.235,424.52625,0.5,0,0.309,-0.4988,0,0,0,0,0.0,1,1.0,0.425,1,0.795,0.15,0.181,0.389,0.15,-0.727,424.52625,0.746,0.081,1,2,0.974,0,245,0.299,1.67,4,0.4,0.174,0.14,0.387,0.645,0.825,0,-0.58,30.0,153.8
1805,LMTm_20240222184059_5,LMTm,MEAN_REVERSION,SELL,-1,2024.02.22 18:40:59,2024.02.23 14:40:30,1199,424.87,426.58,-171.0,-916.5,0.8,0.116,SL_HIT,422.25825,423.7075,421.6615,0,1.046,0.164,422.08775,0.6,0,0.5,-0.545,0,0,0,0,0.0,0,0.677,0.351,1,0.677,0.164,0.14,0.431,0.4,0.0,422.08775,0.741,0.782,1,-2,0.0,0,251,0.627,2.24,0,0.15,0.206,0.053,0.656,0.706,0.45,0,0.685,53.0,153.6
1806,LMTm_20240222184059_5,LMTm,MEAN_REVERSION,SELL,0,2024.02.22 18:40:59,2024.02.23 14:40:30,1199,424.87,426.58,-171.0,-916.5,0.8,0.116,SL_HIT,422.25825,423.7075,421.6615,0,1.046,0.164,422.08775,0.6,0,0.5,-0.545,0,0,0,0,0.0,0,0.677,0.351,1,0.677,0.164,0.14,0.431,0.4,0.0,422.08775,0.741,0.782,1,-2,0.0,0,251,0.627,2.24,0,0.15,0.206,0.053,0.656,0.706,0.45,0,0.685,53.0,153.6
1807,LMTm_20240222184059_5,LMTm,MEAN_REVERSION,SELL,1,2024.02.22 18:40:59,2024.02.23 14:40:30,1199,424.87,426.58,-171.0,-916.5,0.8,0.116,SL_HIT,422.25825,423.7075,421.6615,0,1.046,0.164,422.08775,0.6,0,0.5,-0.545,0,0,0,0,0.0,0,0.677,0.351,1,0.677,0.164,0.14,0.431,0.4,0.0,422.08775,0.741,0.782,1,-2,0.0,0,251,0.627,2.24,0,0.15,0.206,0.053,0.656,0.706,0.45,0,0.685,53.0,153.6
1808,LMTm_20240222185012_4,LMTm,SWEEP_REVERSAL,SELL,-1,2024.02.22 18:50:12,2024.02.23 14:40:30,1190,424.92,426.58,-166.0,-891.5,0.768,0.148,SL_HIT,422.25825,423.7075,421.6615,0,1.046,0.164,422.08775,0.6,0,0.5,-0.545,0,0,0,0,0.0,0,0.677,0.353,1,0.677,0.164,0.14,0.431,0.4,0.0,422.08775,0.741,0.796,1,-2,0.0,0,251,0.243,1.83,0,0.15,0.206,0.053,0.656,0.706,0.45,0,0.685,53.0,153.6
1809,LMTm_20240222185012_4,LMTm,SWEEP_REVERSAL,SELL,0,2024.02.22 18:50:12,2024.02.23 14:40:30,1190,424.92,426.58,-166.0,-891.5,0.768,0.148,SL_HIT,422.25825,423.7075,421.6615,0,1.046,0.164,422.08775,0.6,0,0.5,-0.545,0,0,0,0,0.0,0,0.677,0.353,1,0.677,0.164,0.14,0.431,0.4,0.0,422.08775,0.741,0.796,1,-2,0.0,0,251,0.243,1.83,0,0.15,0.206,0.053,0.656,0.706,0.45,0,0.685,53.0,153.6
1810,LMTm_20240222185012_4,LMTm,SWEEP_REVERSAL,SELL,1,2024.02.22 18:50:12,2024.02.23 14:40:30,1190,424.92,426.58,-166.0,-891.5,0.768,0.148,SL_HIT,422.25825,423.7075,421.6615,0,1.046,0.164,422.08775,0.6,0,0.5,-0.545,0,0,0,0,0.0,0,0.677,0.353,1,0.677,0.164,0.14,0.431,0.4,0.0,422.08775,0.741,0.796,1,-2,0.0,0,251,0.243,1.83,0,0.15,0.206,0.053,0.656,0.706,0.45,0,0.685,53.0,153.6
1802,LMTm_20240222184030_3,LMTm,TREND_CONTINUATION,SELL,-1,2024.02.22 18:40:30,2024.02.23 14:41:22,1200,424.88,426.78,-190.0,-1011.5,1.168,0.123,SL_HIT,422.25825,423.7075,421.6615,0,1.046,0.164,422.08775,0.6,0,0.5,-0.545,0,0,0,0,0.0,0,0.677,0.351,1,0.677,0.164,0.14,0.431,0.4,0.0,422.08775,0.741,0.785,1,-2,0.0,0,251,0.338,1.5,0,0.15,0.206,0.053,0.356,0.714,0.45,0,0.685,52.0,153.6
1803,LMTm_20240222184030_3,LMTm,TREND_CONTINUATION,SELL,0,2024.02.22 18:40:30,2024.02.23 14:41:22,1200,424.88,426.78,-190.0,-1011.5,1.168,0.123,SL_HIT,422.25825,423.7075,421.6615,0,1.046,0.164,422.08775,0.6,0,0.5,-0.545,0,0,0,0,0.0,0,0.677,0.351,1,0.677,0.164,0.14,0.431,0.4,0.0,422.08775,0.741,0.785,1,-2,0.0,0,251,0.338,1.5,0,0.15,0.206,0.053,0.356,0.714,0.45,0,0.685,52.0,153.6
1804,LMTm_20240222184030_3,LMTm,TREND_CONTINUATION,SELL,1,2024.02.22 18:40:30,2024.02.23 14:41:22,1200,424.88,426.78,-190.0,-1011.5,1.168,0.123,SL_HIT,422.25825,423.7075,421.6615,0,1.046,0.164,422.08775,0.6,0,0.5,-0.545,0,0,0,0,0.0,0,0.677,0.351,1,0.677,0.164,0.14,0.431,0.4,0.0,422.08775,0.741,0.785,1,-2,0.0,0,251,0.338,1.5,0,0.15,0.206,0.053,0.356,0.714,0.45,0,0.685,52.0,153.6
1799,LMTm_20240222184000_0,LMTm,BREAKOUT,SELL,-1,2024.02.22 18:40:00,2024.02.23 14:42:33,1202,424.89,427.24,-235.0,-1236.5,1.471,0.129,SL_HIT,422.25825,423.7075,421.6615,0,1.046,0.164,422.08775,0.6,0,0.5,-0.545,0,0,0,0,0.0,0,0.677,0.352,1,0.677,0.164,0.14,0.431,0.4,0.0,422.08775,0.741,0.788,1,-2,0.0,0,251,0.338,1.21,0,0.15,0.206,0.053,0.356,0.714,0.45,0,0.685,52.0,153.6
1800,LMTm_20240222184000_0,LMTm,BREAKOUT,SELL,0,2024.02.22 18:40:00,2024.02.23 14:42:33,1202,424.89,427.24,-235.0,-1236.5,1.471,0.129,SL_HIT,422.25825,423.7075,421.6615,0,1.046,0.164,422.08775,0.6,0,0.5,-0.545,0,0,0,0,0.0,0,0.677,0.352,1,0.677,0.164,0.14,0.431,0.4,0.0,422.08775,0.741,0.788,1,-2,0.0,0,251,0.338,1.21,0,0.15,0.206,0.053,0.356,0.714,0.45,0,0.685,52.0,153.6
1801,LMTm_20240222184000_0,LMTm,BREAKOUT,SELL,1,2024.02.22 18:40:00,2024.02.23 14:42:33,1202,424.89,427.24,-235.0,-1236.5,1.471,0.129,SL_HIT,422.25825,423.7075,421.6615,0,1.046,0.164,422.08775,0.6,0,0.5,-0.545,0,0,0,0,0.0,0,0.677,0.352,1,0.677,0.164,0.14,0.431,0.4,0.0,422.08775,0.741,0.788,1,-2,0.0,0,251,0.338,1.21,0,0.15,0.206,0.053,0.356,0.714,0.45,0,0.685,52.0,153.6
1820,LMTm_20240223144100_5,LMTm,MEAN_REVERSION,SELL,-1,2024.02.23 14:41:00,2024.02.23 14:42:39,1,426.07,427.38,-131.0,-655.0,0.762,0.0,SL_HIT,424.99675,425.667,423.9435,0,0.436,0.062,424.99675,0.45,0,0.45,0.685,0,0,0,0,0.0,0,0.714,0.311,0,0.714,0.206,0.053,0.356,0.15,0.0,424.99675,0.747,0.313,1,-2,0.0,0,254,0.617,0.87,0,0.15,0.206,0.053,0.356,0.714,0.45,0,0.685,52.0,153.6
1821,LMTm_20240223144100_5,LMTm,MEAN_REVERSION,SELL,0,2024.02.23 14:41:00,2024.02.23 14:42:39,1,426.07,427.38,-131.0,-655.0,0.762,0.0,SL_HIT,424.99675,425.667,423.9435,0,0.436,0.062,424.99675,0.45,0,0.45,0.685,0,0,0,0,0.0,0,0.714,0.311,0,0.714,0.206,0.053,0.356,0.15,0.0,424.99675,0.747,0.313,1,-2,0.0,0,254,0.617,0.87,0,0.15,0.206,0.053,0.356,0.714,0.45,0,0.685,52.0,153.6
1822,LMTm_20240223144100_5,LMTm,MEAN_REVERSION,SELL,1,2024.02.23 14:41:00,2024.02.23 14:42:39,1,426.07,427.38,-131.0,-655.0,0.762,0.0,SL_HIT,424.99675,425.667,423.9435,0,0.436,0.062,424.99675,0.45,0,0.45,0.685,0,0,0,0,0.0,0,0.714,0.311,0,0.714,0.206,0.053,0.356,0.15,0.0,424.99675,0.747,0.313,1,-2,0.0,0,254,0.617,0.87,0,0.15,0.206,0.053,0.356,0.714,0.45,0,0.685,52.0,153.6
1826,LMTm_20240223144122_4,LMTm,SWEEP_REVERSAL,SELL,-1,2024.02.23 14:41:22,2024.02.23 14:58:42,17,426.26,427.86,-160.0,-800.0,0.97,0.0,SL_HIT,424.99675,425.667,423.9435,0,0.436,0.062,424.99675,0.45,0,0.45,0.685,0,0,0,0,0.0,0,0.714,0.317,0,0.714,0.206,0.053,0.356,0.15,0.0,424.99675,0.747,0.368,1,-2,0.0,0,254,0.137,0.82,0,0.15,0.206,0.053,0.356,0.714,0.45,0,0.685,49.0,153.6
1827,LMTm_20240223144122_4,LMTm,SWEEP_REVERSAL,SELL,0,2024.02.23 14:41:22,2024.02.23 14:58:42,17,426.26,427.86,-160.0,-800.0,0.97,0.0,SL_HIT,424.99675,425.667,423.9435,0,0.436,0.062,424.99675,0.45,0,0.45,0.685,0,0,0,0,0.0,0,0.714,0.317,0,0.714,0.206,0.053,0.356,0.15,0.0,424.99675,0.747,0.368,1,-2,0.0,0,254,0.137,0.82,0,0.15,0.206,0.053,0.356,0.714,0.45,0,0.685,49.0,153.6
1828,LMTm_20240223144122_4,LMTm,SWEEP_REVERSAL,SELL,1,2024.02.23 14:41:22,2024.02.23 14:58:42,17,426.26,427.86,-160.0,-800.0,0.97,0.0,SL_HIT,424.99675,425.667,423.9435,0,0.436,0.062,424.99675,0.45,0,0.45,0.685,0,0,0,0,0.0,0,0.714,0.317,0,0.714,0.206,0.053,0.356,0.15,0.0,424.99675,0.747,0.368,1,-2,0.0,0,254,0.137,0.82,0,0.15,0.206,0.053,0.356,0.714,0.45,0,0.685,49.0,153.6
1839,LMTm_20240223164130_4,LMTm,SWEEP_REVERSAL,SELL,0,2024.02.23 16:41:30,2024.02.26 14:40:00,4198,428.06,428.17,-11.0,-239.5,0.296,0.649,SL_HIT,425.05275,427.233,424.02,0,0.2,1.17,425.05275,0.7,0,0.825,0.755,0,0,0,1,0.0,0,0.571,0.44,1,0.571,0.226,0.0,0.166,0.0,0.0,425.05275,0.737,0.812,1,-1,0.996,0,256,0.11,2.12,6,0.85,0.226,0.737,0.666,0.752,1.0,1,0.755,52.0,127.0
1842,LMTm_20240223164200_5,LMTm,MEAN_REVERSION,SELL,0,2024.02.23 16:42:00,2024.02.26 14:40:00,4198,428.06,428.17,-11.0,-239.5,0.296,0.649,SL_HIT,425.05275,427.233,424.02,0,0.2,1.17,425.05275,0.7,0,0.825,0.755,0,0,0,1,0.0,0,0.571,0.44,1,0.571,0.226,0.0,0.166,0.0,0.0,425.05275,0.737,0.812,1,-1,0.996,0,256,0.592,2.65,6,0.85,0.226,0.737,0.666,0.752,1.0,1,0.755,52.0,127.0
1840,LMTm_20240223164130_4,LMTm,SWEEP_REVERSAL,SELL,1,2024.02.23 16:41:30,2024.02.26 14:40:59,4199,428.06,428.21,-15.0,-259.5,0.296,0.649,SL_HIT,425.05275,427.233,424.02,0,0.2,1.17,425.05275,0.7,0,0.825,0.755,0,0,0,1,0.0,0,0.571,0.44,1,0.571,0.226,0.0,0.166,0.0,0.0,425.05275,0.737,0.812,1,-1,0.996,0,256,0.11,2.12,0,0.25,0.226,0.227,0.131,0.754,1.0,1,0.755,52.0,127.0
1843,LMTm_20240223164200_5,LMTm,MEAN_REVERSION,SELL,1,2024.02.23 16:42:00,2024.02.26 14:40:59,4198,428.06,428.21,-15.0,-259.5,0.296,0.649,SL_HIT,425.05275,427.233,424.02,0,0.2,1.17,425.05275,0.7,0,0.825,0.755,0,0,0,1,0.0,0,0.571,0.44,1,0.571,0.226,0.0,0.166,0.0,0.0,425.05275,0.737,0.812,1,-1,0.996,0,256,0.592,2.65,0,0.25,0.226,0.227,0.131,0.754,1.0,1,0.755,52.0,127.0
1841,LMTm_20240223164200_5,LMTm,MEAN_REVERSION,SELL,-1,2024.02.23 16:42:00,2024.02.26 14:54:38,4212,428.06,429.21,-115.0,-759.5,0.754,0.649,SL_HIT,425.05275,427.233,424.02,0,0.2,1.17,425.05275,0.7,0,0.825,0.755,0,0,0,1,0.0,0,0.571,0.44,1,0.571,0.226,0.0,0.166,0.0,0.0,425.05275,0.737,0.812,1,-1,0.996,0,256,0.592,2.65,0,0.25,0.226,0.227,0.388,0.754,1.0,0,0.755,50.0,127.0
1848,LMTm_20240226144538_5,LMTm,MEAN_REVERSION,SELL,-1,2024.02.26 14:45:38,2024.02.26 15:01:07,15,428.34,429.38,-104.0,-520.0,0.787,0.0,SL_HIT,427.437,427.8,427.206,0,0.012,0.352,427.437,0.45,0,1.0,0.755,0,0,0,0,0.0,0,0.754,0.387,1,0.754,0.226,0.227,0.388,0.25,0.0,427.437,0.731,0.316,1,-2,0.492,0,261,0.65,0.89,0,0.15,0.29,0.053,0.338,0.76,1.0,0,0.965,48.0,120.2
1849,LMTm_20240226144538_5,LMTm,MEAN_REVERSION,SELL,0,2024.02.26 14:45:38,2024.02.26 15:01:07,15,428.34,429.38,-104.0,-520.0,0.787,0.0,SL_HIT,427.437,427.8,427.206,0,0.012,0.352,427.437,0.45,0,1.0,0.755,0,0,0,0,0.0,0,0.754,0.387,1,0.754,0.226,0.227,0.388,0.25,0.0,427.437,0.731,0.316,1,-2,0.492,0,261,0.65,0.89,0,0.15,0.29,0.053,0.338,0.76,1.0,0,0.965,48.0,120.2
1850,LMTm_20240226144538_5,LMTm,MEAN_REVERSION,SELL,1,2024.02.26 14:45:38,2024.02.26 15:01:07,15,428.34,429.38,-104.0,-520.0,0.787,0.0,SL_HIT,427.437,427.8,427.206,0,0.012,0.352,427.437,0.45,0,1.0,0.755,0,0,0,0,0.0,0,0.754,0.387,1,0.754,0.226,0.227,0.388,0.25,0.0,427.437,0.731,0.316,1,-2,0.492,0,261,0.65,0.89,0,0.15,0.29,0.053,0.338,0.76,1.0,0,0.965,48.0,120.2
1838,LMTm_20240223164130_4,LMTm,SWEEP_REVERSAL,SELL,-1,2024.02.23 16:41:30,2024.02.26 15:06:45,4225,428.06,429.54,-148.0,-924.5,0.98,0.649,SL_HIT,425.05275,427.233,424.02,0,0.2,1.17,425.05275,0.7,0,0.825,0.755,0,0,0,1,0.0,0,0.571,0.44,1,0.571,0.226,0.0,0.166,0.0,0.0,425.05275,0.737,0.812,1,-1,0.996,0,256,0.11,2.12,0,0.15,0.29,0.053,0.338,0.76,1.0,0,0.965,47.0,120.2
1852,LMTm_20240226145124_4,LMTm,SWEEP_REVERSAL,SELL,0,2024.02.26 14:51:24,2024.02.26 15:51:30,60,428.46,427.59,87.0,435.0,0.976,0.795,TRAIL_STOP,427.437,427.8,427.206,0,0.012,0.352,427.437,0.45,0,1.0,0.755,0,0,0,0,0.0,0,0.754,0.392,1,0.754,0.226,0.227,0.388,0.25,0.0,427.437,0.731,0.358,1,-2,0.492,0,261,0.23,0.81,0,0.15,0.29,0.053,0.171,0.76,1.0,1,0.965,39.0,120.2
1853,LMTm_20240226145124_4,LMTm,SWEEP_REVERSAL,SELL,1,2024.02.26 14:51:24,2024.02.26 15:51:30,60,428.46,427.59,87.0,435.0,0.976,0.795,TRAIL_STOP,427.437,427.8,427.206,0,0.012,0.352,427.437,0.45,0,1.0,0.755,0,0,0,0,0.0,0,0.754,0.392,1,0.754,0.226,0.227,0.388,0.25,0.0,427.437,0.731,0.358,1,-2,0.492,0,261,0.23,0.81,0,0.15,0.29,0.053,0.171,0.76,1.0,1,0.965,39.0,120.2
1851,LMTm_20240226145124_4,LMTm,SWEEP_REVERSAL,SELL,-1,2024.02.26 14:51:24,2024.02.26 15:56:59,65,428.46,427.41,105.0,525.0,0.976,0.795,TP_HIT,427.437,427.8,427.206,0,0.012,0.352,427.437,0.45,0,1.0,0.755,0,0,0,0,0.0,0,0.754,0.392,1,0.754,0.226,0.227,0.388,0.25,0.0,427.437,0.731,0.358,1,-2,0.492,0,261,0.23,0.81,0,0.15,0.29,0.053,0.31,0.76,1.0,0,0.965,39.0,120.2
1862,LMTm_20240226180000_7,LMTm,ANCHORED_PULLBACK,SELL,-1,2024.02.26 18:00:00,2024.02.26 18:06:59,6,424.1,424.98,-88.0,-440.0,0.65,0.0,SL_HIT,427.76975,428.9645,426.044,0,1.835,0.037,427.76975,0.55,0,0.675,-0.685,0,0,0,0,0.0,2,1.0,0.53,2,0.586,0.906,0.053,0.329,0.15,0.7196,426.575,0.55,1.681,1,-1,0.498,0,265,0.63,3.05,0,0.15,0.206,0.053,0.288,0.627,0.675,0,-0.685,35.0,127.6
1863,LMTm_20240226180000_7,LMTm,ANCHORED_PULLBACK,SELL,0,2024.02.26 18:00:00,2024.02.26 18:06:59,6,424.1,424.98,-88.0,-440.0,0.65,0.0,SL_HIT,427.76975,428.9645,426.044,0,1.835,0.037,427.76975,0.55,0,0.675,-0.685,0,0,0,0,0.0,2,1.0,0.53,2,0.586,0.906,0.053,0.329,0.15,0.7196,426.575,0.55,1.681,1,-1,0.498,0,265,0.63,3.05,0,0.15,0.206,0.053,0.288,0.627,0.675,0,-0.685,35.0,127.6
1864,LMTm_20240226180000_7,LMTm,ANCHORED_PULLBACK,SELL,1,2024.02.26 18:00:00,2024.02.26 18:06:59,6,424.1,424.98,-88.0,-440.0,0.65,0.0,SL_HIT,427.76975,428.9645,426.044,0,1.835,0.037,427.76975,0.55,0,0.675,-0.685,0,0,0,0,0.0,2,1.0,0.53,2,0.586,0.906,0.053,0.329,0.15,0.7196,426.575,0.55,1.681,1,-1,0.498,0,265,0.63,3.05,0,0.15,0.206,0.053,0.288,0.627,0.675,0,-0.685,35.0,127.6
1874,LMTm_20240226185803_2,LMTm,PULLBACK,SELL,-1,2024.02.26 18:58:03,2024.02.26 18:58:37,0,424.16,424.7,-54.0,-270.0,0.36,0.0,SL_HIT,427.76975,428.9645,426.044,0,1.835,0.037,427.76975,0.55,0,0.675,-0.685,0,0,0,0,0.0,0,0.627,0.384,1,0.627,0.206,0.053,0.329,0.15,0.0,426.575,0.55,1.229,1,-1,0.498,0,265,0.36,5.35,0,0.15,0.206,0.053,0.311,0.627,0.675,0,-0.685,33.0,127.6
1875,LMTm_20240226185803_2,LMTm,PULLBACK,SELL,0,2024.02.26 18:58:03,2024.02.26 18:58:37,0,424.16,424.7,-54.0,-270.0,0.36,0.0,SL_HIT,427.76975,428.9645,426.044,0,1.835,0.037,427.76975,0.55,0,0.675,-0.685,0,0,0,0,0.0,0,0.627,0.384,1,0.627,0.206,0.053,0.329,0.15,0.0,426.575,0.55,1.229,1,-1,0.498,0,265,0.36,5.35,0,0.15,0.206,0.053,0.311,0.627,0.675,0,-0.685,33.0,127.6
1876,LMTm_20240226185803_2,LMTm,PULLBACK,SELL,1,2024.02.26 18:58:03,2024.02.26 18:58:37,0,424.16,424.7,-54.0,-270.0,0.36,0.0,SL_HIT,427.76975,428.9645,426.044,0,1.835,0.037,427.76975,0.55,0,0.675,-0.685,0,0,0,0,0.0,0,0.627,0.384,1,0.627,0.206,0.053,0.329,0.15,0.0,426.575,0.55,1.229,1,-1,0.498,0,265,0.36,5.35,0,0.15,0.206,0.053,0.311,0.627,0.675,0,-0.685,33.0,127.6
1868,LMTm_20240226185237_3,LMTm,TREND_CONTINUATION,SELL,-1,2024.02.26 18:52:37,2024.02.27 14:40:30,1187,424.19,426.14,-195.0,-1036.5,1.841,0.0,SL_HIT,427.76975,428.9645,426.044,0,1.835,0.037,427.76975,0.55,0,0.675,-0.685,0,0,0,0,0.0,0,0.627,0.38,1,0.627,0.206,0.053,0.311,0.15,0.0,426.575,0.55,1.193,1,-1,0.498,0,265,0.422,2.08,5,0.55,0.185,0.622,0.641,0.286,0.6,1,-0.615,67.0,126.4
1869,LMTm_20240226185237_3,LMTm,TREND_CONTINUATION,SELL,0,2024.02.26 18:52:37,2024.02.27 14:40:30,1187,424.19,426.14,-195.0,-1036.5,1.841,0.0,SL_HIT,427.76975,428.9645,426.044,0,1.835,0.037,427.76975,0.55,0,0.675,-0.685,0,0,0,0,0.0,0,0.627,0.38,1,0.627,0.206,0.053,0.311,0.15,0.0,426.575,0.55,1.193,1,-1,0.498,0,265,0.422,2.08,5,0.55,0.185,0.622,0.641,0.286,0.6,1,-0.615,67.0,126.4
1870,LMTm_20240226185237_3,LMTm,TREND_CONTINUATION,SELL,1,2024.02.26 18:52:37,2024.02.27 14:40:30,1187,424.19,426.14,-195.0,-1036.5,1.841,0.0,SL_HIT,427.76975,428.9645,426.044,0,1.835,0.037,427.76975,0.55,0,0.675,-0.685,0,0,0,0,0.0,0,0.627,0.38,1,0.627,0.206,0.053,0.311,0.15,0.0,426.575,0.55,1.193,1,-1,0.498,0,265,0.422,2.08,5,0.55,0.185,0.622,0.641,0.286,0.6,1,-0.615,67.0,126.4
1871,LMTm_20240226185800_0,LMTm,BREAKOUT,SELL,-1,2024.02.26 18:58:00,2024.02.27 14:41:12,1183,424.13,426.6,-247.0,-1296.5,1.888,0.0,SL_HIT,427.76975,428.9645,426.044,0,1.835,0.037,427.76975,0.55,0,0.675,-0.685,0,0,0,0,0.0,0,0.627,0.386,1,0.627,0.206,0.053,0.329,0.15,0.0,426.575,0.55,1.239,1,-1,0.498,0,265,0.399,1.31,0,0.25,0.185,0.217,0.249,0.586,0.6,1,-0.615,66.0,126.4
1872,LMTm_20240226185800_0,LMTm,BREAKOUT,SELL,0,2024.02.26 18:58:00,2024.02.27 14:41:12,1183,424.13,426.6,-247.0,-1296.5,1.888,0.0,SL_HIT,427.76975,428.9645,426.044,0,1.835,0.037,427.76975,0.55,0,0.675,-0.685,0,0,0,0,0.0,0,0.627,0.386,1,0.627,0.206,0.053,0.329,0.15,0.0,426.575,0.55,1.239,1,-1,0.498,0,265,0.399,1.31,0,0.25,0.185,0.217,0.249,0.586,0.6,1,-0.615,66.0,126.4
1873,LMTm_20240226185800_0,LMTm,BREAKOUT,SELL,1,2024.02.26 18:58:00,2024.02.27 14:41:12,1183,424.13,426.6,-247.0,-1296.5,1.888,0.0,SL_HIT,427.76975,428.9645,426.044,0,1.835,0.037,427.76975,0.55,0,0.675,-0.685,0,0,0,0,0.0,0,0.627,0.386,1,0.627,0.206,0.053,0.329,0.15,0.0,426.575,0.55,1.239,1,-1,0.498,0,265,0.399,1.31,0,0.25,0.185,0.217,0.249,0.586,0.6,1,-0.615,66.0,126.4
1883,LMTm_20240227144100_5,LMTm,MEAN_REVERSION,SELL,-1,2024.02.27 14:41:00,2024.02.27 14:41:12,0,425.55,426.6,-105.0,-525.0,0.751,0.0,SL_HIT,425.7185,425.945,424.284,1,0.162,0.674,425.7185,0.55,0,0.6,-0.615,0,0,0,0,0.0,0,0.586,0.352,1,0.586,0.185,0.217,0.185,0.25,0.0,425.945,0.6,0.321,1,-2,0.0,0,268,0.585,1.88,0,0.25,0.185,0.217,0.249,0.586,0.6,1,-0.615,66.0,126.4
1884,LMTm_20240227144100_5,LMTm,MEAN_REVERSION,SELL,0,2024.02.27 14:41:00,2024.02.27 14:41:12,0,425.55,426.6,-105.0,-525.0,0.751,0.0,SL_HIT,425.7185,425.945,424.284,1,0.162,0.674,425.7185,0.55,0,0.6,-0.615,0,0,0,0,0.0,0,0.586,0.352,1,0.586,0.185,0.217,0.185,0.25,0.0,425.945,0.6,0.321,1,-2,0.0,0,268,0.585,1.88,0,0.25,0.185,0.217,0.249,0.586,0.6,1,-0.615,66.0,126.4
1885,LMTm_20240227144100_5,LMTm,MEAN_REVERSION,SELL,1,2024.02.27 14:41:00,2024.02.27 14:41:12,0,425.55,426.6,-105.0,-525.0,0.751,0.0,SL_HIT,425.7185,425.945,424.284,1,0.162,0.674,425.7185,0.55,0,0.6,-0.615,0,0,0,0,0.0,0,0.586,0.352,1,0.586,0.185,0.217,0.185,0.25,0.0,425.945,0.6,0.321,1,-2,0.0,0,268,0.585,1.88,0,0.25,0.185,0.217,0.249,0.586,0.6,1,-0.615,66.0,126.4
1896,LMTm_20240227144114_4,LMTm,SWEEP_REVERSAL,SELL,0,2024.02.27 14:41:14,2024.02.27 15:23:15,42,425.95,426.11,-16.0,-80.0,0.838,0.332,SL_HIT,425.7185,425.945,424.284,0,0.162,0.674,425.7185,0.55,0,0.6,-0.615,0,0,0,0,0.0,0,0.586,0.368,1,0.586,0.185,0.217,0.235,0.25,0.0,424.36575,0.65,0.461,1,-2,0.0,0,268,0.221,1.25,0,0.15,0.247,0.178,0.074,0.624,0.65,1,-0.825,44.0,124.7
1897,LMTm_20240227144114_4,LMTm,SWEEP_REVERSAL,SELL,1,2024.02.27 14:41:14,2024.02.27 15:28:07,46,425.95,426.61,-66.0,-330.0,0.838,0.332,SL_HIT,425.7185,425.945,424.284,0,0.162,0.674,425.7185,0.55,0,0.6,-0.615,0,0,0,0,0.0,0,0.586,0.368,1,0.586,0.185,0.217,0.235,0.25,0.0,424.36575,0.65,0.461,1,-2,0.0,0,268,0.221,1.25,0,0.15,0.247,0.178,0.299,0.624,0.65,0,-0.825,45.0,124.7
1893,LMTm_20240227144112_3,LMTm,TREND_CONTINUATION,SELL,0,2024.02.27 14:41:12,2024.02.27 15:29:48,48,425.94,426.73,-79.0,-395.0,0.846,0.324,SL_HIT,425.7185,425.945,424.284,1,0.162,0.674,425.7185,0.55,0,0.6,-0.615,0,0,0,0,0.0,0,0.586,0.369,1,0.586,0.185,0.217,0.249,0.25,0.0,424.36575,0.65,0.466,1,-2,0.0,0,268,0.385,1.04,0,0.15,0.247,0.178,0.339,0.624,0.65,0,-0.825,44.0,124.7
1895,LMTm_20240227144114_4,LMTm,SWEEP_REVERSAL,SELL,-1,2024.02.27 14:41:14,2024.02.27 15:44:06,62,425.95,427.22,-127.0,-635.0,0.965,0.332,SL_HIT,425.7185,425.945,424.284,0,0.162,0.674,425.7185,0.55,0,0.6,-0.615,0,0,0,0,0.0,0,0.586,0.368,1,0.586,0.185,0.217,0.235,0.25,0.0,424.36575,0.65,0.461,1,-2,0.0,0,268,0.221,1.25,0,0.15,0.247,0.178,0.339,0.624,0.65,0,-0.825,43.0,124.7
1892,LMTm_20240227144112_3,LMTm,TREND_CONTINUATION,SELL,-1,2024.02.27 14:41:12,2024.02.27 15:45:49,64,425.94,427.46,-152.0,-760.0,1.186,0.324,SL_HIT,425.7185,425.945,424.284,1,0.162,0.674,425.7185,0.55,0,0.6,-0.615,0,0,0,0,0.0,0,0.586,0.369,1,0.586,0.185,0.217,0.249,0.25,0.0,424.36575,0.65,0.466,1,-2,0.0,0,268,0.385,1.04,0,0.15,0.247,0.178,0.339,0.624,0.65,0,-0.825,42.0,124.7
1894,LMTm_20240227144112_3,LMTm,TREND_CONTINUATION,SELL,1,2024.02.27 14:41:12,2024.02.27 15:45:49,64,425.94,427.46,-152.0,-760.0,1.186,0.324,SL_HIT,425.7185,425.945,424.284,1,0.162,0.674,425.7185,0.55,0,0.6,-0.615,0,0,0,0,0.0,0,0.586,0.369,1,0.586,0.185,0.217,0.249,0.25,0.0,424.36575,0.65,0.466,1,-2,0.0,0,268,0.385,1.04,0,0.15,0.247,0.178,0.339,0.624,0.65,0,-0.825,42.0,124.7
1916,LMTm_20240227164816_1,LMTm,BREAKOUT_RETEST,SELL,-1,2024.02.27 16:48:16,2024.02.27 16:49:36,1,426.52,426.94,-42.0,-210.0,0.279,0.0,SL_HIT,425.6695,426.621,424.891,1,0.43,0.241,425.6695,0.5,0,1.0,-0.86,0,0,0,0,0.0,0,0.691,0.395,1,0.691,0.258,0.178,0.263,0.15,0.0,425.6695,0.748,0.671,1,-1,0.511,0,270,0.596,2.2,0,0.15,0.258,0.178,0.263,0.691,1.0,1,-0.86,35.0,128.9
1917,LMTm_20240227164816_1,LMTm,BREAKOUT_RETEST,SELL,0,2024.02.27 16:48:16,2024.02.27 16:49:36,1,426.52,426.94,-42.0,-210.0,0.279,0.0,SL_HIT,425.6695,426.621,424.891,1,0.43,0.241,425.6695,0.5,0,1.0,-0.86,0,0,0,0,0.0,0,0.691,0.395,1,0.691,0.258,0.178,0.263,0.15,0.0,425.6695,0.748,0.671,1,-1,0.511,0,270,0.596,2.2,0,0.15,0.258,0.178,0.263,0.691,1.0,1,-0.86,35.0,128.9
1918,LMTm_20240227164816_1,LMTm,BREAKOUT_RETEST,SELL,1,2024.02.27 16:48:16,2024.02.27 16:49:36,1,426.52,426.94,-42.0,-210.0,0.279,0.0,SL_HIT,425.6695,426.621,424.891,1,0.43,0.241,425.6695,0.5,0,1.0,-0.86,0,0,0,0,0.0,0,0.691,0.395,1,0.691,0.258,0.178,0.263,0.15,0.0,425.6695,0.748,0.671,1,-1,0.511,0,270,0.596,2.2,0,0.15,0.258,0.178,0.263,0.691,1.0,1,-0.86,35.0,128.9
1925,LMTm_20240227171025_2,LMTm,PULLBACK,SELL,-1,2024.02.27 17:10:25,2024.02.27 17:13:18,2,425.92,426.45,-53.0,-265.0,0.391,0.0,SL_HIT,425.6765,426.632,425.162,1,0.124,0.575,425.5295,0.5,0,0.75,-0.72,0,0,0,0,0.0,0,0.687,0.378,1,0.687,0.216,0.205,0.203,0.25,0.0,426.632,0.6,0.419,1,-1,0.511,0,271,0.534,2.97,0,0.25,0.216,0.205,0.251,0.687,0.75,1,-0.72,36.0,130.4
1926,LMTm_20240227171025_2,LMTm,PULLBACK,SELL,0,2024.02.27 17:10:25,2024.02.27 17:13:18,2,425.92,426.45,-53.0,-265.0,0.391,0.0,SL_HIT,425.6765,426.632,425.162,1,0.124,0.575,425.5295,0.5,0,0.75,-0.72,0,0,0,0,0.0,0,0.687,0.378,1,0.687,0.216,0.205,0.203,0.25,0.0,426.632,0.6,0.419,1,-1,0.511,0,271,0.534,2.97,0,0.25,0.216,0.205,0.251,0.687,0.75,1,-0.72,36.0,130.4
1927,LMTm_20240227171025_2,LMTm,PULLBACK,SELL,1,2024.02.27 17:10:25,2024.02.27 17:13:18,2,425.92,426.45,-53.0,-265.0,0.391,0.0,SL_HIT,425.6765,426.632,425.162,1,0.124,0.575,425.5295,0.5,0,0.75,-0.72,0,0,0,0,0.0,0,0.687,0.378,1,0.687,0.216,0.205,0.203,0.25,0.0,426.632,0.6,0.419,1,-1,0.511,0,271,0.534,2.97,0,0.25,0.216,0.205,0.251,0.687,0.75,1,-0.72,36.0,130.4
1914,LMTm_20240227164410_3,LMTm,TREND_CONTINUATION,SELL,0,2024.02.27 16:44:10,2024.02.27 17:33:51,49,427.22,426.71,51.0,255.0,0.248,0.768,TRAIL_STOP,425.6695,426.621,424.891,0,0.43,0.241,425.6695,0.5,0,1.0,-0.86,0,0,0,0,0.0,0,0.691,0.432,1,0.691,0.258,0.178,0.348,0.15,0.0,425.6695,0.748,0.983,1,-1,0.511,0,270,0.57,1.0,0,0.25,0.216,0.205,0.181,0.687,0.75,1,-0.72,35.0,130.4
1922,LMTm_20240227165633_0,LMTm,BREAKOUT,SELL,-1,2024.02.27 16:56:33,2024.02.27 17:33:59,37,426.05,426.76,-71.0,-355.0,0.512,0.0,SL_HIT,425.6695,426.621,424.891,1,0.43,0.241,425.6695,0.5,0,1.0,-0.86,0,0,0,0,0.0,0,0.691,0.373,1,0.691,0.258,0.178,0.196,0.15,0.0,426.621,0.6,0.481,1,-1,0.511,0,270,0.393,2.41,0,0.25,0.216,0.205,0.181,0.687,0.75,1,-0.72,35.0,130.4
1923,LMTm_20240227165633_0,LMTm,BREAKOUT,SELL,0,2024.02.27 16:56:33,2024.02.27 17:33:59,37,426.05,426.76,-71.0,-355.0,0.512,0.0,SL_HIT,425.6695,426.621,424.891,1,0.43,0.241,425.6695,0.5,0,1.0,-0.86,0,0,0,0,0.0,0,0.691,0.373,1,0.691,0.258,0.178,0.196,0.15,0.0,426.621,0.6,0.481,1,-1,0.511,0,270,0.393,2.41,0,0.25,0.216,0.205,0.181,0.687,0.75,1,-0.72,35.0,130.4
1924,LMTm_20240227165633_0,LMTm,BREAKOUT,SELL,1,2024.02.27 16:56:33,2024.02.27 17:33:59,37,426.05,426.76,-71.0,-355.0,0.512,0.0,SL_HIT,425.6695,426.621,424.891,1,0.43,0.241,425.6695,0.5,0,1.0,-0.86,0,0,0,0,0.0,0,0.691,0.373,1,0.691,0.258,0.178,0.196,0.15,0.0,426.621,0.6,0.481,1,-1,0.511,0,270,0.393,2.41,0,0.25,0.216,0.205,0.181,0.687,0.75,1,-0.72,35.0,130.4
1915,LMTm_20240227164410_3,LMTm,TREND_CONTINUATION,SELL,1,2024.02.27 16:44:10,2024.02.27 17:34:30,50,427.22,426.9,32.0,160.0,0.248,0.768,TRAIL_STOP,425.6695,426.621,424.891,0,0.43,0.241,425.6695,0.5,0,1.0,-0.86,0,0,0,0,0.0,0,0.691,0.432,1,0.691,0.258,0.178,0.348,0.15,0.0,425.6695,0.748,0.983,1,-1,0.511,0,270,0.57,1.0,0,0.25,0.216,0.205,0.171,0.687,0.75,1,-0.72,35.0,130.4
1907,LMTm_20240227164100_5,LMTm,MEAN_REVERSION,SELL,-1,2024.02.27 16:41:00,2024.02.27 17:54:36,73,426.88,427.91,-103.0,-515.0,0.76,0.504,SL_HIT,425.6695,426.621,424.891,0,0.43,0.241,425.6695,0.5,0,1.0,-0.86,0,0,0,0,0.0,0,0.691,0.417,1,0.691,0.258,0.178,0.339,0.15,0.0,425.6695,0.748,0.857,1,-1,0.511,0,270,0.624,1.17,0,0.25,0.216,0.205,0.368,0.687,0.75,0,-0.72,34.0,130.4
1908,LMTm_20240227164100_5,LMTm,MEAN_REVERSION,SELL,0,2024.02.27 16:41:00,2024.02.27 17:54:36,73,426.88,427.91,-103.0,-515.0,0.76,0.504,SL_HIT,425.6695,426.621,424.891,0,0.43,0.241,425.6695,0.5,0,1.0,-0.86,0,0,0,0,0.0,0,0.691,0.417,1,0.691,0.258,0.178,0.339,0.15,0.0,425.6695,0.748,0.857,1,-1,0.511,0,270,0.624,1.17,0,0.25,0.216,0.205,0.368,0.687,0.75,0,-0.72,34.0,130.4
1909,LMTm_20240227164100_5,LMTm,MEAN_REVERSION,SELL,1,2024.02.27 16:41:00,2024.02.27 17:54:36,73,426.88,427.91,-103.0,-515.0,0.76,0.504,SL_HIT,425.6695,426.621,424.891,0,0.43,0.241,425.6695,0.5,0,1.0,-0.86,0,0,0,0,0.0,0,0.691,0.417,1,0.691,0.258,0.178,0.339,0.15,0.0,425.6695,0.748,0.857,1,-1,0.511,0,270,0.624,1.17,0,0.25,0.216,0.205,0.368,0.687,0.75,0,-0.72,34.0,130.4
1910,LMTm_20240227164130_4,LMTm,SWEEP_REVERSAL,SELL,-1,2024.02.27 16:41:30,2024.02.27 18:01:33,80,426.9,428.2,-130.0,-650.0,0.993,0.52,SL_HIT,425.6695,426.621,424.891,0,0.43,0.241,425.6695,0.5,0,1.0,-0.86,0,0,0,0,0.0,0,0.691,0.418,1,0.691,0.258,0.178,0.339,0.15,0.0,425.6695,0.748,0.863,1,-1,0.511,0,270,0.194,0.95,0,0.4,0.16,0.261,0.421,0.793,0.87,0,-0.5347,34.0,138.9
1911,LMTm_20240227164130_4,LMTm,SWEEP_REVERSAL,SELL,0,2024.02.27 16:41:30,2024.02.27 18:01:33,80,426.9,428.2,-130.0,-650.0,0.993,0.52,SL_HIT,425.6695,426.621,424.891,0,0.43,0.241,425.6695,0.5,0,1.0,-0.86,0,0,0,0,0.0,0,0.691,0.418,1,0.691,0.258,0.178,0.339,0.15,0.0,425.6695,0.748,0.863,1,-1,0.511,0,270,0.194,0.95,0,0.4,0.16,0.261,0.421,0.793,0.87,0,-0.5347,34.0,138.9
1912,LMTm_20240227164130_4,LMTm,SWEEP_REVERSAL,SELL,1,2024.02.27 16:41:30,2024.02.27 18:01:33,80,426.9,428.2,-130.0,-650.0,0.993,0.52,SL_HIT,425.6695,426.621,424.891,0,0.43,0.241,425.6695,0.5,0,1.0,-0.86,0,0,0,0,0.0,0,0.691,0.418,1,0.691,0.258,0.178,0.339,0.15,0.0,425.6695,0.748,0.863,1,-1,0.511,0,270,0.194,0.95,0,0.4,0.16,0.261,0.421,0.793,0.87,0,-0.5347,34.0,138.9
1946,LMTm_20240227185059_5,LMTm,MEAN_REVERSION,SELL,0,2024.02.27 18:50:59,2024.02.27 19:33:46,42,427.05,426.64,41.0,205.0,0.36,0.331,TRAIL_STOP,426.02125,426.7115,425.4565,0,0.649,0.107,425.64475,0.5,0,0.87,-0.5347,0,0,0,0,0.0,0,0.793,0.406,1,0.793,0.16,0.261,0.417,0.4,0.0,426.02125,0.7,0.829,1,-1,0.511,0,272,0.691,0.93,0,0.4,0.153,0.28,0.25,0.757,0.675,1,0.51,30.0,139.1
1904,LMTm_20240227164059_6,LMTm,NAKED_POC,SELL,-1,2024.02.27 16:40:59,2024.02.28 14:40:00,1319,426.87,429.06,-219.0,-1156.5,1.125,0.714,SL_HIT,425.6695,426.621,424.891,0,0.43,0.241,425.6695,0.5,0,1.0,-0.86,0,0,0,0,0.0,0,0.691,0.416,1,0.691,0.258,0.178,0.339,0.15,0.0,425.6695,0.748,0.853,1,-1,0.511,0,270,0.638,1.44,2,0.15,0.926,0.196,0.354,0.333,0.825,0,0.755,71.0,155.1
1905,LMTm_20240227164059_6,LMTm,NAKED_POC,SELL,0,2024.02.27 16:40:59,2024.02.28 14:40:00,1319,426.87,429.06,-219.0,-1156.5,1.125,0.714,SL_HIT,425.6695,426.621,424.891,0,0.43,0.241,425.6695,0.5,0,1.0,-0.86,0,0,0,0,0.0,0,0.691,0.416,1,0.691,0.258,0.178,0.339,0.15,0.0,425.6695,0.748,0.853,1,-1,0.511,0,270,0.638,1.44,2,0.15,0.926,0.196,0.354,0.333,0.825,0,0.755,71.0,155.1
1906,LMTm_20240227164059_6,LMTm,NAKED_POC,SELL,1,2024.02.27 16:40:59,2024.02.28 14:40:00,1319,426.87,429.06,-219.0,-1156.5,1.125,0.714,SL_HIT,425.6695,426.621,424.891,0,0.43,0.241,425.6695,0.5,0,1.0,-0.86,0,0,0,0,0.0,0,0.691,0.416,1,0.691,0.258,0.178,0.339,0.15,0.0,425.6695,0.748,0.853,1,-1,0.511,0,270,0.638,1.44,2,0.15,0.926,0.196,0.354,0.333,0.825,0,0.755,71.0,155.1
1913,LMTm_20240227164410_3,LMTm,TREND_CONTINUATION,SELL,-1,2024.02.27 16:44:10,2024.02.28 14:40:00,1315,427.22,429.06,-184.0,-981.5,0.853,0.985,SL_HIT,425.6695,426.621,424.891,0,0.43,0.241,425.6695,0.5,0,1.0,-0.86,0,0,0,0,0.0,0,0.691,0.432,1,0.691,0.258,0.178,0.348,0.15,0.0,425.6695,0.748,0.983,1,-1,0.511,0,270,0.57,1.0,2,0.15,0.926,0.196,0.354,0.333,0.825,0,0.755,71.0,155.1
1943,LMTm_20240227184059_6,LMTm,NAKED_POC,SELL,0,2024.02.27 18:40:59,2024.02.28 14:40:00,1199,427.34,429.06,-172.0,-921.5,0.274,1.001,SL_HIT,426.02125,426.7115,425.4565,0,0.649,0.107,425.64475,0.5,0,0.87,-0.5347,0,0,0,0,0.0,0,0.793,0.418,1,0.793,0.16,0.261,0.426,0.4,0.0,426.64875,0.55,0.927,1,-1,0.511,0,272,0.596,1.59,2,0.15,0.926,0.196,0.354,0.333,0.825,0,0.755,71.0,155.1
1944,LMTm_20240227184059_6,LMTm,NAKED_POC,SELL,1,2024.02.27 18:40:59,2024.02.28 14:40:00,1199,427.34,429.06,-172.0,-921.5,0.274,1.001,SL_HIT,426.02125,426.7115,425.4565,0,0.649,0.107,425.64475,0.5,0,0.87,-0.5347,0,0,0,0,0.0,0,0.793,0.418,1,0.793,0.16,0.261,0.426,0.4,0.0,426.64875,0.55,0.927,1,-1,0.511,0,272,0.596,1.59,2,0.15,0.926,0.196,0.354,0.333,0.825,0,0.755,71.0,155.1
1945,LMTm_20240227185059_5,LMTm,MEAN_REVERSION,SELL,-1,2024.02.27 18:50:59,2024.02.28 14:40:00,1189,427.05,429.06,-201.0,-1066.5,0.483,0.792,SL_HIT,426.02125,426.7115,425.4565,0,0.649,0.107,425.64475,0.5,0,0.87,-0.5347,0,0,0,0,0.0,0,0.793,0.406,1,0.793,0.16,0.261,0.417,0.4,0.0,426.02125,0.7,0.829,1,-1,0.511,0,272,0.691,0.93,2,0.15,0.926,0.196,0.354,0.333,0.825,0,0.755,71.0,155.1
1947,LMTm_20240227185059_5,LMTm,MEAN_REVERSION,SELL,1,2024.02.27 18:50:59,2024.02.28 14:40:00,1189,427.05,429.06,-201.0,-1066.5,0.483,0.792,SL_HIT,426.02125,426.7115,425.4565,0,0.649,0.107,425.64475,0.5,0,0.87,-0.5347,0,0,0,0,0.0,0,0.793,0.406,1,0.793,0.16,0.261,0.417,0.4,0.0,426.02125,0.7,0.829,1,-1,0.511,0,272,0.691,0.93,2,0.15,0.926,0.196,0.354,0.333,0.825,0,0.755,71.0,155.1
1942,LMTm_20240227184059_6,LMTm,NAKED_POC,SELL,-1,2024.02.27 18:40:59,2024.02.28 14:44:06,1203,427.34,429.25,-191.0,-1016.5,1.332,1.001,SL_HIT,426.02125,426.7115,425.4565,0,0.649,0.107,425.64475,0.5,0,0.87,-0.5347,0,0,0,0,0.0,0,0.793,0.418,1,0.793,0.16,0.261,0.426,0.4,0.0,426.64875,0.55,0.927,1,-1,0.511,0,272,0.596,1.59,0,0.15,0.226,0.196,0.354,0.633,0.825,0,0.755,68.0,155.1
1957,LMTm_20240228144030_5,LMTm,MEAN_REVERSION,SELL,-1,2024.02.28 14:40:30,2024.02.28 14:44:59,4,428.29,429.6,-131.0,-655.0,0.761,0.0,SL_HIT,427.20675,427.543,426.0635,0,0.65,0.043,427.20675,0.55,0,0.825,0.755,0,0,0,0,0.0,0,0.633,0.47,1,0.633,0.226,0.196,0.354,0.15,0.0,427.20675,0.747,1.131,1,-2,0.931,0,275,0.626,0.87,0,0.15,0.226,0.196,0.354,0.633,0.825,0,0.755,68.0,155.1
1958,LMTm_20240228144030_5,LMTm,MEAN_REVERSION,SELL,0,2024.02.28 14:40:30,2024.02.28 14:44:59,4,428.29,429.6,-131.0,-655.0,0.761,0.0,SL_HIT,427.20675,427.543,426.0635,0,0.65,0.043,427.20675,0.55,0,0.825,0.755,0,0,0,0,0.0,0,0.633,0.47,1,0.633,0.226,0.196,0.354,0.15,0.0,427.20675,0.747,1.131,1,-2,0.931,0,275,0.626,0.87,0,0.15,0.226,0.196,0.354,0.633,0.825,0,0.755,68.0,155.1
1959,LMTm_20240228144030_5,LMTm,MEAN_REVERSION,SELL,1,2024.02.28 14:40:30,2024.02.28 14:44:59,4,428.29,429.6,-131.0,-655.0,0.761,0.0,SL_HIT,427.20675,427.543,426.0635,0,0.65,0.043,427.20675,0.55,0,0.825,0.755,0,0,0,0,0.0,0,0.633,0.47,1,0.633,0.226,0.196,0.354,0.15,0.0,427.20675,0.747,1.131,1,-2,0.931,0,275,0.626,0.87,0,0.15,0.226,0.196,0.354,0.633,0.825,0,0.755,68.0,155.1
1963,LMTm_20240228144233_4,LMTm,SWEEP_REVERSAL,SELL,-1,2024.02.28 14:42:33,2024.02.28 14:50:27,7,428.48,430.03,-155.0,-775.0,0.928,0.0,SL_HIT,427.20675,427.543,426.0635,0,0.65,0.043,427.20675,0.55,0,0.825,0.755,0,0,0,0,0.0,0,0.633,0.476,1,0.633,0.226,0.196,0.354,0.15,0.0,427.20675,0.747,1.186,1,-2,0.931,0,275,0.213,0.82,0,0.15,0.226,0.196,0.354,0.633,0.825,0,0.755,64.0,155.1
1964,LMTm_20240228144233_4,LMTm,SWEEP_REVERSAL,SELL,0,2024.02.28 14:42:33,2024.02.28 14:50:27,7,428.48,430.03,-155.0,-775.0,0.928,0.0,SL_HIT,427.20675,427.543,426.0635,0,0.65,0.043,427.20675,0.55,0,0.825,0.755,0,0,0,0,0.0,0,0.633,0.476,1,0.633,0.226,0.196,0.354,0.15,0.0,427.20675,0.747,1.186,1,-2,0.931,0,275,0.213,0.82,0,0.15,0.226,0.196,0.354,0.633,0.825,0,0.755,64.0,155.1
1965,LMTm_20240228144233_4,LMTm,SWEEP_REVERSAL,SELL,1,2024.02.28 14:42:33,2024.02.28 14:50:27,7,428.48,430.03,-155.0,-775.0,0.928,0.0,SL_HIT,427.20675,427.543,426.0635,0,0.65,0.043,427.20675,0.55,0,0.825,0.755,0,0,0,0,0.0,0,0.633,0.476,1,0.633,0.226,0.196,0.354,0.15,0.0,427.20675,0.747,1.186,1,-2,0.931,0,275,0.213,0.82,0,0.15,0.226,0.196,0.354,0.633,0.825,0,0.755,64.0,155.1
1960,LMTm_20240228144100_6,LMTm,NAKED_POC,SELL,-1,2024.02.28 14:41:00,2024.02.28 15:05:36,24,428.24,430.35,-211.0,-1055.0,1.321,0.0,SL_HIT,427.20675,427.543,426.0635,0,0.65,0.043,427.20675,0.55,0,0.825,0.755,0,0,0,0,0.0,0,0.633,0.468,1,0.633,0.226,0.196,0.354,0.15,0.0,427.20675,0.747,1.117,1,-2,0.931,0,275,0.471,1.85,0,0.0,0.237,0.0,0.281,0.583,0.9,0,0.79,53.0,156.0
1961,LMTm_20240228144100_6,LMTm,NAKED_POC,SELL,0,2024.02.28 14:41:00,2024.02.28 15:05:36,24,428.24,430.35,-211.0,-1055.0,1.321,0.0,SL_HIT,427.20675,427.543,426.0635,0,0.65,0.043,427.20675,0.55,0,0.825,0.755,0,0,0,0,0.0,0,0.633,0.468,1,0.633,0.226,0.196,0.354,0.15,0.0,427.20675,0.747,1.117,1,-2,0.931,0,275,0.471,1.85,0,0.0,0.237,0.0,0.281,0.583,0.9,0,0.79,53.0,156.0
1962,LMTm_20240228144100_6,LMTm,NAKED_POC,SELL,1,2024.02.28 14:41:00,2024.02.28 15:05:36,24,428.24,430.35,-211.0,-1055.0,1.321,0.0,SL_HIT,427.20675,427.543,426.0635,0,0.65,0.043,427.20675,0.55,0,0.825,0.755,0,0,0,0,0.0,0,0.633,0.468,1,0.633,0.226,0.196,0.354,0.15,0.0,427.20675,0.747,1.117,1,-2,0.931,0,275,0.471,1.85,0,0.0,0.237,0.0,0.281,0.583,0.9,0,0.79,53.0,156.0
1976,LMTm_20240228164030_5,LMTm,MEAN_REVERSION,SELL,-1,2024.02.28 16:40:30,2024.02.28 18:02:18,81,429.63,430.66,-103.0,-515.0,0.645,0.0,SL_HIT,427.32375,430.5,425.66,1,0.057,1.309,430.95375,0.8,1,0.975,0.825,0,0,0,1,0.0,0,0.507,0.463,1,0.507,0.247,0.0,0.241,0.0,0.0,430.5,0.6,1.464,1,-2,0.529,0,277,0.567,2.25,0,0.0,0.269,0.0,0.231,0.611,0.75,1,0.895,31.0,149.5
1977,LMTm_20240228164030_5,LMTm,MEAN_REVERSION,SELL,0,2024.02.28 16:40:30,2024.02.28 18:02:18,81,429.63,430.66,-103.0,-515.0,0.645,0.0,SL_HIT,427.32375,430.5,425.66,1,0.057,1.309,430.95375,0.8,1,0.975,0.825,0,0,0,1,0.0,0,0.507,0.463,1,0.507,0.247,0.0,0.241,0.0,0.0,430.5,0.6,1.464,1,-2,0.529,0,277,0.567,2.25,0,0.0,0.269,0.0,0.231,0.611,0.75,1,0.895,31.0,149.5
1978,LMTm_20240228164030_5,LMTm,MEAN_REVERSION,SELL,1,2024.02.28 16:40:30,2024.02.28 18:02:18,81,429.63,430.66,-103.0,-515.0,0.645,0.0,SL_HIT,427.32375,430.5,425.66,1,0.057,1.309,430.95375,0.8,1,0.975,0.825,0,0,0,1,0.0,0,0.507,0.463,1,0.507,0.247,0.0,0.241,0.0,0.0,430.5,0.6,1.464,1,-2,0.529,0,277,0.567,2.25,0,0.0,0.269,0.0,0.231,0.611,0.75,1,0.895,31.0,149.5
1985,LMTm_20240229144000_0,LMTm,BREAKOUT,SELL,-1,2024.02.29 14:40:00,2024.02.29 14:40:16,0,428.87,429.88,-101.0,-505.0,0.629,0.0,SL_HIT,429.81525,430.3625,429.3675,0,0.585,0.034,429.81525,0.5,0,0.8,0.825,0,0,0,1,0.0,1,0.932,0.446,1,0.741,0.247,0.251,0.756,0.4,-0.1106,429.81525,0.748,0.928,1,-2,0.34,0,282,0.502,4.55,0,0.4,0.247,0.251,0.46,0.753,0.8,0,0.825,90.0,144.6
1986,LMTm_20240229144000_0,LMTm,BREAKOUT,SELL,0,2024.02.29 14:40:00,2024.02.29 14:40:16,0,428.87,429.88,-101.0,-505.0,0.629,0.0,SL_HIT,429.81525,430.3625,429.3675,0,0.585,0.034,429.81525,0.5,0,0.8,0.825,0,0,0,1,0.0,1,0.932,0.446,1,0.741,0.247,0.251,0.756,0.4,-0.1106,429.81525,0.748,0.928,1,-2,0.34,0,282,0.502,4.55,0,0.4,0.247,0.251,0.46,0.753,0.8,0,0.825,90.0,144.6
1987,LMTm_20240229144000_0,LMTm,BREAKOUT,SELL,1,2024.02.29 14:40:00,2024.02.29 14:40:16,0,428.87,429.88,-101.0,-505.0,0.629,0.0,SL_HIT,429.81525,430.3625,429.3675,0,0.585,0.034,429.81525,0.5,0,0.8,0.825,0,0,0,1,0.0,1,0.932,0.446,1,0.741,0.247,0.251,0.756,0.4,-0.1106,429.81525,0.748,0.928,1,-2,0.34,0,282,0.502,4.55,0,0.4,0.247,0.251,0.46,0.753,0.8,0,0.825,90.0,144.6
1991,LMTm_20240229144008_7,LMTm,ANCHORED_PULLBACK,SELL,-1,2024.02.29 14:40:08,2024.02.29 14:40:16,0,428.87,429.88,-101.0,-505.0,0.629,0.0,SL_HIT,429.81525,430.3625,429.3675,0,0.585,0.034,429.81525,0.5,0,0.8,0.825,0,0,0,1,0.0,0,0.753,0.456,1,0.753,0.247,0.251,0.456,0.4,0.0,429.81525,0.748,1.395,1,-2,0.34,0,282,0.415,3.14,0,0.4,0.247,0.251,0.46,0.753,0.8,0,0.825,90.0,144.6
1992,LMTm_20240229144008_7,LMTm,ANCHORED_PULLBACK,SELL,0,2024.02.29 14:40:08,2024.02.29 14:40:16,0,428.87,429.88,-101.0,-505.0,0.629,0.0,SL_HIT,429.81525,430.3625,429.3675,0,0.585,0.034,429.81525,0.5,0,0.8,0.825,0,0,0,1,0.0,0,0.753,0.456,1,0.753,0.247,0.251,0.456,0.4,0.0,429.81525,0.748,1.395,1,-2,0.34,0,282,0.415,3.14,0,0.4,0.247,0.251,0.46,0.753,0.8,0,0.825,90.0,144.6
1993,LMTm_20240229144008_7,LMTm,ANCHORED_PULLBACK,SELL,1,2024.02.29 14:40:08,2024.02.29 14:40:16,0,428.87,429.88,-101.0,-505.0,0.629,0.0,SL_HIT,429.81525,430.3625,429.3675,0,0.585,0.034,429.81525,0.5,0,0.8,0.825,0,0,0,1,0.0,0,0.753,0.456,1,0.753,0.247,0.251,0.456,0.4,0.0,429.81525,0.748,1.395,1,-2,0.34,0,282,0.415,3.14,0,0.4,0.247,0.251,0.46,0.753,0.8,0,0.825,90.0,144.6
1988,LMTm_20240229144005_6,LMTm,NAKED_POC,SELL,-1,2024.02.29 14:40:05,2024.02.29 14:40:30,0,428.86,430.25,-139.0,-695.0,0.871,0.0,SL_HIT,429.81525,430.3625,429.3675,0,0.585,0.034,429.81525,0.5,0,0.8,0.825,0,0,0,1,0.0,0,0.753,0.456,1,0.753,0.247,0.251,0.456,0.4,0.0,429.81525,0.748,1.392,1,-2,0.34,0,282,0.41,3.53,0,0.4,0.247,0.251,0.408,0.753,0.8,0,0.825,90.0,144.6
1989,LMTm_20240229144005_6,LMTm,NAKED_POC,SELL,0,2024.02.29 14:40:05,2024.02.29 14:40:30,0,428.86,430.25,-139.0,-695.0,0.871,0.0,SL_HIT,429.81525,430.3625,429.3675,0,0.585,0.034,429.81525,0.5,0,0.8,0.825,0,0,0,1,0.0,0,0.753,0.456,1,0.753,0.247,0.251,0.456,0.4,0.0,429.81525,0.748,1.392,1,-2,0.34,0,282,0.41,3.53,0,0.4,0.247,0.251,0.408,0.753,0.8,0,0.825,90.0,144.6
1990,LMTm_20240229144005_6,LMTm,NAKED_POC,SELL,1,2024.02.29 14:40:05,2024.02.29 14:40:30,0,428.86,430.25,-139.0,-695.0,0.871,0.0,SL_HIT,429.81525,430.3625,429.3675,0,0.585,0.034,429.81525,0.5,0,0.8,0.825,0,0,0,1,0.0,0,0.753,0.456,1,0.753,0.247,0.251,0.456,0.4,0.0,429.81525,0.748,1.392,1,-2,0.34,0,282,0.41,3.53,0,0.4,0.247,0.251,0.408,0.753,0.8,0,0.825,90.0,144.6
1982,LMTm_20240228184030_5,LMTm,MEAN_REVERSION,SELL,-1,2024.02.28 18:40:30,2024.02.29 14:41:35,1201,430.74,429.68,106.0,468.5,0.274,0.89,TP_HIT,429.7525,431.188,429.1,1,0.071,1.119,429.7525,0.4,0,0.75,0.895,0,0,0,1,0.0,0,0.611,0.365,1,0.611,0.269,0.0,0.204,0.0,0.0,429.7525,0.751,1.152,1,-2,0.529,0,279,0.573,1.65,0,0.4,0.247,0.251,0.456,0.753,0.8,0,0.825,88.0,144.6
1983,LMTm_20240228184030_5,LMTm,MEAN_REVERSION,SELL,0,2024.02.28 18:40:30,2024.02.29 14:41:35,1201,430.74,429.68,106.0,468.5,0.274,0.89,TP_HIT,429.7525,431.188,429.1,1,0.071,1.119,429.7525,0.4,0,0.75,0.895,0,0,0,1,0.0,0,0.611,0.365,1,0.611,0.269,0.0,0.204,0.0,0.0,429.7525,0.751,1.152,1,-2,0.529,0,279,0.573,1.65,0,0.4,0.247,0.251,0.456,0.753,0.8,0,0.825,88.0,144.6
1984,LMTm_20240228184030_5,LMTm,MEAN_REVERSION,SELL,1,2024.02.28 18:40:30,2024.02.29 14:41:35,1201,430.74,429.68,106.0,468.5,0.274,0.89,TP_HIT,429.7525,431.188,429.1,1,0.071,1.119,429.7525,0.4,0,0.75,0.895,0,0,0,1,0.0,0,0.611,0.365,1,0.611,0.269,0.0,0.204,0.0,0.0,429.7525,0.751,1.152,1,-2,0.529,0,279,0.573,1.65,0,0.4,0.247,0.251,0.456,0.753,0.8,0,0.825,88.0,144.6
2006,LMTm_20240229164006_6,LMTm,NAKED_POC,SELL,-1,2024.02.29 16:40:06,2024.02.29 17:44:59,64,428.62,429.53,-91.0,-455.0,0.574,0.077,SL_HIT,429.3725,430.51,428.76,0,0.14,0.818,429.3725,0.5,0,0.8,0.825,0,0,1,0,0.0,6,0.75,0.372,1,0.666,0.247,0.6,0.63,0.55,0.0,429.3725,0.748,0.7,1,-1,0.348,0,284,0.416,4.74,0,0.25,0.223,0.241,0.106,0.741,1.0,1,0.7418,33.0,156.8
2007,LMTm_20240229164006_6,LMTm,NAKED_POC,SELL,0,2024.02.29 16:40:06,2024.02.29 17:44:59,64,428.62,429.53,-91.0,-455.0,0.574,0.077,SL_HIT,429.3725,430.51,428.76,0,0.14,0.818,429.3725,0.5,0,0.8,0.825,0,0,1,0,0.0,6,0.75,0.372,1,0.666,0.247,0.6,0.63,0.55,0.0,429.3725,0.748,0.7,1,-1,0.348,0,284,0.416,4.74,0,0.25,0.223,0.241,0.106,0.741,1.0,1,0.7418,33.0,156.8
2008,LMTm_20240229164006_6,LMTm,NAKED_POC,SELL,1,2024.02.29 16:40:06,2024.02.29 17:44:59,64,428.62,429.53,-91.0,-455.0,0.574,0.077,SL_HIT,429.3725,430.51,428.76,0,0.14,0.818,429.3725,0.5,0,0.8,0.825,0,0,1,0,0.0,6,0.75,0.372,1,0.666,0.247,0.6,0.63,0.55,0.0,429.3725,0.748,0.7,1,-1,0.348,0,284,0.416,4.74,0,0.25,0.223,0.241,0.106,0.741,1.0,1,0.7418,33.0,156.8
2018,LMTm_20240229190123_1,LMTm,BREAKOUT_RETEST,SELL,-1,2024.02.29 19:01:23,2024.02.29 19:03:41,2,428.59,429.05,-46.0,-230.0,0.267,0.0,SL_HIT,428.953,429.484,428.54,1,0.238,0.391,428.953,0.4,0,0.75,-0.72,0,0,0,0,0.0,0,0.772,0.468,1,0.772,0.216,0.095,0.039,0.0,0.0,429.484,0.6,0.9,1,-1,0.348,0,287,0.505,9.39,0,0.0,0.216,0.095,0.029,0.772,0.75,1,-0.72,31.0,150.0
2019,LMTm_20240229190123_1,LMTm,BREAKOUT_RETEST,SELL,0,2024.02.29 19:01:23,2024.02.29 19:03:41,2,428.59,429.05,-46.0,-230.0,0.267,0.0,SL_HIT,428.953,429.484,428.54,1,0.238,0.391,428.953,0.4,0,0.75,-0.72,0,0,0,0,0.0,0,0.772,0.468,1,0.772,0.216,0.095,0.039,0.0,0.0,429.484,0.6,0.9,1,-1,0.348,0,287,0.505,9.39,0,0.0,0.216,0.095,0.029,0.772,0.75,1,-0.72,31.0,150.0
2020,LMTm_20240229190123_1,LMTm,BREAKOUT_RETEST,SELL,1,2024.02.29 19:01:23,2024.02.29 19:03:41,2,428.59,429.05,-46.0,-230.0,0.267,0.0,SL_HIT,428.953,429.484,428.54,1,0.238,0.391,428.953,0.4,0,0.75,-0.72,0,0,0,0,0.0,0,0.772,0.468,1,0.772,0.216,0.095,0.039,0.0,0.0,429.484,0.6,0.9,1,-1,0.348,0,287,0.505,9.39,0,0.0,0.216,0.095,0.029,0.772,0.75,1,-0.72,31.0,150.0
2012,LMTm_20240229184010_6,LMTm,NAKED_POC,SELL,-1,2024.02.29 18:40:10,2024.02.29 19:15:50,35,428.18,429.28,-110.0,-550.0,0.72,0.0,SL_HIT,428.97575,429.4675,428.484,0,0.01,0.665,428.97575,0.35,0,0.45,-0.685,0,0,0,0,0.0,0,0.808,0.51,2,0.808,0.206,0.109,0.258,0.0,0.0,428.97575,0.748,1.091,1,-1,0.348,0,286,0.585,3.5,0,0.0,0.216,0.095,0.003,0.772,0.75,1,-0.72,30.0,150.0
2013,LMTm_20240229184010_6,LMTm,NAKED_POC,SELL,0,2024.02.29 18:40:10,2024.02.29 19:15:50,35,428.18,429.28,-110.0,-550.0,0.72,0.0,SL_HIT,428.97575,429.4675,428.484,0,0.01,0.665,428.97575,0.35,0,0.45,-0.685,0,0,0,0,0.0,0,0.808,0.51,2,0.808,0.206,0.109,0.258,0.0,0.0,428.97575,0.748,1.091,1,-1,0.348,0,286,0.585,3.5,0,0.0,0.216,0.095,0.003,0.772,0.75,1,-0.72,30.0,150.0
2014,LMTm_20240229184010_6,LMTm,NAKED_POC,SELL,1,2024.02.29 18:40:10,2024.02.29 19:15:50,35,428.18,429.28,-110.0,-550.0,0.72,0.0,SL_HIT,428.97575,429.4675,428.484,0,0.01,0.665,428.97575,0.35,0,0.45,-0.685,0,0,0,0,0.0,0,0.808,0.51,2,0.808,0.206,0.109,0.258,0.0,0.0,428.97575,0.748,1.091,1,-1,0.348,0,286,0.585,3.5,0,0.0,0.216,0.095,0.003,0.772,0.75,1,-0.72,30.0,150.0
2026,LMTm_20240229190242_3,LMTm,TREND_CONTINUATION,SELL,1,2024.02.29 19:02:42,2024.03.01 14:46:59,1184,428.53,425.26,327.0,1573.5,0.647,2.653,TRAIL_STOP,428.953,429.484,428.54,0,0.238,0.391,428.953,0.4,0,0.75,-0.72,0,0,0,0,0.0,0,0.772,0.491,1,0.772,0.216,0.095,0.193,0.0,0.0,429.484,0.6,1.101,1,-1,0.348,0,287,0.485,2.31,0,0.15,0.237,0.202,0.358,0.803,0.6,0,-0.79,70.0,137.3
2025,LMTm_20240229190242_3,LMTm,TREND_CONTINUATION,SELL,0,2024.02.29 19:02:42,2024.03.01 14:52:20,1189,428.53,425.14,339.0,1633.5,0.647,2.653,TRAIL_STOP,428.953,429.484,428.54,0,0.238,0.391,428.953,0.4,0,0.75,-0.72,0,0,0,0,0.0,0,0.772,0.491,1,0.772,0.216,0.095,0.193,0.0,0.0,429.484,0.6,1.101,1,-1,0.348,0,287,0.485,2.31,0,0.15,0.237,0.202,0.358,0.803,0.6,0,-0.79,62.0,137.3
2017,LMTm_20240229190035_0,LMTm,BREAKOUT,SELL,1,2024.02.29 19:00:35,2024.03.01 14:52:23,1191,428.51,425.21,330.0,1588.5,0.66,2.64,TRAIL_STOP,428.953,429.484,428.54,0,0.238,0.391,428.953,0.4,0,0.75,-0.72,0,0,0,0,0.0,0,0.772,0.49,1,0.772,0.216,0.095,0.193,0.0,0.0,429.484,0.6,1.095,1,-1,0.348,0,287,0.448,1.84,0,0.15,0.237,0.202,0.358,0.803,0.6,0,-0.79,62.0,137.3
2023,LMTm_20240229190238_2,LMTm,PULLBACK,SELL,1,2024.02.29 19:02:38,2024.03.01 14:58:34,1195,428.54,425.3,324.0,1558.5,0.64,2.713,TRAIL_STOP,428.953,429.484,428.54,1,0.238,0.391,428.953,0.4,0,0.75,-0.72,0,0,0,0,0.0,0,0.772,0.491,1,0.772,0.216,0.095,0.193,0.0,0.0,429.484,0.6,1.103,1,-1,0.348,0,287,0.563,1.86,0,0.15,0.237,0.202,0.358,0.803,0.6,0,-0.79,58.0,137.3
2016,LMTm_20240229190035_0,LMTm,BREAKOUT,SELL,0,2024.02.29 19:00:35,2024.03.01 15:11:04,1210,428.51,425.24,327.0,1573.5,0.66,2.727,TRAIL_STOP,428.953,429.484,428.54,0,0.238,0.391,428.953,0.4,0,0.75,-0.72,0,0,0,0,0.0,0,0.772,0.49,1,0.772,0.216,0.095,0.193,0.0,0.0,429.484,0.6,1.095,1,-1,0.348,0,287,0.448,1.84,0,0.25,0.195,0.238,0.363,0.742,0.975,0,-0.65,48.0,136.3
2022,LMTm_20240229190238_2,LMTm,PULLBACK,SELL,0,2024.02.29 19:02:38,2024.03.01 15:16:00,1213,428.54,425.56,298.0,1428.5,0.64,2.747,TRAIL_STOP,428.953,429.484,428.54,1,0.238,0.391,428.953,0.4,0,0.75,-0.72,0,0,0,0,0.0,0,0.772,0.491,1,0.772,0.216,0.095,0.193,0.0,0.0,429.484,0.6,1.103,1,-1,0.348,0,287,0.563,1.86,0,0.25,0.195,0.238,0.395,0.742,0.975,0,-0.65,45.0,136.3
2024,LMTm_20240229190242_3,LMTm,TREND_CONTINUATION,SELL,-1,2024.02.29 19:02:42,2024.03.04 14:44:38,5501,428.53,430.42,-189.0,-1191.0,1.113,2.74,SL_HIT,428.953,429.484,428.54,0,0.238,0.391,428.953,0.4,0,0.75,-0.72,0,0,0,0,0.0,0,0.772,0.491,1,0.772,0.216,0.095,0.193,0.0,0.0,429.484,0.6,1.101,1,-1,0.348,0,287,0.485,2.31,0,0.25,0.247,0.238,0.397,0.687,1.0,0,-0.825,69.0,143.4
2015,LMTm_20240229190035_0,LMTm,BREAKOUT,SELL,-1,2024.02.29 19:00:35,2024.03.04 14:45:39,5505,428.51,430.8,-229.0,-1391.0,1.467,2.727,SL_HIT,428.953,429.484,428.54,0,0.238,0.391,428.953,0.4,0,0.75,-0.72,0,0,0,0,0.0,0,0.772,0.49,1,0.772,0.216,0.095,0.193,0.0,0.0,429.484,0.6,1.095,1,-1,0.348,0,287,0.448,1.84,0,0.25,0.247,0.238,0.397,0.687,1.0,0,-0.825,70.0,143.4
2021,LMTm_20240229190238_2,LMTm,PULLBACK,SELL,-1,2024.02.29 19:02:38,2024.03.04 14:45:39,5503,428.54,430.8,-226.0,-1376.0,1.447,2.747,SL_HIT,428.953,429.484,428.54,1,0.238,0.391,428.953,0.4,0,0.75,-0.72,0,0,0,0,0.0,0,0.772,0.491,1,0.772,0.216,0.095,0.193,0.0,0.0,429.484,0.6,1.103,1,-1,0.348,0,287,0.563,1.86,0,0.25,0.247,0.238,0.397,0.687,1.0,0,-0.825,70.0,143.4
