ticket,signalId,symbol,setupType,direction,trailStyle,entryTime,exitTime,holdingMinutes,entryPrice,exitPrice,profitPips,profitUSD,maeATR,mfeATR,exitReason,entryVpPOC,entryVpVAH,entryVpVAL,entryVpInsideVA,entryVpDistHVN,entryVpDistLVN,entryVpBestHVN,entryVpThinnessRatio,entryVpOverlapBias,entryVpMigrationConf,entryVpDevPOCDir,entryVpProfileShape,entryVpUpthrust,entryVpSpring,entryVpCompPosition,entryVpBreakoutPOC,entryAuctRegime,entryAuctRegimeConf,entryAuctTradeQuality,entryAuctTradeGrade,entryAuctBalance,entryAuctContinuation,entryAuctReversalRisk,entryAuctExhaustion,entryAuctFailure,entryAuctVAExpRate,entryAuctTargetPrice,entryAuctTargetConf,entryAuctExpReward,entryLTValid,entryLTPOCMigration,entryLTNearestZoneStrength,entryArchetype,entryProfilerSamples,thesis,riskReward,exitAuctRegime,exitAuctFailure,exitAuctContinuation,exitAuctReversalRisk,exitAuctExhaustion,exitAuctBalance,exitVpMigrationConf,exitVpInsideVA,exitVpDevPOCDir,exitSpreadPoints,exitAtrProxy
96044,XAUGBPm_20260803000000_7,XAUGBPm,ANCHORED_PULLBACK,BUY,0,2026.08.03 00:00:00,2026.08.03 00:00:06,0,3020.453,3021.252,799.0,446.54,0.034,0.146,TRAIL_STOP,3003.37433,3012.77405,2998.398,0,0.887,0.024,2998.95093,0.65,0,0.721,-0.5055,0,0,0,0,0.0,0,0.688,0.394,1,0.688,0.152,0.14,0.408,0.4,0.0,3012.22113,0.55,0.997,1,-2,0.0,0,15284,0.415,1.23,0,0.4,0.152,0.14,0.408,0.688,0.721,0,-0.5055,393.0,8973.1
96045,XAUGBPm_20260803000000_7,XAUGBPm,ANCHORED_PULLBACK,BUY,1,2026.08.03 00:00:00,2026.08.03 00:00:16,0,3020.59,3020.891,301.0,118.04,0.049,0.131,TRAIL_STOP,3003.37433,3012.77405,2998.398,0,0.887,0.024,2998.95093,0.65,0,0.721,-0.5055,0,0,0,0,0.0,0,0.688,0.394,1,0.688,0.152,0.14,0.408,0.4,0.0,3012.22113,0.55,0.997,1,-2,0.0,0,15284,0.415,1.23,0,0.4,0.152,0.14,0.408,0.688,0.721,0,-0.5055,393.0,8973.1
96043,XAUGBPm_20260803000000_7,XAUGBPm,ANCHORED_PULLBACK,BUY,-1,2026.08.03 00:00:00,2026.08.03 00:25:49,25,3020.453,3013.961,-6492.0,-4378.17,0.709,0.427,SL_HIT,3003.37433,3012.77405,2998.398,0,0.887,0.024,2998.95093,0.65,0,0.721,-0.5055,0,0,0,0,0.0,0,0.688,0.394,1,0.688,0.152,0.14,0.408,0.4,0.0,3012.22113,0.55,0.997,1,-2,0.0,0,15284,0.415,1.23,0,0.4,0.152,0.14,0.406,0.688,0.721,0,-0.5055,392.0,8973.1
96050,XAUGBPm_20260803011430_3,XAUGBPm,TREND_CONTINUATION,BUY,0,2026.08.03 01:14:30,2026.08.03 01:25:22,10,3007.615,3008.968,1353.0,911.4,0.413,0.186,TRAIL_STOP,3011.98657,3024.281,3004.86875,1,0.398,0.133,2999.04507,0.75,0,0.235,0.2952,0,0,0,-1,0.0,0,0.709,0.348,0,0.709,0.089,0.271,0.325,0.4,0.0,3003.37433,0.65,0.32,1,-2,0.0,0,15285,0.218,2.08,0,0.4,0.089,0.271,0.405,0.709,0.235,1,0.2952,393.0,9763.9
96053,XAUGBPm_20260803011832_0,XAUGBPm,BREAKOUT,BUY,0,2026.08.03 01:18:32,2026.08.03 01:25:22,6,3005.921,3008.968,3047.0,2052.5,0.069,0.363,TRAIL_STOP,3011.98657,3024.281,3004.86875,1,0.398,0.133,2999.04507,0.75,0,0.235,0.2952,0,0,0,-1,0.0,0,0.709,0.342,0,0.709,0.089,0.271,0.351,0.4,0.0,2999.04507,0.739,0.263,1,-2,0.0,0,15285,0.206,1.67,0,0.4,0.089,0.271,0.405,0.709,0.235,1,0.2952,393.0,9763.9
96056,XAUGBPm_20260803011839_2,XAUGBPm,PULLBACK,BUY,0,2026.08.03 01:18:39,2026.08.03 01:25:22,6,3006.287,3008.968,2681.0,1805.96,0.106,0.329,TRAIL_STOP,3011.98657,3024.281,3004.86875,1,0.398,0.133,2999.04507,0.75,0,0.235,0.2952,0,0,0,-1,0.0,0,0.709,0.343,0,0.709,0.089,0.271,0.351,0.4,0.0,3002.92753,0.55,0.278,1,-2,0.0,0,15285,0.333,2.0,0,0.4,0.089,0.271,0.405,0.709,0.235,1,0.2952,393.0,9763.9
96051,XAUGBPm_20260803011430_3,XAUGBPm,TREND_CONTINUATION,BUY,1,2026.08.03 01:14:30,2026.08.03 01:25:25,10,3007.615,3008.558,943.0,635.23,0.413,0.194,TRAIL_STOP,3011.98657,3024.281,3004.86875,1,0.398,0.133,2999.04507,0.75,0,0.235,0.2952,0,0,0,-1,0.0,0,0.709,0.348,0,0.709,0.089,0.271,0.325,0.4,0.0,3003.37433,0.65,0.32,1,-2,0.0,0,15285,0.218,2.08,0,0.4,0.089,0.271,0.316,0.709,0.235,1,0.2952,393.0,9763.9
96054,XAUGBPm_20260803011832_0,XAUGBPm,BREAKOUT,BUY,1,2026.08.03 01:18:32,2026.08.03 01:25:25,6,3005.921,3008.558,2637.0,1776.35,0.069,0.367,TRAIL_STOP,3011.98657,3024.281,3004.86875,1,0.398,0.133,2999.04507,0.75,0,0.235,0.2952,0,0,0,-1,0.0,0,0.709,0.342,0,0.709,0.089,0.271,0.351,0.4,0.0,2999.04507,0.739,0.263,1,-2,0.0,0,15285,0.206,1.67,0,0.4,0.089,0.271,0.316,0.709,0.235,1,0.2952,393.0,9763.9
96057,XAUGBPm_20260803011839_2,XAUGBPm,PULLBACK,BUY,1,2026.08.03 01:18:39,2026.08.03 01:25:25,6,3006.287,3008.558,2271.0,1529.8,0.106,0.33,TRAIL_STOP,3011.98657,3024.281,3004.86875,1,0.398,0.133,2999.04507,0.75,0,0.235,0.2952,0,0,0,-1,0.0,0,0.709,0.343,0,0.709,0.089,0.271,0.351,0.4,0.0,3002.92753,0.55,0.278,1,-2,0.0,0,15285,0.333,2.0,0,0.4,0.089,0.271,0.316,0.709,0.235,1,0.2952,393.0,9763.9
96065,XAUGBPm_20260803020001_7,XAUGBPm,ANCHORED_PULLBACK,BUY,0,2026.08.03 02:00:01,2026.08.03 02:00:42,0,3011.49,3012.746,1256.0,846.14,0.044,0.211,TRAIL_STOP,3008.10412,3017.81025,3004.86875,1,0.128,0.77,2999.04507,0.5,0,0.5,0.72,0,0,0,-1,0.0,0,0.624,0.402,1,0.624,0.216,0.167,0.087,0.0,0.0,3004.86875,0.6,0.403,1,-2,0.0,0,15286,0.471,1.29,0,0.0,0.216,0.167,0.11,0.624,0.5,1,0.72,393.0,10072.0
96066,XAUGBPm_20260803020001_7,XAUGBPm,ANCHORED_PULLBACK,BUY,1,2026.08.03 02:00:01,2026.08.03 02:00:44,0,3011.49,3012.18,690.0,379.28,0.044,0.211,TRAIL_STOP,3008.10412,3017.81025,3004.86875,1,0.128,0.77,2999.04507,0.5,0,0.5,0.72,0,0,0,-1,0.0,0,0.624,0.402,1,0.624,0.216,0.167,0.087,0.0,0.0,3004.86875,0.6,0.403,1,-2,0.0,0,15286,0.471,1.29,0,0.0,0.216,0.167,0.029,0.624,0.5,1,0.72,393.0,10072.0
96070,XAUGBPm_20260803022716_1,XAUGBPm,BREAKOUT_RETEST,BUY,0,2026.08.03 02:27:16,2026.08.03 02:28:27,1,3010.311,3012.288,1977.0,1331.65,0.017,0.235,TRAIL_STOP,3008.10412,3017.81025,3004.86875,1,0.128,0.77,2999.04507,0.5,0,0.5,0.72,0,0,0,-1,0.0,0,0.624,0.407,1,0.624,0.216,0.167,0.107,0.0,0.0,3004.86875,0.6,0.382,1,-2,0.0,0,15286,0.387,4.75,0,0.0,0.216,0.167,0.029,0.624,0.5,1,0.72,393.0,10072.0
96071,XAUGBPm_20260803022716_1,XAUGBPm,BREAKOUT_RETEST,BUY,1,2026.08.03 02:27:16,2026.08.03 02:29:27,2,3010.311,3011.741,1430.0,963.18,0.028,0.235,TRAIL_STOP,3008.10412,3017.81025,3004.86875,1,0.128,0.77,2999.04507,0.5,0,0.5,0.72,0,0,0,-1,0.0,0,0.624,0.407,1,0.624,0.216,0.167,0.107,0.0,0.0,3004.86875,0.6,0.382,1,-2,0.0,0,15286,0.387,4.75,0,0.0,0.216,0.167,0.029,0.624,0.5,1,0.72,393.0,10072.0
96064,XAUGBPm_20260803020001_7,XAUGBPm,ANCHORED_PULLBACK,BUY,-1,2026.08.03 02:00:01,2026.08.03 02:49:02,49,3011.242,3017.857,6615.0,4288.56,0.373,0.642,TP_HIT,3008.10412,3017.81025,3004.86875,1,0.128,0.77,2999.04507,0.5,0,0.5,0.72,0,0,0,-1,0.0,0,0.624,0.402,1,0.624,0.216,0.167,0.087,0.0,0.0,3004.86875,0.6,0.403,1,-2,0.0,0,15286,0.471,1.29,0,0.0,0.216,0.167,0.144,0.624,0.5,0,0.72,393.0,10072.0
96076,XAUGBPm_20260803031430_3,XAUGBPm,TREND_CONTINUATION,BUY,0,2026.08.03 03:14:30,2026.08.03 03:15:00,0,3017.697,3017.299,-398.0,-268.03,0.03,0.0,SL_HIT,3008.24315,3013.934,3004.6217,0,0.51,0.11,3008.24315,0.45,0,0.55,0.755,0,0,0,0,0.0,0,0.718,0.354,1,0.718,0.226,0.053,0.226,0.15,0.0,3008.24315,0.752,0.516,1,-2,0.0,0,15287,0.378,2.08,0,0.15,0.226,0.053,0.226,0.718,0.55,0,0.755,393.0,10337.3
96077,XAUGBPm_20260803031430_3,XAUGBPm,TREND_CONTINUATION,BUY,1,2026.08.03 03:14:30,2026.08.03 03:15:31,1,3017.697,3018.002,305.0,205.36,0.039,0.125,TRAIL_STOP,3008.24315,3013.934,3004.6217,0,0.51,0.11,3008.24315,0.45,0,0.55,0.755,0,0,0,0,0.0,0,0.718,0.354,1,0.718,0.226,0.053,0.226,0.15,0.0,3008.24315,0.752,0.516,1,-2,0.0,0,15287,0.378,2.08,0,0.15,0.226,0.053,0.226,0.718,0.55,0,0.755,393.0,10337.3
96081,XAUGBPm_20260803031832_0,XAUGBPm,BREAKOUT,BUY,0,2026.08.03 03:18:32,2026.08.03 03:18:38,0,3020.407,3019.626,-781.0,-525.89,0.063,0.0,SL_HIT,3008.24315,3013.934,3004.6217,0,0.51,0.11,3008.24315,0.45,0,0.55,0.755,0,0,0,0,0.0,0,0.718,0.37,1,0.718,0.226,0.053,0.288,0.15,0.0,3008.24315,0.752,0.661,1,-2,0.0,0,15287,0.358,2.44,0,0.15,0.226,0.053,0.288,0.718,0.55,0,0.755,394.0,10337.3
96085,XAUGBPm_20260803031843_2,XAUGBPm,PULLBACK,BUY,0,2026.08.03 03:18:43,2026.08.03 03:18:48,0,3020.075,3019.345,-730.0,-491.55,0.055,0.0,SL_HIT,3008.24315,3013.934,3004.6217,0,0.51,0.11,3008.24315,0.45,0,0.55,0.755,0,0,0,0,0.0,0,0.718,0.37,1,0.718,0.226,0.053,0.288,0.15,0.0,3008.24315,0.752,0.653,1,-2,0.0,0,15287,0.325,8.87,0,0.15,0.226,0.053,0.288,0.718,0.55,0,0.755,393.0,10337.3
96082,XAUGBPm_20260803031832_0,XAUGBPm,BREAKOUT,BUY,1,2026.08.03 03:18:32,2026.08.03 03:20:20,1,3020.407,3019.322,-1085.0,-808.09,0.112,0.001,SL_HIT,3008.24315,3013.934,3004.6217,0,0.51,0.11,3008.24315,0.45,0,0.55,0.755,0,0,0,0,0.0,0,0.718,0.37,1,0.718,0.226,0.053,0.288,0.15,0.0,3008.24315,0.752,0.661,1,-2,0.0,0,15287,0.358,2.44,0,0.15,0.226,0.053,0.288,0.718,0.55,0,0.755,393.0,10337.3
96086,XAUGBPm_20260803031843_2,XAUGBPm,PULLBACK,BUY,1,2026.08.03 03:18:43,2026.08.03 03:20:20,1,3020.075,3019.322,-753.0,-426.27,0.08,0.026,SL_HIT,3008.24315,3013.934,3004.6217,0,0.51,0.11,3008.24315,0.45,0,0.55,0.755,0,0,0,0,0.0,0,0.718,0.37,1,0.718,0.226,0.053,0.288,0.15,0.0,3008.24315,0.752,0.653,1,-2,0.0,0,15287,0.325,8.87,0,0.15,0.226,0.053,0.288,0.718,0.55,0,0.755,393.0,10337.3
96084,XAUGBPm_20260803031843_2,XAUGBPm,PULLBACK,BUY,-1,2026.08.03 03:18:43,2026.08.03 03:44:11,25,3020.075,3015.555,-4520.0,-3043.29,0.429,0.033,SL_HIT,3008.24315,3013.934,3004.6217,0,0.51,0.11,3008.24315,0.45,0,0.55,0.755,0,0,0,0,0.0,0,0.718,0.37,1,0.718,0.226,0.053,0.288,0.15,0.0,3008.24315,0.752,0.653,1,-2,0.0,0,15287,0.325,8.87,0,0.15,0.226,0.053,0.233,0.718,0.55,0,0.755,393.0,10337.3
96092,XAUGBPm_20260803050005_1,XAUGBPm,BREAKOUT_RETEST,BUY,0,2026.08.03 05:00:05,2026.08.03 05:00:11,0,3016.51,3015.862,-648.0,-518.7,0.06,0.0,SL_HIT,3008.7955,3016.845,3003.587,1,0.629,0.209,3008.7955,0.7,0,0.975,0.825,0,0,0,0,0.0,0,0.739,0.385,1,0.659,0.247,0.141,0.098,0.15,0.0,3008.7955,0.757,0.45,1,-2,0.0,0,15289,0.58,1.16,0,0.15,0.247,0.141,0.255,0.659,0.975,1,0.825,393.0,9031.9
96093,XAUGBPm_20260803050005_1,XAUGBPm,BREAKOUT_RETEST,BUY,1,2026.08.03 05:00:05,2026.08.03 05:01:03,0,3016.632,3016.065,-567.0,-381.98,0.112,0.034,SL_HIT,3008.7955,3016.845,3003.587,1,0.629,0.209,3008.7955,0.7,0,0.975,0.825,0,0,0,0,0.0,0,0.739,0.385,1,0.659,0.247,0.141,0.098,0.15,0.0,3008.7955,0.757,0.45,1,-2,0.0,0,15289,0.58,1.16,0,0.15,0.247,0.141,0.098,0.659,0.975,1,0.825,393.0,9031.9
96097,XAUGBPm_20260803051431_3,XAUGBPm,TREND_CONTINUATION,BUY,0,2026.08.03 05:14:31,2026.08.03 05:14:39,0,3012.088,3011.479,-609.0,-410.23,0.053,0.0,SL_HIT,3008.7955,3016.845,3003.587,1,0.629,0.209,3008.7955,0.7,0,0.975,0.825,0,0,0,0,0.0,0,0.739,0.369,1,0.659,0.247,0.141,0.141,0.15,0.0,3008.7955,0.757,0.314,1,-2,0.0,0,15289,0.539,2.08,0,0.15,0.247,0.141,0.141,0.659,0.975,1,0.825,393.0,9031.9
96098,XAUGBPm_20260803051431_3,XAUGBPm,TREND_CONTINUATION,BUY,1,2026.08.03 05:14:31,2026.08.03 05:15:50,1,3012.088,3010.913,-1175.0,-791.5,0.116,0.0,SL_HIT,3008.7955,3016.845,3003.587,1,0.629,0.209,3008.7955,0.7,0,0.975,0.825,0,0,0,0,0.0,0,0.739,0.369,1,0.659,0.247,0.141,0.141,0.15,0.0,3008.7955,0.757,0.314,1,-2,0.0,0,15289,0.539,2.08,0,0.15,0.247,0.141,0.104,0.659,0.975,1,0.825,393.0,9031.9
96091,XAUGBPm_20260803050005_1,XAUGBPm,BREAKOUT_RETEST,BUY,-1,2026.08.03 05:00:05,2026.08.03 05:16:57,16,3016.51,3010.093,-6417.0,-4322.43,0.698,0.053,SL_HIT,3008.7955,3016.845,3003.587,1,0.629,0.209,3008.7955,0.7,0,0.975,0.825,0,0,0,0,0.0,0,0.739,0.385,1,0.659,0.247,0.141,0.098,0.15,0.0,3008.7955,0.757,0.45,1,-2,0.0,0,15289,0.58,1.16,0,0.15,0.247,0.141,0.087,0.659,0.975,1,0.825,393.0,9031.9
96080,XAUGBPm_20260803031832_0,XAUGBPm,BREAKOUT,BUY,-1,2026.08.03 03:18:32,2026.08.03 05:17:06,118,3020.26,3009.602,-10658.0,-7278.36,1.018,0.219,SL_HIT,3008.24315,3013.934,3004.6217,0,0.51,0.11,3008.24315,0.45,0,0.55,0.755,0,0,0,0,0.0,0,0.718,0.37,1,0.718,0.226,0.053,0.288,0.15,0.0,3008.24315,0.752,0.661,1,-2,0.0,0,15287,0.358,2.44,0,0.15,0.247,0.141,0.087,0.659,0.975,1,0.825,393.0,9031.9
96104,XAUGBPm_20260803051836_0,XAUGBPm,BREAKOUT,BUY,0,2026.08.03 05:18:36,2026.08.03 05:19:38,1,3011.906,3011.107,-799.0,-538.2,0.078,0.0,SL_HIT,3008.7955,3016.845,3003.587,1,0.629,0.209,3008.7955,0.7,0,0.975,0.825,0,0,0,0,0.0,0,0.739,0.368,1,0.659,0.247,0.141,0.141,0.15,0.0,3008.7955,0.757,0.307,1,-2,0.0,0,15289,0.385,1.67,0,0.15,0.247,0.141,0.104,0.659,0.975,1,0.825,393.0,9031.9
96107,XAUGBPm_20260803051845_2,XAUGBPm,PULLBACK,BUY,0,2026.08.03 05:18:45,2026.08.03 05:19:38,0,3011.824,3011.107,-717.0,-482.96,0.069,0.0,SL_HIT,3008.7955,3016.845,3003.587,1,0.629,0.209,3008.7955,0.7,0,0.975,0.825,0,0,0,0,0.0,0,0.739,0.368,1,0.659,0.247,0.141,0.141,0.15,0.0,3008.7955,0.757,0.309,1,-2,0.0,0,15289,0.609,2.0,0,0.15,0.247,0.141,0.104,0.659,0.975,1,0.825,393.0,9031.9
96105,XAUGBPm_20260803051836_0,XAUGBPm,BREAKOUT,BUY,1,2026.08.03 05:18:36,2026.08.03 05:27:05,8,3011.906,3014.612,2706.0,1822.69,0.136,0.396,TRAIL_STOP,3008.7955,3016.845,3003.587,1,0.629,0.209,3008.7955,0.7,0,0.975,0.825,0,0,0,0,0.0,0,0.739,0.368,1,0.659,0.247,0.141,0.141,0.15,0.0,3008.7955,0.757,0.307,1,-2,0.0,0,15289,0.385,1.67,0,0.15,0.247,0.141,0.324,0.659,0.975,1,0.825,393.0,9031.9
96108,XAUGBPm_20260803051845_2,XAUGBPm,PULLBACK,BUY,1,2026.08.03 05:18:45,2026.08.03 05:27:05,8,3011.824,3014.612,2788.0,1877.93,0.127,0.419,TRAIL_STOP,3008.7955,3016.845,3003.587,1,0.629,0.209,3008.7955,0.7,0,0.975,0.825,0,0,0,0,0.0,0,0.739,0.368,1,0.659,0.247,0.141,0.141,0.15,0.0,3008.7955,0.757,0.309,1,-2,0.0,0,15289,0.609,2.0,0,0.15,0.247,0.141,0.324,0.659,0.975,1,0.825,393.0,9031.9
96114,XAUGBPm_20260803070005_1,XAUGBPm,BREAKOUT_RETEST,BUY,0,2026.08.03 07:00:05,2026.08.03 07:00:08,0,3019.228,3018.611,-617.0,-415.28,0.055,0.0,SL_HIT,3019.55565,3021.2064,3015.2637,1,0.021,0.357,3019.55565,0.45,0,0.75,0.895,0,0,0,0,0.0,0,0.733,0.376,1,0.653,0.269,0.0,0.014,0.0,0.0,3015.2637,0.6,0.535,1,-2,0.0,0,15291,0.493,1.32,0,0.0,0.269,0.0,0.014,0.653,0.75,1,0.895,394.0,8735.9
96115,XAUGBPm_20260803070005_1,XAUGBPm,BREAKOUT_RETEST,BUY,1,2026.08.03 07:00:05,2026.08.03 07:00:20,0,3019.228,3018.059,-1169.0,-786.79,0.121,0.0,SL_HIT,3019.55565,3021.2064,3015.2637,1,0.021,0.357,3019.55565,0.45,0,0.75,0.895,0,0,0,0,0.0,0,0.733,0.376,1,0.653,0.269,0.0,0.014,0.0,0.0,3015.2637,0.6,0.535,1,-2,0.0,0,15291,0.493,1.32,0,0.0,0.269,0.0,0.068,0.653,0.75,1,0.895,394.0,8735.9
96113,XAUGBPm_20260803070005_1,XAUGBPm,BREAKOUT_RETEST,BUY,-1,2026.08.03 07:00:05,2026.08.03 07:17:19,17,3018.997,3014.711,-4286.0,-3039.42,0.476,0.058,SL_HIT,3019.55565,3021.2064,3015.2637,1,0.021,0.357,3019.55565,0.45,0,0.75,0.895,0,0,0,0,0.0,0,0.733,0.376,1,0.653,0.269,0.0,0.014,0.0,0.0,3015.2637,0.6,0.535,1,-2,0.0,0,15291,0.493,1.32,0,0.0,0.269,0.0,0.214,0.653,0.75,0,0.895,408.0,8735.9
96120,XAUGBPm_20260803071922_4,XAUGBPm,SWEEP_REVERSAL,BUY,0,2026.08.03 07:19:22,2026.08.03 07:19:28,0,3012.837,3012.345,-492.0,-76.03,0.1,0.0,SL_HIT,3019.55565,3021.2064,3015.2637,0,0.021,0.357,3019.55565,0.45,0,0.75,0.895,0,0,0,0,0.0,0,0.733,0.364,1,0.653,0.269,0.0,0.222,0.0,0.0,3019.55565,0.753,0.432,1,-2,0.0,0,15291,0.091,0.8,0,0.0,0.269,0.0,0.222,0.653,0.75,0,0.895,393.0,8735.9
96121,XAUGBPm_20260803071922_4,XAUGBPm,SWEEP_REVERSAL,BUY,1,2026.08.03 07:19:23,2026.08.03 07:19:55,0,3012.458,3013.0,542.0,364.67,0.056,0.153,TRAIL_STOP,3019.55565,3021.2064,3015.2637,0,0.021,0.357,3019.55565,0.45,0,0.75,0.895,0,0,0,0,0.0,0,0.733,0.364,1,0.653,0.269,0.0,0.222,0.0,0.0,3019.55565,0.753,0.432,1,-2,0.0,0,15291,0.091,0.8,0,0.0,0.269,0.0,0.222,0.653,0.75,0,0.895,393.0,8735.9
96125,XAUGBPm_20260803075434_2,XAUGBPm,PULLBACK,BUY,0,2026.08.03 07:54:34,2026.08.03 07:54:43,0,3018.286,3017.863,-423.0,-284.74,0.036,0.0,SL_HIT,3019.55565,3021.2064,3015.2637,1,0.021,0.357,3019.55565,0.45,0,0.75,0.895,0,0,0,0,0.0,0,0.733,0.38,1,0.653,0.269,0.0,0.089,0.0,0.0,3015.2637,0.6,0.573,1,-2,0.0,0,15291,0.551,7.48,0,0.0,0.269,0.0,0.089,0.653,0.75,1,0.895,394.0,8735.9
96128,XAUGBPm_20260803075435_3,XAUGBPm,TREND_CONTINUATION,BUY,0,2026.08.03 07:54:35,2026.08.03 07:54:43,0,3018.412,3017.863,-549.0,-369.55,0.05,0.0,SL_HIT,3019.55565,3021.2064,3015.2637,1,0.021,0.357,3019.55565,0.45,0,0.75,0.895,0,0,0,0,0.0,0,0.733,0.379,1,0.653,0.269,0.0,0.068,0.0,0.0,3015.2637,0.6,0.56,1,-2,0.0,0,15291,0.47,2.08,0,0.0,0.269,0.0,0.089,0.653,0.75,1,0.895,394.0,8735.9
96126,XAUGBPm_20260803075434_2,XAUGBPm,PULLBACK,BUY,1,2026.08.03 07:54:35,2026.08.03 07:55:39,1,3018.286,3017.412,-874.0,-588.31,0.09,0.0,SL_HIT,3019.55565,3021.2064,3015.2637,1,0.021,0.357,3019.55565,0.45,0,0.75,0.895,0,0,0,0,0.0,0,0.733,0.38,1,0.653,0.269,0.0,0.089,0.0,0.0,3015.2637,0.6,0.573,1,-2,0.0,0,15291,0.551,7.48,0,0.0,0.269,0.0,0.089,0.653,0.75,1,0.895,393.0,8735.9
96129,XAUGBPm_20260803075435_3,XAUGBPm,TREND_CONTINUATION,BUY,1,2026.08.03 07:54:35,2026.08.03 07:55:39,1,3018.412,3017.412,-1000.0,-673.12,0.105,0.0,SL_HIT,3019.55565,3021.2064,3015.2637,1,0.021,0.357,3019.55565,0.45,0,0.75,0.895,0,0,0,0,0.0,0,0.733,0.379,1,0.653,0.269,0.0,0.068,0.0,0.0,3015.2637,0.6,0.56,1,-2,0.0,0,15291,0.47,2.08,0,0.0,0.269,0.0,0.089,0.653,0.75,1,0.895,393.0,8735.9
96135,XAUGBPm_20260803080001_7,XAUGBPm,ANCHORED_PULLBACK,BUY,0,2026.08.03 08:00:02,2026.08.03 08:00:04,0,3017.284,3016.531,-753.0,-589.62,0.071,0.0,SL_HIT,3019.55565,3021.2064,3013.2828,1,0.238,0.61,3019.55565,0.6,0,0.8,0.755,0,0,0,0,0.0,0,0.629,0.351,1,0.629,0.226,0.088,0.239,0.25,0.0,3013.2828,0.6,0.562,1,-2,0.0,0,15292,0.399,0.8,0,0.25,0.226,0.088,0.253,0.629,0.8,1,0.755,393.0,8885.3
96136,XAUGBPm_20260803080001_7,XAUGBPm,ANCHORED_PULLBACK,BUY,1,2026.08.03 08:00:02,2026.08.03 08:01:57,1,3017.407,3016.172,-1235.0,-831.04,0.137,0.0,SL_HIT,3019.55565,3021.2064,3013.2828,1,0.238,0.61,3019.55565,0.6,0,0.8,0.755,0,0,0,0,0.0,0,0.629,0.351,1,0.629,0.226,0.088,0.239,0.25,0.0,3013.2828,0.6,0.562,1,-2,0.0,0,15292,0.399,0.8,0,0.25,0.226,0.088,0.253,0.629,0.8,1,0.755,394.0,8885.3
96124,XAUGBPm_20260803075434_2,XAUGBPm,PULLBACK,BUY,-1,2026.08.03 07:54:34,2026.08.03 08:19:03,24,3018.286,3014.738,-3548.0,-2387.52,0.389,0.0,SL_HIT,3019.55565,3021.2064,3015.2637,1,0.021,0.357,3019.55565,0.45,0,0.75,0.895,0,0,0,0,0.0,0,0.733,0.38,1,0.653,0.269,0.0,0.089,0.0,0.0,3015.2637,0.6,0.573,1,-2,0.0,0,15291,0.551,7.48,0,0.25,0.226,0.088,0.257,0.629,0.8,1,0.755,393.0,8885.3
96141,XAUGBPm_20260803084820_5,XAUGBPm,MEAN_REVERSION,BUY,0,2026.08.03 08:48:20,2026.08.03 08:49:33,1,3015.635,3016.201,566.0,380.85,0.046,0.106,TRAIL_STOP,3019.55565,3021.2064,3013.2828,1,0.238,0.61,3019.55565,0.6,0,0.8,0.755,0,0,0,0,0.0,0,0.629,0.314,0,0.629,0.226,0.088,0.257,0.25,0.0,3019.55565,0.752,0.506,1,-2,0.0,0,15292,0.578,1.51,0,0.25,0.226,0.088,0.253,0.629,0.8,1,0.755,393.0,8885.3
96142,XAUGBPm_20260803084820_5,XAUGBPm,MEAN_REVERSION,BUY,1,2026.08.03 08:48:20,2026.08.03 08:51:00,2,3015.635,3016.068,433.0,291.35,0.046,0.151,TRAIL_STOP,3019.55565,3021.2064,3013.2828,1,0.238,0.61,3019.55565,0.6,0,0.8,0.755,0,0,0,0,0.0,0,0.629,0.314,0,0.629,0.226,0.088,0.257,0.25,0.0,3019.55565,0.752,0.506,1,-2,0.0,0,15292,0.578,1.51,0,0.25,0.226,0.088,0.253,0.629,0.8,1,0.755,394.0,8885.3
96146,XAUGBPm_20260803090005_1,XAUGBPm,BREAKOUT_RETEST,BUY,0,2026.08.03 09:00:05,2026.08.03 09:00:46,0,3017.33,3017.047,-283.0,-190.41,0.046,0.016,SL_HIT,3016.24732,3019.8754,3012.61925,1,0.019,0.511,3016.24732,0.55,0,0.8,0.79,0,0,0,0,0.0,0,0.773,0.416,1,0.773,0.237,0.238,0.154,0.25,0.0,3019.8754,0.6,0.509,1,-2,0.0,0,15293,0.516,1.13,0,0.25,0.237,0.238,0.154,0.773,0.8,1,0.79,394.0,8707.6
96147,XAUGBPm_20260803090005_1,XAUGBPm,BREAKOUT_RETEST,BUY,1,2026.08.03 09:00:05,2026.08.03 09:00:47,0,3017.33,3016.67,-660.0,-444.06,0.064,0.016,SL_HIT,3016.24732,3019.8754,3012.61925,1,0.019,0.511,3016.24732,0.55,0,0.8,0.79,0,0,0,0,0.0,0,0.773,0.416,1,0.773,0.237,0.238,0.154,0.25,0.0,3019.8754,0.6,0.509,1,-2,0.0,0,15293,0.516,1.13,0,0.25,0.237,0.238,0.154,0.773,0.8,1,0.79,394.0,8707.6
96151,XAUGBPm_20260803091838_0,XAUGBPm,BREAKOUT,BUY,0,2026.08.03 09:18:38,2026.08.03 09:18:44,0,3018.157,3017.486,-671.0,-632.2,0.06,0.0,SL_HIT,3016.24732,3019.8754,3012.61925,1,0.019,0.511,3016.24732,0.55,0,0.8,0.79,0,0,0,0,0.0,0,0.773,0.427,1,0.773,0.237,0.238,0.249,0.25,0.0,3012.61925,0.6,0.605,1,-2,0.0,0,15293,0.347,1.67,0,0.25,0.237,0.238,0.249,0.773,0.8,1,0.79,394.0,8707.6
96152,XAUGBPm_20260803091838_0,XAUGBPm,BREAKOUT,BUY,1,2026.08.03 09:18:38,2026.08.03 09:20:28,1,3018.426,3017.043,-1383.0,-930.19,0.146,0.0,SL_HIT,3016.24732,3019.8754,3012.61925,1,0.019,0.511,3016.24732,0.55,0,0.8,0.79,0,0,0,0,0.0,0,0.773,0.427,1,0.773,0.237,0.238,0.249,0.25,0.0,3012.61925,0.6,0.605,1,-2,0.0,0,15293,0.347,1.67,0,0.25,0.237,0.238,0.154,0.773,0.8,1,0.79,394.0,8707.6
96145,XAUGBPm_20260803090005_1,XAUGBPm,BREAKOUT_RETEST,BUY,-1,2026.08.03 09:00:05,2026.08.03 09:21:33,21,3017.33,3014.629,-2701.0,-1816.63,0.295,0.16,SL_HIT,3016.24732,3019.8754,3012.61925,1,0.019,0.511,3016.24732,0.55,0,0.8,0.79,0,0,0,0,0.0,0,0.773,0.416,1,0.773,0.237,0.238,0.154,0.25,0.0,3019.8754,0.6,0.509,1,-2,0.0,0,15293,0.516,1.13,0,0.25,0.237,0.238,0.192,0.773,0.8,1,0.79,394.0,8707.6
96140,XAUGBPm_20260803084820_5,XAUGBPm,MEAN_REVERSION,BUY,-1,2026.08.03 08:48:20,2026.08.03 09:23:43,35,3015.635,3012.753,-2882.0,-1938.97,0.31,0.347,SL_HIT,3019.55565,3021.2064,3013.2828,1,0.238,0.61,3019.55565,0.6,0,0.8,0.755,0,0,0,0,0.0,0,0.629,0.314,0,0.629,0.226,0.088,0.257,0.25,0.0,3019.55565,0.752,0.506,1,-2,0.0,0,15292,0.578,1.51,0,0.25,0.237,0.238,0.248,0.773,0.8,1,0.79,393.0,8707.6
96134,XAUGBPm_20260803080001_7,XAUGBPm,ANCHORED_PULLBACK,BUY,-1,2026.08.03 08:00:01,2026.08.03 09:23:57,83,3017.284,3012.308,-4976.0,-3347.8,0.546,0.162,SL_HIT,3019.55565,3021.2064,3013.2828,1,0.238,0.61,3019.55565,0.6,0,0.8,0.755,0,0,0,0,0.0,0,0.629,0.351,1,0.629,0.226,0.088,0.239,0.25,0.0,3013.2828,0.6,0.562,1,-2,0.0,0,15292,0.399,0.8,0,0.25,0.237,0.238,0.274,0.773,0.8,0,0.79,393.0,8707.6
96127,XAUGBPm_20260803075435_3,XAUGBPm,TREND_CONTINUATION,BUY,-1,2026.08.03 07:54:35,2026.08.03 09:33:26,98,3018.412,3007.804,-10608.0,-7137.12,1.185,0.035,SL_HIT,3019.55565,3021.2064,3015.2637,1,0.021,0.357,3019.55565,0.45,0,0.75,0.895,0,0,0,0,0.0,0,0.733,0.379,1,0.653,0.269,0.0,0.068,0.0,0.0,3015.2637,0.6,0.56,1,-2,0.0,0,15291,0.47,2.08,0,0.25,0.237,0.238,0.386,0.773,0.8,0,0.79,393.0,8707.6
96069,XAUGBPm_20260803022716_1,XAUGBPm,BREAKOUT_RETEST,BUY,-1,2026.08.03 02:27:16,2026.08.03 09:33:47,426,3010.311,3007.222,-3089.0,-2078.34,0.297,1.213,SL_HIT,3008.10412,3017.81025,3004.86875,1,0.128,0.77,2999.04507,0.5,0,0.5,0.72,0,0,0,-1,0.0,0,0.624,0.407,1,0.624,0.216,0.167,0.107,0.0,0.0,3004.86875,0.6,0.382,1,-2,0.0,0,15286,0.387,4.75,0,0.25,0.237,0.238,0.386,0.773,0.8,0,0.79,393.0,8707.6
96159,XAUGBPm_20260803093133_4,XAUGBPm,SWEEP_REVERSAL,BUY,0,2026.08.03 09:31:33,2026.08.03 09:55:06,23,3009.655,3014.355,4700.0,3162.18,0.279,0.682,TRAIL_STOP,3016.24732,3019.8754,3012.61925,0,0.019,0.511,3016.24732,0.55,0,0.8,0.79,0,0,0,0,0.0,0,0.773,0.386,1,0.773,0.237,0.238,0.386,0.25,0.0,3016.24732,0.738,0.355,1,-2,0.0,0,15293,0.231,0.8,0,0.25,0.237,0.238,0.182,0.773,0.8,1,0.79,393.0,8707.6
96165,XAUGBPm_20260803095706_2,XAUGBPm,PULLBACK,BUY,0,2026.08.03 09:57:06,2026.08.03 09:57:28,0,3015.768,3015.041,-727.0,-489.17,0.074,0.0,SL_HIT,3016.24732,3019.8754,3012.61925,1,0.019,0.511,3016.24732,0.55,0,0.8,0.79,0,0,0,0,0.0,0,0.773,0.412,1,0.773,0.237,0.238,0.192,0.25,0.0,3012.61925,0.6,0.472,1,-2,0.0,0,15293,0.564,1.79,0,0.25,0.237,0.238,0.192,0.773,0.8,1,0.79,393.0,8707.6
96160,XAUGBPm_20260803093133_4,XAUGBPm,SWEEP_REVERSAL,BUY,1,2026.08.03 09:31:33,2026.08.03 09:58:45,27,3009.655,3014.865,5210.0,3504.06,0.279,0.698,TRAIL_STOP,3016.24732,3019.8754,3012.61925,0,0.019,0.511,3016.24732,0.55,0,0.8,0.79,0,0,0,0,0.0,0,0.773,0.386,1,0.773,0.237,0.238,0.386,0.25,0.0,3016.24732,0.738,0.355,1,-2,0.0,0,15293,0.231,0.8,0,0.25,0.237,0.238,0.192,0.773,0.8,1,0.79,394.0,8707.6
96166,XAUGBPm_20260803095706_2,XAUGBPm,PULLBACK,BUY,1,2026.08.03 09:57:06,2026.08.03 09:58:45,1,3015.768,3014.865,-903.0,-607.37,0.09,0.0,SL_HIT,3016.24732,3019.8754,3012.61925,1,0.019,0.511,3016.24732,0.55,0,0.8,0.79,0,0,0,0,0.0,0,0.773,0.412,1,0.773,0.237,0.238,0.192,0.25,0.0,3012.61925,0.6,0.472,1,-2,0.0,0,15293,0.564,1.79,0,0.25,0.237,0.238,0.192,0.773,0.8,1,0.79,394.0,8707.6
96171,XAUGBPm_20260803100001_7,XAUGBPm,ANCHORED_PULLBACK,BUY,0,2026.08.03 10:00:01,2026.08.03 10:00:20,0,3015.724,3014.864,-860.0,-578.32,0.083,0.0,SL_HIT,3016.7795,3020.2202,3013.3388,1,0.066,0.65,3016.7795,0.45,0,0.8,0.825,0,0,0,0,0.0,0,0.772,0.427,1,0.772,0.247,0.113,0.083,0.0,0.0,3020.2202,0.6,0.445,1,-2,0.0,0,15294,0.538,1.36,0,0.0,0.247,0.113,0.054,0.772,0.8,1,0.825,394.0,9174.1
96172,XAUGBPm_20260803100001_7,XAUGBPm,ANCHORED_PULLBACK,BUY,1,2026.08.03 10:00:01,2026.08.03 10:00:27,0,3015.724,3014.414,-1310.0,-790.78,0.131,0.0,SL_HIT,3016.7795,3020.2202,3013.3388,1,0.066,0.65,3016.7795,0.45,0,0.8,0.825,0,0,0,0,0.0,0,0.772,0.427,1,0.772,0.247,0.113,0.083,0.0,0.0,3020.2202,0.6,0.445,1,-2,0.0,0,15294,0.538,1.36,0,0.0,0.247,0.113,0.054,0.772,0.8,1,0.825,394.0,9174.1
96170,XAUGBPm_20260803100001_7,XAUGBPm,ANCHORED_PULLBACK,BUY,-1,2026.08.03 10:00:01,2026.08.03 10:23:34,23,3015.724,3012.374,-3350.0,-2253.75,0.352,0.007,SL_HIT,3016.7795,3020.2202,3013.3388,1,0.066,0.65,3016.7795,0.45,0,0.8,0.825,0,0,0,0,0.0,0,0.772,0.427,1,0.772,0.247,0.113,0.083,0.0,0.0,3020.2202,0.6,0.445,1,-2,0.0,0,15294,0.538,1.36,0,0.0,0.247,0.113,0.181,0.772,0.8,0,0.825,393.0,9174.1
96164,XAUGBPm_20260803095706_2,XAUGBPm,PULLBACK,BUY,-1,2026.08.03 09:57:06,2026.08.03 10:23:41,26,3015.768,3012.242,-3526.0,-2372.17,0.393,0.002,SL_HIT,3016.24732,3019.8754,3012.61925,1,0.019,0.511,3016.24732,0.55,0,0.8,0.79,0,0,0,0,0.0,0,0.773,0.412,1,0.773,0.237,0.238,0.192,0.25,0.0,3012.61925,0.6,0.472,1,-2,0.0,0,15293,0.564,1.79,0,0.0,0.247,0.113,0.181,0.772,0.8,0,0.825,393.0,9174.1
96178,XAUGBPm_20260803103255_3,XAUGBPm,TREND_CONTINUATION,BUY,0,2026.08.03 10:32:56,2026.08.03 10:33:12,0,3009.765,3009.742,-23.0,-15.48,0.025,0.039,SL_HIT,3016.7795,3020.2202,3013.3388,0,0.066,0.65,3016.7795,0.45,0,0.8,0.825,0,0,0,0,0.0,0,0.772,0.416,1,0.772,0.247,0.113,0.27,0.0,0.0,3003.37433,0.65,0.351,1,-2,0.0,0,15294,0.491,2.08,0,0.0,0.247,0.113,0.265,0.772,0.8,0,0.825,393.0,9174.1
96179,XAUGBPm_20260803103255_3,XAUGBPm,TREND_CONTINUATION,BUY,1,2026.08.03 10:32:56,2026.08.03 10:33:21,0,3009.765,3009.296,-469.0,-315.61,0.04,0.039,SL_HIT,3016.7795,3020.2202,3013.3388,0,0.066,0.65,3016.7795,0.45,0,0.8,0.825,0,0,0,0,0.0,0,0.772,0.416,1,0.772,0.247,0.113,0.27,0.0,0.0,3003.37433,0.65,0.351,1,-2,0.0,0,15294,0.491,2.08,0,0.0,0.247,0.113,0.27,0.772,0.8,0,0.825,393.0,9174.1
96183,XAUGBPm_20260803104820_5,XAUGBPm,MEAN_REVERSION,BUY,0,2026.08.03 10:48:20,2026.08.03 10:48:44,0,3009.149,3008.707,-442.0,-297.42,0.043,0.0,SL_HIT,3016.7795,3020.2202,3013.3388,0,0.066,0.65,3016.7795,0.45,0,0.8,0.825,0,0,0,0,0.0,0,0.772,0.42,1,0.772,0.247,0.113,0.276,0.0,0.0,3003.37433,0.65,0.389,1,-2,0.0,0,15294,0.661,1.11,0,0.0,0.247,0.113,0.276,0.772,0.8,0,0.825,393.0,9174.1
96184,XAUGBPm_20260803104820_5,XAUGBPm,MEAN_REVERSION,BUY,1,2026.08.03 10:48:21,2026.08.03 10:49:37,1,3009.149,3008.19,-959.0,-645.37,0.099,0.0,SL_HIT,3016.7795,3020.2202,3013.3388,0,0.066,0.65,3016.7795,0.45,0,0.8,0.825,0,0,0,0,0.0,0,0.772,0.42,1,0.772,0.247,0.113,0.276,0.0,0.0,3003.37433,0.65,0.389,1,-2,0.0,0,15294,0.661,1.11,0,0.0,0.247,0.113,0.276,0.772,0.8,0,0.825,393.0,9174.1
96188,XAUGBPm_20260803114902_1,XAUGBPm,BREAKOUT_RETEST,BUY,0,2026.08.03 11:49:02,2026.08.03 11:50:00,0,3013.168,3015.379,2211.0,1403.0,0.043,0.276,TRAIL_STOP,3014.159,3017.822,3012.494,1,0.616,0.16,3014.159,0.4,0,1.0,0.825,0,0,0,-1,0.0,0,0.694,0.3,0,0.694,0.247,0.14,0.299,0.4,0.0,3017.822,0.6,0.368,1,-2,0.0,0,15295,0.564,1.78,0,0.4,0.247,0.14,0.22,0.694,1.0,1,0.825,393.0,9444.1
96189,XAUGBPm_20260803114902_1,XAUGBPm,BREAKOUT_RETEST,BUY,1,2026.08.03 11:49:02,2026.08.03 11:50:02,1,3013.295,3014.898,1603.0,1079.16,0.057,0.263,TRAIL_STOP,3014.159,3017.822,3012.494,1,0.616,0.16,3014.159,0.4,0,1.0,0.825,0,0,0,-1,0.0,0,0.694,0.3,0,0.694,0.247,0.14,0.299,0.4,0.0,3017.822,0.6,0.368,1,-2,0.0,0,15295,0.564,1.78,0,0.4,0.247,0.14,0.164,0.694,1.0,1,0.825,393.0,9444.1
96158,XAUGBPm_20260803093133_4,XAUGBPm,SWEEP_REVERSAL,BUY,-1,2026.08.03 09:31:33,2026.08.03 11:52:08,140,3009.655,3016.751,7096.0,4777.28,0.439,0.8,TP_HIT,3016.24732,3019.8754,3012.61925,0,0.019,0.511,3016.24732,0.55,0,0.8,0.79,0,0,0,0,0.0,0,0.773,0.386,1,0.773,0.237,0.238,0.386,0.25,0.0,3016.24732,0.738,0.355,1,-2,0.0,0,15293,0.231,0.8,0,0.4,0.247,0.14,0.199,0.694,1.0,1,0.825,393.0,9444.1
96182,XAUGBPm_20260803104820_5,XAUGBPm,MEAN_REVERSION,BUY,-1,2026.08.03 10:48:20,2026.08.03 11:52:34,64,3009.031,3017.237,8206.0,5444.72,0.348,0.884,TP_HIT,3016.7795,3020.2202,3013.3388,0,0.066,0.65,3016.7795,0.45,0,0.8,0.825,0,0,0,0,0.0,0,0.772,0.42,1,0.772,0.247,0.113,0.276,0.0,0.0,3003.37433,0.65,0.389,1,-2,0.0,0,15294,0.661,1.11,0,0.4,0.247,0.14,0.262,0.694,1.0,1,0.825,393.0,9444.1
96195,XAUGBPm_20260803115706_2,XAUGBPm,PULLBACK,BUY,0,2026.08.03 11:57:06,2026.08.03 12:05:51,8,3016.035,3014.121,-1914.0,-1289.12,0.19,0.188,SL_HIT,3014.159,3017.822,3012.494,1,0.616,0.16,3014.159,0.4,0,1.0,0.825,0,0,0,-1,0.0,0,0.694,0.299,0,0.694,0.247,0.14,0.22,0.4,0.0,3012.494,0.6,0.429,1,-2,0.0,0,15295,0.599,2.0,0,0.15,0.117,0.128,0.188,0.734,0.156,1,-0.3913,393.0,9677.2
96196,XAUGBPm_20260803115706_2,XAUGBPm,PULLBACK,BUY,1,2026.08.03 11:57:06,2026.08.03 12:05:51,8,3016.035,3014.121,-1914.0,-1289.12,0.19,0.188,SL_HIT,3014.159,3017.822,3012.494,1,0.616,0.16,3014.159,0.4,0,1.0,0.825,0,0,0,-1,0.0,0,0.694,0.299,0,0.694,0.247,0.14,0.22,0.4,0.0,3012.494,0.6,0.429,1,-2,0.0,0,15295,0.599,2.0,0,0.15,0.117,0.128,0.188,0.734,0.156,1,-0.3913,393.0,9677.2
96187,XAUGBPm_20260803114902_1,XAUGBPm,BREAKOUT_RETEST,BUY,-1,2026.08.03 11:49:02,2026.08.03 12:19:36,30,3013.168,3010.209,-2959.0,-1992.21,0.297,0.492,SL_HIT,3014.159,3017.822,3012.494,1,0.616,0.16,3014.159,0.4,0,1.0,0.825,0,0,0,-1,0.0,0,0.694,0.3,0,0.694,0.247,0.14,0.299,0.4,0.0,3017.822,0.6,0.368,1,-2,0.0,0,15295,0.564,1.78,0,0.15,0.117,0.128,0.216,0.734,0.156,1,-0.3913,393.0,9677.2
96075,XAUGBPm_20260803031430_3,XAUGBPm,TREND_CONTINUATION,BUY,-1,2026.08.03 03:14:30,2026.08.03 12:36:50,562,3017.697,3005.276,-12421.0,-8366.72,1.186,0.467,SL_HIT,3008.24315,3013.934,3004.6217,0,0.51,0.11,3008.24315,0.45,0,0.55,0.755,0,0,0,0,0.0,0,0.718,0.354,1,0.718,0.226,0.053,0.226,0.15,0.0,3008.24315,0.752,0.516,1,-2,0.0,0,15287,0.378,2.08,0,0.15,0.117,0.128,0.311,0.734,0.156,0,-0.3913,392.0,9677.2
96150,XAUGBPm_20260803091838_0,XAUGBPm,BREAKOUT,BUY,-1,2026.08.03 09:18:38,2026.08.03 12:37:02,198,3017.837,3004.741,-13096.0,-9036.62,1.496,0.008,SL_HIT,3016.24732,3019.8754,3012.61925,1,0.019,0.511,3016.24732,0.55,0,0.8,0.79,0,0,0,0,0.0,0,0.773,0.427,1,0.773,0.237,0.238,0.249,0.25,0.0,3012.61925,0.6,0.605,1,-2,0.0,0,15293,0.347,1.67,0,0.15,0.117,0.128,0.311,0.734,0.156,0,-0.3913,392.0,9677.2
96201,XAUGBPm_20260803122001_4,XAUGBPm,SWEEP_REVERSAL,BUY,0,2026.08.03 12:20:01,2026.08.03 12:37:03,17,3008.556,3004.614,-3942.0,-2747.51,0.394,0.201,SL_HIT,3015.8222,3018.0776,3009.7004,0,0.007,0.126,3015.8222,0.65,0,0.156,-0.3913,0,0,0,0,0.0,0,0.734,0.355,1,0.734,0.117,0.128,0.187,0.15,0.0,3003.37433,0.65,0.293,1,-1,0.0,0,15296,0.166,0.8,0,0.15,0.117,0.128,0.311,0.734,0.156,0,-0.3913,392.0,9677.2
96119,XAUGBPm_20260803071922_4,XAUGBPm,SWEEP_REVERSAL,BUY,-1,2026.08.03 07:19:22,2026.08.03 12:37:05,317,3012.95,3004.209,-8741.0,-5811.48,0.98,0.661,SL_HIT,3019.55565,3021.2064,3015.2637,0,0.021,0.357,3019.55565,0.45,0,0.75,0.895,0,0,0,0,0.0,0,0.733,0.364,1,0.653,0.269,0.0,0.222,0.0,0.0,3019.55565,0.753,0.432,1,-2,0.0,0,15291,0.091,0.8,0,0.15,0.117,0.128,0.311,0.734,0.156,0,-0.3913,392.0,9677.2
96208,XAUGBPm_20260803124821_5,XAUGBPm,MEAN_REVERSION,BUY,0,2026.08.03 12:48:21,2026.08.03 12:55:30,7,3005.459,3004.848,-611.0,-411.3,0.247,0.01,SL_HIT,3015.8222,3018.0776,3009.7004,0,0.007,0.126,3015.8222,0.65,0,0.156,-0.3913,0,0,0,0,0.0,0,0.734,0.376,1,0.734,0.117,0.128,0.311,0.15,0.0,3015.8222,0.749,0.473,1,-1,0.0,0,15296,0.671,1.39,0,0.15,0.117,0.128,0.311,0.734,0.156,0,-0.3913,393.0,9677.2
96202,XAUGBPm_20260803122001_4,XAUGBPm,SWEEP_REVERSAL,BUY,1,2026.08.03 12:20:01,2026.08.03 12:59:01,39,3008.693,3005.566,-3127.0,-2105.24,0.65,0.187,SL_HIT,3015.8222,3018.0776,3009.7004,0,0.007,0.126,3015.8222,0.65,0,0.156,-0.3913,0,0,0,0,0.0,0,0.734,0.355,1,0.734,0.117,0.128,0.187,0.15,0.0,3003.37433,0.65,0.293,1,-1,0.0,0,15296,0.166,0.8,0,0.15,0.117,0.128,0.311,0.734,0.156,0,-0.3913,393.0,9677.2
96209,XAUGBPm_20260803124821_5,XAUGBPm,MEAN_REVERSION,BUY,1,2026.08.03 12:48:21,2026.08.03 12:59:01,10,3005.459,3005.566,-107.0,-2.69,0.247,0.175,SL_HIT,3015.8222,3018.0776,3009.7004,0,0.007,0.126,3015.8222,0.65,0,0.156,-0.3913,0,0,0,0,0.0,0,0.734,0.376,1,0.734,0.117,0.128,0.311,0.15,0.0,3015.8222,0.749,0.473,1,-1,0.0,0,15296,0.671,1.39,0,0.15,0.117,0.128,0.311,0.734,0.156,0,-0.3913,393.0,9677.2
96194,XAUGBPm_20260803115706_2,XAUGBPm,PULLBACK,BUY,-1,2026.08.03 11:57:06,2026.08.03 13:02:48,65,3016.035,3001.731,-14304.0,-9628.74,1.5,0.188,SL_HIT,3014.159,3017.822,3012.494,1,0.616,0.16,3014.159,0.4,0,1.0,0.825,0,0,0,-1,0.0,0,0.694,0.299,0,0.694,0.247,0.14,0.22,0.4,0.0,3012.494,0.6,0.429,1,-2,0.0,0,15295,0.599,2.0,0,0.15,0.216,0.198,0.316,0.691,0.75,0,-0.72,392.0,10071.2
96096,XAUGBPm_20260803051431_3,XAUGBPm,TREND_CONTINUATION,BUY,-1,2026.08.03 05:14:31,2026.08.03 13:13:34,479,3012.088,3001.163,-10925.0,-7355.09,1.197,1.154,SL_HIT,3008.7955,3016.845,3003.587,1,0.629,0.209,3008.7955,0.7,0,0.975,0.825,0,0,0,0,0.0,0,0.739,0.369,1,0.659,0.247,0.141,0.141,0.15,0.0,3008.7955,0.757,0.314,1,-2,0.0,0,15289,0.539,2.08,0,0.15,0.216,0.198,0.316,0.691,0.75,0,-0.72,392.0,10071.2
96177,XAUGBPm_20260803103255_3,XAUGBPm,TREND_CONTINUATION,BUY,-1,2026.08.03 10:32:55,2026.08.03 13:18:44,165,3009.765,2998.727,-11038.0,-7429.24,1.188,0.877,SL_HIT,3016.7795,3020.2202,3013.3388,0,0.066,0.65,3016.7795,0.45,0,0.8,0.825,0,0,0,0,0.0,0,0.772,0.416,1,0.772,0.247,0.113,0.27,0.0,0.0,3003.37433,0.65,0.351,1,-2,0.0,0,15294,0.491,2.08,0,0.15,0.216,0.198,0.316,0.691,0.75,0,-0.72,392.0,10071.2
96200,XAUGBPm_20260803122001_4,XAUGBPm,SWEEP_REVERSAL,BUY,-1,2026.08.03 12:20:01,2026.08.03 13:18:44,58,3008.426,2998.727,-9699.0,-6615.51,0.988,0.215,SL_HIT,3015.8222,3018.0776,3009.7004,0,0.007,0.126,3015.8222,0.65,0,0.156,-0.3913,0,0,0,0,0.0,0,0.734,0.355,1,0.734,0.117,0.128,0.187,0.15,0.0,3003.37433,0.65,0.293,1,-1,0.0,0,15296,0.166,0.8,0,0.15,0.216,0.198,0.316,0.691,0.75,0,-0.72,392.0,10071.2
96103,XAUGBPm_20260803051836_0,XAUGBPm,BREAKOUT,BUY,-1,2026.08.03 05:18:36,2026.08.03 13:19:24,480,3011.906,2998.099,-13807.0,-9293.22,1.48,1.175,SL_HIT,3008.7955,3016.845,3003.587,1,0.629,0.209,3008.7955,0.7,0,0.975,0.825,0,0,0,0,0.0,0,0.739,0.368,1,0.659,0.247,0.141,0.141,0.15,0.0,3008.7955,0.757,0.307,1,-2,0.0,0,15289,0.385,1.67,0,0.15,0.216,0.198,0.316,0.691,0.75,0,-0.72,407.0,10071.2
96106,XAUGBPm_20260803051845_2,XAUGBPm,PULLBACK,BUY,-1,2026.08.03 05:18:45,2026.08.03 13:19:24,480,3011.958,2998.099,-13859.0,-9238.02,1.486,1.169,SL_HIT,3008.7955,3016.845,3003.587,1,0.629,0.209,3008.7955,0.7,0,0.975,0.825,0,0,0,0,0.0,0,0.739,0.368,1,0.659,0.247,0.141,0.141,0.15,0.0,3008.7955,0.757,0.309,1,-2,0.0,0,15289,0.609,2.0,0,0.15,0.216,0.198,0.316,0.691,0.75,0,-0.72,407.0,10071.2
96207,XAUGBPm_20260803124821_5,XAUGBPm,MEAN_REVERSION,BUY,-1,2026.08.03 12:48:21,2026.08.03 13:19:25,31,3005.459,2997.633,-7826.0,-5267.33,0.795,0.498,SL_HIT,3015.8222,3018.0776,3009.7004,0,0.007,0.126,3015.8222,0.65,0,0.156,-0.3913,0,0,0,0,0.0,0,0.734,0.376,1,0.734,0.117,0.128,0.311,0.15,0.0,3015.8222,0.749,0.473,1,-1,0.0,0,15296,0.671,1.39,0,0.15,0.216,0.198,0.316,0.691,0.75,0,-0.72,407.0,10071.2
96049,XAUGBPm_20260803011430_3,XAUGBPm,TREND_CONTINUATION,BUY,-1,2026.08.03 01:14:30,2026.08.03 13:25:35,731,3007.615,2995.837,-11778.0,-7926.59,1.192,1.527,SL_HIT,3011.98657,3024.281,3004.86875,1,0.398,0.133,2999.04507,0.75,0,0.235,0.2952,0,0,0,-1,0.0,0,0.709,0.348,0,0.709,0.089,0.271,0.325,0.4,0.0,3003.37433,0.65,0.32,1,-2,0.0,0,15285,0.218,2.08,0,0.15,0.216,0.198,0.316,0.691,0.75,0,-0.72,392.0,10071.2
96055,XAUGBPm_20260803011839_2,XAUGBPm,PULLBACK,BUY,-1,2026.08.03 01:18:39,2026.08.03 13:36:29,737,3006.287,2991.533,-14754.0,-9927.75,1.498,1.663,SL_HIT,3011.98657,3024.281,3004.86875,1,0.398,0.133,2999.04507,0.75,0,0.235,0.2952,0,0,0,-1,0.0,0,0.709,0.343,0,0.709,0.089,0.271,0.351,0.4,0.0,3002.92753,0.55,0.278,1,-2,0.0,0,15285,0.333,2.0,0,0.15,0.216,0.198,0.316,0.691,0.75,0,-0.72,392.0,10071.2
96052,XAUGBPm_20260803011832_0,XAUGBPm,BREAKOUT,BUY,-1,2026.08.03 01:18:32,2026.08.03 13:36:30,737,3005.921,2991.24,-14681.0,-9878.77,1.488,1.701,SL_HIT,3011.98657,3024.281,3004.86875,1,0.398,0.133,2999.04507,0.75,0,0.235,0.2952,0,0,0,-1,0.0,0,0.709,0.342,0,0.709,0.089,0.271,0.351,0.4,0.0,2999.04507,0.739,0.263,1,-2,0.0,0,15285,0.206,1.67,0,0.15,0.216,0.198,0.316,0.691,0.75,0,-0.72,392.0,10071.2
96224,XAUGBPm_20260803142010_4,XAUGBPm,SWEEP_REVERSAL,BUY,0,2026.08.03 14:20:10,2026.08.03 14:26:05,5,2997.745,3000.127,2382.0,1535.75,0.12,0.265,TRAIL_STOP,3007.62723,3016.24765,2997.43945,0,0.067,0.632,2996.65577,0.6,0,0.825,-0.755,0,0,0,-1,0.0,0,0.687,0.488,1,0.687,0.226,0.119,0.09,0.0,0.0,3007.62723,0.7,1.034,1,-1,0.0,0,15298,0.152,0.93,0,0.0,0.226,0.119,0.237,0.687,0.825,1,-0.755,393.0,11096.9
96225,XAUGBPm_20260803142010_4,XAUGBPm,SWEEP_REVERSAL,BUY,1,2026.08.03 14:20:10,2026.08.03 14:27:43,7,2997.843,2999.508,1665.0,1119.88,0.129,0.256,TRAIL_STOP,3007.62723,3016.24765,2997.43945,0,0.067,0.632,2996.65577,0.6,0,0.825,-0.755,0,0,0,-1,0.0,0,0.687,0.488,1,0.687,0.226,0.119,0.09,0.0,0.0,3007.62723,0.7,1.034,1,-1,0.0,0,15298,0.152,0.93,0,0.0,0.226,0.119,0.237,0.687,0.825,1,-0.755,392.0,11096.9
96229,XAUGBPm_20260803144821_5,XAUGBPm,MEAN_REVERSION,BUY,0,2026.08.03 14:48:21,2026.08.03 14:48:36,0,3001.469,3000.507,-962.0,-646.73,0.077,0.0,SL_HIT,3007.62723,3016.24765,2997.43945,1,0.067,0.632,2996.65577,0.6,0,0.825,-0.755,0,0,0,-1,0.0,0,0.687,0.51,2,0.687,0.226,0.119,0.217,0.0,0.0,2996.65577,0.725,1.226,1,-1,0.0,0,15298,0.66,1.38,0,0.0,0.226,0.119,0.237,0.687,0.825,1,-0.755,393.0,11096.9
96230,XAUGBPm_20260803144821_5,XAUGBPm,MEAN_REVERSION,BUY,1,2026.08.03 14:48:21,2026.08.03 14:51:12,2,3001.469,3000.765,-704.0,-473.36,0.132,0.028,SL_HIT,3007.62723,3016.24765,2997.43945,1,0.067,0.632,2996.65577,0.6,0,0.825,-0.755,0,0,0,-1,0.0,0,0.687,0.51,2,0.687,0.226,0.119,0.217,0.0,0.0,2996.65577,0.725,1.226,1,-1,0.0,0,15298,0.66,1.38,0,0.0,0.226,0.119,0.217,0.687,0.825,1,-0.755,393.0,11096.9
96223,XAUGBPm_20260803142010_4,XAUGBPm,SWEEP_REVERSAL,BUY,-1,2026.08.03 14:20:10,2026.08.03 15:46:32,86,2997.745,3008.123,10378.0,6967.22,0.12,0.925,TP_HIT,3007.62723,3016.24765,2997.43945,0,0.067,0.632,2996.65577,0.6,0,0.825,-0.755,0,0,0,-1,0.0,0,0.687,0.488,1,0.687,0.226,0.119,0.09,0.0,0.0,3007.62723,0.7,1.034,1,-1,0.0,0,15298,0.152,0.93,0,0.0,0.237,0.084,0.069,0.564,0.6,1,-0.79,394.0,10552.3
96228,XAUGBPm_20260803144821_5,XAUGBPm,MEAN_REVERSION,BUY,-1,2026.08.03 14:48:21,2026.08.03 15:46:32,58,3001.469,3008.123,6654.0,4467.13,0.132,0.59,TP_HIT,3007.62723,3016.24765,2997.43945,1,0.067,0.632,2996.65577,0.6,0,0.825,-0.755,0,0,0,-1,0.0,0,0.687,0.51,2,0.687,0.226,0.119,0.217,0.0,0.0,2996.65577,0.725,1.226,1,-1,0.0,0,15298,0.66,1.38,0,0.0,0.237,0.084,0.069,0.564,0.6,1,-0.79,394.0,10552.3
96236,XAUGBPm_20260803200001_3,XAUGBPm,TREND_CONTINUATION,BUY,0,2026.08.03 20:00:01,2026.08.03 20:00:05,0,3017.263,3016.404,-859.0,-576.88,0.074,0.0,SL_HIT,3006.53425,3010.2175,3002.851,0,0.95,0.133,3006.53425,0.45,0,0.44,0.5282,0,0,0,0,0.0,2,1.0,0.563,2,0.809,0.858,0.053,0.264,0.15,0.343,3006.53425,0.739,1.656,1,-2,0.0,0,15304,0.623,2.08,0,0.15,0.158,0.053,0.318,0.833,0.44,0,0.5282,394.0,10019.2
96239,XAUGBPm_20260803200004_0,XAUGBPm,BREAKOUT,BUY,0,2026.08.03 20:00:04,2026.08.03 20:00:10,0,3016.917,3015.913,-1004.0,-674.28,0.085,0.0,SL_HIT,3006.53425,3010.2175,3002.851,0,0.95,0.133,3006.53425,0.45,0,0.44,0.5282,0,0,0,0,0.0,0,0.833,0.479,1,0.833,0.158,0.053,0.318,0.15,0.0,3006.53425,0.739,1.287,1,-2,0.0,0,15304,0.352,2.41,0,0.15,0.158,0.053,0.346,0.833,0.44,0,0.5282,394.0,10019.2
96237,XAUGBPm_20260803200001_3,XAUGBPm,TREND_CONTINUATION,BUY,1,2026.08.03 20:00:01,2026.08.03 20:00:11,0,3017.263,3015.814,-1449.0,-973.13,0.135,0.0,SL_HIT,3006.53425,3010.2175,3002.851,0,0.95,0.133,3006.53425,0.45,0,0.44,0.5282,0,0,0,0,0.0,2,1.0,0.563,2,0.809,0.858,0.053,0.264,0.15,0.343,3006.53425,0.739,1.656,1,-2,0.0,0,15304,0.623,2.08,0,0.15,0.158,0.053,0.346,0.833,0.44,0,0.5282,394.0,10019.2
96243,XAUGBPm_20260803200005_2,XAUGBPm,PULLBACK,BUY,0,2026.08.03 20:00:05,2026.08.03 20:00:11,0,3016.798,3015.814,-984.0,-593.68,0.088,0.0,SL_HIT,3006.53425,3010.2175,3002.851,0,0.95,0.133,3006.53425,0.45,0,0.44,0.5282,0,0,0,0,0.0,0,0.833,0.479,1,0.833,0.158,0.053,0.318,0.15,0.0,3006.53425,0.739,1.287,1,-2,0.0,0,15304,0.299,2.99,0,0.15,0.158,0.053,0.346,0.833,0.44,0,0.5282,394.0,10019.2
96240,XAUGBPm_20260803200004_0,XAUGBPm,BREAKOUT,BUY,1,2026.08.03 20:00:04,2026.08.03 20:00:22,0,3016.917,3015.498,-1419.0,-952.97,0.131,0.0,SL_HIT,3006.53425,3010.2175,3002.851,0,0.95,0.133,3006.53425,0.45,0,0.44,0.5282,0,0,0,0,0.0,0,0.833,0.479,1,0.833,0.158,0.053,0.318,0.15,0.0,3006.53425,0.739,1.287,1,-2,0.0,0,15304,0.352,2.41,0,0.15,0.158,0.053,0.346,0.833,0.44,0,0.5282,394.0,10019.2
96244,XAUGBPm_20260803200005_2,XAUGBPm,PULLBACK,BUY,1,2026.08.03 20:00:05,2026.08.03 20:07:11,7,3016.698,3015.666,-1032.0,-693.16,0.127,0.0,SL_HIT,3006.53425,3010.2175,3002.851,0,0.95,0.133,3006.53425,0.45,0,0.44,0.5282,0,0,0,0,0.0,0,0.833,0.479,1,0.833,0.158,0.053,0.318,0.15,0.0,3006.53425,0.739,1.287,1,-2,0.0,0,15304,0.299,2.99,0,0.15,0.158,0.053,0.346,0.833,0.44,0,0.5282,394.0,10019.2
96251,XAUGBPm_20260803220059_2,XAUGBPm,PULLBACK,BUY,0,2026.08.03 22:00:59,2026.08.03 22:01:09,0,3018.831,3017.399,-1432.0,-961.78,0.121,0.0,SL_HIT,3006.53425,3010.2175,3002.851,0,0.95,0.133,3006.53425,0.45,0,0.44,0.5282,0,0,0,0,0.0,0,0.833,0.479,1,0.833,0.158,0.053,0.321,0.15,0.0,3006.53425,0.739,1.291,1,-2,0.0,0,15304,0.299,2.49,2,0.25,0.863,0.088,0.206,0.643,0.75,0,0.545,631.0,9955.3
96255,XAUGBPm_20260803220109_3,XAUGBPm,TREND_CONTINUATION,BUY,0,2026.08.03 22:01:09,2026.08.03 22:01:23,0,3018.134,3017.058,-1076.0,-722.64,0.088,0.0,SL_HIT,3007.0495,3016.846,3002.851,0,0.061,0.314,3007.0495,0.75,0,0.75,0.545,0,0,0,0,0.0,2,1.0,0.596,2,0.643,0.863,0.088,0.206,0.25,0.6658,3007.0495,0.743,1.509,1,-2,0.0,0,15305,0.744,2.08,0,0.25,0.164,0.088,0.138,0.674,0.75,0,0.545,631.0,9955.3
96252,XAUGBPm_20260803220059_2,XAUGBPm,PULLBACK,BUY,1,2026.08.03 22:00:59,2026.08.03 22:01:30,0,3018.831,3016.941,-1890.0,-1269.32,0.177,0.0,SL_HIT,3006.53425,3010.2175,3002.851,0,0.95,0.133,3006.53425,0.45,0,0.44,0.5282,0,0,0,0,0.0,0,0.833,0.479,1,0.833,0.158,0.053,0.321,0.15,0.0,3006.53425,0.739,1.291,1,-2,0.0,0,15304,0.299,2.49,0,0.25,0.164,0.088,0.138,0.674,0.75,0,0.545,631.0,9955.3
96256,XAUGBPm_20260803220109_3,XAUGBPm,TREND_CONTINUATION,BUY,1,2026.08.03 22:01:09,2026.08.03 22:03:34,2,3018.134,3017.208,-926.0,-621.79,0.138,0.007,SL_HIT,3007.0495,3016.846,3002.851,0,0.061,0.314,3007.0495,0.75,0,0.75,0.545,0,0,0,0,0.0,2,1.0,0.596,2,0.643,0.863,0.088,0.206,0.25,0.6658,3007.0495,0.743,1.509,1,-2,0.0,0,15305,0.744,2.08,0,0.25,0.164,0.088,0.138,0.674,0.75,0,0.545,409.0,9955.3
96261,XAUGBPm_20260803230007_1,XAUGBPm,BREAKOUT_RETEST,BUY,0,2026.08.03 23:00:07,2026.08.03 23:00:41,0,3017.831,3017.76,-71.0,-47.68,0.036,0.032,SL_HIT,3017.3161,3021.511,3011.2568,1,0.019,0.311,3017.3161,0.55,0,0.825,0.58,0,0,0,0,0.0,0,0.75,0.437,1,0.75,0.174,0.088,0.1,0.25,0.0,3021.511,0.6,0.9,1,-2,0.0,0,15306,0.513,1.41,0,0.25,0.174,0.088,0.1,0.75,0.825,1,0.58,394.0,9598.6
96262,XAUGBPm_20260803230007_1,XAUGBPm,BREAKOUT_RETEST,BUY,1,2026.08.03 23:00:07,2026.08.03 23:02:19,2,3017.831,3017.403,-428.0,-287.4,0.057,0.054,SL_HIT,3017.3161,3021.511,3011.2568,1,0.019,0.311,3017.3161,0.55,0,0.825,0.58,0,0,0,0,0.0,0,0.75,0.437,1,0.75,0.174,0.088,0.1,0.25,0.0,3021.511,0.6,0.9,1,-2,0.0,0,15306,0.513,1.41,0,0.25,0.174,0.088,0.1,0.75,0.825,1,0.58,394.0,9598.6
96266,XAUGBPm_20260804000028_0,XAUGBPm,BREAKOUT,BUY,0,2026.08.04 00:00:28,2026.08.04 00:00:44,0,3020.932,3020.946,14.0,9.4,0.042,0.038,TRAIL_STOP,3017.18125,3019.2018,3015.738,0,0.066,0.431,3017.18125,0.3,0,0.6,0.79,4,0,0,0,0.0,0,0.85,0.499,1,0.77,0.237,0.15,0.253,0.0,0.0,3017.18125,0.748,1.279,1,-2,0.0,0,15307,0.475,1.67,0,0.0,0.237,0.15,0.28,0.77,0.6,0,0.79,395.0,9497.4
96260,XAUGBPm_20260803230007_1,XAUGBPm,BREAKOUT_RETEST,BUY,-1,2026.08.03 23:00:07,2026.08.04 00:01:03,60,3017.831,3021.927,4096.0,2481.81,0.236,0.406,TP_HIT,3017.3161,3021.511,3011.2568,1,0.019,0.311,3017.3161,0.55,0,0.825,0.58,0,0,0,0,0.0,0,0.75,0.437,1,0.75,0.174,0.088,0.1,0.25,0.0,3021.511,0.6,0.9,1,-2,0.0,0,15306,0.513,1.41,0,0.0,0.237,0.15,0.28,0.77,0.6,0,0.79,395.0,9497.4
96270,XAUGBPm_20260804000059_2,XAUGBPm,PULLBACK,BUY,0,2026.08.04 00:01:00,2026.08.04 00:01:14,0,3021.833,3022.39,557.0,373.92,0.033,0.114,TRAIL_STOP,3017.18125,3019.2018,3015.738,0,0.066,0.431,3017.18125,0.3,0,0.6,0.79,4,0,0,0,0.0,0,0.85,0.504,2,0.77,0.237,0.15,0.28,0.0,0.0,3017.18125,0.748,1.32,1,-2,0.0,0,15307,0.377,6.38,0,0.0,0.237,0.15,0.28,0.77,0.6,0,0.79,395.0,9497.4
96274,XAUGBPm_20260804000109_3,XAUGBPm,TREND_CONTINUATION,BUY,0,2026.08.04 00:01:09,2026.08.04 00:01:14,0,3022.743,3022.39,-353.0,-382.68,0.026,0.018,SL_HIT,3017.18125,3019.2018,3015.738,0,0.066,0.431,3017.18125,0.3,0,0.6,0.79,4,0,0,0,0.0,0,0.85,0.504,2,0.77,0.237,0.15,0.28,0.0,0.0,3017.18125,0.748,1.32,1,-2,0.0,0,15307,0.444,2.08,0,0.0,0.237,0.15,0.28,0.77,0.6,0,0.79,395.0,9497.4
96267,XAUGBPm_20260804000028_0,XAUGBPm,BREAKOUT,BUY,1,2026.08.04 00:00:28,2026.08.04 00:02:05,1,3020.932,3025.002,4070.0,2732.54,0.042,0.534,TRAIL_STOP,3017.18125,3019.2018,3015.738,0,0.066,0.431,3017.18125,0.3,0,0.6,0.79,4,0,0,0,0.0,0,0.85,0.499,1,0.77,0.237,0.15,0.253,0.0,0.0,3017.18125,0.748,1.279,1,-2,0.0,0,15307,0.475,1.67,0,0.0,0.237,0.15,0.28,0.77,0.6,0,0.79,395.0,9497.4
96271,XAUGBPm_20260804000059_2,XAUGBPm,PULLBACK,BUY,1,2026.08.04 00:01:00,2026.08.04 00:02:05,1,3021.833,3025.002,3169.0,2127.62,0.033,0.439,TRAIL_STOP,3017.18125,3019.2018,3015.738,0,0.066,0.431,3017.18125,0.3,0,0.6,0.79,4,0,0,0,0.0,0,0.85,0.504,2,0.77,0.237,0.15,0.28,0.0,0.0,3017.18125,0.748,1.32,1,-2,0.0,0,15307,0.377,6.38,0,0.0,0.237,0.15,0.28,0.77,0.6,0,0.79,395.0,9497.4
96275,XAUGBPm_20260804000109_3,XAUGBPm,TREND_CONTINUATION,BUY,1,2026.08.04 00:01:09,2026.08.04 00:02:05,0,3022.96,3025.002,2042.0,1370.97,0.06,0.31,TRAIL_STOP,3017.18125,3019.2018,3015.738,0,0.066,0.431,3017.18125,0.3,0,0.6,0.79,4,0,0,0,0.0,0,0.85,0.504,2,0.77,0.237,0.15,0.28,0.0,0.0,3017.18125,0.748,1.32,1,-2,0.0,0,15307,0.444,2.08,0,0.0,0.237,0.15,0.28,0.77,0.6,0,0.79,395.0,9497.4
96269,XAUGBPm_20260804000059_2,XAUGBPm,PULLBACK,BUY,-1,2026.08.04 00:01:00,2026.08.04 00:58:07,57,3021.833,3017.741,-4092.0,-2747.02,0.42,0.829,SL_HIT,3017.18125,3019.2018,3015.738,0,0.066,0.431,3017.18125,0.3,0,0.6,0.79,4,0,0,0,0.0,0,0.85,0.504,2,0.77,0.237,0.15,0.28,0.0,0.0,3017.18125,0.748,1.32,1,-2,0.0,0,15307,0.377,6.38,0,0.0,0.237,0.15,0.036,0.77,0.6,1,0.79,395.0,9497.4
96282,XAUGBPm_20260804010012_1,XAUGBPm,BREAKOUT_RETEST,BUY,-1,2026.08.04 01:00:12,2026.08.04 01:05:43,5,3016.701,3013.738,-2963.0,-1988.72,0.295,0.12,SL_HIT,3016.96175,3021.6957,3015.8693,1,0.018,0.922,3016.96175,0.4,0,0.65,0.825,2,0,0,0,0.0,0,0.708,0.433,1,0.628,0.247,0.0,0.137,0.0,0.0,3021.6957,0.6,1.105,1,-2,0.0,0,15308,0.464,1.86,0,0.0,0.247,0.0,0.26,0.628,0.65,0,0.825,394.0,9660.4
96283,XAUGBPm_20260804010012_1,XAUGBPm,BREAKOUT_RETEST,BUY,0,2026.08.04 01:00:12,2026.08.04 01:05:43,5,3016.701,3013.738,-2963.0,-1988.72,0.295,0.12,SL_HIT,3016.96175,3021.6957,3015.8693,1,0.018,0.922,3016.96175,0.4,0,0.65,0.825,2,0,0,0,0.0,0,0.708,0.433,1,0.628,0.247,0.0,0.137,0.0,0.0,3021.6957,0.6,1.105,1,-2,0.0,0,15308,0.464,1.86,0,0.0,0.247,0.0,0.26,0.628,0.65,0,0.825,394.0,9660.4
96284,XAUGBPm_20260804010012_1,XAUGBPm,BREAKOUT_RETEST,BUY,1,2026.08.04 01:00:12,2026.08.04 01:05:43,5,3016.701,3013.738,-2963.0,-1988.72,0.295,0.12,SL_HIT,3016.96175,3021.6957,3015.8693,1,0.018,0.922,3016.96175,0.4,0,0.65,0.825,2,0,0,0,0.0,0,0.708,0.433,1,0.628,0.247,0.0,0.137,0.0,0.0,3021.6957,0.6,1.105,1,-2,0.0,0,15308,0.464,1.86,0,0.0,0.247,0.0,0.26,0.628,0.65,0,0.825,394.0,9660.4
96289,XAUGBPm_20260804011150_5,XAUGBPm,MEAN_REVERSION,BUY,0,2026.08.04 01:11:50,2026.08.04 01:21:45,9,3014.915,3015.202,287.0,192.64,0.035,0.215,TRAIL_STOP,3016.96175,3021.6957,3015.8693,0,0.018,0.922,3016.96175,0.4,0,0.65,0.825,2,0,0,0,0.0,0,0.708,0.455,1,0.628,0.247,0.0,0.26,0.0,0.0,3021.6957,0.6,1.291,1,-2,0.0,0,15308,0.614,0.93,0,0.0,0.247,0.0,0.26,0.628,0.65,0,0.825,394.0,9660.4
96290,XAUGBPm_20260804011150_5,XAUGBPm,MEAN_REVERSION,BUY,1,2026.08.04 01:11:50,2026.08.04 01:31:22,19,3014.915,3015.606,691.0,463.92,0.035,0.318,TRAIL_STOP,3016.96175,3021.6957,3015.8693,0,0.018,0.922,3016.96175,0.4,0,0.65,0.825,2,0,0,0,0.0,0,0.708,0.455,1,0.628,0.247,0.0,0.26,0.0,0.0,3021.6957,0.6,1.291,1,-2,0.0,0,15308,0.614,0.93,0,0.0,0.247,0.0,0.26,0.628,0.65,0,0.825,394.0,9660.4
96288,XAUGBPm_20260804011150_5,XAUGBPm,MEAN_REVERSION,BUY,-1,2026.08.04 01:11:50,2026.08.04 01:44:03,32,3014.915,3022.093,7178.0,4819.92,0.036,0.732,TP_HIT,3016.96175,3021.6957,3015.8693,0,0.018,0.922,3016.96175,0.4,0,0.65,0.825,2,0,0,0,0.0,0,0.708,0.455,1,0.628,0.247,0.0,0.26,0.0,0.0,3021.6957,0.6,1.291,1,-2,0.0,0,15308,0.614,0.93,0,0.0,0.247,0.0,0.252,0.628,0.65,0,0.825,395.0,9660.4
96295,XAUGBPm_20260804020029_0,XAUGBPm,BREAKOUT,BUY,0,2026.08.04 02:00:29,2026.08.04 02:02:01,1,3023.111,3023.526,415.0,278.65,0.217,0.088,TRAIL_STOP,3016.8658,3022.6222,3014.6518,0,0.053,0.233,3016.8658,0.45,0,1.0,0.685,0,0,0,0,0.0,0,0.764,0.344,0,0.684,0.206,0.14,0.331,0.4,0.0,3016.8658,0.712,1.156,1,-2,0.0,0,15309,0.486,3.6,0,0.4,0.206,0.14,0.39,0.684,1.0,0,0.685,395.0,9835.0
96298,XAUGBPm_20260804020059_2,XAUGBPm,PULLBACK,BUY,0,2026.08.04 02:00:59,2026.08.04 02:02:01,1,3021.367,3023.526,2159.0,1449.66,0.027,0.266,TRAIL_STOP,3016.8658,3022.6222,3014.6518,1,0.053,0.233,3016.8658,0.45,0,1.0,0.685,0,0,0,0,0.0,0,0.764,0.351,1,0.684,0.206,0.14,0.374,0.4,0.0,3016.8658,0.712,1.221,1,-2,0.0,0,15309,0.599,5.17,0,0.4,0.206,0.14,0.39,0.684,1.0,0,0.685,395.0,9835.0
96301,XAUGBPm_20260804020110_3,XAUGBPm,TREND_CONTINUATION,BUY,0,2026.08.04 02:01:10,2026.08.04 02:02:01,0,3022.561,3023.526,965.0,647.95,0.028,0.144,TRAIL_STOP,3016.8658,3022.6222,3014.6518,1,0.053,0.233,3016.8658,0.45,0,1.0,0.685,0,0,0,0,0.0,0,0.764,0.349,0,0.684,0.206,0.14,0.365,0.4,0.0,3016.8658,0.712,1.207,1,-2,0.0,0,15309,0.527,2.08,0,0.4,0.206,0.14,0.39,0.684,1.0,0,0.685,395.0,9835.0
96296,XAUGBPm_20260804020029_0,XAUGBPm,BREAKOUT,BUY,1,2026.08.04 02:00:29,2026.08.04 02:02:02,1,3023.111,3023.01,-101.0,-67.82,0.217,0.088,SL_HIT,3016.8658,3022.6222,3014.6518,0,0.053,0.233,3016.8658,0.45,0,1.0,0.685,0,0,0,0,0.0,0,0.764,0.344,0,0.684,0.206,0.14,0.331,0.4,0.0,3016.8658,0.712,1.156,1,-2,0.0,0,15309,0.486,3.6,0,0.4,0.206,0.14,0.331,0.684,1.0,0,0.685,395.0,9835.0
96299,XAUGBPm_20260804020059_2,XAUGBPm,PULLBACK,BUY,1,2026.08.04 02:00:59,2026.08.04 02:02:02,1,3021.367,3023.01,1643.0,1103.19,0.027,0.266,TRAIL_STOP,3016.8658,3022.6222,3014.6518,1,0.053,0.233,3016.8658,0.45,0,1.0,0.685,0,0,0,0,0.0,0,0.764,0.351,1,0.684,0.206,0.14,0.374,0.4,0.0,3016.8658,0.712,1.221,1,-2,0.0,0,15309,0.599,5.17,0,0.4,0.206,0.14,0.331,0.684,1.0,0,0.685,395.0,9835.0
96302,XAUGBPm_20260804020110_3,XAUGBPm,TREND_CONTINUATION,BUY,1,2026.08.04 02:01:10,2026.08.04 02:02:02,0,3022.561,3023.01,449.0,301.48,0.028,0.144,TRAIL_STOP,3016.8658,3022.6222,3014.6518,1,0.053,0.233,3016.8658,0.45,0,1.0,0.685,0,0,0,0,0.0,0,0.764,0.349,0,0.684,0.206,0.14,0.365,0.4,0.0,3016.8658,0.712,1.207,1,-2,0.0,0,15309,0.527,2.08,0,0.4,0.206,0.14,0.331,0.684,1.0,0,0.685,395.0,9835.0
96310,XAUGBPm_20260804030012_1,XAUGBPm,BREAKOUT_RETEST,BUY,0,2026.08.04 03:00:12,2026.08.04 03:00:55,0,3023.159,3022.727,-432.0,-290.12,0.068,0.0,SL_HIT,3021.2938,3024.3934,3015.5374,1,0.047,0.42,3021.2938,0.5,0,1.0,0.895,0,0,0,0,0.0,0,0.748,0.503,2,0.668,0.269,0.152,0.009,0.0,0.0,3015.5374,0.6,0.913,1,-2,0.0,0,15310,0.632,2.13,0,0.0,0.269,0.152,0.009,0.668,1.0,1,0.895,395.0,9483.6
96311,XAUGBPm_20260804030012_1,XAUGBPm,BREAKOUT_RETEST,BUY,1,2026.08.04 03:00:12,2026.08.04 03:02:14,2,3023.159,3022.206,-953.0,-639.94,0.088,0.0,SL_HIT,3021.2938,3024.3934,3015.5374,1,0.047,0.42,3021.2938,0.5,0,1.0,0.895,0,0,0,0,0.0,0,0.748,0.503,2,0.668,0.269,0.152,0.009,0.0,0.0,3015.5374,0.6,0.913,1,-2,0.0,0,15310,0.632,2.13,0,0.0,0.269,0.152,0.037,0.668,1.0,1,0.895,395.0,9483.6
96309,XAUGBPm_20260804030012_1,XAUGBPm,BREAKOUT_RETEST,BUY,-1,2026.08.04 03:00:12,2026.08.04 03:30:10,29,3023.159,3020.23,-2929.0,-1967.04,0.297,0.131,SL_HIT,3021.2938,3024.3934,3015.5374,1,0.047,0.42,3021.2938,0.5,0,1.0,0.895,0,0,0,0,0.0,0,0.748,0.503,2,0.668,0.269,0.152,0.009,0.0,0.0,3015.5374,0.6,0.913,1,-2,0.0,0,15310,0.632,2.13,0,0.0,0.269,0.152,0.114,0.668,1.0,1,0.895,395.0,9483.6
96316,XAUGBPm_20260804041434_2,XAUGBPm,PULLBACK,BUY,0,2026.08.04 04:14:34,2026.08.04 04:15:09,0,3021.011,3021.92,909.0,530.95,0.004,0.147,TRAIL_STOP,3021.2938,3026.1646,3018.1942,1,0.24,0.662,3021.2938,0.45,0,0.8,0.93,0,0,0,0,0.0,0,0.763,0.491,1,0.683,0.279,0.133,0.012,0.0,0.0,3018.1942,0.6,0.918,1,-2,0.0,0,15311,0.597,1.99,0,0.0,0.279,0.133,0.022,0.683,0.8,1,0.93,395.0,8845.0
96319,XAUGBPm_20260804041435_3,XAUGBPm,TREND_CONTINUATION,BUY,0,2026.08.04 04:14:35,2026.08.04 04:15:09,0,3021.372,3021.92,548.0,274.54,0.017,0.107,TRAIL_STOP,3021.2938,3026.1646,3018.1942,1,0.24,0.662,3021.2938,0.45,0,0.8,0.93,0,0,0,0,0.0,0,0.763,0.491,1,0.683,0.279,0.133,0.012,0.0,0.0,3018.1942,0.6,0.918,1,-2,0.0,0,15311,0.525,2.08,0,0.0,0.279,0.133,0.022,0.683,0.8,1,0.93,395.0,8845.0
96317,XAUGBPm_20260804041434_2,XAUGBPm,PULLBACK,BUY,1,2026.08.04 04:14:34,2026.08.04 04:15:45,1,3021.129,3022.199,1070.0,718.27,0.03,0.22,TRAIL_STOP,3021.2938,3026.1646,3018.1942,1,0.24,0.662,3021.2938,0.45,0,0.8,0.93,0,0,0,0,0.0,0,0.763,0.491,1,0.683,0.279,0.133,0.012,0.0,0.0,3018.1942,0.6,0.918,1,-2,0.0,0,15311,0.597,1.99,0,0.0,0.279,0.133,0.022,0.683,0.8,1,0.93,395.0,8845.0
96320,XAUGBPm_20260804041435_3,XAUGBPm,TREND_CONTINUATION,BUY,1,2026.08.04 04:14:35,2026.08.04 04:15:45,1,3021.511,3022.199,688.0,461.84,0.033,0.177,TRAIL_STOP,3021.2938,3026.1646,3018.1942,1,0.24,0.662,3021.2938,0.45,0,0.8,0.93,0,0,0,0,0.0,0,0.763,0.491,1,0.683,0.279,0.133,0.012,0.0,0.0,3018.1942,0.6,0.918,1,-2,0.0,0,15311,0.525,2.08,0,0.0,0.279,0.133,0.022,0.683,0.8,1,0.93,395.0,8845.0
96326,XAUGBPm_20260804051116_1,XAUGBPm,BREAKOUT_RETEST,BUY,0,2026.08.04 05:11:16,2026.08.04 05:11:42,0,3024.43,3024.281,-149.0,-100.01,0.015,0.031,SL_HIT,3021.57507,3024.49075,3016.16025,1,0.448,0.075,3021.57507,0.5,0,1.0,0.965,0,0,0,0,0.0,0,0.725,0.468,1,0.645,0.29,0.17,0.217,0.15,0.0,3021.57507,0.735,1.136,1,-2,0.0,0,15312,0.627,1.94,0,0.15,0.29,0.17,0.217,0.645,1.0,1,0.965,395.0,7953.1
96327,XAUGBPm_20260804051116_1,XAUGBPm,BREAKOUT_RETEST,BUY,1,2026.08.04 05:11:16,2026.08.04 05:12:09,0,3024.43,3023.832,-598.0,-401.38,0.059,0.031,SL_HIT,3021.57507,3024.49075,3016.16025,1,0.448,0.075,3021.57507,0.5,0,1.0,0.965,0,0,0,0,0.0,0,0.725,0.468,1,0.645,0.29,0.17,0.217,0.15,0.0,3021.57507,0.735,1.136,1,-2,0.0,0,15312,0.627,1.94,0,0.15,0.29,0.17,0.217,0.645,1.0,1,0.965,395.0,7953.1
96325,XAUGBPm_20260804051116_1,XAUGBPm,BREAKOUT_RETEST,BUY,-1,2026.08.04 05:11:16,2026.08.04 05:31:06,19,3024.43,3029.176,4746.0,3185.94,0.219,0.578,TP_HIT,3021.57507,3024.49075,3016.16025,1,0.448,0.075,3021.57507,0.5,0,1.0,0.965,0,0,0,0,0.0,0,0.725,0.468,1,0.645,0.29,0.17,0.217,0.15,0.0,3021.57507,0.735,1.136,1,-2,0.0,0,15312,0.627,1.94,0,0.15,0.29,0.17,0.33,0.645,1.0,0,0.965,395.0,7953.1
96333,XAUGBPm_20260804060004_7,XAUGBPm,ANCHORED_PULLBACK,BUY,1,2026.08.04 06:00:04,2026.08.04 06:18:38,18,3026.932,3025.414,-1518.0,-1119.96,0.19,0.25,SL_HIT,3021.9205,3026.509,3020.391,0,0.087,0.409,3021.3087,0.5,0,1.0,1.0,0,0,0,0,0.0,0,0.688,0.504,2,0.608,0.3,0.154,0.132,0.0,0.0,3021.9205,0.7,1.098,1,-2,0.0,0,15313,0.553,4.07,0,0.0,0.3,0.154,0.087,0.608,1.0,1,1.0,395.0,7600.4
96336,XAUGBPm_20260804060036_0,XAUGBPm,BREAKOUT,BUY,1,2026.08.04 06:00:36,2026.08.04 06:18:38,18,3027.025,3025.414,-1611.0,-1081.69,0.202,0.238,SL_HIT,3021.9205,3026.509,3020.391,0,0.087,0.409,3021.3087,0.5,0,1.0,1.0,0,0,0,0,0.0,0,0.688,0.504,2,0.608,0.3,0.154,0.132,0.0,0.0,3021.9205,0.7,1.098,1,-2,0.0,0,15313,0.526,1.67,0,0.0,0.3,0.154,0.087,0.608,1.0,1,1.0,395.0,7600.4
96332,XAUGBPm_20260804060004_7,XAUGBPm,ANCHORED_PULLBACK,BUY,0,2026.08.04 06:00:04,2026.08.04 06:25:27,25,3026.932,3024.741,-2191.0,-1471.53,0.32,0.25,SL_HIT,3021.9205,3026.509,3020.391,0,0.087,0.409,3021.3087,0.5,0,1.0,1.0,0,0,0,0,0.0,0,0.688,0.504,2,0.608,0.3,0.154,0.132,0.0,0.0,3021.9205,0.7,1.098,1,-2,0.0,0,15313,0.553,4.07,0,0.0,0.3,0.154,0.138,0.608,1.0,1,1.0,395.0,7600.4
96335,XAUGBPm_20260804060036_0,XAUGBPm,BREAKOUT,BUY,0,2026.08.04 06:00:36,2026.08.04 06:25:27,24,3027.025,3024.741,-2284.0,-1533.99,0.333,0.238,SL_HIT,3021.9205,3026.509,3020.391,0,0.087,0.409,3021.3087,0.5,0,1.0,1.0,0,0,0,0,0.0,0,0.688,0.504,2,0.608,0.3,0.154,0.132,0.0,0.0,3021.9205,0.7,1.098,1,-2,0.0,0,15313,0.526,1.67,0,0.0,0.3,0.154,0.138,0.608,1.0,1,1.0,395.0,7600.4
96338,XAUGBPm_20260804061436_2,XAUGBPm,PULLBACK,BUY,0,2026.08.04 06:14:36,2026.08.04 06:25:27,10,3027.179,3024.741,-2438.0,-1637.42,0.353,0.0,SL_HIT,3021.9205,3026.509,3020.391,0,0.087,0.409,3021.3087,0.5,0,1.0,1.0,0,0,0,0,0.0,0,0.688,0.504,2,0.608,0.3,0.154,0.132,0.0,0.0,3021.9205,0.7,1.098,1,-2,0.0,0,15313,0.516,1.44,0,0.0,0.3,0.154,0.138,0.608,1.0,1,1.0,395.0,7600.4
96341,XAUGBPm_20260804061437_3,XAUGBPm,TREND_CONTINUATION,BUY,0,2026.08.04 06:14:37,2026.08.04 06:25:27,10,3027.07,3024.741,-2329.0,-1564.21,0.339,0.0,SL_HIT,3021.9205,3026.509,3020.391,0,0.087,0.409,3021.3087,0.5,0,1.0,1.0,0,0,0,0,0.0,0,0.688,0.504,2,0.608,0.3,0.154,0.132,0.0,0.0,3021.9205,0.7,1.098,1,-2,0.0,0,15313,0.606,2.08,0,0.0,0.3,0.154,0.138,0.608,1.0,1,1.0,395.0,7600.4
96339,XAUGBPm_20260804061436_2,XAUGBPm,PULLBACK,BUY,1,2026.08.04 06:14:36,2026.08.04 06:26:00,11,3027.179,3024.42,-2759.0,-1852.93,0.353,0.0,SL_HIT,3021.9205,3026.509,3020.391,0,0.087,0.409,3021.3087,0.5,0,1.0,1.0,0,0,0,0,0.0,0,0.688,0.504,2,0.608,0.3,0.154,0.132,0.0,0.0,3021.9205,0.7,1.098,1,-2,0.0,0,15313,0.516,1.44,0,0.0,0.3,0.154,0.134,0.608,1.0,1,1.0,395.0,7600.4
96342,XAUGBPm_20260804061437_3,XAUGBPm,TREND_CONTINUATION,BUY,1,2026.08.04 06:14:37,2026.08.04 06:26:00,11,3027.07,3024.42,-2650.0,-1779.73,0.339,0.0,SL_HIT,3021.9205,3026.509,3020.391,0,0.087,0.409,3021.3087,0.5,0,1.0,1.0,0,0,0,0,0.0,0,0.688,0.504,2,0.608,0.3,0.154,0.132,0.0,0.0,3021.9205,0.7,1.098,1,-2,0.0,0,15313,0.606,2.08,0,0.0,0.3,0.154,0.134,0.608,1.0,1,1.0,395.0,7600.4
96331,XAUGBPm_20260804060004_7,XAUGBPm,ANCHORED_PULLBACK,BUY,-1,2026.08.04 06:00:04,2026.08.04 06:29:34,29,3026.932,3023.23,-3702.0,-2485.56,0.476,0.25,SL_HIT,3021.9205,3026.509,3020.391,0,0.087,0.409,3021.3087,0.5,0,1.0,1.0,0,0,0,0,0.0,0,0.688,0.504,2,0.608,0.3,0.154,0.132,0.0,0.0,3021.9205,0.7,1.098,1,-2,0.0,0,15313,0.553,4.07,0,0.0,0.3,0.154,0.048,0.608,1.0,1,1.0,395.0,7600.4
96353,XAUGBPm_20260804071118_1,XAUGBPm,BREAKOUT_RETEST,BUY,0,2026.08.04 07:11:18,2026.08.04 07:11:41,0,3026.063,3025.38,-683.0,-367.4,0.107,0.0,SL_HIT,3026.2031,3027.7326,3021.6146,1,0.036,0.357,3026.2031,0.5,0,0.8,0.825,0,0,0,0,0.0,0,0.723,0.408,1,0.643,0.247,0.166,0.159,0.25,0.0,3021.6146,0.6,0.988,1,-2,0.0,0,15314,0.517,1.06,0,0.25,0.247,0.166,0.159,0.643,0.8,1,0.825,395.0,7620.7
96354,XAUGBPm_20260804071118_1,XAUGBPm,BREAKOUT_RETEST,BUY,1,2026.08.04 07:11:18,2026.08.04 07:12:09,0,3025.927,3025.777,-150.0,-100.75,0.089,0.071,SL_HIT,3026.2031,3027.7326,3021.6146,1,0.036,0.357,3026.2031,0.5,0,0.8,0.825,0,0,0,0,0.0,0,0.723,0.408,1,0.643,0.247,0.166,0.159,0.25,0.0,3021.6146,0.6,0.988,1,-2,0.0,0,15314,0.517,1.06,0,0.25,0.247,0.166,0.159,0.643,0.8,1,0.825,395.0,7620.7
96358,XAUGBPm_20260804071423_5,XAUGBPm,MEAN_REVERSION,BUY,0,2026.08.04 07:14:23,2026.08.04 07:14:40,0,3023.539,3023.158,-381.0,-255.89,0.041,0.0,SL_HIT,3026.2031,3027.7326,3021.6146,1,0.036,0.357,3026.2031,0.5,0,0.8,0.825,0,0,0,0,0.0,0,0.723,0.421,1,0.643,0.247,0.166,0.233,0.25,0.0,3026.2031,0.734,1.1,1,-2,0.0,0,15314,0.609,1.33,0,0.25,0.247,0.166,0.233,0.643,0.8,1,0.825,395.0,7620.7
96359,XAUGBPm_20260804071423_5,XAUGBPm,MEAN_REVERSION,BUY,1,2026.08.04 07:14:23,2026.08.04 07:19:48,5,3023.539,3024.537,998.0,670.35,0.078,0.321,TRAIL_STOP,3026.2031,3027.7326,3021.6146,1,0.036,0.357,3026.2031,0.5,0,0.8,0.825,0,0,0,0,0.0,0,0.723,0.421,1,0.643,0.247,0.166,0.233,0.25,0.0,3026.2031,0.734,1.1,1,-2,0.0,0,15314,0.609,1.33,0,0.25,0.247,0.166,0.215,0.643,0.8,1,0.825,395.0,7620.7
96357,XAUGBPm_20260804071423_5,XAUGBPm,MEAN_REVERSION,BUY,-1,2026.08.04 07:14:23,2026.08.04 07:33:49,19,3023.539,3026.65,3111.0,2089.81,0.078,0.391,TP_HIT,3026.2031,3027.7326,3021.6146,1,0.036,0.357,3026.2031,0.5,0,0.8,0.825,0,0,0,0,0.0,0,0.723,0.421,1,0.643,0.247,0.166,0.233,0.25,0.0,3026.2031,0.734,1.1,1,-2,0.0,0,15314,0.609,1.33,0,0.25,0.247,0.166,0.174,0.643,0.8,1,0.825,395.0,7620.7
96364,XAUGBPm_20260804080051_0,XAUGBPm,BREAKOUT,BUY,0,2026.08.04 08:00:51,2026.08.04 08:01:15,0,3025.84,3025.349,-491.0,-329.89,0.083,0.0,SL_HIT,3024.9795,3027.7326,3023.45,1,0.01,0.471,3026.2031,0.35,0,0.8,0.825,0,0,0,0,0.0,0,0.797,0.429,1,0.717,0.247,0.208,0.117,0.25,0.0,0.0,0.0,0.925,1,-2,1.0,0,15315,0.347,1.67,0,0.25,0.247,0.208,0.117,0.717,0.8,1,0.825,395.0,7642.1
96365,XAUGBPm_20260804080051_0,XAUGBPm,BREAKOUT,BUY,1,2026.08.04 08:00:51,2026.08.04 08:02:49,1,3025.84,3026.969,1129.0,758.47,0.095,0.241,TRAIL_STOP,3024.9795,3027.7326,3023.45,1,0.01,0.471,3026.2031,0.35,0,0.8,0.825,0,0,0,0,0.0,0,0.797,0.429,1,0.717,0.247,0.208,0.117,0.25,0.0,0.0,0.0,0.925,1,-2,1.0,0,15315,0.347,1.67,0,0.25,0.247,0.208,0.202,0.717,0.8,1,0.825,395.0,7642.1
96368,XAUGBPm_20260804081440_2,XAUGBPm,PULLBACK,BUY,-1,2026.08.04 08:14:40,2026.08.04 08:22:20,7,3029.35,3025.806,-3544.0,-2380.97,0.446,0.0,SL_HIT,3024.9795,3027.7326,3023.45,0,0.01,0.471,3026.2031,0.35,0,0.8,0.825,0,0,0,0,0.0,0,0.797,0.474,1,0.717,0.247,0.208,0.374,0.25,0.0,3026.2031,0.735,1.311,1,-2,1.0,0,15315,0.433,4.06,0,0.25,0.247,0.208,0.117,0.717,0.8,1,0.825,395.0,7642.1
96369,XAUGBPm_20260804081440_2,XAUGBPm,PULLBACK,BUY,0,2026.08.04 08:14:40,2026.08.04 08:22:20,7,3029.35,3025.806,-3544.0,-2380.97,0.446,0.0,SL_HIT,3024.9795,3027.7326,3023.45,0,0.01,0.471,3026.2031,0.35,0,0.8,0.825,0,0,0,0,0.0,0,0.797,0.474,1,0.717,0.247,0.208,0.374,0.25,0.0,3026.2031,0.735,1.311,1,-2,1.0,0,15315,0.433,4.06,0,0.25,0.247,0.208,0.117,0.717,0.8,1,0.825,395.0,7642.1
96370,XAUGBPm_20260804081440_2,XAUGBPm,PULLBACK,BUY,1,2026.08.04 08:14:40,2026.08.04 08:22:20,7,3029.35,3025.806,-3544.0,-2380.97,0.446,0.0,SL_HIT,3024.9795,3027.7326,3023.45,0,0.01,0.471,3026.2031,0.35,0,0.8,0.825,0,0,0,0,0.0,0,0.797,0.474,1,0.717,0.247,0.208,0.374,0.25,0.0,3026.2031,0.735,1.311,1,-2,1.0,0,15315,0.433,4.06,0,0.25,0.247,0.208,0.117,0.717,0.8,1,0.825,395.0,7642.1
96373,XAUGBPm_20260804081445_3,XAUGBPm,TREND_CONTINUATION,BUY,1,2026.08.04 08:14:45,2026.08.04 08:22:38,7,3028.778,3025.005,-3773.0,-2534.74,0.48,0.0,SL_HIT,3024.9795,3027.7326,3023.45,0,0.01,0.471,3026.2031,0.35,0,0.8,0.825,0,0,0,0,0.0,0,0.797,0.474,1,0.717,0.247,0.208,0.374,0.25,0.0,3026.2031,0.735,1.311,1,-2,1.0,0,15315,0.509,2.08,0,0.25,0.247,0.208,0.1,0.717,0.8,1,0.825,395.0,7642.1
96372,XAUGBPm_20260804081445_3,XAUGBPm,TREND_CONTINUATION,BUY,0,2026.08.04 08:14:45,2026.08.04 08:25:10,10,3029.172,3023.645,-5527.0,-3448.02,0.789,0.0,SL_HIT,3024.9795,3027.7326,3023.45,0,0.01,0.471,3026.2031,0.35,0,0.8,0.825,0,0,0,0,0.0,0,0.797,0.474,1,0.717,0.247,0.208,0.374,0.25,0.0,3026.2031,0.735,1.311,1,-2,1.0,0,15315,0.509,2.08,0,0.25,0.247,0.088,0.257,0.717,0.8,1,0.825,395.0,7642.1
96352,XAUGBPm_20260804071118_1,XAUGBPm,BREAKOUT_RETEST,BUY,-1,2026.08.04 07:11:18,2026.08.04 08:38:34,87,3026.063,3021.154,-4909.0,-3298.28,0.63,0.604,SL_HIT,3026.2031,3027.7326,3021.6146,1,0.036,0.357,3026.2031,0.5,0,0.8,0.825,0,0,0,0,0.0,0,0.723,0.408,1,0.643,0.247,0.166,0.159,0.25,0.0,3021.6146,0.6,0.988,1,-2,0.0,0,15314,0.517,1.06,0,0.25,0.247,0.088,0.359,0.717,0.8,0,0.825,394.0,7642.1
96371,XAUGBPm_20260804081445_3,XAUGBPm,TREND_CONTINUATION,BUY,-1,2026.08.04 08:14:45,2026.08.04 08:40:13,25,3029.285,3020.014,-9271.0,-6153.58,1.198,0.0,SL_HIT,3024.9795,3027.7326,3023.45,0,0.01,0.471,3026.2031,0.35,0,0.8,0.825,0,0,0,0,0.0,0,0.797,0.474,1,0.717,0.247,0.208,0.374,0.25,0.0,3026.2031,0.735,1.311,1,-2,1.0,0,15315,0.509,2.08,0,0.25,0.247,0.088,0.354,0.717,0.8,0,0.825,394.0,7642.1
96340,XAUGBPm_20260804061437_3,XAUGBPm,TREND_CONTINUATION,BUY,-1,2026.08.04 06:14:37,2026.08.04 08:48:33,153,3027.07,3017.932,-9138.0,-6140.28,1.186,0.474,SL_HIT,3021.9205,3026.509,3020.391,0,0.087,0.409,3021.3087,0.5,0,1.0,1.0,0,0,0,0,0.0,0,0.688,0.504,2,0.608,0.3,0.154,0.132,0.0,0.0,3021.9205,0.7,1.098,1,-2,0.0,0,15313,0.606,2.08,0,0.25,0.247,0.088,0.389,0.717,0.8,0,0.825,394.0,7642.1
96382,XAUGBPm_20260804084637_4,XAUGBPm,SWEEP_REVERSAL,BUY,0,2026.08.04 08:46:38,2026.08.04 09:00:26,13,3019.141,3016.285,-2856.0,-1840.87,0.371,0.035,SL_HIT,3024.9795,3027.7326,3023.45,0,0.01,0.471,3026.2031,0.35,0,0.8,0.825,0,0,0,0,0.0,0,0.797,0.475,1,0.717,0.247,0.088,0.38,0.25,0.0,3024.9795,0.7,1.319,1,-2,1.0,0,15315,0.216,0.8,0,0.4,0.247,0.14,0.439,0.713,1.0,0,0.825,394.0,8288.4
96294,XAUGBPm_20260804020029_0,XAUGBPm,BREAKOUT,BUY,-1,2026.08.04 02:00:29,2026.08.04 09:00:28,419,3023.111,3016.184,-6927.0,-4655.67,0.694,0.768,SL_HIT,3016.8658,3022.6222,3014.6518,0,0.053,0.233,3016.8658,0.45,0,1.0,0.685,0,0,0,0,0.0,0,0.764,0.344,0,0.684,0.206,0.14,0.331,0.4,0.0,3016.8658,0.712,1.156,1,-2,0.0,0,15309,0.486,3.6,0,0.4,0.247,0.14,0.439,0.713,1.0,0,0.825,394.0,8288.4
96297,XAUGBPm_20260804020059_2,XAUGBPm,PULLBACK,BUY,-1,2026.08.04 02:00:59,2026.08.04 09:00:28,419,3021.367,3016.184,-5183.0,-3483.52,0.517,0.946,SL_HIT,3016.8658,3022.6222,3014.6518,1,0.053,0.233,3016.8658,0.45,0,1.0,0.685,0,0,0,0,0.0,0,0.764,0.351,1,0.684,0.206,0.14,0.374,0.4,0.0,3016.8658,0.712,1.221,1,-2,0.0,0,15309,0.599,5.17,0,0.4,0.247,0.14,0.439,0.713,1.0,0,0.825,394.0,8288.4
96383,XAUGBPm_20260804084637_4,XAUGBPm,SWEEP_REVERSAL,BUY,1,2026.08.04 08:46:38,2026.08.04 09:00:43,14,3019.024,3015.787,-3237.0,-2175.72,0.41,0.05,SL_HIT,3024.9795,3027.7326,3023.45,0,0.01,0.471,3026.2031,0.35,0,0.8,0.825,0,0,0,0,0.0,0,0.797,0.475,1,0.717,0.247,0.088,0.38,0.25,0.0,3024.9795,0.7,1.319,1,-2,1.0,0,15315,0.216,0.8,0,0.4,0.247,0.14,0.439,0.713,1.0,0,0.825,394.0,8288.4
96337,XAUGBPm_20260804061436_2,XAUGBPm,PULLBACK,BUY,-1,2026.08.04 06:14:36,2026.08.04 09:02:52,168,3027.179,3015.681,-11498.0,-7727.52,1.499,0.459,SL_HIT,3021.9205,3026.509,3020.391,0,0.087,0.409,3021.3087,0.5,0,1.0,1.0,0,0,0,0,0.0,0,0.688,0.504,2,0.608,0.3,0.154,0.132,0.0,0.0,3021.9205,0.7,1.098,1,-2,0.0,0,15313,0.516,1.44,0,0.4,0.247,0.14,0.439,0.713,1.0,0,0.825,394.0,8288.4
96334,XAUGBPm_20260804060036_0,XAUGBPm,BREAKOUT,BUY,-1,2026.08.04 06:00:36,2026.08.04 09:03:03,182,3027.025,3015.588,-11437.0,-7686.35,1.493,0.479,SL_HIT,3021.9205,3026.509,3020.391,0,0.087,0.409,3021.3087,0.5,0,1.0,1.0,0,0,0,0,0.0,0,0.688,0.504,2,0.608,0.3,0.154,0.132,0.0,0.0,3021.9205,0.7,1.098,1,-2,0.0,0,15313,0.526,1.67,0,0.4,0.247,0.14,0.439,0.713,1.0,0,0.825,394.0,8288.4
96363,XAUGBPm_20260804080051_0,XAUGBPm,BREAKOUT,BUY,-1,2026.08.04 08:00:51,2026.08.04 09:07:04,66,3025.84,3014.372,-11468.0,-7705.52,1.491,0.632,SL_HIT,3024.9795,3027.7326,3023.45,1,0.01,0.471,3026.2031,0.35,0,0.8,0.825,0,0,0,0,0.0,0,0.797,0.429,1,0.717,0.247,0.208,0.117,0.25,0.0,0.0,0.0,0.925,1,-2,1.0,0,15315,0.347,1.67,0,0.4,0.247,0.14,0.439,0.713,1.0,0,0.825,394.0,8288.4
96393,XAUGBPm_20260804091424_5,XAUGBPm,MEAN_REVERSION,BUY,0,2026.08.04 09:14:24,2026.08.04 09:15:00,0,3013.931,3013.731,-200.0,-134.4,0.076,0.028,SL_HIT,3024.58427,3027.8056,3022.79465,0,0.968,0.018,3024.58427,0.35,0,1.0,0.825,0,0,0,0,0.0,0,0.793,0.431,1,0.713,0.247,0.14,0.439,0.4,0.0,3024.58427,0.744,1.319,1,-2,1.0,0,15316,0.64,1.67,0,0.4,0.247,0.14,0.439,0.713,1.0,0,0.825,394.0,8288.4
96394,XAUGBPm_20260804091424_5,XAUGBPm,MEAN_REVERSION,BUY,1,2026.08.04 09:14:24,2026.08.04 09:15:56,1,3013.931,3013.218,-713.0,-479.15,0.076,0.014,SL_HIT,3024.58427,3027.8056,3022.79465,0,0.968,0.018,3024.58427,0.35,0,1.0,0.825,0,0,0,0,0.0,0,0.793,0.431,1,0.713,0.247,0.14,0.439,0.4,0.0,3024.58427,0.744,1.319,1,-2,1.0,0,15316,0.64,1.67,0,0.4,0.247,0.14,0.439,0.713,1.0,0,0.825,394.0,8288.4
96381,XAUGBPm_20260804084637_4,XAUGBPm,SWEEP_REVERSAL,BUY,-1,2026.08.04 08:46:37,2026.08.04 09:35:22,48,3019.259,3011.603,-7656.0,-5066.59,0.987,0.019,SL_HIT,3024.9795,3027.7326,3023.45,0,0.01,0.471,3026.2031,0.35,0,0.8,0.825,0,0,0,0,0.0,0,0.797,0.475,1,0.717,0.247,0.088,0.38,0.25,0.0,3024.9795,0.7,1.319,1,-2,1.0,0,15315,0.216,0.8,0,0.4,0.247,0.14,0.439,0.713,1.0,0,0.825,394.0,8288.4
96273,XAUGBPm_20260804000109_3,XAUGBPm,TREND_CONTINUATION,BUY,-1,2026.08.04 00:01:09,2026.08.04 09:35:27,574,3022.743,3011.261,-11482.0,-7717.28,1.191,0.835,SL_HIT,3017.18125,3019.2018,3015.738,0,0.066,0.431,3017.18125,0.3,0,0.6,0.79,4,0,0,0,0.0,0,0.85,0.504,2,0.77,0.237,0.15,0.28,0.0,0.0,3017.18125,0.748,1.32,1,-2,0.0,0,15307,0.444,2.08,0,0.4,0.247,0.14,0.439,0.713,1.0,0,0.825,394.0,8288.4
96300,XAUGBPm_20260804020110_3,XAUGBPm,TREND_CONTINUATION,BUY,-1,2026.08.04 02:01:10,2026.08.04 09:35:28,454,3022.561,3010.683,-11878.0,-7983.44,1.197,0.824,SL_HIT,3016.8658,3022.6222,3014.6518,1,0.053,0.233,3016.8658,0.45,0,1.0,0.685,0,0,0,0,0.0,0,0.764,0.349,0,0.684,0.206,0.14,0.365,0.4,0.0,3016.8658,0.712,1.207,1,-2,0.0,0,15309,0.527,2.08,0,0.4,0.247,0.14,0.439,0.713,1.0,0,0.825,394.0,8288.4
96318,XAUGBPm_20260804041435_3,XAUGBPm,TREND_CONTINUATION,BUY,-1,2026.08.04 04:14:35,2026.08.04 09:35:28,320,3021.372,3010.683,-10689.0,-7184.29,1.196,1.051,SL_HIT,3021.2938,3026.1646,3018.1942,1,0.24,0.662,3021.2938,0.45,0,0.8,0.93,0,0,0,0,0.0,0,0.763,0.491,1,0.683,0.279,0.133,0.012,0.0,0.0,3018.1942,0.6,0.918,1,-2,0.0,0,15311,0.525,2.08,0,0.4,0.247,0.14,0.439,0.713,1.0,0,0.825,394.0,8288.4
96402,XAUGBPm_20260804101441_2,XAUGBPm,PULLBACK,BUY,0,2026.08.04 10:14:41,2026.08.04 10:14:56,0,3012.41,3011.634,-776.0,-521.64,0.083,0.0,SL_HIT,3025.02297,3029.64245,3019.37695,0,0.008,0.244,3025.02297,0.5,0,1.0,0.7347,0,0,0,0,0.0,0,0.803,0.442,1,0.723,0.22,0.14,0.404,0.4,0.0,3025.02297,0.743,1.266,1,-2,1.0,0,15317,0.477,1.06,0,0.4,0.22,0.14,0.404,0.723,1.0,0,0.7347,394.0,8165.7
96405,XAUGBPm_20260804101446_3,XAUGBPm,TREND_CONTINUATION,BUY,0,2026.08.04 10:14:46,2026.08.04 10:15:49,1,3012.356,3011.815,-541.0,-363.63,0.088,0.0,SL_HIT,3025.02297,3029.64245,3019.37695,0,0.008,0.244,3025.02297,0.5,0,1.0,0.7347,0,0,0,0,0.0,0,0.803,0.442,1,0.723,0.22,0.14,0.404,0.4,0.0,3025.02297,0.743,1.266,1,-2,1.0,0,15317,0.56,1.33,0,0.4,0.22,0.14,0.404,0.723,1.0,0,0.7347,394.0,8165.7
96403,XAUGBPm_20260804101441_2,XAUGBPm,PULLBACK,BUY,1,2026.08.04 10:14:41,2026.08.04 10:16:15,1,3012.41,3011.36,-1050.0,-705.71,0.11,0.0,SL_HIT,3025.02297,3029.64245,3019.37695,0,0.008,0.244,3025.02297,0.5,0,1.0,0.7347,0,0,0,0,0.0,0,0.803,0.442,1,0.723,0.22,0.14,0.404,0.4,0.0,3025.02297,0.743,1.266,1,-2,1.0,0,15317,0.477,1.06,0,0.4,0.22,0.14,0.404,0.723,1.0,0,0.7347,394.0,8165.7
96406,XAUGBPm_20260804101446_3,XAUGBPm,TREND_CONTINUATION,BUY,1,2026.08.04 10:14:46,2026.08.04 10:16:15,1,3012.356,3011.36,-996.0,-669.42,0.103,0.0,SL_HIT,3025.02297,3029.64245,3019.37695,0,0.008,0.244,3025.02297,0.5,0,1.0,0.7347,0,0,0,0,0.0,0,0.803,0.442,1,0.723,0.22,0.14,0.404,0.4,0.0,3025.02297,0.743,1.266,1,-2,1.0,0,15317,0.56,1.33,0,0.4,0.22,0.14,0.404,0.723,1.0,0,0.7347,394.0,8165.7
96412,XAUGBPm_20260804104637_4,XAUGBPm,SWEEP_REVERSAL,BUY,0,2026.08.04 10:46:37,2026.08.04 10:46:45,0,3017.295,3016.724,-571.0,-383.88,0.057,0.0,SL_HIT,3025.02297,3029.64245,3019.37695,0,0.008,0.244,3025.02297,0.5,0,1.0,0.7347,0,0,0,0,0.0,0,0.803,0.445,1,0.723,0.22,0.14,0.423,0.4,0.0,3012.70437,0.55,1.294,1,-2,1.0,0,15317,0.266,1.62,0,0.4,0.22,0.14,0.423,0.723,1.0,0,0.7347,394.0,8165.7
96413,XAUGBPm_20260804104637_4,XAUGBPm,SWEEP_REVERSAL,BUY,1,2026.08.04 10:46:37,2026.08.04 10:47:05,0,3017.295,3017.366,71.0,131.1,0.07,0.106,TRAIL_STOP,3025.02297,3029.64245,3019.37695,0,0.008,0.244,3025.02297,0.5,0,1.0,0.7347,0,0,0,0,0.0,0,0.803,0.445,1,0.723,0.22,0.14,0.423,0.4,0.0,3012.70437,0.55,1.294,1,-2,1.0,0,15317,0.266,1.62,0,0.4,0.22,0.14,0.416,0.723,1.0,0,0.7347,394.0,8165.7
96392,XAUGBPm_20260804091424_5,XAUGBPm,MEAN_REVERSION,BUY,-1,2026.08.04 09:14:24,2026.08.04 11:44:55,150,3013.931,3025.056,11125.0,7483.4,0.478,1.331,TP_HIT,3024.58427,3027.8056,3022.79465,0,0.968,0.018,3024.58427,0.35,0,1.0,0.825,0,0,0,0,0.0,0,0.793,0.431,1,0.713,0.247,0.14,0.439,0.4,0.0,3024.58427,0.744,1.319,1,-2,1.0,0,15316,0.64,1.67,0,0.0,0.205,0.12,0.051,0.556,0.672,0,-0.6829,394.0,8224.4
96401,XAUGBPm_20260804101441_2,XAUGBPm,PULLBACK,BUY,-1,2026.08.04 10:14:41,2026.08.04 11:44:55,90,3012.41,3025.461,13051.0,8778.95,0.299,1.585,TP_HIT,3025.02297,3029.64245,3019.37695,0,0.008,0.244,3025.02297,0.5,0,1.0,0.7347,0,0,0,0,0.0,0,0.803,0.442,1,0.723,0.22,0.14,0.404,0.4,0.0,3025.02297,0.743,1.266,1,-2,1.0,0,15317,0.477,1.06,0,0.0,0.205,0.12,0.051,0.556,0.672,0,-0.6829,394.0,8224.4
96404,XAUGBPm_20260804101446_3,XAUGBPm,TREND_CONTINUATION,BUY,-1,2026.08.04 10:14:46,2026.08.04 11:44:55,90,3012.356,3025.461,13105.0,8815.27,0.292,1.591,TP_HIT,3025.02297,3029.64245,3019.37695,0,0.008,0.244,3025.02297,0.5,0,1.0,0.7347,0,0,0,0,0.0,0,0.803,0.442,1,0.723,0.22,0.14,0.404,0.4,0.0,3025.02297,0.743,1.266,1,-2,1.0,0,15317,0.56,1.33,0,0.0,0.205,0.12,0.051,0.556,0.672,0,-0.6829,394.0,8224.4
96411,XAUGBPm_20260804104637_4,XAUGBPm,SWEEP_REVERSAL,BUY,-1,2026.08.04 10:46:37,2026.08.04 11:44:55,58,3017.295,3025.461,8166.0,5492.98,0.32,0.986,TP_HIT,3025.02297,3029.64245,3019.37695,0,0.008,0.244,3025.02297,0.5,0,1.0,0.7347,0,0,0,0,0.0,0,0.803,0.445,1,0.723,0.22,0.14,0.423,0.4,0.0,3012.70437,0.55,1.294,1,-2,1.0,0,15317,0.266,1.62,0,0.0,0.205,0.12,0.051,0.556,0.672,0,-0.6829,394.0,8224.4
96238,XAUGBPm_20260803200004_0,XAUGBPm,BREAKOUT,BUY,-1,2026.08.03 20:00:04,2026.08.04 13:41:16,1061,3016.917,3042.007,25090.0,16603.41,0.693,2.492,TP_HIT,3006.53425,3010.2175,3002.851,0,0.95,0.133,3006.53425,0.45,0,0.44,0.5282,0,0,0,0,0.0,0,0.833,0.479,1,0.833,0.158,0.053,0.318,0.15,0.0,3006.53425,0.739,1.287,1,-2,0.0,0,15304,0.352,2.41,6,0.55,0.135,0.493,0.706,0.538,0.63,0,-0.4499,396.0,10297.5
96235,XAUGBPm_20260803200001_3,XAUGBPm,TREND_CONTINUATION,BUY,-1,2026.08.03 20:00:01,2026.08.04 13:48:42,1068,3017.263,3042.405,25142.0,16639.51,0.728,2.497,TP_HIT,3006.53425,3010.2175,3002.851,0,0.95,0.133,3006.53425,0.45,0,0.44,0.5282,0,0,0,0,0.0,2,1.0,0.563,2,0.809,0.858,0.053,0.264,0.15,0.343,3006.53425,0.739,1.656,1,-2,0.0,0,15304,0.623,2.08,6,0.55,0.135,0.493,0.706,0.538,0.63,0,-0.4499,396.0,10297.5
96254,XAUGBPm_20260803220109_3,XAUGBPm,TREND_CONTINUATION,BUY,-1,2026.08.03 22:01:09,2026.08.04 13:49:42,948,3018.253,3043.249,24996.0,16622.48,0.832,2.499,TP_HIT,3007.0495,3016.846,3002.851,0,0.061,0.314,3007.0495,0.75,0,0.75,0.545,0,0,0,0,0.0,2,1.0,0.596,2,0.643,0.863,0.088,0.206,0.25,0.6658,3007.0495,0.743,1.509,1,-2,0.0,0,15305,0.744,2.08,6,0.55,0.135,0.493,0.706,0.538,0.63,0,-0.4499,396.0,10297.5
96424,XAUGBPm_20260804160000_0,XAUGBPm,BREAKOUT,BUY,0,2026.08.04 16:00:00,2026.08.04 16:00:12,0,3038.204,3038.042,-162.0,-108.98,0.038,0.027,SL_HIT,3036.04122,3040.23895,3029.4448,1,0.061,0.368,3036.04122,0.45,0,0.5,0.545,0,0,0,0,0.0,0,0.835,0.406,1,0.755,0.164,0.208,0.104,0.25,0.0,3029.4448,0.6,0.906,1,2,1.0,0,15323,0.252,1.67,0,0.25,0.164,0.208,0.163,0.755,0.5,1,0.545,395.0,11199.9
96427,XAUGBPm_20260804160001_1,XAUGBPm,BREAKOUT_RETEST,BUY,0,2026.08.04 16:00:01,2026.08.04 16:00:12,0,3038.308,3038.042,-266.0,-178.95,0.047,0.017,SL_HIT,3036.04122,3040.23895,3029.4448,1,0.061,0.368,3036.04122,0.45,0,0.5,0.545,0,0,0,0,0.0,0,0.835,0.417,1,0.755,0.164,0.208,0.163,0.25,0.0,3029.4448,0.6,0.994,1,2,1.0,0,15323,0.374,2.3,0,0.25,0.164,0.208,0.163,0.755,0.5,1,0.545,395.0,11199.9
96430,XAUGBPm_20260804160002_3,XAUGBPm,TREND_CONTINUATION,BUY,0,2026.08.04 16:00:02,2026.08.04 16:00:12,0,3038.175,3038.042,-133.0,-89.47,0.024,0.029,SL_HIT,3036.04122,3040.23895,3029.4448,1,0.061,0.368,3036.04122,0.45,0,0.5,0.545,0,0,0,0,0.0,0,0.835,0.406,1,0.755,0.164,0.208,0.104,0.25,0.0,3029.4448,0.6,0.906,1,2,1.0,0,15323,0.354,2.08,0,0.25,0.164,0.208,0.163,0.755,0.5,1,0.545,395.0,11199.9
96425,XAUGBPm_20260804160000_0,XAUGBPm,BREAKOUT,BUY,1,2026.08.04 16:00:01,2026.08.04 16:00:34,0,3038.204,3037.416,-788.0,-530.09,0.061,0.027,SL_HIT,3036.04122,3040.23895,3029.4448,1,0.061,0.368,3036.04122,0.45,0,0.5,0.545,0,0,0,0,0.0,0,0.835,0.406,1,0.755,0.164,0.208,0.104,0.25,0.0,3029.4448,0.6,0.906,1,2,1.0,0,15323,0.252,1.67,0,0.25,0.164,0.208,0.104,0.755,0.5,1,0.545,395.0,11199.9
96428,XAUGBPm_20260804160001_1,XAUGBPm,BREAKOUT_RETEST,BUY,1,2026.08.04 16:00:01,2026.08.04 16:00:34,0,3038.308,3037.416,-892.0,-600.05,0.07,0.017,SL_HIT,3036.04122,3040.23895,3029.4448,1,0.061,0.368,3036.04122,0.45,0,0.5,0.545,0,0,0,0,0.0,0,0.835,0.417,1,0.755,0.164,0.208,0.163,0.25,0.0,3029.4448,0.6,0.994,1,2,1.0,0,15323,0.374,2.3,0,0.25,0.164,0.208,0.104,0.755,0.5,1,0.545,395.0,11199.9
96431,XAUGBPm_20260804160002_3,XAUGBPm,TREND_CONTINUATION,BUY,1,2026.08.04 16:00:02,2026.08.04 16:00:34,0,3038.175,3037.416,-759.0,-510.58,0.058,0.029,SL_HIT,3036.04122,3040.23895,3029.4448,1,0.061,0.368,3036.04122,0.45,0,0.5,0.545,0,0,0,0,0.0,0,0.835,0.406,1,0.755,0.164,0.208,0.104,0.25,0.0,3029.4448,0.6,0.906,1,2,1.0,0,15323,0.354,2.08,0,0.25,0.164,0.208,0.104,0.755,0.5,1,0.545,395.0,11199.9
96439,XAUGBPm_20260804162657_2,XAUGBPm,PULLBACK,BUY,0,2026.08.04 16:26:58,2026.08.04 16:27:22,0,3039.575,3039.281,-294.0,-197.75,0.046,0.013,SL_HIT,3036.04122,3040.23895,3029.4448,1,0.061,0.368,3036.04122,0.45,0,0.5,0.545,0,0,0,0,0.0,0,0.835,0.432,1,0.755,0.164,0.208,0.253,0.25,0.0,3035.44155,0.55,1.13,1,2,1.0,0,15323,0.457,2.0,0,0.25,0.164,0.208,0.253,0.755,0.5,1,0.545,395.0,11199.9
96440,XAUGBPm_20260804162657_2,XAUGBPm,PULLBACK,BUY,1,2026.08.04 16:26:58,2026.08.04 16:29:50,2,3039.575,3039.069,-506.0,-340.35,0.046,0.053,SL_HIT,3036.04122,3040.23895,3029.4448,1,0.061,0.368,3036.04122,0.45,0,0.5,0.545,0,0,0,0,0.0,0,0.835,0.432,1,0.755,0.164,0.208,0.253,0.25,0.0,3035.44155,0.55,1.13,1,2,1.0,0,15323,0.457,2.0,0,0.25,0.164,0.208,0.253,0.755,0.5,1,0.545,395.0,11199.9
96265,XAUGBPm_20260804000028_0,XAUGBPm,BREAKOUT,BUY,-1,2026.08.04 00:00:28,2026.08.04 17:00:36,1020,3020.932,3044.713,23781.0,15988.8,1.154,2.492,TP_HIT,3017.18125,3019.2018,3015.738,0,0.066,0.431,3017.18125,0.3,0,0.6,0.79,4,0,0,0,0.0,0,0.85,0.499,1,0.77,0.237,0.15,0.253,0.0,0.0,3017.18125,0.748,1.279,1,-2,0.0,0,15307,0.475,1.67,0,0.0,0.226,0.12,0.258,0.648,0.825,0,0.755,396.0,11385.5
96426,XAUGBPm_20260804160001_1,XAUGBPm,BREAKOUT_RETEST,BUY,-1,2026.08.04 16:00:01,2026.08.04 17:00:37,60,3038.308,3046.168,7860.0,5284.67,0.298,0.687,TP_HIT,3036.04122,3040.23895,3029.4448,1,0.061,0.368,3036.04122,0.45,0,0.5,0.545,0,0,0,0,0.0,0,0.835,0.417,1,0.755,0.164,0.208,0.163,0.25,0.0,3029.4448,0.6,0.994,1,2,1.0,0,15323,0.374,2.3,0,0.0,0.226,0.12,0.258,0.648,0.825,0,0.755,411.0,11385.5
96242,XAUGBPm_20260803200005_2,XAUGBPm,PULLBACK,BUY,-1,2026.08.03 20:00:05,2026.08.04 17:01:15,1261,3016.798,3046.891,30093.0,19966.07,0.681,2.993,TP_HIT,3006.53425,3010.2175,3002.851,0,0.95,0.133,3006.53425,0.45,0,0.44,0.5282,0,0,0,0,0.0,0,0.833,0.479,1,0.833,0.158,0.053,0.318,0.15,0.0,3006.53425,0.739,1.287,1,-2,0.0,0,15304,0.299,2.99,0,0.0,0.226,0.12,0.258,0.648,0.825,0,0.755,396.0,11385.5
96315,XAUGBPm_20260804041434_2,XAUGBPm,PULLBACK,BUY,-1,2026.08.04 04:14:34,2026.08.04 17:03:14,768,3021.247,3047.793,26546.0,18007.55,1.275,2.987,TP_HIT,3021.2938,3026.1646,3018.1942,1,0.24,0.662,3021.2938,0.45,0,0.8,0.93,0,0,0,0,0.0,0,0.763,0.491,1,0.683,0.279,0.133,0.012,0.0,0.0,3018.1942,0.6,0.918,1,-2,0.0,0,15311,0.597,1.99,0,0.0,0.226,0.12,0.258,0.648,0.825,0,0.755,396.0,11385.5
96250,XAUGBPm_20260803220059_2,XAUGBPm,PULLBACK,BUY,-1,2026.08.03 22:00:59,2026.08.04 17:03:53,1142,3018.831,3048.975,30144.0,19998.7,0.884,2.993,TP_HIT,3006.53425,3010.2175,3002.851,0,0.95,0.133,3006.53425,0.45,0,0.44,0.5282,0,0,0,0,0.0,0,0.833,0.479,1,0.833,0.158,0.053,0.321,0.15,0.0,3006.53425,0.739,1.291,1,-2,0.0,0,15304,0.299,2.49,0,0.0,0.226,0.12,0.258,0.648,0.825,0,0.755,396.0,11385.5
96449,XAUGBPm_20260804180000_0,XAUGBPm,BREAKOUT,BUY,0,2026.08.04 18:00:00,2026.08.04 18:00:32,0,3039.625,3038.663,-962.0,-646.69,0.072,0.0,SL_HIT,3037.3453,3040.3408,3031.9534,1,0.057,0.444,3036.1471,0.35,0,0.6,0.79,0,0,0,1,0.0,0,0.763,0.417,1,0.683,0.237,0.225,0.274,0.3,0.0397,3031.9534,0.6,1.131,1,2,1.0,0,15325,0.284,1.67,0,0.0,0.237,0.12,0.062,0.712,0.6,1,0.79,396.0,11947.6
96452,XAUGBPm_20260804180001_1,XAUGBPm,BREAKOUT_RETEST,BUY,0,2026.08.04 18:00:02,2026.08.04 18:00:32,0,3039.501,3038.663,-838.0,-563.33,0.061,0.0,SL_HIT,3037.3453,3040.3408,3031.9534,1,0.057,0.444,3036.1471,0.35,0,0.6,0.79,0,0,0,1,0.0,0,0.792,0.453,1,0.712,0.237,0.12,0.062,0.0,0.0,3031.9534,0.6,0.993,1,2,1.0,0,15325,0.447,1.51,0,0.0,0.237,0.12,0.062,0.712,0.6,1,0.79,396.0,11947.6
96455,XAUGBPm_20260804180006_3,XAUGBPm,TREND_CONTINUATION,BUY,0,2026.08.04 18:00:06,2026.08.04 18:00:32,0,3039.411,3038.663,-748.0,-502.83,0.055,0.0,SL_HIT,3037.3453,3040.3408,3031.9534,1,0.057,0.444,3036.1471,0.35,0,0.6,0.79,0,0,0,1,0.0,0,0.792,0.453,1,0.712,0.237,0.12,0.062,0.0,0.0,3031.9534,0.6,0.993,1,2,1.0,0,15325,0.429,2.08,0,0.0,0.237,0.12,0.062,0.712,0.6,1,0.79,396.0,11947.6
96450,XAUGBPm_20260804180000_0,XAUGBPm,BREAKOUT,BUY,1,2026.08.04 18:00:00,2026.08.04 18:02:17,2,3039.625,3039.46,-165.0,-110.9,0.107,0.079,SL_HIT,3037.3453,3040.3408,3031.9534,1,0.057,0.444,3036.1471,0.35,0,0.6,0.79,0,0,0,1,0.0,0,0.763,0.417,1,0.683,0.237,0.225,0.274,0.3,0.0397,3031.9534,0.6,1.131,1,2,1.0,0,15325,0.284,1.67,0,0.0,0.237,0.12,0.154,0.712,0.6,1,0.79,396.0,11947.6
96453,XAUGBPm_20260804180001_1,XAUGBPm,BREAKOUT_RETEST,BUY,1,2026.08.04 18:00:02,2026.08.04 18:02:17,2,3039.501,3039.46,-41.0,-27.56,0.097,0.09,SL_HIT,3037.3453,3040.3408,3031.9534,1,0.057,0.444,3036.1471,0.35,0,0.6,0.79,0,0,0,1,0.0,0,0.792,0.453,1,0.712,0.237,0.12,0.062,0.0,0.0,3031.9534,0.6,0.993,1,2,1.0,0,15325,0.447,1.51,0,0.0,0.237,0.12,0.154,0.712,0.6,1,0.79,396.0,11947.6
96456,XAUGBPm_20260804180006_3,XAUGBPm,TREND_CONTINUATION,BUY,1,2026.08.04 18:00:07,2026.08.04 18:02:17,2,3039.411,3039.46,49.0,32.93,0.09,0.097,TRAIL_STOP,3037.3453,3040.3408,3031.9534,1,0.057,0.444,3036.1471,0.35,0,0.6,0.79,0,0,0,1,0.0,0,0.792,0.453,1,0.712,0.237,0.12,0.062,0.0,0.0,3031.9534,0.6,0.993,1,2,1.0,0,15325,0.429,2.08,0,0.0,0.237,0.12,0.154,0.712,0.6,1,0.79,396.0,11947.6
96464,XAUGBPm_20260804182658_2,XAUGBPm,PULLBACK,BUY,0,2026.08.04 18:27:00,2026.08.04 18:27:14,0,3040.661,3039.89,-771.0,-518.21,0.055,0.0,SL_HIT,3037.3453,3040.3408,3031.9534,1,0.057,0.444,3036.1471,0.35,0,0.6,0.79,0,0,0,1,0.0,0,0.792,0.47,1,0.712,0.237,0.12,0.154,0.0,0.0,3036.1471,0.737,1.131,1,2,1.0,0,15325,0.518,2.0,0,0.0,0.237,0.12,0.154,0.712,0.6,1,0.79,396.0,11947.6
96465,XAUGBPm_20260804182658_2,XAUGBPm,PULLBACK,BUY,1,2026.08.04 18:27:00,2026.08.04 18:27:24,0,3040.661,3039.307,-1354.0,-910.06,0.11,0.0,SL_HIT,3037.3453,3040.3408,3031.9534,1,0.057,0.444,3036.1471,0.35,0,0.6,0.79,0,0,0,1,0.0,0,0.792,0.47,1,0.712,0.237,0.12,0.154,0.0,0.0,3036.1471,0.737,1.131,1,2,1.0,0,15325,0.518,2.0,0,0.0,0.237,0.12,0.154,0.712,0.6,1,0.79,396.0,11947.6
96451,XAUGBPm_20260804180001_1,XAUGBPm,BREAKOUT_RETEST,BUY,-1,2026.08.04 18:00:01,2026.08.04 18:37:58,37,3039.501,3035.813,-3688.0,-2478.69,0.296,0.186,SL_HIT,3037.3453,3040.3408,3031.9534,1,0.057,0.444,3036.1471,0.35,0,0.6,0.79,0,0,0,1,0.0,0,0.792,0.453,1,0.712,0.237,0.12,0.062,0.0,0.0,3031.9534,0.6,0.993,1,2,1.0,0,15325,0.447,1.51,0,0.0,0.237,0.12,0.036,0.712,0.6,1,0.79,395.0,11947.6
96470,XAUGBPm_20260804200006_1,XAUGBPm,BREAKOUT_RETEST,BUY,0,2026.08.04 20:00:06,2026.08.04 20:00:48,0,3032.948,3032.134,-814.0,-547.48,0.059,0.0,SL_HIT,3033.52812,3044.3814,3031.81445,1,0.104,0.089,3033.52812,0.55,0,0.7,0.685,2,0,0,1,0.0,0,0.673,0.397,1,0.593,0.206,0.26,0.28,0.4,0.0,3044.3814,0.6,1.08,1,1,1.0,0,15327,0.461,3.33,0,0.4,0.206,0.26,0.28,0.593,0.7,1,0.685,395.0,11840.7
96474,XAUGBPm_20260804200148_5,XAUGBPm,MEAN_REVERSION,BUY,0,2026.08.04 20:01:48,2026.08.04 20:03:05,1,3032.439,3032.218,-221.0,-148.64,0.038,0.019,SL_HIT,3033.52812,3044.3814,3031.81445,1,0.104,0.089,3033.52812,0.55,0,0.7,0.685,2,0,0,1,0.0,0,0.673,0.397,1,0.593,0.206,0.26,0.28,0.4,0.0,3044.3814,0.6,1.08,1,1,1.0,0,15327,0.594,1.3,0,0.4,0.206,0.26,0.28,0.593,0.7,1,0.685,395.0,11840.7
96471,XAUGBPm_20260804200006_1,XAUGBPm,BREAKOUT_RETEST,BUY,1,2026.08.04 20:00:06,2026.08.04 20:11:11,11,3032.948,3032.021,-927.0,-521.96,0.092,0.014,SL_HIT,3033.52812,3044.3814,3031.81445,1,0.104,0.089,3033.52812,0.55,0,0.7,0.685,2,0,0,1,0.0,0,0.673,0.397,1,0.593,0.206,0.26,0.28,0.4,0.0,3044.3814,0.6,1.08,1,1,1.0,0,15327,0.461,3.33,0,0.4,0.206,0.26,0.28,0.593,0.7,1,0.685,395.0,11840.7
96475,XAUGBPm_20260804200148_5,XAUGBPm,MEAN_REVERSION,BUY,1,2026.08.04 20:01:48,2026.08.04 20:11:11,9,3032.439,3032.021,-418.0,-281.16,0.049,0.057,SL_HIT,3033.52812,3044.3814,3031.81445,1,0.104,0.089,3033.52812,0.55,0,0.7,0.685,2,0,0,1,0.0,0,0.673,0.397,1,0.593,0.206,0.26,0.28,0.4,0.0,3044.3814,0.6,1.08,1,1,1.0,0,15327,0.594,1.3,0,0.4,0.206,0.26,0.28,0.593,0.7,1,0.685,395.0,11840.7
96480,XAUGBPm_20260804201119_4,XAUGBPm,SWEEP_REVERSAL,BUY,0,2026.08.04 20:11:19,2026.08.04 20:13:29,2,3032.199,3032.293,94.0,63.22,0.049,0.05,TRAIL_STOP,3033.52812,3044.3814,3031.81445,0,0.104,0.089,3033.52812,0.55,0,0.7,0.685,2,0,0,1,0.0,0,0.673,0.419,1,0.593,0.206,0.26,0.404,0.4,0.0,3044.3814,0.6,1.266,1,1,1.0,0,15327,0.29,1.06,0,0.4,0.206,0.26,0.28,0.593,0.7,1,0.685,395.0,11840.7
96481,XAUGBPm_20260804201119_4,XAUGBPm,SWEEP_REVERSAL,BUY,1,2026.08.04 20:11:19,2026.08.04 20:15:01,3,3032.199,3031.636,-563.0,-378.66,0.049,0.05,SL_HIT,3033.52812,3044.3814,3031.81445,0,0.104,0.089,3033.52812,0.55,0,0.7,0.685,2,0,0,1,0.0,0,0.673,0.419,1,0.593,0.206,0.26,0.404,0.4,0.0,3044.3814,0.6,1.266,1,1,1.0,0,15327,0.29,1.06,0,0.4,0.206,0.26,0.404,0.593,0.7,0,0.685,395.0,11840.7
96485,XAUGBPm_20260804201855_3,XAUGBPm,TREND_CONTINUATION,BUY,0,2026.08.04 20:18:55,2026.08.04 20:19:04,0,3030.476,3029.498,-978.0,-657.84,0.077,0.0,SL_HIT,3033.52812,3044.3814,3031.81445,0,0.104,0.089,3033.52812,0.55,0,0.7,0.685,2,0,0,1,0.0,0,0.673,0.419,1,0.593,0.206,0.26,0.404,0.4,0.0,3044.3814,0.6,1.266,1,1,1.0,0,15327,0.443,1.01,0,0.4,0.206,0.26,0.404,0.593,0.7,0,0.685,395.0,11840.7
96469,XAUGBPm_20260804200006_1,XAUGBPm,BREAKOUT_RETEST,BUY,-1,2026.08.04 20:00:06,2026.08.04 20:19:05,18,3032.948,3029.368,-3580.0,-2408.09,0.291,0.014,SL_HIT,3033.52812,3044.3814,3031.81445,1,0.104,0.089,3033.52812,0.55,0,0.7,0.685,2,0,0,1,0.0,0,0.673,0.397,1,0.593,0.206,0.26,0.28,0.4,0.0,3044.3814,0.6,1.08,1,1,1.0,0,15327,0.461,3.33,0,0.4,0.206,0.26,0.404,0.593,0.7,0,0.685,395.0,11840.7
96486,XAUGBPm_20260804201855_3,XAUGBPm,TREND_CONTINUATION,BUY,1,2026.08.04 20:18:56,2026.08.04 20:21:10,2,3030.476,3028.667,-1809.0,-1216.91,0.143,0.0,SL_HIT,3033.52812,3044.3814,3031.81445,0,0.104,0.089,3033.52812,0.55,0,0.7,0.685,2,0,0,1,0.0,0,0.673,0.419,1,0.593,0.206,0.26,0.404,0.4,0.0,3044.3814,0.6,1.266,1,1,1.0,0,15327,0.443,1.01,0,0.4,0.206,0.26,0.404,0.593,0.7,0,0.685,395.0,11840.7
96491,XAUGBPm_20260804220104_1,XAUGBPm,BREAKOUT_RETEST,BUY,0,2026.08.04 22:01:04,2026.08.04 22:01:41,0,3032.53,3031.558,-972.0,-653.75,0.07,0.0,SL_HIT,3032.929,3044.785,3028.561,1,0.033,0.509,3032.929,0.65,0,1.0,0.72,2,0,0,1,0.0,2,1.0,0.557,2,0.592,0.916,0.208,0.191,0.25,0.3178,3028.561,0.6,1.487,1,1,1.0,0,15328,0.842,6.04,0,0.25,0.216,0.208,0.191,0.623,1.0,1,0.72,469.0,11507.6
96495,XAUGBPm_20260804220151_5,XAUGBPm,MEAN_REVERSION,BUY,0,2026.08.04 22:01:51,2026.08.04 22:02:05,0,3032.231,3031.286,-945.0,-635.59,0.07,0.0,SL_HIT,3032.929,3044.785,3028.561,1,0.033,0.509,3032.929,0.65,0,1.0,0.72,2,0,0,1,0.0,0,0.703,0.431,1,0.623,0.216,0.208,0.191,0.25,0.0,3044.785,0.6,1.037,1,1,1.0,0,15328,0.614,3.13,0,0.25,0.216,0.208,0.191,0.623,1.0,1,0.72,469.0,11507.6
96499,XAUGBPm_20260804220459_2,XAUGBPm,PULLBACK,BUY,0,2026.08.04 22:04:59,2026.08.04 22:06:11,1,3032.712,3031.795,-917.0,-616.66,0.066,0.0,SL_HIT,3032.929,3044.785,3028.561,1,0.033,0.509,3032.929,0.65,0,1.0,0.72,2,0,0,1,0.0,0,0.703,0.431,1,0.623,0.216,0.208,0.191,0.25,0.0,3028.561,0.6,1.037,1,1,1.0,0,15328,0.622,2.0,0,0.25,0.216,0.208,0.191,0.623,1.0,1,0.72,469.0,11507.6
96492,XAUGBPm_20260804220104_1,XAUGBPm,BREAKOUT_RETEST,BUY,1,2026.08.04 22:01:04,2026.08.04 22:06:35,5,3032.53,3031.322,-1208.0,-812.36,0.123,0.0,SL_HIT,3032.929,3044.785,3028.561,1,0.033,0.509,3032.929,0.65,0,1.0,0.72,2,0,0,1,0.0,2,1.0,0.557,2,0.592,0.916,0.208,0.191,0.25,0.3178,3028.561,0.6,1.487,1,1,1.0,0,15328,0.842,6.04,0,0.25,0.216,0.208,0.191,0.623,1.0,1,0.72,469.0,11507.6
96496,XAUGBPm_20260804220151_5,XAUGBPm,MEAN_REVERSION,BUY,1,2026.08.04 22:01:51,2026.08.04 22:06:35,4,3032.231,3031.322,-909.0,-523.19,0.097,0.012,SL_HIT,3032.929,3044.785,3028.561,1,0.033,0.509,3032.929,0.65,0,1.0,0.72,2,0,0,1,0.0,0,0.703,0.431,1,0.623,0.216,0.208,0.191,0.25,0.0,3044.785,0.6,1.037,1,1,1.0,0,15328,0.614,3.13,0,0.25,0.216,0.208,0.191,0.623,1.0,1,0.72,469.0,11507.6
96500,XAUGBPm_20260804220459_2,XAUGBPm,PULLBACK,BUY,1,2026.08.04 22:04:59,2026.08.04 22:06:35,1,3032.712,3031.322,-1390.0,-934.75,0.105,0.0,SL_HIT,3032.929,3044.785,3028.561,1,0.033,0.509,3032.929,0.65,0,1.0,0.72,2,0,0,1,0.0,0,0.703,0.431,1,0.623,0.216,0.208,0.191,0.25,0.0,3028.561,0.6,1.037,1,1,1.0,0,15328,0.622,2.0,0,0.25,0.216,0.208,0.191,0.623,1.0,1,0.72,469.0,11507.6
96506,XAUGBPm_20260804221858_3,XAUGBPm,TREND_CONTINUATION,BUY,0,2026.08.04 22:18:58,2026.08.04 22:19:28,0,3031.142,3030.515,-627.0,-421.7,0.054,0.0,SL_HIT,3032.929,3044.785,3028.561,1,0.033,0.509,3032.929,0.65,0,1.0,0.72,2,0,0,1,0.0,0,0.703,0.441,1,0.623,0.216,0.208,0.252,0.25,0.0,3044.785,0.6,1.128,1,1,1.0,0,15328,0.558,1.02,0,0.25,0.216,0.208,0.252,0.623,1.0,1,0.72,395.0,11507.6
96507,XAUGBPm_20260804221858_3,XAUGBPm,TREND_CONTINUATION,BUY,1,2026.08.04 22:18:58,2026.08.04 22:21:05,2,3031.142,3030.517,-625.0,-420.35,0.054,0.037,SL_HIT,3032.929,3044.785,3028.561,1,0.033,0.509,3032.929,0.65,0,1.0,0.72,2,0,0,1,0.0,0,0.703,0.441,1,0.623,0.216,0.208,0.252,0.25,0.0,3044.785,0.6,1.128,1,1,1.0,0,15328,0.558,1.02,0,0.25,0.216,0.208,0.252,0.623,1.0,1,0.72,557.0,11507.6
96511,XAUGBPm_20260804222752_0,XAUGBPm,BREAKOUT,BUY,0,2026.08.04 22:27:52,2026.08.04 22:28:20,0,3032.593,3032.347,-246.0,-165.45,0.035,0.02,SL_HIT,3032.929,3044.785,3028.561,1,0.033,0.509,3032.929,0.65,0,1.0,0.72,2,0,0,1,0.0,0,0.703,0.431,1,0.623,0.216,0.208,0.191,0.25,0.0,3028.561,0.6,1.037,1,1,1.0,0,15328,0.408,1.67,0,0.25,0.216,0.208,0.1,0.623,1.0,1,0.72,395.0,11507.6
96512,XAUGBPm_20260804222752_0,XAUGBPm,BREAKOUT,BUY,1,2026.08.04 22:27:52,2026.08.04 22:42:02,14,3032.593,3036.061,3468.0,2332.54,0.035,0.398,TRAIL_STOP,3032.929,3044.785,3028.561,1,0.033,0.509,3032.929,0.65,0,1.0,0.72,2,0,0,1,0.0,0,0.703,0.431,1,0.623,0.216,0.208,0.191,0.25,0.0,3028.561,0.6,1.037,1,1,1.0,0,15328,0.408,1.67,0,0.25,0.216,0.208,0.354,0.623,1.0,1,0.72,395.0,11507.6
96490,XAUGBPm_20260804220104_1,XAUGBPm,BREAKOUT_RETEST,BUY,-1,2026.08.04 22:01:04,2026.08.04 23:00:27,59,3032.53,3029.012,-3518.0,-2366.07,0.297,0.403,SL_HIT,3032.929,3044.785,3028.561,1,0.033,0.509,3032.929,0.65,0,1.0,0.72,2,0,0,1,0.0,2,1.0,0.557,2,0.592,0.916,0.208,0.191,0.25,0.3178,3028.561,0.6,1.487,1,1,1.0,0,15328,0.842,6.04,0,0.25,0.177,0.208,0.325,0.81,0.635,0,0.5901,395.0,11714.4
96494,XAUGBPm_20260804220151_5,XAUGBPm,MEAN_REVERSION,BUY,-1,2026.08.04 22:01:51,2026.08.04 23:00:29,58,3032.088,3027.727,-4361.0,-3029.17,0.361,0.442,SL_HIT,3032.929,3044.785,3028.561,1,0.033,0.509,3032.929,0.65,0,1.0,0.72,2,0,0,1,0.0,0,0.703,0.431,1,0.623,0.216,0.208,0.191,0.25,0.0,3044.785,0.6,1.037,1,1,1.0,0,15328,0.614,3.13,0,0.25,0.177,0.208,0.325,0.81,0.635,0,0.5901,395.0,11714.4
96454,XAUGBPm_20260804180006_3,XAUGBPm,TREND_CONTINUATION,BUY,-1,2026.08.04 18:00:06,2026.08.04 23:04:40,304,3039.411,3025.072,-14339.0,-9642.55,1.193,0.194,SL_HIT,3037.3453,3040.3408,3031.9534,1,0.057,0.444,3036.1471,0.35,0,0.6,0.79,0,0,0,1,0.0,0,0.792,0.453,1,0.712,0.237,0.12,0.062,0.0,0.0,3031.9534,0.6,0.993,1,2,1.0,0,15325,0.429,2.08,0,0.25,0.177,0.208,0.325,0.81,0.635,0,0.5901,394.0,11714.4
96429,XAUGBPm_20260804160002_3,XAUGBPm,TREND_CONTINUATION,BUY,-1,2026.08.04 16:00:02,2026.08.04 23:24:49,444,3038.175,3024.645,-13530.0,-9099.2,1.194,1.37,SL_HIT,3036.04122,3040.23895,3029.4448,1,0.061,0.368,3036.04122,0.45,0,0.5,0.545,0,0,0,0,0.0,0,0.835,0.406,1,0.755,0.164,0.208,0.104,0.25,0.0,3029.4448,0.6,0.906,1,2,1.0,0,15323,0.354,2.08,0,0.25,0.177,0.208,0.325,0.81,0.635,0,0.5901,394.0,11714.4
96473,XAUGBPm_20260804200148_5,XAUGBPm,MEAN_REVERSION,BUY,-1,2026.08.04 20:01:48,2026.08.04 23:26:31,204,3032.439,3022.874,-9565.0,-6432.56,0.797,0.4,SL_HIT,3033.52812,3044.3814,3031.81445,1,0.104,0.089,3033.52812,0.55,0,0.7,0.685,2,0,0,1,0.0,0,0.673,0.397,1,0.593,0.206,0.26,0.28,0.4,0.0,3044.3814,0.6,1.08,1,1,1.0,0,15327,0.594,1.3,0,0.25,0.177,0.208,0.325,0.81,0.635,0,0.5901,394.0,11714.4
96438,XAUGBPm_20260804162657_2,XAUGBPm,PULLBACK,BUY,-1,2026.08.04 16:26:57,2026.08.04 23:26:34,419,3039.575,3022.774,-16801.0,-11298.42,1.491,1.245,SL_HIT,3036.04122,3040.23895,3029.4448,1,0.061,0.368,3036.04122,0.45,0,0.5,0.545,0,0,0,0,0.0,0,0.835,0.432,1,0.755,0.164,0.208,0.253,0.25,0.0,3035.44155,0.55,1.13,1,2,1.0,0,15323,0.457,2.0,0,0.25,0.177,0.208,0.325,0.81,0.635,0,0.5901,394.0,11714.4
96463,XAUGBPm_20260804182658_2,XAUGBPm,PULLBACK,BUY,-1,2026.08.04 18:27:00,2026.08.04 23:26:34,299,3040.642,3022.675,-17967.0,-12095.32,1.496,0.0,SL_HIT,3037.3453,3040.3408,3031.9534,1,0.057,0.444,3036.1471,0.35,0,0.6,0.79,0,0,0,1,0.0,0,0.792,0.47,1,0.712,0.237,0.12,0.154,0.0,0.0,3036.1471,0.737,1.131,1,2,1.0,0,15325,0.518,2.0,0,0.25,0.177,0.208,0.325,0.81,0.635,0,0.5901,394.0,11714.4
96520,XAUGBPm_20260804232552_4,XAUGBPm,SWEEP_REVERSAL,BUY,0,2026.08.04 23:25:52,2026.08.04 23:57:47,31,3023.831,3027.999,4168.0,2802.98,0.099,0.398,TRAIL_STOP,3032.83963,3036.46,3029.8775,0,0.071,0.576,3032.83963,0.5,0,0.635,0.5901,0,0,0,0,0.0,0,0.89,0.493,1,0.81,0.177,0.208,0.325,0.25,0.0,3032.83963,0.757,1.237,1,1,1.0,0,15329,0.25,0.8,0,0.25,0.177,0.208,0.325,0.81,0.635,0,0.5901,395.0,11714.4
96527,XAUGBPm_20260805000000_6,XAUGBPm,NAKED_POC,BUY,0,2026.08.05 00:00:00,2026.08.05 00:00:06,0,3028.178,3027.634,-544.0,-332.92,0.044,0.008,SL_HIT,3031.0102,3036.4462,3028.4734,0,0.286,0.292,3031.0102,0.55,0,0.448,-0.5334,0,0,0,0,0.0,2,0.76,0.355,1,0.646,0.86,0.136,0.292,0.15,0.1233,3032.0974,0.55,0.217,1,1,0.0,0,15330,0.652,1.08,0,0.15,0.16,0.136,0.216,0.743,0.448,0,-0.5334,395.0,11275.5
96521,XAUGBPm_20260804232552_4,XAUGBPm,SWEEP_REVERSAL,BUY,1,2026.08.04 23:25:52,2026.08.05 00:00:06,34,3023.831,3027.418,3587.0,2144.02,0.099,0.396,TRAIL_STOP,3032.83963,3036.46,3029.8775,0,0.071,0.576,3032.83963,0.5,0,0.635,0.5901,0,0,0,0,0.0,0,0.89,0.493,1,0.81,0.177,0.208,0.325,0.25,0.0,3032.83963,0.757,1.237,1,1,1.0,0,15329,0.25,0.8,0,0.15,0.16,0.136,0.216,0.743,0.448,0,-0.5334,395.0,11275.5
96528,XAUGBPm_20260805000000_6,XAUGBPm,NAKED_POC,BUY,1,2026.08.05 00:00:00,2026.08.05 00:00:06,0,3028.129,3027.063,-1066.0,-716.96,0.084,0.002,SL_HIT,3031.0102,3036.4462,3028.4734,0,0.286,0.292,3031.0102,0.55,0,0.448,-0.5334,0,0,0,0,0.0,2,0.76,0.355,1,0.646,0.86,0.136,0.292,0.15,0.1233,3032.0974,0.55,0.217,1,1,0.0,0,15330,0.652,1.08,0,0.15,0.16,0.136,0.216,0.743,0.448,0,-0.5334,394.0,11275.5
96533,XAUGBPm_20260805001837_5,XAUGBPm,MEAN_REVERSION,BUY,0,2026.08.05 00:18:37,2026.08.05 00:18:47,0,3029.179,3028.861,-318.0,-213.91,0.023,0.012,SL_HIT,3031.0102,3036.4462,3028.4734,1,0.286,0.292,3031.0102,0.55,0,0.448,-0.5334,0,0,0,0,0.0,0,0.823,0.415,1,0.743,0.16,0.136,0.248,0.15,0.0,3036.4462,0.6,0.591,1,1,0.0,0,15330,0.674,0.85,0,0.15,0.16,0.136,0.248,0.743,0.448,1,-0.5334,395.0,11275.5
96534,XAUGBPm_20260805001837_5,XAUGBPm,MEAN_REVERSION,BUY,1,2026.08.05 00:18:37,2026.08.05 00:20:57,2,3029.179,3028.6,-579.0,-389.46,0.067,0.04,SL_HIT,3031.0102,3036.4462,3028.4734,1,0.286,0.292,3031.0102,0.55,0,0.448,-0.5334,0,0,0,0,0.0,0,0.823,0.415,1,0.743,0.16,0.136,0.248,0.15,0.0,3036.4462,0.6,0.591,1,1,0.0,0,15330,0.674,0.85,0,0.15,0.16,0.136,0.248,0.743,0.448,1,-0.5334,395.0,11275.5
96519,XAUGBPm_20260804232552_4,XAUGBPm,SWEEP_REVERSAL,BUY,-1,2026.08.04 23:25:52,2026.08.05 00:35:12,69,3023.831,3033.345,9514.0,6131.4,0.099,0.802,TP_HIT,3032.83963,3036.46,3029.8775,0,0.071,0.576,3032.83963,0.5,0,0.635,0.5901,0,0,0,0,0.0,0,0.89,0.493,1,0.81,0.177,0.208,0.325,0.25,0.0,3032.83963,0.757,1.237,1,1,1.0,0,15329,0.25,0.8,0,0.15,0.16,0.136,0.12,0.743,0.448,1,-0.5334,395.0,11275.5
96532,XAUGBPm_20260805001837_5,XAUGBPm,MEAN_REVERSION,BUY,-1,2026.08.05 00:18:37,2026.08.05 01:00:13,41,3029.179,3036.86,7681.0,5165.51,0.077,0.679,TP_HIT,3031.0102,3036.4462,3028.4734,1,0.286,0.292,3031.0102,0.55,0,0.448,-0.5334,0,0,0,0,0.0,0,0.823,0.415,1,0.743,0.16,0.136,0.248,0.15,0.0,3036.4462,0.6,0.591,1,1,0.0,0,15330,0.674,0.85,0,0.4,0.164,0.292,0.449,0.763,0.5,0,-0.545,395.0,11466.1
96479,XAUGBPm_20260804201119_4,XAUGBPm,SWEEP_REVERSAL,BUY,-1,2026.08.04 20:11:19,2026.08.05 01:45:35,334,3032.199,3044.801,12602.0,8203.72,0.804,1.051,TP_HIT,3033.52812,3044.3814,3031.81445,0,0.104,0.089,3033.52812,0.55,0,0.7,0.685,2,0,0,1,0.0,0,0.673,0.419,1,0.593,0.206,0.26,0.404,0.4,0.0,3044.3814,0.6,1.266,1,1,1.0,0,15327,0.29,1.06,0,0.4,0.164,0.292,0.449,0.763,0.5,0,-0.545,396.0,11466.1
96484,XAUGBPm_20260804201855_3,XAUGBPm,TREND_CONTINUATION,BUY,-1,2026.08.04 20:18:55,2026.08.05 01:45:35,326,3030.476,3044.801,14325.0,9362.06,0.659,1.197,TP_HIT,3033.52812,3044.3814,3031.81445,0,0.104,0.089,3033.52812,0.55,0,0.7,0.685,2,0,0,1,0.0,0,0.673,0.419,1,0.593,0.206,0.26,0.404,0.4,0.0,3044.3814,0.6,1.266,1,1,1.0,0,15327,0.443,1.01,0,0.4,0.164,0.292,0.449,0.763,0.5,0,-0.545,396.0,11466.1
96505,XAUGBPm_20260804221858_3,XAUGBPm,TREND_CONTINUATION,BUY,-1,2026.08.04 22:18:58,2026.08.05 01:47:48,208,3031.142,3045.193,14051.0,9177.29,0.736,1.212,TP_HIT,3032.929,3044.785,3028.561,1,0.033,0.509,3032.929,0.65,0,1.0,0.72,2,0,0,1,0.0,0,0.703,0.441,1,0.623,0.216,0.208,0.252,0.25,0.0,3044.785,0.6,1.128,1,1,1.0,0,15328,0.558,1.02,0,0.4,0.164,0.292,0.449,0.763,0.5,0,-0.545,396.0,11466.1
96526,XAUGBPm_20260805000000_6,XAUGBPm,NAKED_POC,BUY,-1,2026.08.05 00:00:00,2026.08.05 01:47:48,107,3028.178,3045.193,17015.0,11438.16,0.193,1.5,TP_HIT,3031.0102,3036.4462,3028.4734,0,0.286,0.292,3031.0102,0.55,0,0.448,-0.5334,0,0,0,0,0.0,2,0.76,0.355,1,0.646,0.86,0.136,0.292,0.15,0.1233,3032.0974,0.55,0.217,1,1,0.0,0,15330,0.652,1.08,0,0.4,0.164,0.292,0.449,0.763,0.5,0,-0.545,396.0,11466.1
96510,XAUGBPm_20260804222752_0,XAUGBPm,BREAKOUT,BUY,-1,2026.08.04 22:27:52,2026.08.05 02:37:54,250,3032.593,3061.424,28831.0,19125.98,0.862,2.493,TP_HIT,3032.929,3044.785,3028.561,1,0.033,0.509,3032.929,0.65,0,1.0,0.72,2,0,0,1,0.0,0,0.703,0.431,1,0.623,0.216,0.208,0.191,0.25,0.0,3028.561,0.6,1.037,1,1,1.0,0,15328,0.408,1.67,0,0.4,0.174,0.14,0.439,0.741,0.825,0,-0.58,412.0,12125.1
96423,XAUGBPm_20260804160000_0,XAUGBPm,BREAKOUT,BUY,-1,2026.08.04 16:00:00,2026.08.05 02:41:42,641,3038.204,3066.277,28073.0,18620.01,1.387,2.497,TP_HIT,3036.04122,3040.23895,3029.4448,1,0.061,0.368,3036.04122,0.45,0,0.5,0.545,0,0,0,0,0.0,0,0.835,0.406,1,0.755,0.164,0.208,0.104,0.25,0.0,3029.4448,0.6,0.906,1,2,1.0,0,15323,0.252,1.67,0,0.4,0.174,0.14,0.439,0.741,0.825,0,-0.58,397.0,12125.1
96498,XAUGBPm_20260804220459_2,XAUGBPm,PULLBACK,BUY,-1,2026.08.04 22:04:59,2026.08.05 02:42:03,277,3032.712,3067.26,34548.0,22976.75,0.872,2.998,TP_HIT,3032.929,3044.785,3028.561,1,0.033,0.509,3032.929,0.65,0,1.0,0.72,2,0,0,1,0.0,0,0.703,0.431,1,0.623,0.216,0.208,0.191,0.25,0.0,3028.561,0.6,1.037,1,1,1.0,0,15328,0.622,2.0,0,0.4,0.174,0.14,0.439,0.741,0.825,0,-0.58,397.0,12125.1
96448,XAUGBPm_20260804180000_0,XAUGBPm,BREAKOUT,BUY,-1,2026.08.04 18:00:00,2026.08.05 02:47:54,527,3039.625,3069.582,29957.0,19886.27,1.419,2.494,TP_HIT,3037.3453,3040.3408,3031.9534,1,0.057,0.444,3036.1471,0.35,0,0.6,0.79,0,0,0,1,0.0,0,0.763,0.417,1,0.683,0.237,0.225,0.274,0.3,0.0397,3031.9534,0.6,1.131,1,2,1.0,0,15325,0.284,1.67,0,0.4,0.174,0.14,0.439,0.741,0.825,0,-0.58,397.0,12125.1
96548,XAUGBPm_20260805030000_7,XAUGBPm,ANCHORED_PULLBACK,BUY,0,2026.08.05 03:00:00,2026.08.05 03:08:29,8,3069.506,3071.901,2395.0,1611.66,0.2,0.236,TRAIL_STOP,3026.46348,3052.9828,3022.675,0,0.178,0.225,3066.87388,0.6,0,0.165,0.0,2,0,0,1,0.0,0,0.391,0.349,0,0.311,0.3,0.14,0.36,0.4,1.4035,3026.46348,0.7,1.361,1,1,0.0,0,15333,0.504,4.4,0,0.4,0.0,0.14,0.424,0.611,0.165,0,0.0,397.0,12532.3
96549,XAUGBPm_20260805030000_7,XAUGBPm,ANCHORED_PULLBACK,BUY,1,2026.08.05 03:00:00,2026.08.05 03:08:49,8,3069.506,3071.285,1779.0,1087.49,0.2,0.236,TRAIL_STOP,3026.46348,3052.9828,3022.675,0,0.178,0.225,3066.87388,0.6,0,0.165,0.0,2,0,0,1,0.0,0,0.391,0.349,0,0.311,0.3,0.14,0.36,0.4,1.4035,3026.46348,0.7,1.361,1,1,0.0,0,15333,0.504,4.4,0,0.4,0.0,0.14,0.424,0.611,0.165,0,0.0,397.0,12532.3
96553,XAUGBPm_20260805040000_1,XAUGBPm,BREAKOUT_RETEST,BUY,0,2026.08.05 04:00:00,2026.08.05 04:00:30,0,3068.29,3068.978,688.0,462.89,0.009,0.102,TRAIL_STOP,3067.37075,3073.28,3037.8245,1,0.044,0.644,3067.37075,0.75,0,0.675,0.685,2,0,0,1,0.0,2,1.0,0.564,2,0.146,0.906,0.105,0.12,0.3,0.4354,3073.28,0.6,1.35,1,1,0.0,0,15334,0.711,1.52,0,0.0,0.206,0.0,0.038,0.446,0.675,1,0.685,397.0,11822.9
96554,XAUGBPm_20260805040000_1,XAUGBPm,BREAKOUT_RETEST,BUY,1,2026.08.05 04:00:00,2026.08.05 04:04:32,4,3068.29,3072.316,4026.0,2708.91,0.019,0.432,TRAIL_STOP,3067.37075,3073.28,3037.8245,1,0.044,0.644,3067.37075,0.75,0,0.675,0.685,2,0,0,1,0.0,2,1.0,0.564,2,0.146,0.906,0.105,0.12,0.3,0.4354,3073.28,0.6,1.35,1,1,0.0,0,15334,0.711,1.52,0,0.0,0.206,0.0,0.206,0.446,0.675,1,0.685,398.0,11822.9
96552,XAUGBPm_20260805040000_1,XAUGBPm,BREAKOUT_RETEST,BUY,-1,2026.08.05 04:00:00,2026.08.05 04:06:15,6,3068.29,3073.758,5468.0,3679.25,0.02,0.453,TP_HIT,3067.37075,3073.28,3037.8245,1,0.044,0.644,3067.37075,0.75,0,0.675,0.685,2,0,0,1,0.0,2,1.0,0.564,2,0.146,0.906,0.105,0.12,0.3,0.4354,3073.28,0.6,1.35,1,1,0.0,0,15334,0.711,1.52,0,0.0,0.206,0.0,0.206,0.446,0.675,0,0.685,398.0,11822.9
96559,XAUGBPm_20260805042013_3,XAUGBPm,TREND_CONTINUATION,BUY,0,2026.08.05 04:20:13,2026.08.05 04:20:41,0,3076.604,3076.074,-530.0,-356.69,0.041,0.0,SL_HIT,3067.37075,3073.28,3037.8245,0,0.044,0.644,3067.37075,0.75,0,0.675,0.685,2,0,0,1,0.0,0,0.446,0.454,1,0.446,0.206,0.0,0.206,0.0,0.0,3067.37075,0.717,1.209,1,1,0.0,0,15334,0.444,2.08,0,0.0,0.206,0.0,0.206,0.446,0.675,0,0.685,398.0,11822.9
96560,XAUGBPm_20260805042013_3,XAUGBPm,TREND_CONTINUATION,BUY,1,2026.08.05 04:20:13,2026.08.05 04:22:21,2,3076.604,3075.391,-1213.0,-816.34,0.092,0.0,SL_HIT,3067.37075,3073.28,3037.8245,0,0.044,0.644,3067.37075,0.75,0,0.675,0.685,2,0,0,1,0.0,0,0.446,0.454,1,0.446,0.206,0.0,0.206,0.0,0.0,3067.37075,0.717,1.209,1,1,0.0,0,15334,0.444,2.08,0,0.0,0.206,0.0,0.206,0.446,0.675,0,0.685,398.0,11822.9
96564,XAUGBPm_20260805042551_2,XAUGBPm,PULLBACK,BUY,0,2026.08.05 04:25:51,2026.08.05 04:27:31,1,3075.223,3075.15,-73.0,-49.13,0.057,0.04,SL_HIT,3067.37075,3073.28,3037.8245,0,0.044,0.644,3067.37075,0.75,0,0.675,0.685,2,0,0,1,0.0,0,0.446,0.454,1,0.446,0.206,0.0,0.206,0.0,0.0,3067.37075,0.717,1.209,1,1,0.0,0,15334,0.378,4.11,0,0.0,0.206,0.0,0.206,0.446,0.675,0,0.685,398.0,11822.9
96565,XAUGBPm_20260805042551_2,XAUGBPm,PULLBACK,BUY,1,2026.08.05 04:25:51,2026.08.05 04:28:36,2,3075.223,3074.622,-601.0,-404.46,0.057,0.04,SL_HIT,3067.37075,3073.28,3037.8245,0,0.044,0.644,3067.37075,0.75,0,0.675,0.685,2,0,0,1,0.0,0,0.446,0.454,1,0.446,0.206,0.0,0.206,0.0,0.0,3067.37075,0.717,1.209,1,1,0.0,0,15334,0.378,4.11,0,0.0,0.206,0.0,0.206,0.446,0.675,0,0.685,398.0,11822.9
96547,XAUGBPm_20260805030000_7,XAUGBPm,ANCHORED_PULLBACK,BUY,-1,2026.08.05 03:00:00,2026.08.05 05:46:53,166,3069.506,3094.272,24766.0,16664.05,0.2,1.967,TP_HIT,3026.46348,3052.9828,3022.675,0,0.178,0.225,3066.87388,0.6,0,0.165,0.0,2,0,0,1,0.0,0,0.391,0.349,0,0.311,0.3,0.14,0.36,0.4,1.4035,3026.46348,0.7,1.361,1,1,0.0,0,15333,0.504,4.4,0,0.25,0.164,0.14,0.291,0.551,0.75,0,0.545,414.0,10891.5
96570,XAUGBPm_20260805055815_0,XAUGBPm,BREAKOUT,BUY,0,2026.08.05 05:58:15,2026.08.05 06:17:33,19,3095.799,3098.585,2786.0,1873.88,0.396,0.52,TRAIL_STOP,3069.25275,3077.161,3047.7875,0,0.033,1.212,3069.25275,0.65,0,0.75,0.545,2,0,0,1,0.0,0,0.551,0.358,1,0.551,0.164,0.14,0.291,0.25,0.0,3069.25275,0.716,1.187,1,1,0.0,0,15335,0.415,1.25,0,0.0,0.226,0.17,0.262,0.472,0.825,0,0.755,400.0,12023.6
96571,XAUGBPm_20260805055815_0,XAUGBPm,BREAKOUT,BUY,1,2026.08.05 05:58:15,2026.08.05 06:17:33,19,3095.799,3098.585,2786.0,1873.88,0.396,0.533,TRAIL_STOP,3069.25275,3077.161,3047.7875,0,0.033,1.212,3069.25275,0.65,0,0.75,0.545,2,0,0,1,0.0,0,0.551,0.358,1,0.551,0.164,0.14,0.291,0.25,0.0,3069.25275,0.716,1.187,1,1,0.0,0,15335,0.415,1.25,0,0.0,0.226,0.17,0.262,0.472,0.825,0,0.755,400.0,12023.6
96573,XAUGBPm_20260805060000_1,XAUGBPm,BREAKOUT_RETEST,BUY,0,2026.08.05 06:00:00,2026.08.05 06:17:33,17,3092.623,3098.585,5962.0,4015.45,0.094,0.747,TRAIL_STOP,3068.91555,3095.3474,3061.9598,1,1.481,1.019,3085.60935,0.6,0,0.825,0.755,0,0,0,1,0.0,2,1.0,0.593,2,0.455,0.926,0.275,0.386,0.3,0.3339,3085.60935,0.718,1.749,1,1,0.0,0,15336,0.786,1.04,0,0.0,0.226,0.17,0.262,0.472,0.825,0,0.755,400.0,12023.6
96574,XAUGBPm_20260805060000_1,XAUGBPm,BREAKOUT_RETEST,BUY,1,2026.08.05 06:00:00,2026.08.05 06:17:33,17,3092.615,3098.585,5970.0,4108.94,0.094,0.742,TRAIL_STOP,3068.91555,3095.3474,3061.9598,1,1.481,1.019,3085.60935,0.6,0,0.825,0.755,0,0,0,1,0.0,2,1.0,0.593,2,0.455,0.926,0.275,0.386,0.3,0.3339,3085.60935,0.718,1.749,1,1,0.0,0,15336,0.786,1.04,0,0.0,0.226,0.17,0.262,0.472,0.825,0,0.755,400.0,12023.6
96580,XAUGBPm_20260805062013_3,XAUGBPm,TREND_CONTINUATION,BUY,0,2026.08.05 06:20:13,2026.08.05 06:40:18,20,3097.357,3101.982,4625.0,3112.49,0.373,0.619,TRAIL_STOP,3068.91555,3095.3474,3061.9598,0,1.481,1.019,3085.60935,0.6,0,0.825,0.755,0,0,0,1,0.0,0,0.472,0.447,1,0.472,0.226,0.17,0.231,0.0,0.0,3085.60935,0.718,1.246,1,1,0.0,0,15336,0.502,2.08,0,0.0,0.226,0.17,0.262,0.472,0.825,0,0.755,400.0,12023.6
96583,XAUGBPm_20260805062554_2,XAUGBPm,PULLBACK,BUY,0,2026.08.05 06:25:54,2026.08.05 06:40:18,14,3095.724,3101.982,6258.0,4211.45,0.067,0.754,TRAIL_STOP,3068.91555,3095.3474,3061.9598,1,1.481,1.019,3085.60935,0.6,0,0.825,0.755,0,0,0,1,0.0,0,0.472,0.451,1,0.472,0.226,0.17,0.25,0.0,0.0,3085.60935,0.718,1.275,1,1,0.0,0,15336,0.578,3.3,0,0.0,0.226,0.17,0.262,0.472,0.825,0,0.755,400.0,12023.6
96581,XAUGBPm_20260805062013_3,XAUGBPm,TREND_CONTINUATION,BUY,1,2026.08.05 06:20:13,2026.08.05 06:41:38,21,3097.357,3101.904,4547.0,3060.15,0.373,0.619,TRAIL_STOP,3068.91555,3095.3474,3061.9598,0,1.481,1.019,3085.60935,0.6,0,0.825,0.755,0,0,0,1,0.0,0,0.472,0.447,1,0.472,0.226,0.17,0.231,0.0,0.0,3085.60935,0.718,1.246,1,1,0.0,0,15336,0.502,2.08,0,0.0,0.226,0.17,0.262,0.472,0.825,0,0.755,400.0,12023.6
96584,XAUGBPm_20260805062554_2,XAUGBPm,PULLBACK,BUY,1,2026.08.05 06:25:54,2026.08.05 06:41:38,15,3095.724,3101.904,6180.0,4159.17,0.067,0.754,TRAIL_STOP,3068.91555,3095.3474,3061.9598,1,1.481,1.019,3085.60935,0.6,0,0.825,0.755,0,0,0,1,0.0,0,0.472,0.451,1,0.472,0.226,0.17,0.25,0.0,0.0,3085.60935,0.718,1.275,1,1,0.0,0,15336,0.578,3.3,0,0.0,0.226,0.17,0.262,0.472,0.825,0,0.755,400.0,12023.6
96590,XAUGBPm_20260805070000_7,XAUGBPm,ANCHORED_PULLBACK,BUY,0,2026.08.05 07:00:00,2026.08.05 07:00:06,0,3102.5,3102.696,196.0,41.08,0.018,0.057,TRAIL_STOP,3075.49923,3097.2348,3066.994,0,0.162,0.143,3096.28978,0.8,0,0.9,0.79,0,0,0,1,0.0,5,1.0,0.54,2,0.229,0.237,0.353,0.497,0.15,-0.2541,3096.28978,0.714,0.805,1,1,0.0,0,15337,0.587,5.21,0,0.15,0.237,0.053,0.197,0.529,0.9,0,0.79,399.0,12384.1
96591,XAUGBPm_20260805070000_7,XAUGBPm,ANCHORED_PULLBACK,BUY,1,2026.08.05 07:00:00,2026.08.05 07:00:20,0,3102.635,3102.031,-604.0,-501.64,0.044,0.045,SL_HIT,3075.49923,3097.2348,3066.994,0,0.162,0.143,3096.28978,0.8,0,0.9,0.79,0,0,0,1,0.0,5,1.0,0.54,2,0.229,0.237,0.353,0.497,0.15,-0.2541,3096.28978,0.714,0.805,1,1,0.0,0,15337,0.587,5.21,0,0.15,0.237,0.053,0.197,0.529,0.9,0,0.79,399.0,12384.1
96589,XAUGBPm_20260805070000_7,XAUGBPm,ANCHORED_PULLBACK,BUY,-1,2026.08.05 07:00:00,2026.08.05 07:04:51,4,3102.481,3097.694,-4787.0,-3235.21,0.377,0.065,SL_HIT,3075.49923,3097.2348,3066.994,0,0.162,0.143,3096.28978,0.8,0,0.9,0.79,0,0,0,1,0.0,5,1.0,0.54,2,0.229,0.237,0.353,0.497,0.15,-0.2541,3096.28978,0.714,0.805,1,1,0.0,0,15337,0.587,5.21,0,0.15,0.237,0.053,0.156,0.529,0.9,0,0.79,399.0,12384.1
96596,XAUGBPm_20260805075938_0,XAUGBPm,BREAKOUT,BUY,0,2026.08.05 07:59:38,2026.08.05 07:59:47,0,3098.074,3097.333,-741.0,-498.97,0.05,0.0,SL_HIT,3075.49923,3097.2348,3066.994,0,0.162,0.143,3096.28978,0.8,0,0.9,0.79,0,0,0,1,0.0,0,0.529,0.45,1,0.529,0.237,0.053,0.156,0.15,0.0,3075.49923,0.7,1.044,1,1,0.0,0,15337,0.483,1.67,0,0.15,0.237,0.053,0.156,0.529,0.9,0,0.79,399.0,12384.1
96597,XAUGBPm_20260805075938_0,XAUGBPm,BREAKOUT,BUY,1,2026.08.05 07:59:38,2026.08.05 08:00:00,0,3098.074,3096.593,-1481.0,-997.34,0.109,0.0,SL_HIT,3075.49923,3097.2348,3066.994,0,0.162,0.143,3096.28978,0.8,0,0.9,0.79,0,0,0,1,0.0,0,0.529,0.45,1,0.529,0.237,0.053,0.156,0.15,0.0,3075.49923,0.7,1.044,1,1,0.0,0,15337,0.483,1.67,5,0.55,0.195,0.493,0.52,0.392,0.65,1,0.65,399.0,12495.4
96601,XAUGBPm_20260805080002_1,XAUGBPm,BREAKOUT_RETEST,BUY,0,2026.08.05 08:00:03,2026.08.05 08:00:44,0,3097.13,3097.347,217.0,70.71,0.033,0.054,TRAIL_STOP,3096.6545,3104.795,3084.896,1,0.005,0.574,3096.6545,0.55,0,0.65,0.65,0,0,0,1,0.0,0,0.692,0.355,1,0.692,0.195,0.088,0.1,0.25,0.0,3104.795,0.6,0.9,1,1,0.0,0,15338,0.425,2.15,0,0.25,0.195,0.088,0.1,0.692,0.65,1,0.65,399.0,12495.4
96602,XAUGBPm_20260805080002_1,XAUGBPm,BREAKOUT_RETEST,BUY,1,2026.08.05 08:00:03,2026.08.05 08:01:01,0,3097.242,3096.576,-666.0,-448.54,0.044,0.045,SL_HIT,3096.6545,3104.795,3084.896,1,0.005,0.574,3096.6545,0.55,0,0.65,0.65,0,0,0,1,0.0,0,0.692,0.355,1,0.692,0.195,0.088,0.1,0.25,0.0,3104.795,0.6,0.9,1,1,0.0,0,15338,0.425,2.15,0,0.25,0.195,0.088,0.1,0.692,0.65,1,0.65,399.0,12495.4
96600,XAUGBPm_20260805080002_1,XAUGBPm,BREAKOUT_RETEST,BUY,-1,2026.08.05 08:00:02,2026.08.05 08:18:38,18,3097.13,3093.3,-3830.0,-2579.08,0.297,0.054,SL_HIT,3096.6545,3104.795,3084.896,1,0.005,0.574,3096.6545,0.55,0,0.65,0.65,0,0,0,1,0.0,0,0.692,0.355,1,0.692,0.195,0.088,0.1,0.25,0.0,3104.795,0.6,0.9,1,1,0.0,0,15338,0.425,2.15,0,0.25,0.195,0.088,0.237,0.692,0.65,1,0.65,399.0,12495.4
96607,XAUGBPm_20260805082013_3,XAUGBPm,TREND_CONTINUATION,BUY,0,2026.08.05 08:20:14,2026.08.05 08:20:25,0,3094.06,3093.184,-876.0,-589.91,0.068,0.0,SL_HIT,3096.6545,3104.795,3084.896,1,0.005,0.574,3096.6545,0.55,0,0.65,0.65,0,0,0,1,0.0,0,0.692,0.379,1,0.692,0.195,0.088,0.237,0.25,0.0,3084.896,0.6,1.106,1,1,0.0,0,15338,0.409,2.08,0,0.25,0.195,0.088,0.237,0.692,0.65,1,0.65,399.0,12495.4
96608,XAUGBPm_20260805082013_3,XAUGBPm,TREND_CONTINUATION,BUY,1,2026.08.05 08:20:14,2026.08.05 08:21:56,1,3094.06,3092.651,-1409.0,-948.86,0.101,0.0,SL_HIT,3096.6545,3104.795,3084.896,1,0.005,0.574,3096.6545,0.55,0,0.65,0.65,0,0,0,1,0.0,0,0.692,0.379,1,0.692,0.195,0.088,0.237,0.25,0.0,3084.896,0.6,1.106,1,1,0.0,0,15338,0.409,2.08,0,0.25,0.195,0.088,0.237,0.692,0.65,1,0.65,399.0,12495.4
96612,XAUGBPm_20260805083315_2,XAUGBPm,PULLBACK,BUY,0,2026.08.05 08:33:15,2026.08.05 08:33:22,0,3093.316,3092.483,-833.0,-637.05,0.056,0.0,SL_HIT,3096.6545,3104.795,3084.896,1,0.005,0.574,3096.6545,0.55,0,0.65,0.65,0,0,0,1,0.0,0,0.692,0.379,1,0.692,0.195,0.088,0.237,0.25,0.0,3084.896,0.6,1.106,1,1,0.0,0,15338,0.498,4.04,0,0.25,0.195,0.088,0.237,0.692,0.65,1,0.65,399.0,12495.4
96613,XAUGBPm_20260805083315_2,XAUGBPm,PULLBACK,BUY,1,2026.08.05 08:33:15,2026.08.05 08:35:04,1,3093.429,3092.293,-1136.0,-764.88,0.083,0.003,SL_HIT,3096.6545,3104.795,3084.896,1,0.005,0.574,3096.6545,0.55,0,0.65,0.65,0,0,0,1,0.0,0,0.692,0.379,1,0.692,0.195,0.088,0.237,0.25,0.0,3084.896,0.6,1.106,1,1,0.0,0,15338,0.498,4.04,0,0.25,0.195,0.088,0.237,0.692,0.65,1,0.65,399.0,12495.4
96617,XAUGBPm_20260805090054_5,XAUGBPm,MEAN_REVERSION,BUY,0,2026.08.05 09:00:54,2026.08.05 09:05:36,4,3093.041,3094.621,1580.0,1131.75,0.041,0.174,TRAIL_STOP,3096.08245,3101.6268,3090.5381,1,0.091,0.304,3096.08245,0.35,0,0.7,0.685,0,0,0,1,0.0,0,0.786,0.438,1,0.786,0.206,0.088,0.175,0.25,0.0,3101.6268,0.6,1.012,1,1,0.0,0,15339,0.684,0.95,0,0.25,0.206,0.088,0.143,0.786,0.7,1,0.685,399.0,12018.8
96618,XAUGBPm_20260805090054_5,XAUGBPm,MEAN_REVERSION,BUY,1,2026.08.05 09:00:54,2026.08.05 09:07:10,6,3092.939,3093.962,1023.0,688.47,0.033,0.183,TRAIL_STOP,3096.08245,3101.6268,3090.5381,1,0.091,0.304,3096.08245,0.35,0,0.7,0.685,0,0,0,1,0.0,0,0.786,0.438,1,0.786,0.206,0.088,0.175,0.25,0.0,3101.6268,0.6,1.012,1,1,0.0,0,15339,0.684,0.95,0,0.25,0.206,0.088,0.143,0.786,0.7,1,0.685,399.0,12018.8
96582,XAUGBPm_20260805062554_2,XAUGBPm,PULLBACK,BUY,-1,2026.08.05 06:25:54,2026.08.05 09:56:51,210,3095.724,3084.729,-10995.0,-7403.15,0.904,0.754,SL_HIT,3068.91555,3095.3474,3061.9598,1,1.481,1.019,3085.60935,0.6,0,0.825,0.755,0,0,0,1,0.0,0,0.472,0.451,1,0.472,0.226,0.17,0.25,0.0,0.0,3085.60935,0.718,1.275,1,1,0.0,0,15336,0.578,3.3,0,0.25,0.206,0.088,0.361,0.786,0.7,0,0.685,398.0,12018.8
96611,XAUGBPm_20260805083315_2,XAUGBPm,PULLBACK,BUY,-1,2026.08.05 08:33:15,2026.08.05 09:56:56,83,3093.316,3084.02,-9296.0,-6259.09,0.732,0.218,SL_HIT,3096.6545,3104.795,3084.896,1,0.005,0.574,3096.6545,0.55,0,0.65,0.65,0,0,0,1,0.0,0,0.692,0.379,1,0.692,0.195,0.088,0.237,0.25,0.0,3084.896,0.6,1.106,1,1,0.0,0,15338,0.498,4.04,0,0.25,0.206,0.088,0.375,0.786,0.7,0,0.685,398.0,12018.8
96624,XAUGBPm_20260805095717_4,XAUGBPm,SWEEP_REVERSAL,BUY,0,2026.08.05 09:57:17,2026.08.05 09:58:57,1,3085.565,3088.012,2447.0,1647.58,0.008,0.24,TRAIL_STOP,3096.08245,3101.6268,3090.5381,0,0.091,0.304,3096.08245,0.35,0,0.7,0.685,0,0,0,1,0.0,0,0.786,0.471,1,0.786,0.206,0.088,0.361,0.25,0.0,3096.08245,0.723,1.292,1,1,0.0,0,15339,0.215,0.91,0,0.25,0.206,0.088,0.388,0.786,0.7,0,0.685,398.0,12018.8
96625,XAUGBPm_20260805095717_4,XAUGBPm,SWEEP_REVERSAL,BUY,1,2026.08.05 09:57:17,2026.08.05 09:59:37,2,3085.565,3087.257,1692.0,1139.26,0.023,0.24,TRAIL_STOP,3096.08245,3101.6268,3090.5381,0,0.091,0.304,3096.08245,0.35,0,0.7,0.685,0,0,0,1,0.0,0,0.786,0.471,1,0.786,0.206,0.088,0.361,0.25,0.0,3096.08245,0.723,1.292,1,1,0.0,0,15339,0.215,0.91,0,0.25,0.206,0.088,0.359,0.786,0.7,0,0.685,398.0,12018.8
96616,XAUGBPm_20260805090054_5,XAUGBPm,MEAN_REVERSION,BUY,-1,2026.08.05 09:00:54,2026.08.05 10:03:38,62,3092.938,3083.278,-9660.0,-6574.5,0.798,0.241,SL_HIT,3096.08245,3101.6268,3090.5381,1,0.091,0.304,3096.08245,0.35,0,0.7,0.685,0,0,0,1,0.0,0,0.786,0.438,1,0.786,0.206,0.088,0.175,0.25,0.0,3101.6268,0.6,1.012,1,1,0.0,0,15339,0.684,0.95,0,0.4,0.216,0.28,0.452,0.68,1.0,0,0.72,398.0,12116.9
96579,XAUGBPm_20260805062013_3,XAUGBPm,TREND_CONTINUATION,BUY,-1,2026.08.05 06:20:13,2026.08.05 10:04:29,224,3097.357,3082.828,-14529.0,-9784.05,1.199,0.619,SL_HIT,3068.91555,3095.3474,3061.9598,0,1.481,1.019,3085.60935,0.6,0,0.825,0.755,0,0,0,1,0.0,0,0.472,0.447,1,0.472,0.226,0.17,0.231,0.0,0.0,3085.60935,0.718,1.246,1,1,0.0,0,15336,0.502,2.08,0,0.4,0.216,0.28,0.452,0.68,1.0,0,0.72,398.0,12116.9
96631,XAUGBPm_20260805110000_1,XAUGBPm,BREAKOUT_RETEST,BUY,0,2026.08.05 11:00:00,2026.08.05 11:00:56,0,3090.172,3089.902,-270.0,-181.83,0.064,0.015,SL_HIT,3093.93747,3100.6757,3087.19925,1,0.249,0.005,3093.93747,0.65,0,1.0,0.755,0,0,0,1,0.0,2,1.0,0.569,2,0.754,0.926,0.241,0.43,0.4,0.336,3093.93747,0.739,1.755,1,1,0.0,0,15341,0.849,1.05,0,0.4,0.226,0.241,0.43,0.757,1.0,1,0.755,398.0,12240.1
96635,XAUGBPm_20260805110056_5,XAUGBPm,MEAN_REVERSION,BUY,0,2026.08.05 11:00:56,2026.08.05 11:01:50,0,3090.3,3089.883,-417.0,-280.82,0.048,0.006,SL_HIT,3093.93747,3100.6757,3087.19925,1,0.249,0.005,3093.93747,0.65,0,1.0,0.755,0,0,0,1,0.0,0,0.757,0.456,1,0.757,0.226,0.241,0.43,0.4,0.0,3093.93747,0.739,1.305,1,1,0.0,0,15341,0.672,1.03,0,0.4,0.226,0.241,0.43,0.757,1.0,1,0.755,398.0,12240.1
96639,XAUGBPm_20260805110455_2,XAUGBPm,PULLBACK,BUY,0,2026.08.05 11:04:56,2026.08.05 11:05:03,0,3091.63,3090.751,-879.0,-495.03,0.062,0.0,SL_HIT,3093.93747,3100.6757,3087.19925,1,0.249,0.005,3093.93747,0.65,0,1.0,0.755,0,0,0,1,0.0,0,0.757,0.449,1,0.757,0.226,0.241,0.37,0.4,0.0,3087.19925,0.6,1.216,1,1,0.0,0,15341,0.63,7.41,0,0.4,0.226,0.241,0.37,0.757,1.0,1,0.755,398.0,12240.1
96642,XAUGBPm_20260805110456_3,XAUGBPm,TREND_CONTINUATION,BUY,0,2026.08.05 11:04:56,2026.08.05 11:05:03,0,3091.502,3090.751,-751.0,-505.81,0.051,0.0,SL_HIT,3093.93747,3100.6757,3087.19925,1,0.249,0.005,3093.93747,0.65,0,1.0,0.755,0,0,0,1,0.0,0,0.757,0.449,1,0.757,0.226,0.241,0.37,0.4,0.0,3087.19925,0.6,1.216,1,1,0.0,0,15341,0.564,2.08,0,0.4,0.226,0.241,0.37,0.757,1.0,1,0.755,398.0,12240.1
96632,XAUGBPm_20260805110000_1,XAUGBPm,BREAKOUT_RETEST,BUY,1,2026.08.05 11:00:00,2026.08.05 11:11:24,11,3090.172,3094.324,4152.0,2880.61,0.067,0.316,TP_HIT,3093.93747,3100.6757,3087.19925,1,0.249,0.005,3093.93747,0.65,0,1.0,0.755,0,0,0,1,0.0,2,1.0,0.569,2,0.754,0.926,0.241,0.43,0.4,0.336,3093.93747,0.739,1.755,1,1,0.0,0,15341,0.849,1.05,0,0.4,0.226,0.241,0.181,0.757,1.0,1,0.755,399.0,12240.1
96630,XAUGBPm_20260805110000_1,XAUGBPm,BREAKOUT_RETEST,BUY,-1,2026.08.05 11:00:00,2026.08.05 11:12:18,12,3090.252,3094.398,4146.0,2847.06,0.073,0.333,TP_HIT,3093.93747,3100.6757,3087.19925,1,0.249,0.005,3093.93747,0.65,0,1.0,0.755,0,0,0,1,0.0,2,1.0,0.569,2,0.754,0.926,0.241,0.43,0.4,0.336,3093.93747,0.739,1.755,1,1,0.0,0,15341,0.849,1.05,0,0.4,0.226,0.241,0.181,0.757,1.0,1,0.755,399.0,12240.1
96634,XAUGBPm_20260805110056_5,XAUGBPm,MEAN_REVERSION,BUY,-1,2026.08.05 11:00:56,2026.08.05 11:12:18,11,3090.3,3094.398,4098.0,2760.82,0.077,0.329,TP_HIT,3093.93747,3100.6757,3087.19925,1,0.249,0.005,3093.93747,0.65,0,1.0,0.755,0,0,0,1,0.0,0,0.757,0.456,1,0.757,0.226,0.241,0.43,0.4,0.0,3093.93747,0.739,1.305,1,1,0.0,0,15341,0.672,1.03,0,0.4,0.226,0.241,0.181,0.757,1.0,1,0.755,399.0,12240.1
96636,XAUGBPm_20260805110056_5,XAUGBPm,MEAN_REVERSION,BUY,1,2026.08.05 11:00:56,2026.08.05 11:12:18,11,3090.3,3094.398,4098.0,2760.82,0.077,0.329,TP_HIT,3093.93747,3100.6757,3087.19925,1,0.249,0.005,3093.93747,0.65,0,1.0,0.755,0,0,0,1,0.0,0,0.757,0.456,1,0.757,0.226,0.241,0.43,0.4,0.0,3093.93747,0.739,1.305,1,1,0.0,0,15341,0.672,1.03,0,0.4,0.226,0.241,0.181,0.757,1.0,1,0.755,399.0,12240.1
96640,XAUGBPm_20260805110455_2,XAUGBPm,PULLBACK,BUY,1,2026.08.05 11:04:56,2026.08.05 11:12:35,7,3091.486,3093.771,2285.0,1539.47,0.081,0.302,TRAIL_STOP,3093.93747,3100.6757,3087.19925,1,0.249,0.005,3093.93747,0.65,0,1.0,0.755,0,0,0,1,0.0,0,0.757,0.449,1,0.757,0.226,0.241,0.37,0.4,0.0,3087.19925,0.6,1.216,1,1,0.0,0,15341,0.63,7.41,0,0.4,0.226,0.241,0.181,0.757,1.0,1,0.755,399.0,12240.1
96643,XAUGBPm_20260805110456_3,XAUGBPm,TREND_CONTINUATION,BUY,1,2026.08.05 11:04:56,2026.08.05 11:12:35,7,3091.502,3093.771,2269.0,1528.69,0.082,0.28,TRAIL_STOP,3093.93747,3100.6757,3087.19925,1,0.249,0.005,3093.93747,0.65,0,1.0,0.755,0,0,0,1,0.0,0,0.757,0.449,1,0.757,0.226,0.241,0.37,0.4,0.0,3087.19925,0.6,1.216,1,1,0.0,0,15341,0.564,2.08,0,0.4,0.226,0.241,0.181,0.757,1.0,1,0.755,399.0,12240.1
96623,XAUGBPm_20260805095717_4,XAUGBPm,SWEEP_REVERSAL,BUY,-1,2026.08.05 09:57:17,2026.08.05 11:16:37,79,3085.565,3096.508,10943.0,7372.3,0.295,0.902,TP_HIT,3096.08245,3101.6268,3090.5381,0,0.091,0.304,3096.08245,0.35,0,0.7,0.685,0,0,0,1,0.0,0,0.786,0.471,1,0.786,0.206,0.088,0.361,0.25,0.0,3096.08245,0.723,1.292,1,1,0.0,0,15339,0.215,0.91,0,0.4,0.226,0.241,0.232,0.757,1.0,1,0.755,399.0,12240.1
96558,XAUGBPm_20260805042013_3,XAUGBPm,TREND_CONTINUATION,BUY,-1,2026.08.05 04:20:13,2026.08.05 11:43:00,442,3076.604,3106.185,29581.0,19938.19,0.489,2.491,TP_HIT,3067.37075,3073.28,3037.8245,0,0.044,0.644,3067.37075,0.75,0,0.675,0.685,2,0,0,1,0.0,0,0.446,0.454,1,0.446,0.206,0.0,0.206,0.0,0.0,3067.37075,0.717,1.209,1,1,0.0,0,15334,0.444,2.08,0,0.4,0.226,0.241,0.454,0.757,1.0,0,0.755,399.0,12240.1
96563,XAUGBPm_20260805042551_2,XAUGBPm,PULLBACK,BUY,-1,2026.08.05 04:25:51,2026.08.05 12:03:38,457,3075.223,3110.749,35526.0,23941.68,0.372,2.993,TP_HIT,3067.37075,3073.28,3037.8245,0,0.044,0.644,3067.37075,0.75,0,0.675,0.685,2,0,0,1,0.0,0,0.446,0.454,1,0.446,0.206,0.0,0.206,0.0,0.0,3067.37075,0.717,1.209,1,1,0.0,0,15334,0.378,4.11,0,0.4,0.237,0.14,0.444,0.652,1.0,0,0.79,400.0,13401.6
96572,XAUGBPm_20260805060000_1,XAUGBPm,BREAKOUT_RETEST,BUY,-1,2026.08.05 06:00:00,2026.08.05 12:05:23,365,3092.706,3112.478,19772.0,13381.77,0.889,1.634,TP_HIT,3068.91555,3095.3474,3061.9598,1,1.481,1.019,3085.60935,0.6,0,0.825,0.755,0,0,0,1,0.0,2,1.0,0.593,2,0.455,0.926,0.275,0.386,0.3,0.3339,3085.60935,0.718,1.749,1,1,0.0,0,15336,0.786,1.04,0,0.4,0.237,0.14,0.444,0.652,1.0,0,0.79,400.0,13401.6
96641,XAUGBPm_20260805110456_3,XAUGBPm,TREND_CONTINUATION,BUY,-1,2026.08.05 11:04:56,2026.08.05 12:18:52,73,3091.502,3122.123,30621.0,20636.26,0.082,2.492,TP_HIT,3093.93747,3100.6757,3087.19925,1,0.249,0.005,3093.93747,0.65,0,1.0,0.755,0,0,0,1,0.0,0,0.757,0.449,1,0.757,0.226,0.241,0.37,0.4,0.0,3087.19925,0.6,1.216,1,1,0.0,0,15341,0.564,2.08,0,0.4,0.237,0.14,0.444,0.652,1.0,0,0.79,400.0,13401.6
96569,XAUGBPm_20260805055815_0,XAUGBPm,BREAKOUT,BUY,-1,2026.08.05 05:58:15,2026.08.05 12:21:24,383,3095.799,3123.099,27300.0,18401.02,1.265,2.492,TP_HIT,3069.25275,3077.161,3047.7875,0,0.033,1.212,3069.25275,0.65,0,0.75,0.545,2,0,0,1,0.0,0,0.551,0.358,1,0.551,0.164,0.14,0.291,0.25,0.0,3069.25275,0.716,1.187,1,1,0.0,0,15335,0.415,1.25,0,0.4,0.237,0.14,0.444,0.652,1.0,0,0.79,415.0,13401.6
96656,XAUGBPm_20260805115939_0,XAUGBPm,BREAKOUT,BUY,1,2026.08.05 11:59:39,2026.08.05 12:32:00,32,3108.424,3116.075,7651.0,5155.4,0.087,1.346,TRAIL_STOP,3093.93747,3100.6757,3087.19925,0,0.249,0.005,3093.93747,0.65,0,1.0,0.755,0,0,0,1,0.0,0,0.757,0.464,1,0.757,0.226,0.241,0.454,0.4,0.0,3093.93747,0.739,1.342,1,1,0.0,0,15341,0.516,2.0,0,0.4,0.237,0.14,0.444,0.652,1.0,0,0.79,415.0,13401.6
96659,XAUGBPm_20260805120000_7,XAUGBPm,ANCHORED_PULLBACK,BUY,1,2026.08.05 12:00:00,2026.08.05 12:32:00,32,3108.151,3116.075,7924.0,5339.35,0.059,1.25,TRAIL_STOP,3086.94313,3096.0935,3083.42375,0,0.921,0.13,3092.57413,0.45,0,1.0,0.79,2,0,0,1,0.0,5,0.629,0.32,0,0.352,0.237,0.44,0.701,0.4,-0.0602,3092.57413,0.731,0.961,1,2,0.0,0,15342,0.421,3.56,0,0.4,0.237,0.14,0.444,0.652,1.0,0,0.79,415.0,13401.6
96655,XAUGBPm_20260805115939_0,XAUGBPm,BREAKOUT,BUY,0,2026.08.05 11:59:39,2026.08.05 12:40:33,40,3108.424,3113.615,5191.0,3498.42,0.087,1.346,TRAIL_STOP,3093.93747,3100.6757,3087.19925,0,0.249,0.005,3093.93747,0.65,0,1.0,0.755,0,0,0,1,0.0,0,0.757,0.464,1,0.757,0.226,0.241,0.454,0.4,0.0,3093.93747,0.739,1.342,1,1,0.0,0,15341,0.516,2.0,0,0.4,0.237,0.14,0.444,0.652,1.0,0,0.79,415.0,13401.6
96658,XAUGBPm_20260805120000_7,XAUGBPm,ANCHORED_PULLBACK,BUY,0,2026.08.05 12:00:00,2026.08.05 12:40:33,40,3108.018,3113.615,5597.0,3682.41,0.049,1.26,TRAIL_STOP,3086.94313,3096.0935,3083.42375,0,0.921,0.13,3092.57413,0.45,0,1.0,0.79,2,0,0,1,0.0,5,0.629,0.32,0,0.352,0.237,0.44,0.701,0.4,-0.0602,3092.57413,0.731,0.961,1,2,0.0,0,15342,0.421,3.56,0,0.4,0.237,0.14,0.444,0.652,1.0,0,0.79,415.0,13401.6
96669,XAUGBPm_20260805130003_1,XAUGBPm,BREAKOUT_RETEST,BUY,0,2026.08.05 13:00:03,2026.08.05 13:00:16,0,3107.199,3109.75,2551.0,1536.37,0.052,0.216,TRAIL_STOP,3087.37637,3112.0341,3082.016,1,0.049,0.251,3087.37637,0.7,0,1.0,1.0,2,0,0,1,0.0,0,0.464,0.354,1,0.464,0.3,0.053,0.237,0.15,0.0,3112.0341,0.6,1.165,1,2,0.0,0,15343,0.596,1.22,0,0.15,0.3,0.053,0.265,0.464,1.0,1,1.0,415.0,14288.1
96670,XAUGBPm_20260805130003_1,XAUGBPm,BREAKOUT_RETEST,BUY,1,2026.08.05 13:00:03,2026.08.05 13:00:46,0,3107.469,3109.963,2494.0,1589.37,0.071,0.266,TRAIL_STOP,3087.37637,3112.0341,3082.016,1,0.049,0.251,3087.37637,0.7,0,1.0,1.0,2,0,0,1,0.0,0,0.464,0.354,1,0.464,0.3,0.053,0.237,0.15,0.0,3112.0341,0.6,1.165,1,2,0.0,0,15343,0.596,1.22,0,0.15,0.3,0.053,0.27,0.464,1.0,1,1.0,400.0,14288.1
96668,XAUGBPm_20260805130003_1,XAUGBPm,BREAKOUT_RETEST,BUY,-1,2026.08.05 13:00:03,2026.08.05 13:03:18,3,3107.199,3112.504,5305.0,3572.97,0.052,0.365,TP_HIT,3087.37637,3112.0341,3082.016,1,0.049,0.251,3087.37637,0.7,0,1.0,1.0,2,0,0,1,0.0,0,0.464,0.354,1,0.464,0.3,0.053,0.237,0.15,0.0,3112.0341,0.6,1.165,1,2,0.0,0,15343,0.596,1.22,0,0.15,0.3,0.053,0.262,0.464,1.0,0,1.0,400.0,14288.1
96675,XAUGBPm_20260805130455_2,XAUGBPm,PULLBACK,BUY,0,2026.08.05 13:04:55,2026.08.05 13:05:10,0,3113.567,3112.376,-1191.0,-802.33,0.072,0.0,SL_HIT,3087.37637,3112.0341,3082.016,0,0.049,0.251,3087.37637,0.7,0,1.0,1.0,2,0,0,1,0.0,0,0.464,0.358,1,0.464,0.3,0.053,0.262,0.15,0.0,3087.37637,0.731,1.203,1,2,0.0,0,15343,0.48,5.41,0,0.15,0.3,0.053,0.262,0.464,1.0,0,1.0,400.0,14288.1
96678,XAUGBPm_20260805130456_3,XAUGBPm,TREND_CONTINUATION,BUY,0,2026.08.05 13:04:56,2026.08.05 13:05:10,0,3113.441,3112.376,-1065.0,-717.45,0.063,0.0,SL_HIT,3087.37637,3112.0341,3082.016,0,0.049,0.251,3087.37637,0.7,0,1.0,1.0,2,0,0,1,0.0,0,0.464,0.358,1,0.464,0.3,0.053,0.262,0.15,0.0,3087.37637,0.731,1.203,1,2,0.0,0,15343,0.563,2.08,0,0.15,0.3,0.053,0.262,0.464,1.0,0,1.0,400.0,14288.1
96676,XAUGBPm_20260805130455_2,XAUGBPm,PULLBACK,BUY,1,2026.08.05 13:04:55,2026.08.05 13:07:30,2,3113.567,3111.744,-1823.0,-1227.98,0.118,0.071,SL_HIT,3087.37637,3112.0341,3082.016,0,0.049,0.251,3087.37637,0.7,0,1.0,1.0,2,0,0,1,0.0,0,0.464,0.358,1,0.464,0.3,0.053,0.262,0.15,0.0,3087.37637,0.731,1.203,1,2,0.0,0,15343,0.48,5.41,0,0.15,0.3,0.053,0.27,0.464,1.0,1,1.0,400.0,14288.1
96679,XAUGBPm_20260805130456_3,XAUGBPm,TREND_CONTINUATION,BUY,1,2026.08.05 13:04:56,2026.08.05 13:07:30,2,3113.441,3111.744,-1697.0,-1143.11,0.109,0.08,SL_HIT,3087.37637,3112.0341,3082.016,0,0.049,0.251,3087.37637,0.7,0,1.0,1.0,2,0,0,1,0.0,0,0.464,0.358,1,0.464,0.3,0.053,0.262,0.15,0.0,3087.37637,0.731,1.203,1,2,0.0,0,15343,0.563,2.08,0,0.15,0.3,0.053,0.27,0.464,1.0,1,1.0,400.0,14288.1
96606,XAUGBPm_20260805082013_3,XAUGBPm,TREND_CONTINUATION,BUY,-1,2026.08.05 08:20:14,2026.08.05 14:04:56,344,3094.06,3125.3,31240.0,21042.64,0.964,2.493,TP_HIT,3096.6545,3104.795,3084.896,1,0.005,0.574,3096.6545,0.55,0,0.65,0.65,0,0,0,1,0.0,0,0.692,0.379,1,0.692,0.195,0.088,0.237,0.25,0.0,3084.896,0.6,1.106,1,1,0.0,0,15338,0.409,2.08,0,0.25,0.247,0.088,0.344,0.646,1.0,0,0.825,401.0,15011.9
96638,XAUGBPm_20260805110455_2,XAUGBPm,PULLBACK,BUY,-1,2026.08.05 11:04:55,2026.08.05 14:05:09,180,3091.63,3128.425,36795.0,24788.24,0.093,2.995,TP_HIT,3093.93747,3100.6757,3087.19925,1,0.249,0.005,3093.93747,0.65,0,1.0,0.755,0,0,0,1,0.0,0,0.757,0.449,1,0.757,0.226,0.241,0.37,0.4,0.0,3087.19925,0.6,1.216,1,1,0.0,0,15341,0.63,7.41,0,0.25,0.247,0.088,0.344,0.646,1.0,0,0.825,416.0,15011.9
96595,XAUGBPm_20260805075938_0,XAUGBPm,BREAKOUT,BUY,-1,2026.08.05 07:59:38,2026.08.05 14:05:25,365,3098.074,3129.078,31004.0,20890.34,1.297,2.49,TP_HIT,3075.49923,3097.2348,3066.994,0,0.162,0.143,3096.28978,0.8,0,0.9,0.79,0,0,0,1,0.0,0,0.529,0.45,1,0.529,0.237,0.053,0.156,0.15,0.0,3075.49923,0.7,1.044,1,1,0.0,0,15337,0.483,1.67,0,0.25,0.247,0.088,0.344,0.646,1.0,0,0.825,401.0,15011.9
96657,XAUGBPm_20260805120000_7,XAUGBPm,ANCHORED_PULLBACK,BUY,-1,2026.08.05 12:00:00,2026.08.05 14:08:06,128,3108.125,3134.719,26594.0,17997.14,0.221,1.895,TP_HIT,3086.94313,3096.0935,3083.42375,0,0.921,0.13,3092.57413,0.45,0,1.0,0.79,2,0,0,1,0.0,5,0.629,0.32,0,0.352,0.237,0.44,0.701,0.4,-0.0602,3092.57413,0.731,0.961,1,2,0.0,0,15342,0.421,3.56,0,0.25,0.247,0.088,0.344,0.646,1.0,0,0.825,401.0,15011.9
96654,XAUGBPm_20260805115939_0,XAUGBPm,BREAKOUT,BUY,-1,2026.08.05 11:59:39,2026.08.05 14:10:49,131,3108.424,3139.094,30670.0,20672.65,0.266,2.497,TP_HIT,3093.93747,3100.6757,3087.19925,0,0.249,0.005,3093.93747,0.65,0,1.0,0.755,0,0,0,1,0.0,0,0.757,0.464,1,0.757,0.226,0.241,0.454,0.4,0.0,3093.93747,0.739,1.342,1,1,0.0,0,15341,0.516,2.0,0,0.25,0.247,0.088,0.344,0.646,1.0,0,0.825,402.0,15011.9
96677,XAUGBPm_20260805130456_3,XAUGBPm,TREND_CONTINUATION,BUY,-1,2026.08.05 13:04:56,2026.08.05 14:48:37,103,3113.441,3149.311,35870.0,24169.03,0.387,2.5,TP_HIT,3087.37637,3112.0341,3082.016,0,0.049,0.251,3087.37637,0.7,0,1.0,1.0,2,0,0,1,0.0,0,0.464,0.358,1,0.464,0.3,0.053,0.262,0.15,0.0,3087.37637,0.731,1.203,1,2,0.0,0,15343,0.563,2.08,0,0.25,0.247,0.088,0.344,0.646,1.0,0,0.825,402.0,15011.9
96685,XAUGBPm_20260805135939_0,XAUGBPm,BREAKOUT,BUY,0,2026.08.05 13:59:39,2026.08.05 15:00:02,60,3123.944,3147.717,23773.0,16020.39,0.195,1.925,TRAIL_STOP,3087.37637,3112.0341,3082.016,0,0.049,0.251,3087.37637,0.7,0,1.0,1.0,2,0,0,1,0.0,0,0.464,0.369,1,0.464,0.3,0.053,0.321,0.15,0.0,3115.25032,0.55,1.292,1,2,0.0,0,15343,0.492,1.95,0,0.25,0.247,0.187,0.299,0.562,1.0,0,0.825,417.0,16493.5
96688,XAUGBPm_20260805140000_7,XAUGBPm,ANCHORED_PULLBACK,BUY,0,2026.08.05 14:00:00,2026.08.05 15:00:02,60,3122.724,3147.717,24993.0,16620.82,0.105,1.914,TRAIL_STOP,3115.25032,3120.6107,3103.4575,0,0.262,1.547,3113.10617,0.4,0,1.0,0.825,0,0,0,1,0.0,5,1.0,0.47,1,0.346,0.247,0.387,0.644,0.25,-0.857,3115.25032,0.7,0.967,1,2,0.0,0,15344,0.274,2.06,0,0.25,0.247,0.187,0.299,0.562,1.0,0,0.825,417.0,16493.5
96689,XAUGBPm_20260805140000_7,XAUGBPm,ANCHORED_PULLBACK,BUY,1,2026.08.05 14:00:00,2026.08.05 15:01:16,61,3123.053,3152.697,29644.0,20078.93,0.127,1.968,TP_HIT,3115.25032,3120.6107,3103.4575,0,0.262,1.547,3113.10617,0.4,0,1.0,0.825,0,0,0,1,0.0,5,1.0,0.47,1,0.346,0.247,0.387,0.644,0.25,-0.857,3115.25032,0.7,0.967,1,2,0.0,0,15344,0.274,2.06,0,0.25,0.247,0.187,0.327,0.562,1.0,0,0.825,417.0,16493.5
96687,XAUGBPm_20260805140000_7,XAUGBPm,ANCHORED_PULLBACK,BUY,-1,2026.08.05 14:00:00,2026.08.05 15:02:09,62,3123.866,3153.525,29659.0,20760.18,0.181,1.967,TP_HIT,3115.25032,3120.6107,3103.4575,0,0.262,1.547,3113.10617,0.4,0,1.0,0.825,0,0,0,1,0.0,5,1.0,0.47,1,0.346,0.247,0.387,0.644,0.25,-0.857,3115.25032,0.7,0.967,1,2,0.0,0,15344,0.274,2.06,0,0.25,0.247,0.187,0.327,0.562,1.0,0,0.825,403.0,16493.5
96674,XAUGBPm_20260805130455_2,XAUGBPm,PULLBACK,BUY,-1,2026.08.05 13:04:55,2026.08.05 15:02:42,117,3113.567,3156.432,42865.0,28894.22,0.396,2.989,TP_HIT,3087.37637,3112.0341,3082.016,0,0.049,0.251,3087.37637,0.7,0,1.0,1.0,2,0,0,1,0.0,0,0.464,0.358,1,0.464,0.3,0.053,0.262,0.15,0.0,3087.37637,0.731,1.203,1,2,0.0,0,15343,0.48,5.41,0,0.25,0.247,0.187,0.327,0.562,1.0,0,0.825,418.0,16493.5
96684,XAUGBPm_20260805135939_0,XAUGBPm,BREAKOUT,BUY,-1,2026.08.05 13:59:39,2026.08.05 15:04:29,64,3123.944,3159.758,35814.0,24133.62,0.195,2.497,TP_HIT,3087.37637,3112.0341,3082.016,0,0.049,0.251,3087.37637,0.7,0,1.0,1.0,2,0,0,1,0.0,0,0.464,0.369,1,0.464,0.3,0.053,0.321,0.15,0.0,3115.25032,0.55,1.292,1,2,0.0,0,15343,0.492,1.95,0,0.25,0.247,0.187,0.327,0.562,1.0,0,0.825,418.0,16493.5
96686,XAUGBPm_20260805135939_0,XAUGBPm,BREAKOUT,BUY,1,2026.08.05 13:59:39,2026.08.05 15:04:29,64,3123.944,3159.758,35814.0,24133.62,0.195,2.497,TP_HIT,3087.37637,3112.0341,3082.016,0,0.049,0.251,3087.37637,0.7,0,1.0,1.0,2,0,0,1,0.0,0,0.464,0.369,1,0.464,0.3,0.053,0.321,0.15,0.0,3115.25032,0.55,1.292,1,2,0.0,0,15343,0.492,1.95,0,0.25,0.247,0.187,0.327,0.562,1.0,0,0.825,418.0,16493.5
96704,XAUGBPm_20260805150455_2,XAUGBPm,PULLBACK,BUY,0,2026.08.05 15:04:55,2026.08.05 15:20:11,15,3158.456,3160.746,2290.0,1542.04,0.202,0.23,TRAIL_STOP,3115.74708,3132.8243,3089.355,0,0.479,0.856,3112.64213,0.7,0,1.0,0.825,0,0,0,1,0.0,0,0.562,0.387,1,0.562,0.247,0.187,0.327,0.25,0.0,3140.58668,0.55,1.241,1,2,0.0,0,15345,0.471,4.36,0,0.25,0.247,0.187,0.327,0.562,1.0,0,0.825,418.0,16493.5
96707,XAUGBPm_20260805150456_3,XAUGBPm,TREND_CONTINUATION,BUY,0,2026.08.05 15:04:56,2026.08.05 15:20:11,15,3158.005,3160.746,2741.0,1845.73,0.175,0.257,TRAIL_STOP,3115.74708,3132.8243,3089.355,0,0.479,0.856,3112.64213,0.7,0,1.0,0.825,0,0,0,1,0.0,0,0.562,0.387,1,0.562,0.247,0.187,0.327,0.25,0.0,3140.58668,0.55,1.241,1,2,0.0,0,15345,0.553,2.08,0,0.25,0.247,0.187,0.327,0.562,1.0,0,0.825,418.0,16493.5
96705,XAUGBPm_20260805150455_2,XAUGBPm,PULLBACK,BUY,1,2026.08.05 15:04:55,2026.08.05 15:23:14,18,3158.456,3162.561,4105.0,2764.55,0.202,0.348,TRAIL_STOP,3115.74708,3132.8243,3089.355,0,0.479,0.856,3112.64213,0.7,0,1.0,0.825,0,0,0,1,0.0,0,0.562,0.387,1,0.562,0.247,0.187,0.327,0.25,0.0,3140.58668,0.55,1.241,1,2,0.0,0,15345,0.471,4.36,0,0.25,0.247,0.187,0.327,0.562,1.0,0,0.825,418.0,16493.5
96708,XAUGBPm_20260805150456_3,XAUGBPm,TREND_CONTINUATION,BUY,1,2026.08.05 15:04:56,2026.08.05 15:23:14,18,3158.005,3162.561,4556.0,3068.28,0.175,0.369,TRAIL_STOP,3115.74708,3132.8243,3089.355,0,0.479,0.856,3112.64213,0.7,0,1.0,0.825,0,0,0,1,0.0,0,0.562,0.387,1,0.562,0.247,0.187,0.327,0.25,0.0,3140.58668,0.55,1.241,1,2,0.0,0,15345,0.553,2.08,0,0.25,0.247,0.187,0.327,0.562,1.0,0,0.825,418.0,16493.5
96703,XAUGBPm_20260805150455_2,XAUGBPm,PULLBACK,BUY,-1,2026.08.05 15:04:55,2026.08.05 15:57:03,52,3158.456,3147.095,-11361.0,-7647.54,0.68,0.517,SL_HIT,3115.74708,3132.8243,3089.355,0,0.479,0.856,3112.64213,0.7,0,1.0,0.825,0,0,0,1,0.0,0,0.562,0.387,1,0.562,0.247,0.187,0.327,0.25,0.0,3140.58668,0.55,1.241,1,2,0.0,0,15345,0.471,4.36,0,0.25,0.247,0.187,0.299,0.562,1.0,0,0.825,418.0,16493.5
96715,XAUGBPm_20260805155939_0,XAUGBPm,BREAKOUT,BUY,0,2026.08.05 15:59:39,2026.08.05 15:59:54,0,3145.248,3144.341,-907.0,-610.52,0.052,0.0,SL_HIT,3115.74708,3132.8243,3089.355,0,0.479,0.856,3112.64213,0.7,0,1.0,0.825,0,0,0,1,0.0,0,0.562,0.379,1,0.562,0.247,0.187,0.281,0.25,0.0,3115.74708,0.7,1.171,1,2,0.0,0,15345,0.495,1.67,0,0.25,0.247,0.187,0.281,0.562,1.0,0,0.825,417.0,16493.5
96716,XAUGBPm_20260805155939_0,XAUGBPm,BREAKOUT,BUY,1,2026.08.05 15:59:39,2026.08.05 16:00:03,0,3145.248,3143.491,-1757.0,-1182.7,0.1,0.0,SL_HIT,3115.74708,3132.8243,3089.355,0,0.479,0.856,3112.64213,0.7,0,1.0,0.825,0,0,0,1,0.0,0,0.562,0.379,1,0.562,0.247,0.187,0.281,0.25,0.0,3115.74708,0.7,1.171,1,2,0.0,0,15345,0.495,1.67,0,0.0,0.3,0.0,0.163,0.485,1.0,1,1.0,417.0,16791.1
96720,XAUGBPm_20260805160006_1,XAUGBPm,BREAKOUT_RETEST,BUY,0,2026.08.05 16:00:06,2026.08.05 16:00:11,0,3143.553,3142.836,-717.0,-554.6,0.035,0.0,SL_HIT,3115.98545,3145.3471,3105.168,1,0.209,0.527,3115.98545,0.65,0,1.0,1.0,2,0,0,1,0.0,0,0.485,0.404,1,0.485,0.3,0.0,0.163,0.0,0.0,3115.98545,0.726,1.145,1,1,0.0,0,15346,0.611,4.4,0,0.0,0.3,0.0,0.163,0.485,1.0,1,1.0,417.0,16791.1
96721,XAUGBPm_20260805160006_1,XAUGBPm,BREAKOUT_RETEST,BUY,1,2026.08.05 16:00:06,2026.08.05 16:00:14,0,3143.66,3141.916,-1744.0,-1173.9,0.097,0.0,SL_HIT,3115.98545,3145.3471,3105.168,1,0.209,0.527,3115.98545,0.65,0,1.0,1.0,2,0,0,1,0.0,0,0.485,0.404,1,0.485,0.3,0.0,0.163,0.0,0.0,3115.98545,0.726,1.145,1,1,0.0,0,15346,0.611,4.4,0,0.0,0.3,0.0,0.14,0.485,1.0,1,1.0,417.0,16791.1
96719,XAUGBPm_20260805160006_1,XAUGBPm,BREAKOUT_RETEST,BUY,-1,2026.08.05 16:00:06,2026.08.05 16:05:01,4,3143.675,3138.58,-5095.0,-3347.15,0.295,0.078,SL_HIT,3115.98545,3145.3471,3105.168,1,0.209,0.527,3115.98545,0.65,0,1.0,1.0,2,0,0,1,0.0,0,0.485,0.404,1,0.485,0.3,0.0,0.163,0.0,0.0,3115.98545,0.726,1.145,1,1,0.0,0,15346,0.611,4.4,0,0.0,0.3,0.0,0.173,0.485,1.0,1,1.0,417.0,16791.1
96726,XAUGBPm_20260805170456_2,XAUGBPm,PULLBACK,BUY,0,2026.08.05 17:04:56,2026.08.05 17:05:11,0,3152.794,3152.476,-318.0,-213.99,0.017,0.022,SL_HIT,3141.87428,3166.982,3122.67425,1,0.431,0.865,3141.87428,0.75,0,1.0,1.0,0,0,0,1,0.0,0,0.535,0.432,1,0.535,0.3,0.0,0.157,0.0,0.0,3141.87428,0.744,1.135,1,1,0.0,0,15347,0.648,1.43,0,0.0,0.3,0.0,0.157,0.535,1.0,1,1.0,418.0,15960.5
96727,XAUGBPm_20260805170456_2,XAUGBPm,PULLBACK,BUY,1,2026.08.05 17:04:56,2026.08.05 17:05:30,0,3152.794,3151.617,-1177.0,-792.01,0.066,0.022,SL_HIT,3141.87428,3166.982,3122.67425,1,0.431,0.865,3141.87428,0.75,0,1.0,1.0,0,0,0,1,0.0,0,0.535,0.432,1,0.535,0.3,0.0,0.157,0.0,0.0,3141.87428,0.744,1.135,1,1,0.0,0,15347,0.648,1.43,0,0.0,0.3,0.0,0.046,0.535,1.0,1,1.0,418.0,15960.5
96731,XAUGBPm_20260805180006_1,XAUGBPm,BREAKOUT_RETEST,BUY,0,2026.08.05 18:00:06,2026.08.05 18:00:28,0,3155.155,3155.145,-10.0,-6.74,0.031,0.041,SL_HIT,3143.30188,3157.961,3137.66375,1,0.167,0.67,3143.30188,0.45,0,0.8,0.825,0,0,0,1,0.0,0,0.619,0.425,1,0.619,0.247,0.21,0.195,0.25,0.0,3143.30188,0.732,1.043,1,1,0.0,0,15348,0.522,2.75,0,0.25,0.247,0.21,0.195,0.619,0.8,1,0.825,403.0,16163.9
96735,XAUGBPm_20260805180208_0,XAUGBPm,BREAKOUT,BUY,0,2026.08.05 18:02:08,2026.08.05 18:02:45,0,3157.98,3157.268,-712.0,-479.59,0.04,0.006,SL_HIT,3143.30188,3157.961,3137.66375,1,0.167,0.67,3143.30188,0.45,0,0.8,0.825,0,0,0,1,0.0,0,0.619,0.437,1,0.619,0.247,0.21,0.263,0.25,0.0,3151.19525,0.55,1.145,1,1,0.0,0,15348,0.349,1.34,0,0.25,0.247,0.21,0.263,0.619,0.8,1,0.825,403.0,16163.9
96738,XAUGBPm_20260805180227_3,XAUGBPm,TREND_CONTINUATION,BUY,0,2026.08.05 18:02:27,2026.08.05 18:02:45,0,3158.24,3157.268,-972.0,-654.72,0.052,0.0,SL_HIT,3143.30188,3157.961,3137.66375,1,0.167,0.67,3143.30188,0.45,0,0.8,0.825,0,0,0,1,0.0,0,0.619,0.437,1,0.619,0.247,0.21,0.263,0.25,0.0,3151.19525,0.55,1.145,1,1,0.0,0,15348,0.498,2.08,0,0.25,0.247,0.21,0.263,0.619,0.8,1,0.825,403.0,16163.9
96732,XAUGBPm_20260805180006_1,XAUGBPm,BREAKOUT_RETEST,BUY,1,2026.08.05 18:00:06,2026.08.05 18:03:18,3,3155.155,3156.306,1151.0,775.19,0.035,0.167,TRAIL_STOP,3143.30188,3157.961,3137.66375,1,0.167,0.67,3143.30188,0.45,0,0.8,0.825,0,0,0,1,0.0,0,0.619,0.425,1,0.619,0.247,0.21,0.195,0.25,0.0,3143.30188,0.732,1.043,1,1,0.0,0,15348,0.522,2.75,0,0.25,0.247,0.21,0.263,0.619,0.8,1,0.825,403.0,16163.9
96736,XAUGBPm_20260805180208_0,XAUGBPm,BREAKOUT,BUY,1,2026.08.05 18:02:08,2026.08.05 18:03:18,1,3157.98,3156.306,-1674.0,-1127.51,0.096,0.0,SL_HIT,3143.30188,3157.961,3137.66375,1,0.167,0.67,3143.30188,0.45,0,0.8,0.825,0,0,0,1,0.0,0,0.619,0.437,1,0.619,0.247,0.21,0.263,0.25,0.0,3151.19525,0.55,1.145,1,1,0.0,0,15348,0.349,1.34,0,0.25,0.247,0.21,0.263,0.619,0.8,1,0.825,403.0,16163.9
96739,XAUGBPm_20260805180227_3,XAUGBPm,TREND_CONTINUATION,BUY,1,2026.08.05 18:02:27,2026.08.05 18:03:18,0,3158.24,3156.306,-1934.0,-1302.63,0.113,0.0,SL_HIT,3143.30188,3157.961,3137.66375,1,0.167,0.67,3143.30188,0.45,0,0.8,0.825,0,0,0,1,0.0,0,0.619,0.437,1,0.619,0.247,0.21,0.263,0.25,0.0,3151.19525,0.55,1.145,1,1,0.0,0,15348,0.498,2.08,0,0.25,0.247,0.21,0.263,0.619,0.8,1,0.825,403.0,16163.9
96725,XAUGBPm_20260805170456_2,XAUGBPm,PULLBACK,BUY,-1,2026.08.05 17:04:56,2026.08.05 18:23:38,78,3152.794,3165.961,13167.0,8868.37,0.313,0.818,TP_HIT,3141.87428,3166.982,3122.67425,1,0.431,0.865,3141.87428,0.75,0,1.0,1.0,0,0,0,1,0.0,0,0.535,0.432,1,0.535,0.3,0.0,0.157,0.0,0.0,3141.87428,0.744,1.135,1,1,0.0,0,15347,0.648,1.43,0,0.25,0.247,0.21,0.389,0.619,0.8,0,0.825,419.0,16163.9
96734,XAUGBPm_20260805180208_0,XAUGBPm,BREAKOUT,BUY,-1,2026.08.05 18:02:08,2026.08.05 18:23:38,21,3157.87,3166.639,8769.0,5832.14,0.112,0.535,TP_HIT,3143.30188,3157.961,3137.66375,1,0.167,0.67,3143.30188,0.45,0,0.8,0.825,0,0,0,1,0.0,0,0.619,0.437,1,0.619,0.247,0.21,0.263,0.25,0.0,3151.19525,0.55,1.145,1,1,0.0,0,15348,0.349,1.34,0,0.25,0.247,0.21,0.389,0.619,0.8,0,0.825,419.0,16163.9
96748,XAUGBPm_20260805190457_2,XAUGBPm,PULLBACK,BUY,0,2026.08.05 19:04:57,2026.08.05 19:06:02,1,3164.403,3163.471,-932.0,-627.67,0.054,0.0,SL_HIT,3159.78232,3164.9443,3148.72095,1,0.118,0.151,3159.78232,0.55,0,1.0,1.0,0,0,0,1,0.0,0,0.627,0.434,1,0.627,0.3,0.153,0.191,0.15,0.0,3148.72095,0.6,1.096,1,1,0.0,0,15349,0.648,2.0,0,0.15,0.3,0.153,0.191,0.627,1.0,1,1.0,404.0,16452.2
96749,XAUGBPm_20260805190457_2,XAUGBPm,PULLBACK,BUY,1,2026.08.05 19:04:57,2026.08.05 19:07:07,2,3164.403,3162.587,-1816.0,-1222.92,0.104,0.0,SL_HIT,3159.78232,3164.9443,3148.72095,1,0.118,0.151,3159.78232,0.55,0,1.0,1.0,0,0,0,1,0.0,0,0.627,0.434,1,0.627,0.3,0.153,0.191,0.15,0.0,3148.72095,0.6,1.096,1,1,0.0,0,15349,0.648,2.0,0,0.15,0.3,0.153,0.139,0.627,1.0,1,1.0,404.0,16452.2
96753,XAUGBPm_20260805200009_1,XAUGBPm,BREAKOUT_RETEST,BUY,0,2026.08.05 20:00:09,2026.08.05 20:00:19,0,3154.545,3153.673,-872.0,-587.14,0.05,0.0,SL_HIT,3155.35777,3163.46945,3147.2461,1,0.035,0.741,3149.45837,0.55,0,0.8,1.0,0,0,0,1,0.0,0,0.711,0.5,1,0.711,0.3,0.143,0.022,0.0,0.0,3149.45837,0.727,0.932,1,1,0.385,0,15350,0.56,3.83,0,0.0,0.3,0.143,0.022,0.711,0.8,1,1.0,403.0,15202.1
96754,XAUGBPm_20260805200009_1,XAUGBPm,BREAKOUT_RETEST,BUY,1,2026.08.05 20:00:09,2026.08.05 20:03:48,3,3154.545,3154.131,-414.0,-278.76,0.066,0.063,SL_HIT,3155.35777,3163.46945,3147.2461,1,0.035,0.741,3149.45837,0.55,0,0.8,1.0,0,0,0,1,0.0,0,0.711,0.5,1,0.711,0.3,0.143,0.022,0.0,0.0,3149.45837,0.727,0.932,1,1,0.385,0,15350,0.56,3.83,0,0.0,0.3,0.143,0.022,0.711,0.8,1,1.0,403.0,15202.1
96758,XAUGBPm_20260805204758_5,XAUGBPm,MEAN_REVERSION,BUY,0,2026.08.05 20:47:58,2026.08.05 20:50:51,2,3151.826,3151.894,68.0,45.78,0.031,0.042,TRAIL_STOP,3155.35777,3163.46945,3147.2461,1,0.035,0.741,3149.45837,0.55,0,0.8,1.0,0,0,0,1,0.0,0,0.711,0.504,2,0.711,0.3,0.143,0.07,0.0,0.0,3163.46945,0.6,1.004,1,1,0.385,0,15350,0.646,1.01,0,0.0,0.3,0.143,0.037,0.711,0.8,1,1.0,403.0,15202.1
96759,XAUGBPm_20260805204758_5,XAUGBPm,MEAN_REVERSION,BUY,1,2026.08.05 20:47:58,2026.08.05 20:55:05,7,3151.826,3151.072,-754.0,-507.72,0.044,0.042,SL_HIT,3155.35777,3163.46945,3147.2461,1,0.035,0.741,3149.45837,0.55,0,0.8,1.0,0,0,0,1,0.0,0,0.711,0.504,2,0.711,0.3,0.143,0.07,0.0,0.0,3163.46945,0.6,1.004,1,1,0.385,0,15350,0.646,1.01,0,0.0,0.3,0.143,0.07,0.711,0.8,1,1.0,403.0,15202.1
96763,XAUGBPm_20260805220123_0,XAUGBPm,BREAKOUT,BUY,0,2026.08.05 22:01:23,2026.08.05 22:01:26,0,3159.052,3157.441,-1611.0,-1084.78,0.082,0.0,SL_HIT,3154.32987,3160.86075,3149.8085,1,0.035,0.515,3155.33462,0.55,0,0.8,0.825,0,0,0,1,0.0,0,0.727,0.453,1,0.727,0.247,0.191,0.243,0.25,0.0,3149.8085,0.6,1.114,1,1,0.385,0,15351,0.353,1.67,0,0.25,0.247,0.191,0.284,0.727,0.8,1,0.825,582.0,14647.3
96766,XAUGBPm_20260805220124_2,XAUGBPm,PULLBACK,BUY,0,2026.08.05 22:01:24,2026.08.05 22:01:41,0,3158.428,3157.24,-1188.0,-799.95,0.088,0.0,SL_HIT,3154.32987,3160.86075,3149.8085,1,0.035,0.515,3155.33462,0.55,0,0.8,0.825,0,0,0,1,0.0,0,0.727,0.458,1,0.727,0.247,0.191,0.268,0.25,0.0,3149.8085,0.6,1.151,1,1,0.385,0,15351,0.579,2.0,0,0.25,0.247,0.191,0.284,0.727,0.8,1,0.825,582.0,14647.3
96770,XAUGBPm_20260805220126_3,XAUGBPm,TREND_CONTINUATION,BUY,0,2026.08.05 22:01:26,2026.08.05 22:01:41,0,3157.821,3157.24,-581.0,-391.22,0.046,0.0,SL_HIT,3154.32987,3160.86075,3149.8085,1,0.035,0.515,3155.33462,0.55,0,0.8,0.825,0,0,0,1,0.0,0,0.727,0.461,1,0.727,0.247,0.191,0.284,0.25,0.0,3149.8085,0.6,1.176,1,1,0.385,0,15351,0.505,2.08,0,0.25,0.247,0.191,0.284,0.727,0.8,1,0.825,582.0,14647.3
96764,XAUGBPm_20260805220123_0,XAUGBPm,BREAKOUT,BUY,1,2026.08.05 22:01:24,2026.08.05 22:02:51,1,3159.052,3157.345,-1707.0,-1149.49,0.169,0.0,SL_HIT,3154.32987,3160.86075,3149.8085,1,0.035,0.515,3155.33462,0.55,0,0.8,0.825,0,0,0,1,0.0,0,0.727,0.453,1,0.727,0.247,0.191,0.243,0.25,0.0,3149.8085,0.6,1.114,1,1,0.385,0,15351,0.353,1.67,0,0.25,0.247,0.191,0.284,0.727,0.8,1,0.825,750.0,14647.3
96767,XAUGBPm_20260805220124_2,XAUGBPm,PULLBACK,BUY,1,2026.08.05 22:01:24,2026.08.05 22:02:51,1,3158.428,3157.345,-1083.0,-729.29,0.127,0.02,SL_HIT,3154.32987,3160.86075,3149.8085,1,0.035,0.515,3155.33462,0.55,0,0.8,0.825,0,0,0,1,0.0,0,0.727,0.458,1,0.727,0.247,0.191,0.268,0.25,0.0,3149.8085,0.6,1.151,1,1,0.385,0,15351,0.579,2.0,0,0.25,0.247,0.191,0.284,0.727,0.8,1,0.825,750.0,14647.3
96771,XAUGBPm_20260805220126_3,XAUGBPm,TREND_CONTINUATION,BUY,1,2026.08.05 22:01:26,2026.08.05 22:02:51,1,3157.821,3157.345,-476.0,-320.54,0.085,0.062,SL_HIT,3154.32987,3160.86075,3149.8085,1,0.035,0.515,3155.33462,0.55,0,0.8,0.825,0,0,0,1,0.0,0,0.727,0.461,1,0.727,0.247,0.191,0.284,0.25,0.0,3149.8085,0.6,1.176,1,1,0.385,0,15351,0.505,2.08,0,0.25,0.247,0.191,0.284,0.727,0.8,1,0.825,750.0,14647.3
96757,XAUGBPm_20260805204758_5,XAUGBPm,MEAN_REVERSION,BUY,-1,2026.08.05 20:47:58,2026.08.05 23:23:04,155,3151.604,3163.95,12346.0,8164.36,0.065,0.803,TP_HIT,3155.35777,3163.46945,3147.2461,1,0.035,0.741,3149.45837,0.55,0,0.8,1.0,0,0,0,1,0.0,0,0.711,0.504,2,0.711,0.3,0.143,0.07,0.0,0.0,3163.46945,0.6,1.004,1,1,0.385,0,15350,0.646,1.01,0,0.25,0.247,0.088,0.286,0.61,0.8,0,0.825,404.0,14297.6
96730,XAUGBPm_20260805180006_1,XAUGBPm,BREAKOUT_RETEST,BUY,-1,2026.08.05 18:00:06,2026.08.05 23:35:08,335,3155.155,3168.581,13426.0,9040.46,0.281,0.821,TP_HIT,3143.30188,3157.961,3137.66375,1,0.167,0.67,3143.30188,0.45,0,0.8,0.825,0,0,0,1,0.0,0,0.619,0.425,1,0.619,0.247,0.21,0.195,0.25,0.0,3143.30188,0.732,1.043,1,1,0.0,0,15348,0.522,2.75,0,0.25,0.247,0.088,0.392,0.61,0.8,0,0.825,419.0,14297.6
96752,XAUGBPm_20260805200009_1,XAUGBPm,BREAKOUT_RETEST,BUY,-1,2026.08.05 20:00:09,2026.08.05 23:35:16,215,3154.545,3172.052,17507.0,11788.69,0.259,1.142,TP_HIT,3155.35777,3163.46945,3147.2461,1,0.035,0.741,3149.45837,0.55,0,0.8,1.0,0,0,0,1,0.0,0,0.711,0.5,1,0.711,0.3,0.143,0.022,0.0,0.0,3149.45837,0.727,0.932,1,1,0.385,0,15350,0.56,3.83,0,0.25,0.247,0.088,0.392,0.61,0.8,0,0.825,419.0,14297.6
96780,XAUGBPm_20260806000000_7,XAUGBPm,ANCHORED_PULLBACK,BUY,-1,2026.08.06 00:00:00,2026.08.06 00:01:13,1,3176.213,3169.509,-6704.0,-4514.57,0.424,0.0,SL_HIT,3154.1805,3163.4612,3152.0388,0,1.13,0.391,3154.1805,0.4,0,1.0,1.0,2,0,0,1,0.0,0,0.582,0.331,0,0.582,0.3,0.0,0.25,0.0,0.0,3154.1805,0.728,0.597,1,2,0.379,0,15353,0.505,4.61,0,0.0,0.3,0.0,0.296,0.582,1.0,0,1.0,419.0,15464.5
96781,XAUGBPm_20260806000000_7,XAUGBPm,ANCHORED_PULLBACK,BUY,0,2026.08.06 00:00:00,2026.08.06 00:01:13,1,3176.213,3169.509,-6704.0,-4328.04,0.424,0.0,SL_HIT,3154.1805,3163.4612,3152.0388,0,1.13,0.391,3154.1805,0.4,0,1.0,1.0,2,0,0,1,0.0,0,0.582,0.331,0,0.582,0.3,0.0,0.25,0.0,0.0,3154.1805,0.728,0.597,1,2,0.379,0,15353,0.505,4.61,0,0.0,0.3,0.0,0.296,0.582,1.0,0,1.0,419.0,15464.5
96782,XAUGBPm_20260806000000_7,XAUGBPm,ANCHORED_PULLBACK,BUY,1,2026.08.06 00:00:00,2026.08.06 00:01:13,1,3175.936,3169.238,-6698.0,-4510.47,0.424,0.011,SL_HIT,3154.1805,3163.4612,3152.0388,0,1.13,0.391,3154.1805,0.4,0,1.0,1.0,2,0,0,1,0.0,0,0.582,0.331,0,0.582,0.3,0.0,0.25,0.0,0.0,3154.1805,0.728,0.597,1,2,0.379,0,15353,0.505,4.61,0,0.0,0.3,0.0,0.296,0.582,1.0,0,1.0,419.0,15464.5
96788,XAUGBPm_20260806000123_0,XAUGBPm,BREAKOUT,BUY,1,2026.08.06 00:01:23,2026.08.06 00:12:24,11,3168.803,3168.594,-209.0,-140.74,0.136,0.442,SL_HIT,3154.1805,3163.4612,3152.0388,0,1.13,0.391,3154.1805,0.4,0,1.0,1.0,2,0,0,1,0.0,0,0.582,0.309,0,0.582,0.3,0.0,0.296,0.0,0.0,3154.1805,0.728,0.408,1,2,0.379,0,15353,0.477,3.45,0,0.0,0.3,0.0,0.296,0.582,1.0,0,1.0,419.0,15464.5
96791,XAUGBPm_20260806000126_2,XAUGBPm,PULLBACK,BUY,1,2026.08.06 00:01:26,2026.08.06 00:12:24,10,3168.803,3168.594,-209.0,-140.74,0.136,0.442,SL_HIT,3154.1805,3163.4612,3152.0388,0,1.13,0.391,3154.1805,0.4,0,1.0,1.0,2,0,0,1,0.0,0,0.582,0.31,0,0.582,0.3,0.0,0.296,0.0,0.0,3154.1805,0.728,0.415,1,2,0.379,0,15353,0.467,4.05,0,0.0,0.3,0.0,0.296,0.582,1.0,0,1.0,419.0,15464.5
96794,XAUGBPm_20260806000126_3,XAUGBPm,TREND_CONTINUATION,BUY,1,2026.08.06 00:01:26,2026.08.06 00:12:24,10,3169.346,3168.594,-752.0,-520.54,0.171,0.403,SL_HIT,3154.1805,3163.4612,3152.0388,0,1.13,0.391,3154.1805,0.4,0,1.0,1.0,2,0,0,1,0.0,0,0.582,0.31,0,0.582,0.3,0.0,0.296,0.0,0.0,3154.1805,0.728,0.418,1,2,0.379,0,15353,0.548,2.08,0,0.0,0.3,0.0,0.296,0.582,1.0,0,1.0,419.0,15464.5
96714,XAUGBPm_20260805155939_0,XAUGBPm,BREAKOUT,BUY,-1,2026.08.05 15:59:39,2026.08.06 00:46:15,526,3145.248,3186.594,41346.0,27037.12,0.415,2.5,TP_HIT,3115.74708,3132.8243,3089.355,0,0.479,0.856,3112.64213,0.7,0,1.0,0.825,0,0,0,1,0.0,0,0.562,0.379,1,0.562,0.247,0.187,0.281,0.25,0.0,3115.74708,0.7,1.171,1,2,0.0,0,15345,0.495,1.67,0,0.0,0.3,0.0,0.281,0.582,1.0,0,1.0,420.0,15464.5
96787,XAUGBPm_20260806000123_0,XAUGBPm,BREAKOUT,BUY,0,2026.08.06 00:01:23,2026.08.06 01:00:35,59,3168.803,3188.715,19912.0,13406.45,0.145,1.539,TRAIL_STOP,3154.1805,3163.4612,3152.0388,0,1.13,0.391,3154.1805,0.4,0,1.0,1.0,2,0,0,1,0.0,0,0.582,0.309,0,0.582,0.3,0.0,0.296,0.0,0.0,3154.1805,0.728,0.408,1,2,0.379,0,15353,0.477,3.45,0,0.15,0.3,0.159,0.311,0.47,1.0,0,1.0,420.0,16477.9
96790,XAUGBPm_20260806000126_2,XAUGBPm,PULLBACK,BUY,0,2026.08.06 00:01:26,2026.08.06 01:00:35,59,3168.803,3188.715,19912.0,13406.45,0.145,1.539,TRAIL_STOP,3154.1805,3163.4612,3152.0388,0,1.13,0.391,3154.1805,0.4,0,1.0,1.0,2,0,0,1,0.0,0,0.582,0.31,0,0.582,0.3,0.0,0.296,0.0,0.0,3154.1805,0.728,0.415,1,2,0.379,0,15353,0.467,4.05,0,0.15,0.3,0.159,0.311,0.47,1.0,0,1.0,420.0,16477.9
96793,XAUGBPm_20260806000126_3,XAUGBPm,TREND_CONTINUATION,BUY,0,2026.08.06 00:01:26,2026.08.06 01:00:35,59,3168.913,3188.715,19802.0,13040.86,0.152,1.532,TRAIL_STOP,3154.1805,3163.4612,3152.0388,0,1.13,0.391,3154.1805,0.4,0,1.0,1.0,2,0,0,1,0.0,0,0.582,0.31,0,0.582,0.3,0.0,0.296,0.0,0.0,3154.1805,0.728,0.418,1,2,0.379,0,15353,0.548,2.08,0,0.15,0.3,0.159,0.311,0.47,1.0,0,1.0,420.0,16477.9
96762,XAUGBPm_20260805220123_0,XAUGBPm,BREAKOUT,BUY,-1,2026.08.05 22:01:23,2026.08.06 01:01:31,180,3157.107,3193.742,36635.0,22553.11,0.288,2.493,TP_HIT,3154.32987,3160.86075,3149.8085,1,0.035,0.515,3155.33462,0.55,0,0.8,0.825,0,0,0,1,0.0,0,0.727,0.453,1,0.727,0.247,0.191,0.243,0.25,0.0,3149.8085,0.6,1.114,1,1,0.385,0,15351,0.353,1.67,0,0.15,0.3,0.159,0.341,0.47,1.0,0,1.0,421.0,16477.9
96769,XAUGBPm_20260805220126_3,XAUGBPm,TREND_CONTINUATION,BUY,-1,2026.08.05 22:01:26,2026.08.06 01:01:48,180,3157.821,3194.566,36745.0,23936.88,0.336,2.5,TP_HIT,3154.32987,3160.86075,3149.8085,1,0.035,0.515,3155.33462,0.55,0,0.8,0.825,0,0,0,1,0.0,0,0.727,0.461,1,0.727,0.247,0.191,0.284,0.25,0.0,3149.8085,0.6,1.176,1,1,0.385,0,15351,0.505,2.08,0,0.15,0.3,0.159,0.341,0.47,1.0,0,1.0,421.0,16477.9
96805,XAUGBPm_20260806012130_1,XAUGBPm,BREAKOUT_RETEST,BUY,0,2026.08.06 01:21:30,2026.08.06 01:25:23,3,3176.832,3178.972,2140.0,1441.27,0.254,0.274,TRAIL_STOP,3153.76003,3177.90255,3150.611,1,0.87,0.149,3174.75353,0.65,0,1.0,1.0,2,0,0,1,0.0,0,0.47,0.312,0,0.47,0.3,0.159,0.25,0.15,0.0,3153.76003,0.7,0.543,1,2,0.379,0,15354,0.583,3.06,0,0.15,0.3,0.159,0.296,0.47,1.0,0,1.0,420.0,16477.9
96806,XAUGBPm_20260806012130_1,XAUGBPm,BREAKOUT_RETEST,BUY,1,2026.08.06 01:21:30,2026.08.06 01:25:27,3,3176.832,3178.05,1218.0,820.27,0.254,0.274,TRAIL_STOP,3153.76003,3177.90255,3150.611,1,0.87,0.149,3174.75353,0.65,0,1.0,1.0,2,0,0,1,0.0,0,0.47,0.312,0,0.47,0.3,0.159,0.25,0.15,0.0,3153.76003,0.7,0.543,1,2,0.379,0,15354,0.583,3.06,0,0.15,0.3,0.159,0.296,0.47,1.0,0,1.0,420.0,16477.9
96804,XAUGBPm_20260806012130_1,XAUGBPm,BREAKOUT_RETEST,BUY,-1,2026.08.06 01:21:30,2026.08.06 02:05:38,44,3176.832,3192.041,15209.0,10243.57,0.254,0.916,TP_HIT,3153.76003,3177.90255,3150.611,1,0.87,0.149,3174.75353,0.65,0,1.0,1.0,2,0,0,1,0.0,0,0.47,0.312,0,0.47,0.3,0.159,0.25,0.15,0.0,3153.76003,0.7,0.543,1,2,0.379,0,15354,0.583,3.06,6,0.3,0.3,0.405,0.533,0.655,1.0,0,1.0,421.0,17491.5
96811,XAUGBPm_20260806030614_0,XAUGBPm,BREAKOUT,BUY,0,2026.08.06 03:06:14,2026.08.06 03:06:51,0,3178.749,3177.742,-1007.0,-678.05,0.056,0.0,SL_HIT,3181.98125,3188.9235,3173.0555,1,0.179,0.842,3181.98125,0.4,0,0.8,0.825,0,0,0,1,0.0,0,0.728,0.32,0,0.728,0.247,0.088,0.168,0.25,0.0,3173.0555,0.6,0.464,1,2,0.379,0,15356,0.32,6.23,0,0.25,0.247,0.088,0.168,0.728,0.8,1,0.825,420.0,17492.1
96814,XAUGBPm_20260806030646_2,XAUGBPm,PULLBACK,BUY,0,2026.08.06 03:06:46,2026.08.06 03:06:51,0,3178.724,3177.742,-982.0,-661.21,0.047,0.0,SL_HIT,3181.98125,3188.9235,3173.0555,1,0.179,0.842,3181.98125,0.4,0,0.8,0.825,0,0,0,1,0.0,0,0.728,0.32,0,0.728,0.247,0.088,0.168,0.25,0.0,3173.0555,0.6,0.463,1,2,0.379,0,15356,0.544,7.5,0,0.25,0.247,0.088,0.168,0.728,0.8,1,0.825,420.0,17492.1
96817,XAUGBPm_20260806030649_3,XAUGBPm,TREND_CONTINUATION,BUY,0,2026.08.06 03:06:49,2026.08.06 03:06:55,0,3178.576,3177.347,-1229.0,-827.53,0.064,0.0,SL_HIT,3181.98125,3188.9235,3173.0555,1,0.179,0.842,3181.98125,0.4,0,0.8,0.825,0,0,0,1,0.0,0,0.728,0.32,0,0.728,0.247,0.088,0.168,0.25,0.0,3173.0555,0.6,0.465,1,2,0.379,0,15356,0.463,2.08,0,0.25,0.247,0.088,0.168,0.728,0.8,1,0.825,420.0,17492.1
96812,XAUGBPm_20260806030614_0,XAUGBPm,BREAKOUT,BUY,1,2026.08.06 03:06:14,2026.08.06 03:08:20,2,3178.749,3176.767,-1982.0,-1334.56,0.105,0.0,SL_HIT,3181.98125,3188.9235,3173.0555,1,0.179,0.842,3181.98125,0.4,0,0.8,0.825,0,0,0,1,0.0,0,0.728,0.32,0,0.728,0.247,0.088,0.168,0.25,0.0,3173.0555,0.6,0.464,1,2,0.379,0,15356,0.32,6.23,0,0.25,0.247,0.088,0.156,0.728,0.8,1,0.825,420.0,17492.1
96815,XAUGBPm_20260806030646_2,XAUGBPm,PULLBACK,BUY,1,2026.08.06 03:06:46,2026.08.06 03:08:20,1,3178.724,3176.767,-1957.0,-1317.73,0.104,0.0,SL_HIT,3181.98125,3188.9235,3173.0555,1,0.179,0.842,3181.98125,0.4,0,0.8,0.825,0,0,0,1,0.0,0,0.728,0.32,0,0.728,0.247,0.088,0.168,0.25,0.0,3173.0555,0.6,0.463,1,2,0.379,0,15356,0.544,7.5,0,0.25,0.247,0.088,0.156,0.728,0.8,1,0.825,420.0,17492.1
96818,XAUGBPm_20260806030649_3,XAUGBPm,TREND_CONTINUATION,BUY,1,2026.08.06 03:06:49,2026.08.06 03:09:30,2,3178.576,3177.328,-1248.0,-840.3,0.103,0.024,SL_HIT,3181.98125,3188.9235,3173.0555,1,0.179,0.842,3181.98125,0.4,0,0.8,0.825,0,0,0,1,0.0,0,0.728,0.32,0,0.728,0.247,0.088,0.168,0.25,0.0,3173.0555,0.6,0.465,1,2,0.379,0,15356,0.463,2.08,0,0.25,0.247,0.088,0.168,0.728,0.8,1,0.825,420.0,17492.1
96810,XAUGBPm_20260806030614_0,XAUGBPm,BREAKOUT,BUY,-1,2026.08.06 03:06:14,2026.08.06 03:15:48,9,3178.749,3171.625,-7124.0,-4796.13,0.399,0.014,SL_HIT,3181.98125,3188.9235,3173.0555,1,0.179,0.842,3181.98125,0.4,0,0.8,0.825,0,0,0,1,0.0,0,0.728,0.32,0,0.728,0.247,0.088,0.168,0.25,0.0,3173.0555,0.6,0.464,1,2,0.379,0,15356,0.32,6.23,0,0.25,0.247,0.088,0.276,0.728,0.8,0,0.825,419.0,17492.1
96813,XAUGBPm_20260806030646_2,XAUGBPm,PULLBACK,BUY,-1,2026.08.06 03:06:46,2026.08.06 03:15:48,9,3178.724,3171.625,-7099.0,-4779.3,0.398,0.016,SL_HIT,3181.98125,3188.9235,3173.0555,1,0.179,0.842,3181.98125,0.4,0,0.8,0.825,0,0,0,1,0.0,0,0.728,0.32,0,0.728,0.247,0.088,0.168,0.25,0.0,3173.0555,0.6,0.463,1,2,0.379,0,15356,0.544,7.5,0,0.25,0.247,0.088,0.276,0.728,0.8,0,0.825,419.0,17492.1
96828,XAUGBPm_20260806032302_5,XAUGBPm,MEAN_REVERSION,BUY,0,2026.08.06 03:23:02,2026.08.06 03:23:07,0,3168.817,3167.918,-899.0,-605.11,0.042,0.0,SL_HIT,3181.98125,3188.9235,3173.0555,0,0.179,0.842,3181.98125,0.4,0,0.8,0.825,0,0,0,1,0.0,0,0.728,0.307,0,0.728,0.247,0.088,0.336,0.25,0.0,3181.98125,0.733,0.352,1,2,0.379,0,15356,0.609,0.94,0,0.25,0.247,0.088,0.336,0.728,0.8,0,0.825,419.0,17492.1
96829,XAUGBPm_20260806032302_5,XAUGBPm,MEAN_REVERSION,BUY,1,2026.08.06 03:23:02,2026.08.06 03:25:04,2,3168.817,3167.146,-1671.0,-1124.74,0.091,0.0,SL_HIT,3181.98125,3188.9235,3173.0555,0,0.179,0.842,3181.98125,0.4,0,0.8,0.825,0,0,0,1,0.0,0,0.728,0.307,0,0.728,0.247,0.088,0.336,0.25,0.0,3181.98125,0.733,0.352,1,2,0.379,0,15356,0.609,0.94,0,0.25,0.247,0.088,0.336,0.728,0.8,0,0.825,404.0,17492.1
96833,XAUGBPm_20260806033918_4,XAUGBPm,SWEEP_REVERSAL,BUY,0,2026.08.06 03:39:18,2026.08.06 03:39:35,0,3168.305,3167.489,-816.0,-549.22,0.039,0.0,SL_HIT,3181.98125,3188.9235,3173.0555,0,0.179,0.842,3181.98125,0.4,0,0.8,0.825,0,0,0,1,0.0,0,0.728,0.305,0,0.728,0.247,0.088,0.336,0.25,0.0,3181.98125,0.733,0.336,1,2,0.379,0,15356,0.173,0.8,0,0.25,0.247,0.088,0.336,0.728,0.8,0,0.825,419.0,17492.1
96834,XAUGBPm_20260806033918_4,XAUGBPm,SWEEP_REVERSAL,BUY,1,2026.08.06 03:39:18,2026.08.06 03:40:51,1,3168.305,3166.462,-1843.0,-1240.43,0.097,0.0,SL_HIT,3181.98125,3188.9235,3173.0555,0,0.179,0.842,3181.98125,0.4,0,0.8,0.825,0,0,0,1,0.0,0,0.728,0.305,0,0.728,0.247,0.088,0.336,0.25,0.0,3181.98125,0.733,0.336,1,2,0.379,0,15356,0.173,0.8,0,0.25,0.247,0.088,0.349,0.728,0.8,0,0.825,404.0,17492.1
96838,XAUGBPm_20260806050647_2,XAUGBPm,PULLBACK,BUY,0,2026.08.06 05:06:47,2026.08.06 05:07:56,1,3165.31,3164.939,-371.0,-249.66,0.031,0.018,SL_HIT,3181.63275,3193.1085,3173.688,0,0.074,0.247,3181.63275,0.55,0,1.0,0.825,0,0,0,1,0.0,0,0.692,0.309,0,0.692,0.247,0.232,0.23,0.4,0.0,3154.0586,0.65,0.339,1,1,0.341,0,15358,0.452,2.0,0,0.4,0.247,0.232,0.23,0.692,1.0,0,0.825,404.0,16518.4
96841,XAUGBPm_20260806050653_3,XAUGBPm,TREND_CONTINUATION,BUY,0,2026.08.06 05:06:53,2026.08.06 05:07:56,1,3165.236,3164.939,-297.0,-199.86,0.026,0.023,SL_HIT,3181.63275,3193.1085,3173.688,0,0.074,0.247,3181.63275,0.55,0,1.0,0.825,0,0,0,1,0.0,0,0.692,0.318,0,0.692,0.247,0.232,0.366,0.4,0.0,3154.0586,0.65,0.41,1,1,0.341,0,15358,0.532,2.08,0,0.4,0.247,0.232,0.23,0.692,1.0,0,0.825,404.0,16518.4
96839,XAUGBPm_20260806050647_2,XAUGBPm,PULLBACK,BUY,1,2026.08.06 05:06:47,2026.08.06 05:11:31,4,3165.31,3164.162,-1148.0,-772.47,0.06,0.021,SL_HIT,3181.63275,3193.1085,3173.688,0,0.074,0.247,3181.63275,0.55,0,1.0,0.825,0,0,0,1,0.0,0,0.692,0.309,0,0.692,0.247,0.232,0.23,0.4,0.0,3154.0586,0.65,0.339,1,1,0.341,0,15358,0.452,2.0,0,0.4,0.247,0.232,0.366,0.692,1.0,0,0.825,419.0,16518.4
96842,XAUGBPm_20260806050653_3,XAUGBPm,TREND_CONTINUATION,BUY,1,2026.08.06 05:06:53,2026.08.06 05:11:31,4,3165.236,3164.162,-1074.0,-722.68,0.056,0.026,SL_HIT,3181.63275,3193.1085,3173.688,0,0.074,0.247,3181.63275,0.55,0,1.0,0.825,0,0,0,1,0.0,0,0.692,0.318,0,0.692,0.247,0.232,0.366,0.4,0.0,3154.0586,0.65,0.41,1,1,0.341,0,15358,0.532,2.08,0,0.4,0.247,0.232,0.366,0.692,1.0,0,0.825,419.0,16518.4
96848,XAUGBPm_20260806052303_5,XAUGBPm,MEAN_REVERSION,BUY,0,2026.08.06 05:23:03,2026.08.06 05:23:21,0,3162.103,3161.506,-597.0,-401.7,0.025,0.007,SL_HIT,3181.63275,3193.1085,3173.688,0,0.074,0.247,3181.63275,0.55,0,1.0,0.825,0,0,0,1,0.0,0,0.692,0.331,0,0.692,0.247,0.232,0.425,0.4,0.0,3154.0586,0.65,0.522,1,1,0.341,0,15358,0.602,1.51,0,0.4,0.247,0.232,0.425,0.692,1.0,0,0.825,419.0,16518.4
96849,XAUGBPm_20260806052303_5,XAUGBPm,MEAN_REVERSION,BUY,1,2026.08.06 05:23:03,2026.08.06 05:25:41,2,3162.103,3160.637,-1466.0,-986.35,0.079,0.007,SL_HIT,3181.63275,3193.1085,3173.688,0,0.074,0.247,3181.63275,0.55,0,1.0,0.825,0,0,0,1,0.0,0,0.692,0.331,0,0.692,0.247,0.232,0.425,0.4,0.0,3154.0586,0.65,0.522,1,1,0.341,0,15358,0.602,1.51,0,0.4,0.247,0.232,0.45,0.692,1.0,0,0.825,419.0,16518.4
96816,XAUGBPm_20260806030649_3,XAUGBPm,TREND_CONTINUATION,BUY,-1,2026.08.06 03:06:49,2026.08.06 05:30:05,143,3178.576,3157.451,-21125.0,-14212.48,1.199,0.024,SL_HIT,3181.98125,3188.9235,3173.0555,1,0.179,0.842,3181.98125,0.4,0,0.8,0.825,0,0,0,1,0.0,0,0.728,0.32,0,0.728,0.247,0.088,0.168,0.25,0.0,3173.0555,0.6,0.465,1,2,0.379,0,15356,0.463,2.08,0,0.4,0.247,0.232,0.45,0.692,1.0,0,0.825,419.0,16518.4
96786,XAUGBPm_20260806000123_0,XAUGBPm,BREAKOUT,BUY,-1,2026.08.06 00:01:23,2026.08.06 05:30:05,328,3168.552,3157.244,-11308.0,-7776.66,0.718,1.702,SL_HIT,3154.1805,3163.4612,3152.0388,0,1.13,0.391,3154.1805,0.4,0,1.0,1.0,2,0,0,1,0.0,0,0.582,0.309,0,0.582,0.3,0.0,0.296,0.0,0.0,3154.1805,0.728,0.408,1,2,0.379,0,15353,0.477,3.45,0,0.4,0.247,0.232,0.45,0.692,1.0,0,0.825,419.0,16518.4
96789,XAUGBPm_20260806000126_2,XAUGBPm,PULLBACK,BUY,-1,2026.08.06 00:01:26,2026.08.06 05:30:05,328,3168.803,3157.244,-11559.0,-7776.66,0.734,1.686,SL_HIT,3154.1805,3163.4612,3152.0388,0,1.13,0.391,3154.1805,0.4,0,1.0,1.0,2,0,0,1,0.0,0,0.582,0.31,0,0.582,0.3,0.0,0.296,0.0,0.0,3154.1805,0.728,0.415,1,2,0.379,0,15353,0.467,4.05,0,0.4,0.247,0.232,0.45,0.692,1.0,0,0.825,419.0,16518.4
96856,XAUGBPm_20260806053918_4,XAUGBPm,SWEEP_REVERSAL,BUY,0,2026.08.06 05:39:18,2026.08.06 06:00:07,20,3166.827,3168.833,2006.0,1350.32,0.07,0.219,TRAIL_STOP,3181.63275,3193.1085,3173.688,0,0.074,0.247,3181.63275,0.55,0,1.0,0.825,0,0,0,1,0.0,0,0.692,0.306,0,0.692,0.247,0.232,0.23,0.4,0.0,3154.0586,0.65,0.308,1,1,0.341,0,15358,0.254,0.92,0,0.4,0.247,0.14,0.226,0.688,1.0,1,0.825,419.0,15375.2
96859,XAUGBPm_20260806060001_1,XAUGBPm,BREAKOUT_RETEST,BUY,0,2026.08.06 06:00:01,2026.08.06 06:00:07,0,3169.843,3168.695,-1148.0,-772.82,0.066,0.0,SL_HIT,3166.79837,3179.384,3156.149,1,0.05,0.076,3166.79837,0.6,0,1.0,0.825,0,0,0,1,0.0,0,0.688,0.323,0,0.688,0.247,0.14,0.226,0.4,0.0,3179.384,0.6,0.332,1,1,0.341,0,15359,0.571,2.17,0,0.4,0.247,0.14,0.226,0.688,1.0,1,0.825,419.0,15375.2
96862,XAUGBPm_20260806060001_7,XAUGBPm,ANCHORED_PULLBACK,BUY,0,2026.08.06 06:00:02,2026.08.06 06:00:07,0,3169.72,3168.695,-1025.0,-600.49,0.058,0.0,SL_HIT,3166.79837,3179.384,3156.149,1,0.05,0.076,3166.79837,0.6,0,1.0,0.825,0,0,0,1,0.0,0,0.688,0.323,0,0.688,0.247,0.14,0.226,0.4,0.0,3179.384,0.6,0.33,1,1,0.341,0,15359,0.516,1.7,0,0.4,0.247,0.14,0.226,0.688,1.0,1,0.825,419.0,15375.2
96857,XAUGBPm_20260806053918_4,XAUGBPm,SWEEP_REVERSAL,BUY,1,2026.08.06 05:39:18,2026.08.06 06:00:43,21,3166.827,3167.994,1167.0,785.64,0.07,0.219,TRAIL_STOP,3181.63275,3193.1085,3173.688,0,0.074,0.247,3181.63275,0.55,0,1.0,0.825,0,0,0,1,0.0,0,0.692,0.306,0,0.692,0.247,0.232,0.23,0.4,0.0,3154.0586,0.65,0.308,1,1,0.341,0,15358,0.254,0.92,0,0.4,0.247,0.14,0.226,0.688,1.0,1,0.825,419.0,15375.2
96860,XAUGBPm_20260806060001_1,XAUGBPm,BREAKOUT_RETEST,BUY,1,2026.08.06 06:00:01,2026.08.06 06:00:43,0,3169.843,3167.86,-1983.0,-1335.07,0.12,0.0,SL_HIT,3166.79837,3179.384,3156.149,1,0.05,0.076,3166.79837,0.6,0,1.0,0.825,0,0,0,1,0.0,0,0.688,0.323,0,0.688,0.247,0.14,0.226,0.4,0.0,3179.384,0.6,0.332,1,1,0.341,0,15359,0.571,2.17,0,0.4,0.247,0.14,0.226,0.688,1.0,1,0.825,419.0,15375.2
96863,XAUGBPm_20260806060001_7,XAUGBPm,ANCHORED_PULLBACK,BUY,1,2026.08.06 06:00:02,2026.08.06 06:00:43,0,3169.587,3167.86,-1727.0,-1162.72,0.104,0.0,SL_HIT,3166.79837,3179.384,3156.149,1,0.05,0.076,3166.79837,0.6,0,1.0,0.825,0,0,0,1,0.0,0,0.688,0.323,0,0.688,0.247,0.14,0.226,0.4,0.0,3179.384,0.6,0.33,1,1,0.341,0,15359,0.516,1.7,0,0.4,0.247,0.14,0.226,0.688,1.0,1,0.825,419.0,15375.2
96858,XAUGBPm_20260806060001_1,XAUGBPm,BREAKOUT_RETEST,BUY,-1,2026.08.06 06:00:01,2026.08.06 06:10:23,10,3169.695,3164.978,-4717.0,-3274.66,0.294,0.019,SL_HIT,3166.79837,3179.384,3156.149,1,0.05,0.076,3166.79837,0.6,0,1.0,0.825,0,0,0,1,0.0,0,0.688,0.323,0,0.688,0.247,0.14,0.226,0.4,0.0,3179.384,0.6,0.332,1,1,0.341,0,15359,0.571,2.17,0,0.4,0.247,0.14,0.239,0.688,1.0,1,0.825,419.0,15375.2
96861,XAUGBPm_20260806060001_7,XAUGBPm,ANCHORED_PULLBACK,BUY,-1,2026.08.06 06:00:01,2026.08.06 06:12:27,12,3169.72,3164.045,-5675.0,-3819.84,0.362,0.017,SL_HIT,3166.79837,3179.384,3156.149,1,0.05,0.076,3166.79837,0.6,0,1.0,0.825,0,0,0,1,0.0,0,0.688,0.323,0,0.688,0.247,0.14,0.226,0.4,0.0,3179.384,0.6,0.33,1,1,0.341,0,15359,0.516,1.7,0,0.4,0.247,0.14,0.239,0.688,1.0,1,0.825,419.0,15375.2
96873,XAUGBPm_20260806070933_2,XAUGBPm,PULLBACK,BUY,0,2026.08.06 07:09:34,2026.08.06 07:10:14,0,3165.912,3165.143,-769.0,-517.45,0.044,0.0,SL_HIT,3168.1463,3169.8602,3161.862,1,0.278,0.348,3168.1463,0.35,0,0.8,0.825,0,0,0,1,0.0,0,0.646,0.279,0,0.646,0.247,0.088,0.141,0.25,0.0,3154.0586,0.65,0.252,1,1,0.341,0,15360,0.534,2.0,0,0.25,0.247,0.088,0.182,0.646,0.8,1,0.825,404.0,14586.7
96876,XAUGBPm_20260806070935_3,XAUGBPm,TREND_CONTINUATION,BUY,0,2026.08.06 07:09:35,2026.08.06 07:10:14,0,3165.917,3165.143,-774.0,-520.82,0.045,0.0,SL_HIT,3168.1463,3169.8602,3161.862,1,0.278,0.348,3168.1463,0.35,0,0.8,0.825,0,0,0,1,0.0,0,0.646,0.279,0,0.646,0.247,0.088,0.141,0.25,0.0,3154.0586,0.65,0.252,1,1,0.341,0,15360,0.45,2.08,0,0.25,0.247,0.088,0.182,0.646,0.8,1,0.825,404.0,14586.7
96874,XAUGBPm_20260806070933_2,XAUGBPm,PULLBACK,BUY,1,2026.08.06 07:09:34,2026.08.06 07:14:13,4,3165.912,3165.954,42.0,28.27,0.061,0.096,TRAIL_STOP,3168.1463,3169.8602,3161.862,1,0.278,0.348,3168.1463,0.35,0,0.8,0.825,0,0,0,1,0.0,0,0.646,0.279,0,0.646,0.247,0.088,0.141,0.25,0.0,3154.0586,0.65,0.252,1,1,0.341,0,15360,0.534,2.0,0,0.25,0.247,0.088,0.141,0.646,0.8,1,0.825,419.0,14586.7
96877,XAUGBPm_20260806070935_3,XAUGBPm,TREND_CONTINUATION,BUY,1,2026.08.06 07:09:35,2026.08.06 07:14:13,4,3165.917,3165.954,37.0,24.9,0.062,0.095,TRAIL_STOP,3168.1463,3169.8602,3161.862,1,0.278,0.348,3168.1463,0.35,0,0.8,0.825,0,0,0,1,0.0,0,0.646,0.279,0,0.646,0.247,0.088,0.141,0.25,0.0,3154.0586,0.65,0.252,1,1,0.341,0,15360,0.45,2.08,0,0.25,0.247,0.088,0.141,0.646,0.8,1,0.825,419.0,14586.7
96883,XAUGBPm_20260806072402_0,XAUGBPm,BREAKOUT,BUY,0,2026.08.06 07:24:02,2026.08.06 07:24:39,0,3166.012,3166.735,723.0,486.62,0.035,0.108,TRAIL_STOP,3168.1463,3169.8602,3161.862,1,0.278,0.348,3168.1463,0.35,0,0.8,0.825,0,0,0,1,0.0,0,0.646,0.279,0,0.646,0.247,0.088,0.141,0.25,0.0,3154.0586,0.65,0.254,1,1,0.341,0,15360,0.31,1.67,0,0.25,0.247,0.088,0.106,0.646,0.8,1,0.825,419.0,14586.7
96884,XAUGBPm_20260806072402_0,XAUGBPm,BREAKOUT,BUY,1,2026.08.06 07:24:02,2026.08.06 07:24:58,0,3166.012,3166.104,92.0,61.92,0.035,0.097,TRAIL_STOP,3168.1463,3169.8602,3161.862,1,0.278,0.348,3168.1463,0.35,0,0.8,0.825,0,0,0,1,0.0,0,0.646,0.279,0,0.646,0.247,0.088,0.141,0.25,0.0,3154.0586,0.65,0.254,1,1,0.341,0,15360,0.31,1.67,0,0.25,0.247,0.088,0.141,0.646,0.8,1,0.825,404.0,14586.7
96888,XAUGBPm_20260806080001_1,XAUGBPm,BREAKOUT_RETEST,BUY,0,2026.08.06 08:00:01,2026.08.06 08:00:05,0,3167.423,3167.173,-250.0,-168.26,0.017,0.018,SL_HIT,3162.2248,3167.5858,3160.4378,1,0.037,0.217,3162.2248,0.5,0,0.482,0.6815,0,0,0,1,0.0,0,0.696,0.398,1,0.696,0.204,0.197,0.162,0.15,0.0,3162.2248,0.734,0.32,1,2,0.0,0,15361,0.373,1.01,0,0.15,0.204,0.197,0.162,0.696,0.482,1,0.6815,419.0,14062.5
96889,XAUGBPm_20260806080001_1,XAUGBPm,BREAKOUT_RETEST,BUY,1,2026.08.06 08:00:01,2026.08.06 08:01:24,1,3167.423,3167.8,377.0,347.21,0.029,0.118,TRAIL_STOP,3162.2248,3167.5858,3160.4378,1,0.037,0.217,3162.2248,0.5,0,0.482,0.6815,0,0,0,1,0.0,0,0.696,0.398,1,0.696,0.204,0.197,0.162,0.15,0.0,3162.2248,0.734,0.32,1,2,0.0,0,15361,0.373,1.01,0,0.15,0.204,0.197,0.192,0.696,0.482,0,0.6815,419.0,14062.5
96887,XAUGBPm_20260806080001_1,XAUGBPm,BREAKOUT_RETEST,BUY,-1,2026.08.06 08:00:01,2026.08.06 08:16:07,16,3167.305,3171.666,4361.0,2855.88,0.152,0.301,TP_HIT,3162.2248,3167.5858,3160.4378,1,0.037,0.217,3162.2248,0.5,0,0.482,0.6815,0,0,0,1,0.0,0,0.696,0.398,1,0.696,0.204,0.197,0.162,0.15,0.0,3162.2248,0.734,0.32,1,2,0.0,0,15361,0.373,1.01,0,0.15,0.204,0.197,0.325,0.696,0.482,0,0.6815,404.0,14062.5
96894,XAUGBPm_20260806090000_7,XAUGBPm,ANCHORED_PULLBACK,BUY,0,2026.08.06 09:00:00,2026.08.06 09:00:12,0,3177.917,3177.293,-624.0,-420.1,0.036,0.0,SL_HIT,3162.10935,3170.2371,3160.4838,0,0.849,0.016,3162.10935,0.45,0,0.675,-0.51,0,0,0,1,0.0,2,0.983,0.455,1,0.67,0.853,0.22,0.447,0.4,0.182,3162.10935,0.735,0.972,1,2,0.0,0,15362,0.632,10.82,0,0.4,0.153,0.22,0.447,0.675,0.675,0,-0.51,420.0,14313.6
96895,XAUGBPm_20260806090000_7,XAUGBPm,ANCHORED_PULLBACK,BUY,1,2026.08.06 09:00:00,2026.08.06 09:01:13,1,3177.917,3177.547,-370.0,-249.1,0.088,0.066,SL_HIT,3162.10935,3170.2371,3160.4838,0,0.849,0.016,3162.10935,0.45,0,0.675,-0.51,0,0,0,1,0.0,2,0.983,0.455,1,0.67,0.853,0.22,0.447,0.4,0.182,3162.10935,0.735,0.972,1,2,0.0,0,15362,0.632,10.82,0,0.4,0.153,0.22,0.447,0.675,0.675,0,-0.51,420.0,14313.6
96847,XAUGBPm_20260806052303_5,XAUGBPm,MEAN_REVERSION,BUY,-1,2026.08.06 05:23:03,2026.08.06 09:30:07,247,3162.103,3182.086,19983.0,13450.86,0.36,1.202,TP_HIT,3181.63275,3193.1085,3173.688,0,0.074,0.247,3181.63275,0.55,0,1.0,0.825,0,0,0,1,0.0,0,0.692,0.331,0,0.692,0.247,0.232,0.425,0.4,0.0,3154.0586,0.65,0.522,1,1,0.341,0,15358,0.602,1.51,0,0.4,0.153,0.22,0.447,0.675,0.675,0,-0.51,420.0,14313.6
96855,XAUGBPm_20260806053918_4,XAUGBPm,SWEEP_REVERSAL,BUY,-1,2026.08.06 05:39:18,2026.08.06 09:30:07,230,3166.827,3182.086,15259.0,10271.06,0.541,0.916,TP_HIT,3181.63275,3193.1085,3173.688,0,0.074,0.247,3181.63275,0.55,0,1.0,0.825,0,0,0,1,0.0,0,0.692,0.306,0,0.692,0.247,0.232,0.23,0.4,0.0,3154.0586,0.65,0.308,1,1,0.341,0,15358,0.254,0.92,0,0.4,0.153,0.22,0.447,0.675,0.675,0,-0.51,420.0,14313.6
96893,XAUGBPm_20260806090000_7,XAUGBPm,ANCHORED_PULLBACK,BUY,-1,2026.08.06 09:00:00,2026.08.06 09:44:57,44,3177.917,3175.256,-2661.0,-1790.01,0.178,0.291,SL_HIT,3162.10935,3170.2371,3160.4838,0,0.849,0.016,3162.10935,0.45,0,0.675,-0.51,0,0,0,1,0.0,2,0.983,0.455,1,0.67,0.853,0.22,0.447,0.4,0.182,3162.10935,0.735,0.972,1,2,0.0,0,15362,0.632,10.82,0,0.4,0.153,0.22,0.375,0.675,0.675,0,-0.51,420.0,14313.6
96902,XAUGBPm_20260806100000_0,XAUGBPm,BREAKOUT,BUY,0,2026.08.06 10:00:00,2026.08.06 10:00:32,0,3175.675,3175.283,-392.0,-263.74,0.04,0.011,SL_HIT,3162.121,3174.826,3159.096,0,0.185,0.162,3162.121,0.65,1,0.75,-0.545,2,0,0,1,0.0,2,1.0,0.429,1,0.643,0.863,0.14,0.305,0.4,0.429,3162.121,0.755,0.796,1,2,0.0,0,15363,0.532,2.4,4,0.4,0.164,0.14,0.305,0.643,0.75,0,-0.545,420.0,13932.1
96903,XAUGBPm_20260806100000_0,XAUGBPm,BREAKOUT,BUY,1,2026.08.06 10:00:00,2026.08.06 10:01:03,1,3175.675,3174.533,-1142.0,-768.35,0.073,0.011,SL_HIT,3162.121,3174.826,3159.096,0,0.185,0.162,3162.121,0.65,1,0.75,-0.545,2,0,0,1,0.0,2,1.0,0.429,1,0.643,0.863,0.14,0.305,0.4,0.429,3162.121,0.755,0.796,1,2,0.0,0,15363,0.532,2.4,4,0.4,0.164,0.14,0.302,0.643,0.75,1,-0.545,405.0,13932.1
96907,XAUGBPm_20260806101715_1,XAUGBPm,BREAKOUT_RETEST,BUY,0,2026.08.06 10:17:16,2026.08.06 10:17:28,0,3172.028,3171.15,-878.0,-590.74,0.055,0.0,SL_HIT,3162.121,3174.826,3159.096,1,0.185,0.162,3162.121,0.65,1,0.75,-0.545,2,0,0,1,0.0,4,0.593,0.31,0,0.643,0.164,0.14,0.391,0.4,0.0,3162.121,0.755,0.65,1,2,0.0,0,15363,0.442,1.02,4,0.4,0.164,0.14,0.375,0.643,0.75,1,-0.545,419.0,13932.1
96908,XAUGBPm_20260806101715_1,XAUGBPm,BREAKOUT_RETEST,BUY,1,2026.08.06 10:17:16,2026.08.06 10:22:46,5,3172.028,3171.544,-484.0,-325.67,0.072,0.056,SL_HIT,3162.121,3174.826,3159.096,1,0.185,0.162,3162.121,0.65,1,0.75,-0.545,2,0,0,1,0.0,4,0.593,0.31,0,0.643,0.164,0.14,0.391,0.4,0.0,3162.121,0.755,0.65,1,2,0.0,0,15363,0.442,1.02,4,0.4,0.164,0.14,0.391,0.643,0.75,1,-0.545,405.0,13932.1
96901,XAUGBPm_20260806100000_0,XAUGBPm,BREAKOUT,BUY,-1,2026.08.06 10:00:00,2026.08.06 11:52:25,112,3175.675,3161.027,-14648.0,-9861.11,1.043,0.013,SL_HIT,3162.121,3174.826,3159.096,0,0.185,0.162,3162.121,0.65,1,0.75,-0.545,2,0,0,1,0.0,2,1.0,0.429,1,0.643,0.863,0.14,0.305,0.4,0.429,3162.121,0.755,0.796,1,2,0.0,0,15363,0.532,2.4,0,0.25,0.157,0.195,0.314,0.709,0.494,0,-0.5245,419.0,13738.3
96906,XAUGBPm_20260806101715_1,XAUGBPm,BREAKOUT_RETEST,BUY,-1,2026.08.06 10:17:15,2026.08.06 11:52:25,95,3172.028,3161.027,-11001.0,-7405.93,0.781,0.129,SL_HIT,3162.121,3174.826,3159.096,1,0.185,0.162,3162.121,0.65,1,0.75,-0.545,2,0,0,1,0.0,4,0.593,0.31,0,0.643,0.164,0.14,0.391,0.4,0.0,3162.121,0.755,0.65,1,2,0.0,0,15363,0.442,1.02,0,0.25,0.157,0.195,0.314,0.709,0.494,0,-0.5245,419.0,13738.3
96915,XAUGBPm_20260806115233_4,XAUGBPm,SWEEP_REVERSAL,BUY,1,2026.08.06 11:52:33,2026.08.06 12:11:24,18,3160.837,3160.478,-359.0,-241.76,0.094,0.454,SL_HIT,3171.45028,3180.96645,3167.53185,0,0.008,0.644,3174.80892,0.6,0,0.494,-0.5245,0,0,0,1,0.0,0,0.709,0.374,1,0.709,0.157,0.195,0.338,0.25,0.0,3154.0586,0.65,0.444,1,2,0.0,0,15364,0.217,0.81,0,0.4,0.07,0.268,0.434,0.813,0.258,0,0.232,403.0,14362.7
96919,XAUGBPm_20260806121512_5,XAUGBPm,MEAN_REVERSION,BUY,1,2026.08.06 12:15:12,2026.08.06 12:30:57,15,3161.656,3165.276,3620.0,2437.83,0.213,0.413,TRAIL_STOP,3171.37712,3178.70425,3167.43175,0,0.341,0.13,3171.37712,0.5,0,0.258,0.232,0,0,0,1,0.0,0,0.813,0.371,1,0.813,0.07,0.268,0.41,0.4,0.0,3154.0586,0.65,0.316,1,2,0.0,0,15365,0.716,0.88,0,0.4,0.07,0.268,0.337,0.813,0.258,0,0.232,419.0,14362.7
96914,XAUGBPm_20260806115233_4,XAUGBPm,SWEEP_REVERSAL,BUY,0,2026.08.06 11:52:33,2026.08.06 12:46:20,53,3160.837,3166.552,5715.0,3848.57,0.163,0.723,TRAIL_STOP,3171.45028,3180.96645,3167.53185,0,0.008,0.644,3174.80892,0.6,0,0.494,-0.5245,0,0,0,1,0.0,0,0.709,0.374,1,0.709,0.157,0.195,0.338,0.25,0.0,3154.0586,0.65,0.444,1,2,0.0,0,15364,0.217,0.81,0,0.4,0.07,0.268,0.313,0.813,0.258,0,0.232,419.0,14362.7
96918,XAUGBPm_20260806121512_5,XAUGBPm,MEAN_REVERSION,BUY,0,2026.08.06 12:15:12,2026.08.06 12:46:20,31,3161.656,3166.552,4896.0,3297.04,0.213,0.635,TRAIL_STOP,3171.37712,3178.70425,3167.43175,0,0.341,0.13,3171.37712,0.5,0,0.258,0.232,0,0,0,1,0.0,0,0.813,0.371,1,0.813,0.07,0.268,0.41,0.4,0.0,3154.0586,0.65,0.316,1,2,0.0,0,15365,0.716,0.88,0,0.4,0.07,0.268,0.313,0.813,0.258,0,0.232,419.0,14362.7
96921,XAUGBPm_20260806123144_1,XAUGBPm,BREAKOUT_RETEST,BUY,-1,2026.08.06 12:31:44,2026.08.06 12:48:19,16,3168.513,3164.129,-4384.0,-2952.21,0.295,0.157,SL_HIT,3171.37712,3178.70425,3167.43175,1,0.341,0.13,3171.37712,0.5,0,0.258,0.232,0,0,0,1,0.0,0,0.813,0.376,1,0.813,0.07,0.268,0.298,0.4,0.0,3178.70425,0.6,0.36,1,2,0.0,0,15365,0.237,2.46,0,0.4,0.07,0.268,0.356,0.813,0.258,0,0.232,404.0,14362.7
96922,XAUGBPm_20260806123144_1,XAUGBPm,BREAKOUT_RETEST,BUY,0,2026.08.06 12:31:44,2026.08.06 12:48:19,16,3168.513,3164.129,-4384.0,-2952.21,0.295,0.157,SL_HIT,3171.37712,3178.70425,3167.43175,1,0.341,0.13,3171.37712,0.5,0,0.258,0.232,0,0,0,1,0.0,0,0.813,0.376,1,0.813,0.07,0.268,0.298,0.4,0.0,3178.70425,0.6,0.36,1,2,0.0,0,15365,0.237,2.46,0,0.4,0.07,0.268,0.356,0.813,0.258,0,0.232,404.0,14362.7
96923,XAUGBPm_20260806123144_1,XAUGBPm,BREAKOUT_RETEST,BUY,1,2026.08.06 12:31:44,2026.08.06 12:48:19,16,3168.513,3164.129,-4384.0,-2952.21,0.295,0.157,SL_HIT,3171.37712,3178.70425,3167.43175,1,0.341,0.13,3171.37712,0.5,0,0.258,0.232,0,0,0,1,0.0,0,0.813,0.376,1,0.813,0.07,0.268,0.298,0.4,0.0,3178.70425,0.6,0.36,1,2,0.0,0,15365,0.237,2.46,0,0.4,0.07,0.268,0.356,0.813,0.258,0,0.232,404.0,14362.7
96827,XAUGBPm_20260806032302_5,XAUGBPm,MEAN_REVERSION,BUY,-1,2026.08.06 03:23:02,2026.08.06 12:57:22,574,3169.189,3155.025,-14164.0,-9287.88,0.799,0.737,SL_HIT,3181.98125,3188.9235,3173.0555,0,0.179,0.842,3181.98125,0.4,0,0.8,0.825,0,0,0,1,0.0,0,0.728,0.307,0,0.728,0.247,0.088,0.336,0.25,0.0,3181.98125,0.733,0.352,1,2,0.379,0,15356,0.609,0.94,0,0.4,0.07,0.268,0.434,0.813,0.258,0,0.232,418.0,14362.7
96930,XAUGBPm_20260806124914_2,XAUGBPm,PULLBACK,BUY,0,2026.08.06 12:49:14,2026.08.06 13:00:02,10,3162.074,3155.316,-6758.0,-4551.72,0.51,0.0,SL_HIT,3171.37712,3178.70425,3167.43175,0,0.341,0.13,3171.37712,0.5,0,0.258,0.232,0,0,0,1,0.0,0,0.813,0.369,1,0.813,0.07,0.268,0.41,0.4,0.0,3154.0586,0.65,0.304,1,2,0.0,0,15365,0.191,2.0,0,0.4,0.152,0.292,0.403,0.621,0.69,0,0.5051,418.0,15090.8
96931,XAUGBPm_20260806124914_2,XAUGBPm,PULLBACK,BUY,1,2026.08.06 12:49:14,2026.08.06 13:00:06,10,3162.074,3155.016,-7058.0,-4753.99,0.51,0.0,SL_HIT,3171.37712,3178.70425,3167.43175,0,0.341,0.13,3171.37712,0.5,0,0.258,0.232,0,0,0,1,0.0,0,0.813,0.369,1,0.813,0.07,0.268,0.41,0.4,0.0,3154.0586,0.65,0.304,1,2,0.0,0,15365,0.191,2.0,0,0.4,0.152,0.292,0.403,0.621,0.69,0,0.5051,418.0,15090.8
96832,XAUGBPm_20260806033918_4,XAUGBPm,SWEEP_REVERSAL,BUY,-1,2026.08.06 03:39:18,2026.08.06 13:06:17,566,3168.305,3150.741,-17564.0,-11829.44,0.995,0.788,SL_HIT,3181.98125,3188.9235,3173.0555,0,0.179,0.842,3181.98125,0.4,0,0.8,0.825,0,0,0,1,0.0,0,0.728,0.305,0,0.728,0.247,0.088,0.336,0.25,0.0,3181.98125,0.733,0.336,1,2,0.379,0,15356,0.173,0.8,0,0.4,0.152,0.292,0.403,0.621,0.69,0,0.5051,418.0,15090.8
96792,XAUGBPm_20260806000126_3,XAUGBPm,TREND_CONTINUATION,BUY,-1,2026.08.06 00:01:26,2026.08.06 13:06:18,784,3168.913,3150.345,-18568.0,-12505.64,1.194,1.679,SL_HIT,3154.1805,3163.4612,3152.0388,0,1.13,0.391,3154.1805,0.4,0,1.0,1.0,2,0,0,1,0.0,0,0.582,0.31,0,0.582,0.3,0.0,0.296,0.0,0.0,3154.1805,0.728,0.418,1,2,0.379,0,15353,0.548,2.08,0,0.4,0.152,0.292,0.403,0.621,0.69,0,0.5051,418.0,15090.8
96917,XAUGBPm_20260806121512_5,XAUGBPm,MEAN_REVERSION,BUY,-1,2026.08.06 12:15:12,2026.08.06 13:06:32,51,3161.656,3150.095,-11561.0,-7786.45,0.797,0.635,SL_HIT,3171.37712,3178.70425,3167.43175,0,0.341,0.13,3171.37712,0.5,0,0.258,0.232,0,0,0,1,0.0,0,0.813,0.371,1,0.813,0.07,0.268,0.41,0.4,0.0,3154.0586,0.65,0.316,1,2,0.0,0,15365,0.716,0.88,0,0.4,0.152,0.292,0.403,0.621,0.69,0,0.5051,418.0,15090.8
96875,XAUGBPm_20260806070935_3,XAUGBPm,TREND_CONTINUATION,BUY,-1,2026.08.06 07:09:35,2026.08.06 13:08:29,358,3165.917,3148.316,-17601.0,-11852.51,1.178,1.108,SL_HIT,3168.1463,3169.8602,3161.862,1,0.278,0.348,3168.1463,0.35,0,0.8,0.825,0,0,0,1,0.0,0,0.646,0.279,0,0.646,0.247,0.088,0.141,0.25,0.0,3154.0586,0.65,0.252,1,1,0.341,0,15360,0.45,2.08,0,0.4,0.152,0.292,0.403,0.621,0.69,0,0.5051,417.0,15090.8
96913,XAUGBPm_20260806115233_4,XAUGBPm,SWEEP_REVERSAL,BUY,-1,2026.08.06 11:52:33,2026.08.06 13:09:11,76,3160.674,3146.806,-13868.0,-9448.83,0.995,0.735,SL_HIT,3171.45028,3180.96645,3167.53185,0,0.008,0.644,3174.80892,0.6,0,0.494,-0.5245,0,0,0,1,0.0,0,0.709,0.374,1,0.709,0.157,0.195,0.338,0.25,0.0,3154.0586,0.65,0.444,1,2,0.0,0,15364,0.217,0.81,0,0.4,0.152,0.292,0.403,0.621,0.69,0,0.5051,417.0,15090.8
96840,XAUGBPm_20260806050653_3,XAUGBPm,TREND_CONTINUATION,BUY,-1,2026.08.06 05:06:53,2026.08.06 13:09:17,482,3165.236,3145.317,-19919.0,-13413.55,1.198,1.02,SL_HIT,3181.63275,3193.1085,3173.688,0,0.074,0.247,3181.63275,0.55,0,1.0,0.825,0,0,0,1,0.0,0,0.692,0.318,0,0.692,0.247,0.232,0.366,0.4,0.0,3154.0586,0.65,0.41,1,1,0.341,0,15358,0.532,2.08,0,0.4,0.152,0.292,0.403,0.621,0.69,0,0.5051,417.0,15090.8
96882,XAUGBPm_20260806072402_0,XAUGBPm,BREAKOUT,BUY,-1,2026.08.06 07:24:02,2026.08.06 13:09:26,345,3166.012,3144.073,-21939.0,-14773.61,1.494,1.102,SL_HIT,3168.1463,3169.8602,3161.862,1,0.278,0.348,3168.1463,0.35,0,0.8,0.825,0,0,0,1,0.0,0,0.646,0.279,0,0.646,0.247,0.088,0.141,0.25,0.0,3154.0586,0.65,0.254,1,1,0.341,0,15360,0.31,1.67,0,0.4,0.152,0.292,0.403,0.621,0.69,0,0.5051,417.0,15090.8
96872,XAUGBPm_20260806070933_2,XAUGBPm,PULLBACK,BUY,-1,2026.08.06 07:09:34,2026.08.06 13:09:26,359,3165.912,3143.92,-21992.0,-14809.3,1.497,1.109,SL_HIT,3168.1463,3169.8602,3161.862,1,0.278,0.348,3168.1463,0.35,0,0.8,0.825,0,0,0,1,0.0,0,0.646,0.279,0,0.646,0.247,0.088,0.141,0.25,0.0,3154.0586,0.65,0.252,1,1,0.341,0,15360,0.534,2.0,0,0.4,0.152,0.292,0.403,0.621,0.69,0,0.5051,417.0,15090.8
96944,XAUGBPm_20260806133629_3,XAUGBPm,TREND_CONTINUATION,BUY,0,2026.08.06 13:36:29,2026.08.06 13:36:35,0,3159.041,3157.991,-1050.0,-707.35,0.061,0.0,SL_HIT,3171.83425,3173.8846,3157.4818,1,0.451,0.002,3170.46735,0.6,0,0.69,0.5051,0,0,0,1,0.0,0,0.621,0.327,0,0.621,0.152,0.292,0.386,0.4,0.0,3154.0586,0.65,0.361,1,2,0.0,0,15366,0.393,2.08,0,0.4,0.152,0.292,0.386,0.621,0.69,1,0.5051,403.0,15090.8
96945,XAUGBPm_20260806133629_3,XAUGBPm,TREND_CONTINUATION,BUY,1,2026.08.06 13:36:29,2026.08.06 13:39:31,3,3159.041,3161.276,2235.0,1505.42,0.112,0.453,TRAIL_STOP,3171.83425,3173.8846,3157.4818,1,0.451,0.002,3170.46735,0.6,0,0.69,0.5051,0,0,0,1,0.0,0,0.621,0.327,0,0.621,0.152,0.292,0.386,0.4,0.0,3154.0586,0.65,0.361,1,2,0.0,0,15366,0.393,2.08,0,0.4,0.152,0.292,0.301,0.621,0.69,1,0.5051,418.0,15090.8
96949,XAUGBPm_20260806140000_4,XAUGBPm,SWEEP_REVERSAL,BUY,0,2026.08.06 14:00:00,2026.08.06 14:05:11,5,3166.653,3165.887,-766.0,-516.16,0.143,0.165,SL_HIT,3166.353,3174.129,3155.121,1,0.016,0.571,3155.985,0.55,0,0.385,0.5896,0,0,1,1,0.0,6,0.5,0.254,0,0.735,0.177,0.405,0.327,0.3,0.0,3155.985,0.734,0.46,1,2,0.0,0,15367,0.455,2.0,6,0.3,0.177,0.405,0.327,0.735,0.385,1,0.5896,404.0,15582.1
96950,XAUGBPm_20260806140000_4,XAUGBPm,SWEEP_REVERSAL,BUY,1,2026.08.06 14:00:00,2026.08.06 14:05:15,5,3166.653,3164.994,-1659.0,-1117.78,0.143,0.165,SL_HIT,3166.353,3174.129,3155.121,1,0.016,0.571,3155.985,0.55,0,0.385,0.5896,0,0,1,1,0.0,6,0.5,0.254,0,0.735,0.177,0.405,0.327,0.3,0.0,3155.985,0.734,0.46,1,2,0.0,0,15367,0.455,2.0,6,0.3,0.177,0.405,0.351,0.735,0.385,1,0.5896,404.0,15582.1
96954,XAUGBPm_20260806150000_0,XAUGBPm,BREAKOUT,BUY,0,2026.08.06 15:00:00,2026.08.06 15:00:04,0,3173.687,3173.488,-199.0,-134.0,0.026,0.025,SL_HIT,3167.0952,3172.9206,3157.941,0,0.196,1.567,3167.0952,0.45,0,0.383,0.5727,0,0,0,0,0.0,0,0.714,0.46,1,0.714,0.172,0.0,0.537,0.0,-0.2765,3167.0952,0.735,1.255,1,2,0.0,0,15368,0.33,1.67,0,0.0,0.172,0.0,0.237,0.744,0.383,0,0.5727,419.0,14567.6
96957,XAUGBPm_20260806150000_7,XAUGBPm,ANCHORED_PULLBACK,BUY,0,2026.08.06 15:00:00,2026.08.06 15:00:04,0,3173.723,3173.488,-235.0,-158.24,0.007,0.023,SL_HIT,3167.0952,3172.9206,3157.941,0,0.196,1.567,3167.0952,0.45,0,0.383,0.5727,0,0,0,0,0.0,0,0.744,0.468,1,0.744,0.172,0.0,0.237,0.0,0.0,3167.0952,0.735,1.255,1,2,0.0,0,15368,0.521,4.73,0,0.0,0.172,0.0,0.237,0.744,0.383,0,0.5727,419.0,14567.6
96962,XAUGBPm_20260806150012_2,XAUGBPm,PULLBACK,BUY,0,2026.08.06 15:00:12,2026.08.06 15:00:43,0,3173.411,3173.736,325.0,218.8,0.033,0.062,TRAIL_STOP,3167.0952,3172.9206,3157.941,0,0.196,1.567,3167.0952,0.45,0,0.383,0.5727,0,0,0,0,0.0,0,0.744,0.468,1,0.744,0.172,0.0,0.237,0.0,0.0,3167.0952,0.735,1.255,1,2,0.0,0,15368,0.283,1.0,0,0.0,0.172,0.0,0.237,0.744,0.383,0,0.5727,405.0,14567.6
96955,XAUGBPm_20260806150000_0,XAUGBPm,BREAKOUT,BUY,1,2026.08.06 15:00:00,2026.08.06 15:01:08,1,3173.687,3172.92,-767.0,-604.6,0.052,0.035,SL_HIT,3167.0952,3172.9206,3157.941,0,0.196,1.567,3167.0952,0.45,0,0.383,0.5727,0,0,0,0,0.0,0,0.714,0.46,1,0.714,0.172,0.0,0.537,0.0,-0.2765,3167.0952,0.735,1.255,1,2,0.0,0,15368,0.33,1.67,0,0.0,0.172,0.0,0.177,0.744,0.383,1,0.5727,404.0,14567.6
96958,XAUGBPm_20260806150000_7,XAUGBPm,ANCHORED_PULLBACK,BUY,1,2026.08.06 15:00:00,2026.08.06 15:01:08,1,3173.723,3172.92,-803.0,-540.64,0.054,0.033,SL_HIT,3167.0952,3172.9206,3157.941,0,0.196,1.567,3167.0952,0.45,0,0.383,0.5727,0,0,0,0,0.0,0,0.744,0.468,1,0.744,0.172,0.0,0.237,0.0,0.0,3167.0952,0.735,1.255,1,2,0.0,0,15368,0.521,4.73,0,0.0,0.172,0.0,0.177,0.744,0.383,1,0.5727,404.0,14567.6
96963,XAUGBPm_20260806150012_2,XAUGBPm,PULLBACK,BUY,1,2026.08.06 15:00:12,2026.08.06 15:01:08,0,3173.411,3172.92,-491.0,-330.58,0.033,0.062,SL_HIT,3167.0952,3172.9206,3157.941,0,0.196,1.567,3167.0952,0.45,0,0.383,0.5727,0,0,0,0,0.0,0,0.744,0.468,1,0.744,0.172,0.0,0.237,0.0,0.0,3167.0952,0.735,1.255,1,2,0.0,0,15368,0.283,1.0,0,0.0,0.172,0.0,0.177,0.744,0.383,1,0.5727,404.0,14567.6
96969,XAUGBPm_20260806150128_1,XAUGBPm,BREAKOUT_RETEST,BUY,0,2026.08.06 15:01:28,2026.08.06 15:01:42,0,3172.69,3172.125,-565.0,-380.38,0.038,0.0,SL_HIT,3167.0952,3172.9206,3157.941,1,0.196,1.567,3167.0952,0.45,0,0.383,0.5727,0,0,0,0,0.0,0,0.744,0.457,1,0.744,0.172,0.0,0.177,0.0,0.0,3167.0952,0.735,1.166,1,2,0.0,0,15368,0.342,1.89,0,0.0,0.172,0.0,0.177,0.744,0.383,1,0.5727,404.0,14567.6
96970,XAUGBPm_20260806150128_1,XAUGBPm,BREAKOUT_RETEST,BUY,1,2026.08.06 15:01:28,2026.08.06 15:01:50,0,3172.69,3171.338,-1352.0,-910.23,0.089,0.0,SL_HIT,3167.0952,3172.9206,3157.941,1,0.196,1.567,3167.0952,0.45,0,0.383,0.5727,0,0,0,0,0.0,0,0.744,0.457,1,0.744,0.172,0.0,0.177,0.0,0.0,3167.0952,0.735,1.166,1,2,0.0,0,15368,0.342,1.89,0,0.0,0.172,0.0,0.177,0.744,0.383,1,0.5727,419.0,14567.6
96968,XAUGBPm_20260806150128_1,XAUGBPm,BREAKOUT_RETEST,BUY,-1,2026.08.06 15:01:28,2026.08.06 15:11:53,10,3172.551,3168.178,-4373.0,-3036.71,0.293,0.016,SL_HIT,3167.0952,3172.9206,3157.941,1,0.196,1.567,3167.0952,0.45,0,0.383,0.5727,0,0,0,0,0.0,0,0.744,0.457,1,0.744,0.172,0.0,0.177,0.0,0.0,3167.0952,0.735,1.166,1,2,0.0,0,15368,0.342,1.89,0,0.0,0.172,0.0,0.066,0.744,0.383,1,0.5727,404.0,14567.6
96956,XAUGBPm_20260806150000_7,XAUGBPm,ANCHORED_PULLBACK,BUY,-1,2026.08.06 15:00:00,2026.08.06 15:12:18,12,3173.723,3167.627,-6096.0,-4102.58,0.411,0.033,SL_HIT,3167.0952,3172.9206,3157.941,0,0.196,1.567,3167.0952,0.45,0,0.383,0.5727,0,0,0,0,0.0,0,0.744,0.468,1,0.744,0.172,0.0,0.237,0.0,0.0,3167.0952,0.735,1.255,1,2,0.0,0,15368,0.521,4.73,0,0.0,0.172,0.0,0.012,0.744,0.383,1,0.5727,419.0,14567.6
96953,XAUGBPm_20260806150000_0,XAUGBPm,BREAKOUT,BUY,-1,2026.08.06 15:00:00,2026.08.06 15:53:48,53,3173.687,3151.797,-21890.0,-14726.06,1.496,0.035,SL_HIT,3167.0952,3172.9206,3157.941,0,0.196,1.567,3167.0952,0.45,0,0.383,0.5727,0,0,0,0,0.0,0,0.714,0.46,1,0.714,0.172,0.0,0.537,0.0,-0.2765,3167.0952,0.735,1.255,1,2,0.0,0,15368,0.33,1.67,0,0.0,0.172,0.0,0.247,0.744,0.383,0,0.5727,403.0,14567.6
96961,XAUGBPm_20260806150012_2,XAUGBPm,PULLBACK,BUY,-1,2026.08.06 15:00:12,2026.08.06 15:53:48,53,3173.411,3151.477,-21934.0,-14755.66,1.493,0.054,SL_HIT,3167.0952,3172.9206,3157.941,0,0.196,1.567,3167.0952,0.45,0,0.383,0.5727,0,0,0,0,0.0,0,0.744,0.468,1,0.744,0.172,0.0,0.237,0.0,0.0,3167.0952,0.735,1.255,1,2,0.0,0,15368,0.283,1.0,0,0.0,0.172,0.0,0.247,0.744,0.383,0,0.5727,418.0,14567.6
96948,XAUGBPm_20260806140000_4,XAUGBPm,SWEEP_REVERSAL,BUY,-1,2026.08.06 14:00:00,2026.08.06 15:54:15,114,3166.882,3151.134,-15748.0,-10440.1,0.997,0.494,SL_HIT,3166.353,3174.129,3155.121,1,0.016,0.571,3155.985,0.55,0,0.385,0.5896,0,0,1,1,0.0,6,0.5,0.254,0,0.735,0.177,0.405,0.327,0.3,0.0,3155.985,0.734,0.46,1,2,0.0,0,15367,0.455,2.0,0,0.0,0.172,0.0,0.264,0.744,0.383,0,0.5727,418.0,14567.6
96979,XAUGBPm_20260806155425_3,XAUGBPm,TREND_CONTINUATION,BUY,0,2026.08.06 15:54:25,2026.08.06 15:54:28,0,3150.081,3149.464,-617.0,-415.01,0.037,0.0,SL_HIT,3167.0952,3172.9206,3157.941,0,0.196,1.567,3167.0952,0.45,0,0.383,0.5727,0,0,0,0,0.0,0,0.744,0.47,1,0.744,0.172,0.0,0.25,0.0,0.0,3167.0952,0.735,1.276,1,2,0.0,0,15368,0.335,1.0,0,0.0,0.172,0.0,0.25,0.744,0.383,0,0.5727,418.0,14567.6
96980,XAUGBPm_20260806155425_3,XAUGBPm,TREND_CONTINUATION,BUY,1,2026.08.06 15:54:25,2026.08.06 15:54:51,0,3150.081,3148.884,-1197.0,-805.04,0.075,0.013,SL_HIT,3167.0952,3172.9206,3157.941,0,0.196,1.567,3167.0952,0.45,0,0.383,0.5727,0,0,0,0,0.0,0,0.744,0.47,1,0.744,0.172,0.0,0.25,0.0,0.0,3167.0952,0.735,1.276,1,2,0.0,0,15368,0.335,1.0,0,0.0,0.172,0.0,0.25,0.744,0.383,0,0.5727,418.0,14567.6
96984,XAUGBPm_20260806160000_4,XAUGBPm,SWEEP_REVERSAL,BUY,0,2026.08.06 16:00:00,2026.08.06 16:03:02,3,3147.383,3149.045,1662.0,1118.14,0.1,0.149,TRAIL_STOP,3167.0952,3172.9206,3156.2766,0,1.113,0.094,3167.0952,0.5,0,0.544,0.5375,0,0,0,0,0.0,0,0.726,0.418,1,0.726,0.161,0.053,0.265,0.15,0.0,3167.0952,0.741,1.207,1,1,0.0,0,15369,0.163,1.33,0,0.15,0.161,0.053,0.277,0.726,0.544,0,0.5375,418.0,15166.7
96985,XAUGBPm_20260806160000_4,XAUGBPm,SWEEP_REVERSAL,BUY,1,2026.08.06 16:00:00,2026.08.06 16:03:17,3,3147.383,3148.25,867.0,583.27,0.1,0.149,TRAIL_STOP,3167.0952,3172.9206,3156.2766,0,1.113,0.094,3167.0952,0.5,0,0.544,0.5375,0,0,0,0,0.0,0,0.726,0.418,1,0.726,0.161,0.053,0.265,0.15,0.0,3167.0952,0.741,1.207,1,1,0.0,0,15369,0.163,1.33,0,0.15,0.161,0.053,0.277,0.726,0.544,0,0.5375,418.0,15166.7
96943,XAUGBPm_20260806133629_3,XAUGBPm,TREND_CONTINUATION,BUY,-1,2026.08.06 13:36:29,2026.08.06 16:16:39,160,3159.041,3140.833,-18208.0,-12246.34,1.2,1.03,SL_HIT,3171.83425,3173.8846,3157.4818,1,0.451,0.002,3170.46735,0.6,0,0.69,0.5051,0,0,0,1,0.0,0,0.621,0.327,0,0.621,0.152,0.292,0.386,0.4,0.0,3154.0586,0.65,0.361,1,2,0.0,0,15366,0.393,2.08,0,0.15,0.161,0.053,0.344,0.726,0.544,0,0.5375,403.0,15166.7
96837,XAUGBPm_20260806050647_2,XAUGBPm,PULLBACK,BUY,-1,2026.08.06 05:06:47,2026.08.06 16:22:08,675,3165.31,3140.514,-24796.0,-16677.17,1.494,1.016,SL_HIT,3181.63275,3193.1085,3173.688,0,0.074,0.247,3181.63275,0.55,0,1.0,0.825,0,0,0,1,0.0,0,0.692,0.309,0,0.692,0.247,0.232,0.23,0.4,0.0,3154.0586,0.65,0.339,1,1,0.341,0,15358,0.452,2.0,0,0.15,0.161,0.053,0.344,0.726,0.544,0,0.5375,417.0,15166.7
96929,XAUGBPm_20260806124914_2,XAUGBPm,PULLBACK,BUY,-1,2026.08.06 12:49:14,2026.08.06 16:22:08,212,3162.074,3140.514,-21560.0,-14500.72,1.493,0.871,SL_HIT,3171.37712,3178.70425,3167.43175,0,0.341,0.13,3171.37712,0.5,0,0.258,0.232,0,0,0,1,0.0,0,0.813,0.369,1,0.813,0.07,0.268,0.41,0.4,0.0,3154.0586,0.65,0.304,1,2,0.0,0,15365,0.191,2.0,0,0.15,0.161,0.053,0.344,0.726,0.544,0,0.5375,417.0,15166.7
96747,XAUGBPm_20260805190457_2,XAUGBPm,PULLBACK,BUY,-1,2026.08.05 19:04:57,2026.08.06 16:24:40,1279,3164.248,3139.499,-24749.0,-17557.28,1.496,1.862,SL_HIT,3159.78232,3164.9443,3148.72095,1,0.118,0.151,3159.78232,0.55,0,1.0,1.0,0,0,0,1,0.0,0,0.627,0.434,1,0.627,0.3,0.153,0.191,0.15,0.0,3148.72095,0.6,1.096,1,1,0.0,0,15349,0.648,2.0,0,0.15,0.161,0.053,0.344,0.726,0.544,0,0.5375,417.0,15166.7
96993,XAUGBPm_20260806170000_7,XAUGBPm,ANCHORED_PULLBACK,BUY,0,2026.08.06 17:00:00,2026.08.06 17:00:27,0,3152.424,3152.501,77.0,51.81,0.029,0.047,TRAIL_STOP,3166.62765,3174.585,3149.8288,1,0.33,0.152,3166.62765,0.7,0,0.675,-0.685,0,0,0,0,0.0,2,1.0,0.595,2,0.614,0.906,0.053,0.203,0.15,0.5532,3147.17635,0.55,1.564,1,1,0.0,0,15370,0.663,5.46,0,0.15,0.206,0.053,0.203,0.633,0.675,1,-0.685,418.0,14663.2
96994,XAUGBPm_20260806170000_7,XAUGBPm,ANCHORED_PULLBACK,BUY,1,2026.08.06 17:00:00,2026.08.06 17:01:04,1,3152.424,3151.746,-678.0,-526.82,0.037,0.047,SL_HIT,3166.62765,3174.585,3149.8288,1,0.33,0.152,3166.62765,0.7,0,0.675,-0.685,0,0,0,0,0.0,2,1.0,0.595,2,0.614,0.906,0.053,0.203,0.15,0.5532,3147.17635,0.55,1.564,1,1,0.0,0,15370,0.663,5.46,0,0.15,0.206,0.053,0.203,0.633,0.675,1,-0.685,403.0,14663.2
96998,XAUGBPm_20260806170147_5,XAUGBPm,MEAN_REVERSION,BUY,0,2026.08.06 17:01:47,2026.08.06 17:02:14,0,3152.611,3151.995,-616.0,-414.46,0.033,0.002,SL_HIT,3166.62765,3174.585,3149.8288,1,0.33,0.152,3166.62765,0.7,0,0.675,-0.685,0,0,0,0,0.0,0,0.633,0.451,1,0.633,0.206,0.053,0.203,0.15,0.0,3147.17635,0.55,1.114,1,1,0.0,0,15370,0.627,1.23,0,0.15,0.206,0.053,0.203,0.633,0.675,1,-0.685,403.0,14663.2
96999,XAUGBPm_20260806170147_5,XAUGBPm,MEAN_REVERSION,BUY,1,2026.08.06 17:01:47,2026.08.06 17:02:19,0,3152.611,3151.301,-1310.0,-966.2,0.079,0.002,SL_HIT,3166.62765,3174.585,3149.8288,1,0.33,0.152,3166.62765,0.7,0,0.675,-0.685,0,0,0,0,0.0,0,0.633,0.451,1,0.633,0.206,0.053,0.203,0.15,0.0,3147.17635,0.55,1.114,1,1,0.0,0,15370,0.627,1.23,0,0.15,0.206,0.053,0.215,0.633,0.675,1,-0.685,418.0,14663.2
96992,XAUGBPm_20260806170000_7,XAUGBPm,ANCHORED_PULLBACK,BUY,-1,2026.08.06 17:00:00,2026.08.06 19:40:39,160,3152.424,3148.347,-4077.0,-2741.68,0.271,0.435,SL_HIT,3166.62765,3174.585,3149.8288,1,0.33,0.152,3166.62765,0.7,0,0.675,-0.685,0,0,0,0,0.0,2,1.0,0.595,2,0.614,0.906,0.053,0.203,0.15,0.5532,3147.17635,0.55,1.564,1,1,0.0,0,15370,0.663,5.46,0,0.25,0.174,0.088,0.26,0.705,0.55,1,-0.58,403.0,13813.9
96997,XAUGBPm_20260806170147_5,XAUGBPm,MEAN_REVERSION,BUY,-1,2026.08.06 17:01:47,2026.08.07 02:02:45,540,3152.611,3167.085,14474.0,9468.03,0.542,0.964,TP_HIT,3166.62765,3174.585,3149.8288,1,0.33,0.152,3166.62765,0.7,0,0.675,-0.685,0,0,0,0,0.0,0,0.633,0.451,1,0.633,0.206,0.053,0.203,0.15,0.0,3147.17635,0.55,1.114,1,1,0.0,0,15370,0.627,1.23,0,0.15,0.231,0.192,0.335,0.736,0.908,0,-0.7705,419.0,14481.1
97004,XAUGBPm_20260807020028_7,XAUGBPm,ANCHORED_PULLBACK,BUY,0,2026.08.07 02:00:28,2026.08.07 02:05:10,4,3164.206,3166.566,2360.0,1587.48,0.046,0.223,TRAIL_STOP,3153.60532,3159.3883,3149.92525,0,0.587,0.007,3153.60532,0.45,0,0.908,-0.7705,0,0,0,0,0.0,0,0.736,0.51,2,0.736,0.231,0.192,0.323,0.15,0.0,3153.60532,0.734,1.294,1,2,0.0,0,15378,0.529,3.44,0,0.15,0.231,0.192,0.335,0.736,0.908,0,-0.7705,404.0,14481.1
97005,XAUGBPm_20260807020028_7,XAUGBPm,ANCHORED_PULLBACK,BUY,1,2026.08.07 02:00:29,2026.08.07 02:08:35,8,3164.206,3166.079,1873.0,1347.93,0.046,0.223,TRAIL_STOP,3153.60532,3159.3883,3149.92525,0,0.587,0.007,3153.60532,0.45,0,0.908,-0.7705,0,0,0,0,0.0,0,0.736,0.51,2,0.736,0.231,0.192,0.323,0.15,0.0,3153.60532,0.734,1.294,1,2,0.0,0,15378,0.529,3.44,0,0.15,0.231,0.192,0.335,0.736,0.908,0,-0.7705,404.0,14481.1
97003,XAUGBPm_20260807020028_7,XAUGBPm,ANCHORED_PULLBACK,BUY,-1,2026.08.07 02:00:28,2026.08.07 02:36:39,36,3164.206,3161.219,-2987.0,-2009.18,0.198,0.223,SL_HIT,3153.60532,3159.3883,3149.92525,0,0.587,0.007,3153.60532,0.45,0,0.908,-0.7705,0,0,0,0,0.0,0,0.736,0.51,2,0.736,0.231,0.192,0.323,0.15,0.0,3153.60532,0.734,1.294,1,2,0.0,0,15378,0.529,3.44,0,0.15,0.231,0.192,0.302,0.736,0.908,0,-0.7705,404.0,14481.1
97011,XAUGBPm_20260807030000_3,XAUGBPm,TREND_CONTINUATION,BUY,0,2026.08.07 03:00:00,2026.08.07 03:00:31,0,3159.768,3159.151,-617.0,-415.01,0.037,0.0,SL_HIT,3154.34695,3164.0259,3151.5002,1,0.273,0.594,3154.34695,0.55,0,0.49,0.5614,0,0,0,0,0.0,2,1.0,0.585,2,0.646,0.868,0.254,0.273,0.3,0.2158,3154.34695,0.738,1.579,1,2,0.0,0,15379,0.651,2.08,0,0.0,0.168,0.149,0.153,0.678,0.49,1,0.5614,419.0,14189.1
97012,XAUGBPm_20260807030000_3,XAUGBPm,TREND_CONTINUATION,BUY,1,2026.08.07 03:00:00,2026.08.07 03:05:38,5,3159.768,3164.953,5185.0,3487.33,0.051,0.456,TRAIL_STOP,3154.34695,3164.0259,3151.5002,1,0.273,0.594,3154.34695,0.55,0,0.49,0.5614,0,0,0,0,0.0,2,1.0,0.585,2,0.646,0.868,0.254,0.273,0.3,0.2158,3154.34695,0.738,1.579,1,2,0.0,0,15379,0.651,2.08,0,0.0,0.168,0.149,0.19,0.678,0.49,0,0.5614,404.0,14189.1
97016,XAUGBPm_20260807031034_0,XAUGBPm,BREAKOUT,BUY,0,2026.08.07 03:10:34,2026.08.07 03:11:04,0,3164.911,3163.869,-1042.0,-700.82,0.063,0.0,SL_HIT,3154.34695,3164.0259,3151.5002,0,0.273,0.594,3154.34695,0.55,0,0.49,0.5614,0,0,0,0,0.0,0,0.678,0.503,2,0.678,0.168,0.149,0.19,0.0,0.0,3154.34695,0.738,1.185,1,2,0.0,0,15379,0.373,3.4,0,0.0,0.168,0.149,0.204,0.678,0.49,1,0.5614,404.0,14189.1
97019,XAUGBPm_20260807031101_2,XAUGBPm,PULLBACK,BUY,0,2026.08.07 03:11:01,2026.08.07 03:11:04,0,3164.704,3163.869,-835.0,-561.6,0.049,0.0,SL_HIT,3154.34695,3164.0259,3151.5002,0,0.273,0.594,3154.34695,0.55,0,0.49,0.5614,0,0,0,0,0.0,0,0.678,0.503,2,0.678,0.168,0.149,0.19,0.0,0.0,3154.34695,0.738,1.185,1,2,0.0,0,15379,0.323,1.44,0,0.0,0.168,0.149,0.204,0.678,0.49,1,0.5614,404.0,14189.1
97017,XAUGBPm_20260807031034_0,XAUGBPm,BREAKOUT,BUY,1,2026.08.07 03:10:34,2026.08.07 03:11:14,0,3164.911,3163.054,-1857.0,-1248.94,0.122,0.0,SL_HIT,3154.34695,3164.0259,3151.5002,0,0.273,0.594,3154.34695,0.55,0,0.49,0.5614,0,0,0,0,0.0,0,0.678,0.503,2,0.678,0.168,0.149,0.19,0.0,0.0,3154.34695,0.738,1.185,1,2,0.0,0,15379,0.373,3.4,0,0.0,0.168,0.149,0.204,0.678,0.49,1,0.5614,419.0,14189.1
97020,XAUGBPm_20260807031101_2,XAUGBPm,PULLBACK,BUY,1,2026.08.07 03:11:01,2026.08.07 03:11:14,0,3164.704,3163.054,-1650.0,-1109.72,0.108,0.0,SL_HIT,3154.34695,3164.0259,3151.5002,0,0.273,0.594,3154.34695,0.55,0,0.49,0.5614,0,0,0,0,0.0,0,0.678,0.503,2,0.678,0.168,0.149,0.19,0.0,0.0,3154.34695,0.738,1.185,1,2,0.0,0,15379,0.323,1.44,0,0.0,0.168,0.149,0.204,0.678,0.49,1,0.5614,419.0,14189.1
96978,XAUGBPm_20260806155425_3,XAUGBPm,TREND_CONTINUATION,BUY,-1,2026.08.06 15:54:25,2026.08.07 03:30:51,696,3149.945,3167.636,17691.0,11537.59,0.736,1.204,TP_HIT,3167.0952,3172.9206,3157.941,0,0.196,1.567,3167.0952,0.45,0,0.383,0.5727,0,0,0,0,0.0,0,0.744,0.47,1,0.744,0.172,0.0,0.25,0.0,0.0,3167.0952,0.735,1.276,1,2,0.0,0,15368,0.335,1.0,0,0.0,0.168,0.149,0.195,0.678,0.49,0,0.5614,419.0,14189.1
96983,XAUGBPm_20260806160000_4,XAUGBPm,SWEEP_REVERSAL,BUY,-1,2026.08.06 16:00:00,2026.08.07 03:30:51,690,3147.383,3167.636,20253.0,13352.04,0.538,1.326,TP_HIT,3167.0952,3172.9206,3156.2766,0,1.113,0.094,3167.0952,0.5,0,0.544,0.5375,0,0,0,0,0.0,0,0.726,0.418,1,0.726,0.161,0.053,0.265,0.15,0.0,3167.0952,0.741,1.207,1,1,0.0,0,15369,0.163,1.33,0,0.0,0.168,0.149,0.195,0.678,0.49,0,0.5614,419.0,14189.1
97028,XAUGBPm_20260807040028_7,XAUGBPm,ANCHORED_PULLBACK,BUY,0,2026.08.07 04:00:28,2026.08.07 04:00:48,0,3170.525,3170.522,-3.0,-2.02,0.024,0.043,SL_HIT,3154.6235,3165.9064,3151.305,0,0.411,0.03,3154.6235,0.55,0,0.75,0.72,0,0,0,0,0.0,0,0.632,0.458,1,0.632,0.216,0.172,0.344,0.15,0.0,3165.2427,0.55,1.326,1,1,0.0,0,15380,0.476,13.52,0,0.15,0.216,0.172,0.344,0.632,0.75,0,0.72,420.0,13914.6
97029,XAUGBPm_20260807040028_7,XAUGBPm,ANCHORED_PULLBACK,BUY,1,2026.08.07 04:00:28,2026.08.07 04:01:39,1,3170.525,3171.805,1280.0,861.01,0.026,0.19,TRAIL_STOP,3154.6235,3165.9064,3151.305,0,0.411,0.03,3154.6235,0.55,0,0.75,0.72,0,0,0,0,0.0,0,0.632,0.458,1,0.632,0.216,0.172,0.344,0.15,0.0,3165.2427,0.55,1.326,1,1,0.0,0,15380,0.476,13.52,0,0.15,0.216,0.172,0.344,0.632,0.75,0,0.72,420.0,13914.6
97027,XAUGBPm_20260807040028_7,XAUGBPm,ANCHORED_PULLBACK,BUY,-1,2026.08.07 04:00:28,2026.08.07 04:02:34,2,3170.525,3168.471,-2054.0,-1381.77,0.139,0.19,SL_HIT,3154.6235,3165.9064,3151.305,0,0.411,0.03,3154.6235,0.55,0,0.75,0.72,0,0,0,0,0.0,0,0.632,0.458,1,0.632,0.216,0.172,0.344,0.15,0.0,3165.2427,0.55,1.326,1,1,0.0,0,15380,0.476,13.52,0,0.15,0.216,0.172,0.256,0.632,0.75,0,0.72,419.0,13914.6
97034,XAUGBPm_20260807050000_3,XAUGBPm,TREND_CONTINUATION,BUY,0,2026.08.07 05:00:00,2026.08.07 05:00:08,0,3170.326,3169.648,-678.0,-456.11,0.047,0.0,SL_HIT,3162.08945,3172.0081,3158.0053,1,0.26,0.22,3153.92115,0.6,0,0.825,0.755,0,0,0,0,0.0,5,0.545,0.331,0,0.349,0.226,0.559,0.255,0.45,-0.0493,3162.08945,0.7,0.713,1,1,0.0,0,15381,0.467,2.08,0,0.15,0.226,0.154,0.185,0.649,0.825,1,0.755,405.0,12152.9
97037,XAUGBPm_20260807050001_1,XAUGBPm,BREAKOUT_RETEST,BUY,0,2026.08.07 05:00:01,2026.08.07 05:00:08,0,3170.089,3169.648,-441.0,-296.67,0.027,0.008,SL_HIT,3162.08945,3172.0081,3158.0053,1,0.26,0.22,3153.92115,0.6,0,0.825,0.755,0,0,0,0,0.0,0,0.649,0.437,1,0.649,0.226,0.154,0.135,0.15,0.0,3162.08945,0.7,1.013,1,1,0.0,0,15381,0.529,1.98,0,0.15,0.226,0.154,0.185,0.649,0.825,1,0.755,405.0,12152.9
97035,XAUGBPm_20260807050000_3,XAUGBPm,TREND_CONTINUATION,BUY,1,2026.08.07 05:00:00,2026.08.07 05:01:43,1,3170.326,3169.072,-1254.0,-843.6,0.095,0.0,SL_HIT,3162.08945,3172.0081,3158.0053,1,0.26,0.22,3153.92115,0.6,0,0.825,0.755,0,0,0,0,0.0,5,0.545,0.331,0,0.349,0.226,0.559,0.255,0.45,-0.0493,3162.08945,0.7,0.713,1,1,0.0,0,15381,0.467,2.08,0,0.15,0.226,0.154,0.185,0.649,0.825,1,0.755,405.0,12152.9
97038,XAUGBPm_20260807050001_1,XAUGBPm,BREAKOUT_RETEST,BUY,1,2026.08.07 05:00:01,2026.08.07 05:01:43,1,3170.089,3169.072,-1017.0,-684.16,0.075,0.008,SL_HIT,3162.08945,3172.0081,3158.0053,1,0.26,0.22,3153.92115,0.6,0,0.825,0.755,0,0,0,0,0.0,0,0.649,0.437,1,0.649,0.226,0.154,0.135,0.15,0.0,3162.08945,0.7,1.013,1,1,0.0,0,15381,0.529,1.98,0,0.15,0.226,0.154,0.185,0.649,0.825,1,0.755,405.0,12152.9
97044,XAUGBPm_20260807051036_0,XAUGBPm,BREAKOUT,BUY,0,2026.08.07 05:10:36,2026.08.07 05:10:43,0,3171.912,3171.959,47.0,31.62,0.026,0.045,TRAIL_STOP,3162.08945,3172.0081,3158.0053,1,0.26,0.22,3153.92115,0.6,0,0.825,0.755,0,0,0,0,0.0,0,0.649,0.44,1,0.649,0.226,0.154,0.149,0.15,0.0,3166.75705,0.55,1.034,1,1,0.0,0,15381,0.357,5.09,0,0.15,0.226,0.154,0.149,0.649,0.825,1,0.755,420.0,12152.9
97048,XAUGBPm_20260807051101_2,XAUGBPm,PULLBACK,BUY,0,2026.08.07 05:11:01,2026.08.07 05:11:10,0,3173.856,3173.38,-476.0,-320.26,0.03,0.0,SL_HIT,3162.08945,3172.0081,3158.0053,0,0.26,0.22,3153.92115,0.6,0,0.825,0.755,0,0,0,0,0.0,0,0.649,0.464,1,0.649,0.226,0.154,0.288,0.15,0.0,3166.75705,0.55,1.242,1,1,0.0,0,15381,0.431,2.72,0,0.15,0.226,0.154,0.288,0.649,0.825,0,0.755,405.0,12152.9
97045,XAUGBPm_20260807051036_0,XAUGBPm,BREAKOUT,BUY,1,2026.08.07 05:10:36,2026.08.07 05:12:22,1,3171.912,3172.83,918.0,617.61,0.026,0.182,TRAIL_STOP,3162.08945,3172.0081,3158.0053,1,0.26,0.22,3153.92115,0.6,0,0.825,0.755,0,0,0,0,0.0,0,0.649,0.44,1,0.649,0.226,0.154,0.149,0.15,0.0,3166.75705,0.55,1.034,1,1,0.0,0,15381,0.357,5.09,0,0.15,0.226,0.154,0.288,0.649,0.825,0,0.755,420.0,12152.9
97049,XAUGBPm_20260807051101_2,XAUGBPm,PULLBACK,BUY,1,2026.08.07 05:11:01,2026.08.07 05:12:22,1,3173.856,3172.83,-1026.0,-690.32,0.088,0.012,SL_HIT,3162.08945,3172.0081,3158.0053,0,0.26,0.22,3153.92115,0.6,0,0.825,0.755,0,0,0,0,0.0,0,0.649,0.464,1,0.649,0.226,0.154,0.288,0.15,0.0,3166.75705,0.55,1.242,1,1,0.0,0,15381,0.431,2.72,0,0.15,0.226,0.154,0.288,0.649,0.825,0,0.755,420.0,12152.9
97036,XAUGBPm_20260807050001_1,XAUGBPm,BREAKOUT_RETEST,BUY,-1,2026.08.07 05:00:01,2026.08.07 05:50:22,50,3170.335,3179.38,9045.0,6249.73,0.238,0.733,TP_HIT,3162.08945,3172.0081,3158.0053,1,0.26,0.22,3153.92115,0.6,0,0.825,0.755,0,0,0,0,0.0,0,0.649,0.437,1,0.649,0.226,0.154,0.135,0.15,0.0,3162.08945,0.7,1.013,1,1,0.0,0,15381,0.529,1.98,0,0.15,0.226,0.154,0.288,0.649,0.825,0,0.755,420.0,12152.9
97055,XAUGBPm_20260807060029_7,XAUGBPm,ANCHORED_PULLBACK,BUY,0,2026.08.07 06:00:29,2026.08.07 06:30:15,29,3181.074,3181.012,-62.0,-41.71,0.115,0.688,SL_HIT,3171.31265,3173.1473,3160.9163,0,0.74,0.046,3171.31265,0.5,0,0.9,0.79,0,0,0,0,0.0,0,0.584,0.474,1,0.584,0.237,0.186,0.311,0.15,0.0,3171.31265,0.725,1.276,1,1,0.0,0,15382,0.464,8.95,0,0.15,0.237,0.186,0.311,0.584,0.9,0,0.79,420.0,12326.9
97056,XAUGBPm_20260807060029_7,XAUGBPm,ANCHORED_PULLBACK,BUY,1,2026.08.07 06:00:29,2026.08.07 06:59:23,58,3181.074,3193.816,12742.0,8571.93,0.115,1.126,TRAIL_STOP,3171.31265,3173.1473,3160.9163,0,0.74,0.046,3171.31265,0.5,0,0.9,0.79,0,0,0,0,0.0,0,0.584,0.474,1,0.584,0.237,0.186,0.311,0.15,0.0,3171.31265,0.725,1.276,1,1,0.0,0,15382,0.464,8.95,0,0.15,0.237,0.186,0.311,0.584,0.9,0,0.79,421.0,12326.9
97060,XAUGBPm_20260807070000_3,XAUGBPm,TREND_CONTINUATION,BUY,0,2026.08.07 07:00:00,2026.08.07 07:00:06,0,3194.284,3193.823,-461.0,-408.98,0.039,0.01,SL_HIT,3171.27132,3184.4267,3161.62405,0,1.854,0.019,3171.27132,0.65,0,0.975,0.825,0,0,0,0,0.0,2,1.0,0.572,2,0.625,0.947,0.14,0.338,0.15,0.9407,3171.27132,0.732,1.767,1,1,0.0,0,15383,0.845,2.08,0,0.15,0.247,0.14,0.338,0.627,0.975,0,0.825,421.0,11237.7
97061,XAUGBPm_20260807070000_3,XAUGBPm,TREND_CONTINUATION,BUY,1,2026.08.07 07:00:00,2026.08.07 07:00:14,0,3194.431,3193.255,-1176.0,-694.88,0.1,0.0,SL_HIT,3171.27132,3184.4267,3161.62405,0,1.854,0.019,3171.27132,0.65,0,0.975,0.825,0,0,0,0,0.0,2,1.0,0.572,2,0.625,0.947,0.14,0.338,0.15,0.9407,3171.27132,0.732,1.767,1,1,0.0,0,15383,0.845,2.08,0,0.15,0.247,0.14,0.338,0.627,0.975,0,0.825,421.0,11237.7
97065,XAUGBPm_20260807071036_0,XAUGBPm,BREAKOUT,BUY,0,2026.08.07 07:10:36,2026.08.07 07:10:55,0,3191.708,3190.776,-932.0,-626.89,0.09,0.0,SL_HIT,3171.27132,3184.4267,3161.62405,0,1.854,0.019,3171.27132,0.65,0,0.975,0.825,0,0,0,0,0.0,0,0.627,0.412,1,0.627,0.247,0.14,0.255,0.15,0.0,3171.27132,0.732,1.193,1,1,0.0,0,15383,0.496,1.46,0,0.15,0.247,0.14,0.255,0.627,0.975,0,0.825,421.0,11237.7
97066,XAUGBPm_20260807071036_0,XAUGBPm,BREAKOUT,BUY,1,2026.08.07 07:10:36,2026.08.07 07:11:08,0,3191.708,3190.132,-1576.0,-910.07,0.127,0.0,SL_HIT,3171.27132,3184.4267,3161.62405,0,1.854,0.019,3171.27132,0.65,0,0.975,0.825,0,0,0,0,0.0,0,0.627,0.412,1,0.627,0.247,0.14,0.255,0.15,0.0,3171.27132,0.732,1.193,1,1,0.0,0,15383,0.496,1.46,0,0.15,0.247,0.14,0.255,0.627,0.975,0,0.825,421.0,11237.7
97070,XAUGBPm_20260807080029_7,XAUGBPm,ANCHORED_PULLBACK,BUY,0,2026.08.07 08:00:29,2026.08.07 08:00:38,0,3190.79,3190.059,-731.0,-491.6,0.057,0.0,SL_HIT,3170.45012,3187.95075,3166.95,0,0.004,0.386,3170.45012,0.75,0,1.0,0.685,2,0,0,0,0.0,0,0.537,0.4,1,0.537,0.206,0.088,0.166,0.25,0.0,3170.45012,0.731,0.998,1,2,0.0,0,15384,0.494,4.33,0,0.25,0.206,0.088,0.166,0.537,1.0,0,0.685,406.0,10973.4
97071,XAUGBPm_20260807080029_7,XAUGBPm,ANCHORED_PULLBACK,BUY,1,2026.08.07 08:00:29,2026.08.07 08:04:58,4,3190.79,3191.618,828.0,556.74,0.081,0.168,TRAIL_STOP,3170.45012,3187.95075,3166.95,0,0.004,0.386,3170.45012,0.75,0,1.0,0.685,2,0,0,0,0.0,0,0.537,0.4,1,0.537,0.206,0.088,0.166,0.25,0.0,3170.45012,0.731,0.998,1,2,0.0,0,15384,0.494,4.33,0,0.25,0.206,0.088,0.192,0.537,1.0,0,0.685,421.0,10973.4
97075,XAUGBPm_20260807081116_2,XAUGBPm,PULLBACK,BUY,0,2026.08.07 08:11:16,2026.08.07 08:11:24,0,3195.387,3194.241,-1146.0,-770.49,0.09,0.0,SL_HIT,3170.45012,3187.95075,3166.95,0,0.004,0.386,3170.45012,0.75,0,1.0,0.685,2,0,0,0,0.0,0,0.537,0.437,1,0.537,0.206,0.088,0.375,0.25,0.0,3190.05082,0.55,1.312,1,2,0.0,0,15384,0.471,5.48,0,0.25,0.206,0.088,0.375,0.537,1.0,0,0.685,421.0,10973.4
97010,XAUGBPm_20260807030000_3,XAUGBPm,TREND_CONTINUATION,BUY,-1,2026.08.07 03:00:00,2026.08.07 08:12:29,312,3159.768,3195.256,35488.0,23855.92,0.051,2.486,TP_HIT,3154.34695,3164.0259,3151.5002,1,0.273,0.594,3154.34695,0.55,0,0.49,0.5614,0,0,0,0,0.0,2,1.0,0.585,2,0.646,0.868,0.254,0.273,0.3,0.2158,3154.34695,0.738,1.579,1,2,0.0,0,15379,0.651,2.08,0,0.25,0.206,0.088,0.375,0.537,1.0,0,0.685,422.0,10973.4
97018,XAUGBPm_20260807031101_2,XAUGBPm,PULLBACK,BUY,-1,2026.08.07 03:11:01,2026.08.07 08:12:29,301,3164.704,3195.383,30679.0,20623.19,0.271,2.138,TP_HIT,3154.34695,3164.0259,3151.5002,0,0.273,0.594,3154.34695,0.55,0,0.49,0.5614,0,0,0,0,0.0,0,0.678,0.503,2,0.678,0.168,0.149,0.19,0.0,0.0,3154.34695,0.738,1.185,1,2,0.0,0,15379,0.323,1.44,0,0.25,0.206,0.088,0.375,0.537,1.0,0,0.685,422.0,10973.4
97047,XAUGBPm_20260807051101_2,XAUGBPm,PULLBACK,BUY,-1,2026.08.07 05:11:01,2026.08.07 08:12:29,181,3173.856,3195.383,21527.0,14470.99,0.32,1.743,TP_HIT,3162.08945,3172.0081,3158.0053,0,0.26,0.22,3153.92115,0.6,0,0.825,0.755,0,0,0,0,0.0,0,0.649,0.464,1,0.649,0.226,0.154,0.288,0.15,0.0,3166.75705,0.55,1.242,1,1,0.0,0,15381,0.431,2.72,0,0.25,0.206,0.088,0.375,0.537,1.0,0,0.685,422.0,10973.4
97076,XAUGBPm_20260807081116_2,XAUGBPm,PULLBACK,BUY,1,2026.08.07 08:11:16,2026.08.07 08:13:45,2,3195.387,3196.939,1552.0,1043.38,0.118,0.236,TRAIL_STOP,3170.45012,3187.95075,3166.95,0,0.004,0.386,3170.45012,0.75,0,1.0,0.685,2,0,0,0,0.0,0,0.537,0.437,1,0.537,0.206,0.088,0.375,0.25,0.0,3190.05082,0.55,1.312,1,2,0.0,0,15384,0.471,5.48,0,0.25,0.206,0.088,0.375,0.537,1.0,0,0.685,422.0,10973.4
96737,XAUGBPm_20260805180227_3,XAUGBPm,TREND_CONTINUATION,BUY,-1,2026.08.05 18:02:27,2026.08.07 08:31:23,2308,3158.24,3198.654,40414.0,26091.98,1.177,2.49,TP_HIT,3143.30188,3157.961,3137.66375,1,0.167,0.67,3143.30188,0.45,0,0.8,0.825,0,0,0,1,0.0,0,0.619,0.437,1,0.619,0.247,0.21,0.263,0.25,0.0,3151.19525,0.55,1.145,1,1,0.0,0,15348,0.498,2.08,0,0.25,0.206,0.088,0.375,0.537,1.0,0,0.685,422.0,10973.4
96706,XAUGBPm_20260805150456_3,XAUGBPm,TREND_CONTINUATION,BUY,-1,2026.08.05 15:04:56,2026.08.07 08:33:51,2488,3158.005,3199.321,41316.0,26703.27,1.189,2.493,TP_HIT,3115.74708,3132.8243,3089.355,0,0.479,0.856,3112.64213,0.7,0,1.0,0.825,0,0,0,1,0.0,0,0.562,0.387,1,0.562,0.247,0.187,0.327,0.25,0.0,3140.58668,0.55,1.241,1,2,0.0,0,15345,0.553,2.08,0,0.25,0.206,0.088,0.375,0.537,1.0,0,0.685,422.0,10973.4
97015,XAUGBPm_20260807031034_0,XAUGBPm,BREAKOUT,BUY,-1,2026.08.07 03:10:34,2026.08.07 08:33:52,323,3164.911,3200.579,35668.0,23980.49,0.285,2.5,TP_HIT,3154.34695,3164.0259,3151.5002,0,0.273,0.594,3154.34695,0.55,0,0.49,0.5614,0,0,0,0,0.0,0,0.678,0.503,2,0.678,0.168,0.149,0.19,0.0,0.0,3154.34695,0.738,1.185,1,2,0.0,0,15379,0.373,3.4,0,0.25,0.206,0.088,0.375,0.537,1.0,0,0.685,422.0,10973.4
97033,XAUGBPm_20260807050000_3,XAUGBPm,TREND_CONTINUATION,BUY,-1,2026.08.07 05:00:00,2026.08.07 08:33:52,213,3170.326,3200.816,30490.0,20499.19,0.237,2.499,TP_HIT,3162.08945,3172.0081,3158.0053,1,0.26,0.22,3153.92115,0.6,0,0.825,0.755,0,0,0,0,0.0,5,0.545,0.331,0,0.349,0.226,0.559,0.255,0.45,-0.0493,3162.08945,0.7,0.713,1,1,0.0,0,15381,0.467,2.08,0,0.25,0.206,0.088,0.375,0.537,1.0,0,0.685,422.0,10973.4
96765,XAUGBPm_20260805220124_2,XAUGBPm,PULLBACK,BUY,-1,2026.08.05 22:01:24,2026.08.07 08:33:52,2072,3158.428,3202.377,43949.0,28474.6,1.311,2.992,TP_HIT,3154.32987,3160.86075,3149.8085,1,0.035,0.515,3155.33462,0.55,0,0.8,0.825,0,0,0,1,0.0,0,0.727,0.458,1,0.727,0.247,0.191,0.268,0.25,0.0,3149.8085,0.6,1.151,1,1,0.385,0,15351,0.579,2.0,0,0.25,0.206,0.088,0.375,0.537,1.0,0,0.685,422.0,10973.4
97043,XAUGBPm_20260807051036_0,XAUGBPm,BREAKOUT,BUY,-1,2026.08.07 05:10:36,2026.08.07 08:33:52,203,3171.912,3202.377,30465.0,20483.14,0.16,2.497,TP_HIT,3162.08945,3172.0081,3158.0053,1,0.26,0.22,3153.92115,0.6,0,0.825,0.755,0,0,0,0,0.0,0,0.649,0.44,1,0.649,0.226,0.154,0.149,0.15,0.0,3166.75705,0.55,1.034,1,1,0.0,0,15381,0.357,5.09,0,0.25,0.206,0.088,0.375,0.537,1.0,0,0.685,422.0,10973.4
97054,XAUGBPm_20260807060029_7,XAUGBPm,ANCHORED_PULLBACK,BUY,-1,2026.08.07 06:00:29,2026.08.07 08:33:54,153,3181.35,3205.595,24245.0,16487.18,0.137,1.965,TP_HIT,3171.31265,3173.1473,3160.9163,0,0.74,0.046,3171.31265,0.5,0,0.9,0.79,0,0,0,0,0.0,0,0.584,0.474,1,0.584,0.237,0.186,0.311,0.15,0.0,3171.31265,0.725,1.276,1,1,0.0,0,15382,0.464,8.95,0,0.25,0.206,0.088,0.375,0.537,1.0,0,0.685,422.0,10973.4
97090,XAUGBPm_20260807090000_3,XAUGBPm,TREND_CONTINUATION,BUY,0,2026.08.07 09:00:00,2026.08.07 09:00:03,0,3203.678,3203.028,-650.0,-436.91,0.043,0.0,SL_HIT,3187.6001,3195.0264,3173.8084,0,0.943,0.299,3187.6001,0.5,0,1.0,0.895,0,0,0,1,0.0,3,1.0,0.645,2,0.298,0.669,0.209,0.22,0.15,0.0182,3187.6001,0.728,1.74,1,2,0.0,0,15385,0.777,2.08,0,0.15,0.269,0.209,0.22,0.598,1.0,0,0.895,422.0,11958.1
97091,XAUGBPm_20260807090000_3,XAUGBPm,TREND_CONTINUATION,BUY,1,2026.08.07 09:00:00,2026.08.07 09:00:15,0,3203.678,3202.39,-1288.0,-774.97,0.099,0.0,SL_HIT,3187.6001,3195.0264,3173.8084,0,0.943,0.299,3187.6001,0.5,0,1.0,0.895,0,0,0,1,0.0,3,1.0,0.645,2,0.298,0.669,0.209,0.22,0.15,0.0182,3187.6001,0.728,1.74,1,2,0.0,0,15385,0.777,2.08,0,0.15,0.269,0.209,0.22,0.598,1.0,0,0.895,422.0,11958.1
97095,XAUGBPm_20260807091036_0,XAUGBPm,BREAKOUT,BUY,0,2026.08.07 09:10:36,2026.08.07 09:10:46,0,3203.906,3203.215,-691.0,-464.44,0.045,0.0,SL_HIT,3187.6001,3195.0264,3173.8084,0,0.943,0.299,3187.6001,0.5,0,1.0,0.895,0,0,0,1,0.0,0,0.598,0.481,1,0.598,0.269,0.209,0.259,0.15,0.0,3187.6001,0.728,1.198,1,2,0.0,0,15385,0.52,2.31,0,0.15,0.269,0.209,0.22,0.598,1.0,0,0.895,422.0,11958.1
97096,XAUGBPm_20260807091036_0,XAUGBPm,BREAKOUT,BUY,1,2026.08.07 09:10:37,2026.08.07 09:11:27,0,3203.906,3202.632,-1274.0,-856.34,0.096,0.0,SL_HIT,3187.6001,3195.0264,3173.8084,0,0.943,0.299,3187.6001,0.5,0,1.0,0.895,0,0,0,1,0.0,0,0.598,0.481,1,0.598,0.269,0.209,0.259,0.15,0.0,3187.6001,0.728,1.198,1,2,0.0,0,15385,0.52,2.31,0,0.15,0.269,0.209,0.22,0.598,1.0,0,0.895,422.0,11958.1
97069,XAUGBPm_20260807080029_7,XAUGBPm,ANCHORED_PULLBACK,BUY,-1,2026.08.07 08:00:29,2026.08.07 09:44:00,103,3190.79,3212.423,21633.0,14537.05,0.081,1.96,TP_HIT,3170.45012,3187.95075,3166.95,0,0.004,0.386,3170.45012,0.75,0,1.0,0.685,2,0,0,0,0.0,0,0.537,0.4,1,0.537,0.206,0.088,0.166,0.25,0.0,3170.45012,0.731,0.998,1,2,0.0,0,15384,0.494,4.33,0,0.15,0.269,0.209,0.334,0.598,1.0,0,0.895,423.0,11958.1
97101,XAUGBPm_20260807100000_1,XAUGBPm,BREAKOUT_RETEST,BUY,0,2026.08.07 10:00:00,2026.08.07 10:00:02,0,3211.458,3210.698,-760.0,-510.84,0.049,0.0,SL_HIT,3203.08252,3214.361,3188.33375,1,0.622,0.208,3203.08252,0.75,0,1.0,0.93,0,0,0,1,0.0,2,1.0,0.546,2,0.308,0.979,0.157,0.399,0.45,0.3832,3203.08252,0.741,1.678,1,2,0.0,0,15386,0.858,1.82,0,0.15,0.279,0.053,0.316,0.608,1.0,1,0.93,423.0,12551.2
97102,XAUGBPm_20260807100000_1,XAUGBPm,BREAKOUT_RETEST,BUY,1,2026.08.07 10:00:00,2026.08.07 10:01:56,1,3211.458,3210.968,-490.0,-329.32,0.073,0.053,SL_HIT,3203.08252,3214.361,3188.33375,1,0.622,0.208,3203.08252,0.75,0,1.0,0.93,0,0,0,1,0.0,2,1.0,0.546,2,0.308,0.979,0.157,0.399,0.45,0.3832,3203.08252,0.741,1.678,1,2,0.0,0,15386,0.858,1.82,0,0.15,0.279,0.053,0.279,0.608,1.0,1,0.93,423.0,12551.2
97106,XAUGBPm_20260807101116_2,XAUGBPm,PULLBACK,BUY,0,2026.08.07 10:11:16,2026.08.07 10:11:30,0,3208.976,3208.482,-494.0,-331.98,0.039,0.0,SL_HIT,3203.08252,3214.361,3188.33375,1,0.622,0.208,3203.08252,0.75,0,1.0,0.93,0,0,0,1,0.0,0,0.608,0.449,1,0.608,0.279,0.053,0.324,0.15,0.0,3203.08252,0.741,1.296,1,2,0.0,0,15386,0.646,5.6,0,0.15,0.279,0.053,0.324,0.608,1.0,1,0.93,423.0,12551.2
97107,XAUGBPm_20260807101116_2,XAUGBPm,PULLBACK,BUY,1,2026.08.07 10:11:16,2026.08.07 10:11:39,0,3208.976,3207.832,-1144.0,-768.8,0.078,0.001,SL_HIT,3203.08252,3214.361,3188.33375,1,0.622,0.208,3203.08252,0.75,0,1.0,0.93,0,0,0,1,0.0,0,0.608,0.449,1,0.608,0.279,0.053,0.324,0.15,0.0,3203.08252,0.741,1.296,1,2,0.0,0,15386,0.646,5.6,0,0.15,0.279,0.053,0.324,0.608,1.0,1,0.93,423.0,12551.2
97111,XAUGBPm_20260807110000_3,XAUGBPm,TREND_CONTINUATION,BUY,0,2026.08.07 11:00:00,2026.08.07 11:00:25,0,3212.945,3213.029,84.0,56.44,0.047,0.047,TRAIL_STOP,3203.61175,3215.185,3195.1247,1,0.028,1.095,3203.61175,0.65,0,0.8,0.965,0,0,0,1,0.0,0,0.608,0.362,1,0.608,0.29,0.105,0.483,0.3,-0.4826,3203.61175,0.742,0.995,1,2,0.0,0,15387,0.49,2.08,0,0.0,0.29,0.0,0.063,0.633,0.8,1,0.965,423.0,12363.8
97112,XAUGBPm_20260807110000_3,XAUGBPm,TREND_CONTINUATION,BUY,1,2026.08.07 11:00:00,2026.08.07 11:02:09,2,3212.945,3213.628,683.0,575.18,0.047,0.146,TRAIL_STOP,3203.61175,3215.185,3195.1247,1,0.028,1.095,3203.61175,0.65,0,0.8,0.965,0,0,0,1,0.0,0,0.608,0.362,1,0.608,0.29,0.105,0.483,0.3,-0.4826,3203.61175,0.742,0.995,1,2,0.0,0,15387,0.49,2.08,0,0.0,0.29,0.0,0.063,0.633,0.8,1,0.965,423.0,12363.8
97116,XAUGBPm_20260807111036_0,XAUGBPm,BREAKOUT,BUY,0,2026.08.07 11:10:36,2026.08.07 11:11:00,0,3216.927,3216.114,-813.0,-546.48,0.054,0.0,SL_HIT,3203.61175,3215.185,3195.1247,0,0.028,1.095,3203.61175,0.65,0,0.8,0.965,0,0,0,1,0.0,0,0.633,0.44,1,0.633,0.29,0.0,0.217,0.0,0.0,3212.0988,0.55,1.226,1,2,0.0,0,15387,0.45,1.67,0,0.0,0.29,0.0,0.217,0.633,0.8,0,0.965,423.0,12363.8
97117,XAUGBPm_20260807111036_0,XAUGBPm,BREAKOUT,BUY,1,2026.08.07 11:10:36,2026.08.07 11:13:29,2,3216.927,3216.328,-599.0,-402.63,0.096,0.047,SL_HIT,3203.61175,3215.185,3195.1247,0,0.028,1.095,3203.61175,0.65,0,0.8,0.965,0,0,0,1,0.0,0,0.633,0.44,1,0.633,0.29,0.0,0.217,0.0,0.0,3212.0988,0.55,1.226,1,2,0.0,0,15387,0.45,1.67,0,0.0,0.29,0.0,0.217,0.633,0.8,0,0.965,423.0,12363.8
97123,XAUGBPm_20260807120029_7,XAUGBPm,ANCHORED_PULLBACK,BUY,-1,2026.08.07 12:00:29,2026.08.07 12:03:09,2,3213.117,3215.335,2218.0,1491.61,0.065,0.172,TP_HIT,3202.6884,3215.2548,3200.4708,1,0.037,1.054,3202.6884,0.5,0,0.8,1.0,0,0,0,0,0.0,0,0.524,0.393,1,0.524,0.3,0.081,0.012,0.0,0.0,3202.6884,0.75,0.917,1,-2,0.0,0,15388,0.476,1.34,0,0.0,0.3,0.081,0.096,0.524,0.8,0,1.0,423.0,12188.4
97124,XAUGBPm_20260807120029_7,XAUGBPm,ANCHORED_PULLBACK,BUY,0,2026.08.07 12:00:29,2026.08.07 12:03:09,2,3213.117,3215.335,2218.0,1491.61,0.065,0.172,TP_HIT,3202.6884,3215.2548,3200.4708,1,0.037,1.054,3202.6884,0.5,0,0.8,1.0,0,0,0,0,0.0,0,0.524,0.393,1,0.524,0.3,0.081,0.012,0.0,0.0,3202.6884,0.75,0.917,1,-2,0.0,0,15388,0.476,1.34,0,0.0,0.3,0.081,0.096,0.524,0.8,0,1.0,423.0,12188.4
97125,XAUGBPm_20260807120029_7,XAUGBPm,ANCHORED_PULLBACK,BUY,1,2026.08.07 12:00:29,2026.08.07 12:03:09,2,3213.117,3215.335,2218.0,1491.61,0.065,0.172,TP_HIT,3202.6884,3215.2548,3200.4708,1,0.037,1.054,3202.6884,0.5,0,0.8,1.0,0,0,0,0,0.0,0,0.524,0.393,1,0.524,0.3,0.081,0.012,0.0,0.0,3202.6884,0.75,0.917,1,-2,0.0,0,15388,0.476,1.34,0,0.0,0.3,0.081,0.096,0.524,0.8,0,1.0,423.0,12188.4
97121,XAUGBPm_20260807120001_1,XAUGBPm,BREAKOUT_RETEST,BUY,0,2026.08.07 12:00:01,2026.08.07 12:24:55,24,3212.342,3205.546,-6796.0,-4569.8,0.547,0.256,SL_HIT,3202.6884,3215.2548,3200.4708,1,0.037,1.054,3202.6884,0.5,0,0.8,1.0,0,0,0,0,0.0,0,0.524,0.405,1,0.524,0.3,0.081,0.08,0.0,0.0,3202.6884,0.75,1.021,1,-2,0.0,0,15388,0.531,1.03,0,0.0,0.3,0.081,0.188,0.524,0.8,1,1.0,422.0,12188.4
97100,XAUGBPm_20260807100000_1,XAUGBPm,BREAKOUT_RETEST,BUY,-1,2026.08.07 10:00:00,2026.08.07 12:29:46,149,3211.318,3201.998,-9320.0,-6359.91,0.719,0.667,SL_HIT,3203.08252,3214.361,3188.33375,1,0.622,0.208,3203.08252,0.75,0,1.0,0.93,0,0,0,1,0.0,2,1.0,0.546,2,0.308,0.979,0.157,0.399,0.45,0.3832,3203.08252,0.741,1.678,1,2,0.0,0,15386,0.858,1.82,0,0.0,0.3,0.081,0.004,0.524,0.8,1,1.0,601.0,12188.4
97105,XAUGBPm_20260807101116_2,XAUGBPm,PULLBACK,BUY,-1,2026.08.07 10:11:16,2026.08.07 12:29:46,138,3208.976,3201.998,-6978.0,-4691.27,0.533,0.854,SL_HIT,3203.08252,3214.361,3188.33375,1,0.622,0.208,3203.08252,0.75,0,1.0,0.93,0,0,0,1,0.0,0,0.608,0.449,1,0.608,0.279,0.053,0.324,0.15,0.0,3203.08252,0.741,1.296,1,2,0.0,0,15386,0.646,5.6,0,0.0,0.3,0.081,0.004,0.524,0.8,1,1.0,601.0,12188.4
97120,XAUGBPm_20260807120001_1,XAUGBPm,BREAKOUT_RETEST,BUY,-1,2026.08.07 12:00:01,2026.08.07 12:29:47,29,3212.342,3201.846,-10496.0,-7056.41,0.849,0.256,SL_HIT,3202.6884,3215.2548,3200.4708,1,0.037,1.054,3202.6884,0.5,0,0.8,1.0,0,0,0,0,0.0,0,0.524,0.405,1,0.524,0.3,0.081,0.08,0.0,0.0,3202.6884,0.75,1.021,1,-2,0.0,0,15388,0.531,1.03,0,0.0,0.3,0.081,0.162,0.524,0.8,1,1.0,600.0,12188.4
97122,XAUGBPm_20260807120001_1,XAUGBPm,BREAKOUT_RETEST,BUY,1,2026.08.07 12:00:02,2026.08.07 12:29:47,29,3212.342,3201.846,-10496.0,-7147.84,0.849,0.256,SL_HIT,3202.6884,3215.2548,3200.4708,1,0.037,1.054,3202.6884,0.5,0,0.8,1.0,0,0,0,0,0.0,0,0.524,0.405,1,0.524,0.3,0.081,0.08,0.0,0.0,3202.6884,0.75,1.021,1,-2,0.0,0,15388,0.531,1.03,0,0.0,0.3,0.081,0.162,0.524,0.8,1,1.0,600.0,12188.4
97129,XAUGBPm_20260807121336_2,XAUGBPm,PULLBACK,BUY,-1,2026.08.07 12:13:36,2026.08.07 12:29:47,16,3210.76,3201.846,-8914.0,-5992.84,0.719,0.017,SL_HIT,3202.6884,3215.2548,3200.4708,1,0.037,1.054,3202.6884,0.5,0,0.8,1.0,0,0,0,0,0.0,0,0.524,0.414,1,0.524,0.3,0.081,0.131,0.0,0.0,3202.6884,0.75,1.096,1,-2,0.0,0,15388,0.583,1.05,0,0.0,0.3,0.081,0.162,0.524,0.8,1,1.0,600.0,12188.4
97130,XAUGBPm_20260807121336_2,XAUGBPm,PULLBACK,BUY,0,2026.08.07 12:13:36,2026.08.07 12:29:47,16,3210.76,3201.846,-8914.0,-5992.84,0.719,0.017,SL_HIT,3202.6884,3215.2548,3200.4708,1,0.037,1.054,3202.6884,0.5,0,0.8,1.0,0,0,0,0,0.0,0,0.524,0.414,1,0.524,0.3,0.081,0.131,0.0,0.0,3202.6884,0.75,1.096,1,-2,0.0,0,15388,0.583,1.05,0,0.0,0.3,0.081,0.162,0.524,0.8,1,1.0,600.0,12188.4
97131,XAUGBPm_20260807121336_2,XAUGBPm,PULLBACK,BUY,1,2026.08.07 12:13:36,2026.08.07 12:29:47,16,3210.76,3201.846,-8914.0,-5992.84,0.719,0.017,SL_HIT,3202.6884,3215.2548,3200.4708,1,0.037,1.054,3202.6884,0.5,0,0.8,1.0,0,0,0,0,0.0,0,0.524,0.414,1,0.524,0.3,0.081,0.131,0.0,0.0,3202.6884,0.75,1.096,1,-2,0.0,0,15388,0.583,1.05,0,0.0,0.3,0.081,0.162,0.524,0.8,1,1.0,600.0,12188.4
97064,XAUGBPm_20260807071036_0,XAUGBPm,BREAKOUT,BUY,-1,2026.08.07 07:10:36,2026.08.07 12:30:07,319,3191.597,3219.86,28263.0,18973.74,0.647,2.5,TP_HIT,3171.27132,3184.4267,3161.62405,0,1.854,0.019,3171.27132,0.65,0,0.975,0.825,0,0,0,0,0.0,0,0.627,0.412,1,0.627,0.247,0.14,0.255,0.15,0.0,3171.27132,0.732,1.193,1,1,0.0,0,15383,0.496,1.46,0,0.0,0.3,0.081,0.238,0.524,0.8,0,1.0,749.0,12188.4
97059,XAUGBPm_20260807070000_3,XAUGBPm,TREND_CONTINUATION,BUY,-1,2026.08.07 07:00:00,2026.08.07 12:30:07,330,3194.284,3222.812,28528.0,19227.16,0.886,2.375,TP_HIT,3171.27132,3184.4267,3161.62405,0,1.854,0.019,3171.27132,0.65,0,0.975,0.825,0,0,0,0,0.0,2,1.0,0.572,2,0.625,0.947,0.14,0.338,0.15,0.9407,3171.27132,0.732,1.767,1,1,0.0,0,15383,0.845,2.08,0,0.0,0.3,0.081,0.238,0.524,0.8,0,1.0,749.0,12188.4
97074,XAUGBPm_20260807081116_2,XAUGBPm,PULLBACK,BUY,-1,2026.08.07 08:11:16,2026.08.07 12:30:28,259,3195.387,3228.603,33216.0,22386.26,0.207,2.965,TP_HIT,3170.45012,3187.95075,3166.95,0,0.004,0.386,3170.45012,0.75,0,1.0,0.685,2,0,0,0,0.0,0,0.537,0.437,1,0.537,0.206,0.088,0.375,0.25,0.0,3190.05082,0.55,1.312,1,2,0.0,0,15384,0.471,5.48,0,0.0,0.3,0.081,0.238,0.524,0.8,0,1.0,601.0,12188.4
97089,XAUGBPm_20260807090000_3,XAUGBPm,TREND_CONTINUATION,BUY,-1,2026.08.07 09:00:00,2026.08.07 12:31:37,211,3203.548,3233.495,29947.0,20097.85,0.401,2.491,TP_HIT,3187.6001,3195.0264,3173.8084,0,0.943,0.299,3187.6001,0.5,0,1.0,0.895,0,0,0,1,0.0,3,1.0,0.645,2,0.298,0.669,0.209,0.22,0.15,0.0182,3187.6001,0.728,1.74,1,2,0.0,0,15385,0.777,2.08,0,0.0,0.3,0.081,0.238,0.524,0.8,0,1.0,482.0,12188.4
97094,XAUGBPm_20260807091036_0,XAUGBPm,BREAKOUT,BUY,-1,2026.08.07 09:10:36,2026.08.07 12:31:42,201,3204.023,3234.163,30140.0,20396.39,0.441,2.491,TP_HIT,3187.6001,3195.0264,3173.8084,0,0.943,0.299,3187.6001,0.5,0,1.0,0.895,0,0,0,1,0.0,0,0.598,0.481,1,0.598,0.269,0.209,0.259,0.15,0.0,3187.6001,0.728,1.198,1,2,0.0,0,15385,0.52,2.31,0,0.0,0.3,0.081,0.238,0.524,0.8,0,1.0,482.0,12188.4
97146,XAUGBPm_20260807154803_4,XAUGBPm,SWEEP_REVERSAL,BUY,0,2026.08.07 15:48:03,2026.08.07 15:52:05,4,3224.565,3219.82,-4745.0,-3201.19,0.302,0.0,SL_HIT,3220.8366,3235.2396,3216.0356,1,0.161,0.842,3228.5182,0.5,0,0.8,0.825,0,0,1,0,0.0,6,0.75,0.371,1,0.605,0.247,0.606,0.559,0.55,0.0,3216.0356,0.6,0.658,1,-2,0.0,0,15391,0.609,6.51,6,0.55,0.247,0.606,0.484,0.605,0.8,1,0.825,422.0,15312.3
97147,XAUGBPm_20260807154803_4,XAUGBPm,SWEEP_REVERSAL,BUY,1,2026.08.07 15:48:03,2026.08.07 15:52:05,4,3224.565,3219.82,-4745.0,-3201.19,0.302,0.0,SL_HIT,3220.8366,3235.2396,3216.0356,1,0.161,0.842,3228.5182,0.5,0,0.8,0.825,0,0,1,0,0.0,6,0.75,0.371,1,0.605,0.247,0.606,0.559,0.55,0.0,3216.0356,0.6,0.658,1,-2,0.0,0,15391,0.609,6.51,6,0.55,0.247,0.606,0.484,0.605,0.8,1,0.825,422.0,15312.3
97145,XAUGBPm_20260807154803_4,XAUGBPm,SWEEP_REVERSAL,BUY,-1,2026.08.07 15:48:03,2026.08.07 15:52:05,4,3224.434,3219.696,-4738.0,-3284.85,0.301,0.001,SL_HIT,3220.8366,3235.2396,3216.0356,1,0.161,0.842,3228.5182,0.5,0,0.8,0.825,0,0,1,0,0.0,6,0.75,0.371,1,0.605,0.247,0.606,0.559,0.55,0.0,3216.0356,0.6,0.658,1,-2,0.0,0,15391,0.609,6.51,6,0.55,0.247,0.606,0.484,0.605,0.8,1,0.825,422.0,15312.3
97152,XAUGBPm_20260807160529_1,XAUGBPm,BREAKOUT_RETEST,BUY,0,2026.08.07 16:05:29,2026.08.07 16:06:04,0,3219.21,3218.821,-389.0,-262.53,0.04,0.013,SL_HIT,3222.757,3233.3192,3217.956,1,0.289,0.748,3222.757,0.4,0,0.8,1.0,0,0,0,0,0.0,0,0.62,0.45,1,0.62,0.3,0.098,0.137,0.0,0.0,3223.7172,0.55,1.106,1,-2,0.0,0,15392,0.545,1.11,0,0.0,0.3,0.098,0.137,0.62,0.8,1,1.0,422.0,14817.4
97155,XAUGBPm_20260807160535_5,XAUGBPm,MEAN_REVERSION,BUY,0,2026.08.07 16:05:35,2026.08.07 16:06:04,0,3219.703,3218.821,-882.0,-506.84,0.055,0.0,SL_HIT,3222.757,3233.3192,3217.956,1,0.289,0.748,3222.757,0.4,0,0.8,1.0,0,0,0,0,0.0,0,0.62,0.45,1,0.62,0.3,0.098,0.137,0.0,0.0,3233.3192,0.6,1.106,1,-2,0.0,0,15392,0.593,1.18,0,0.0,0.3,0.098,0.137,0.62,0.8,1,1.0,422.0,14817.4
97153,XAUGBPm_20260807160529_1,XAUGBPm,BREAKOUT_RETEST,BUY,1,2026.08.07 16:05:29,2026.08.07 16:09:56,4,3219.21,3220.827,1617.0,1091.18,0.056,0.2,TRAIL_STOP,3222.757,3233.3192,3217.956,1,0.289,0.748,3222.757,0.4,0,0.8,1.0,0,0,0,0,0.0,0,0.62,0.45,1,0.62,0.3,0.098,0.137,0.0,0.0,3223.7172,0.55,1.106,1,-2,0.0,0,15392,0.545,1.11,0,0.0,0.3,0.098,0.045,0.62,0.8,1,1.0,422.0,14817.4
97156,XAUGBPm_20260807160535_5,XAUGBPm,MEAN_REVERSION,BUY,1,2026.08.07 16:05:35,2026.08.07 16:09:56,4,3219.572,3220.827,1255.0,846.89,0.08,0.175,TRAIL_STOP,3222.757,3233.3192,3217.956,1,0.289,0.748,3222.757,0.4,0,0.8,1.0,0,0,0,0,0.0,0,0.62,0.45,1,0.62,0.3,0.098,0.137,0.0,0.0,3233.3192,0.6,1.106,1,-2,0.0,0,15392,0.593,1.18,0,0.0,0.3,0.098,0.045,0.62,0.8,1,1.0,422.0,14817.4
97151,XAUGBPm_20260807160529_1,XAUGBPm,BREAKOUT_RETEST,BUY,-1,2026.08.07 16:05:29,2026.08.07 16:24:01,18,3219.21,3214.71,-4500.0,-3037.52,0.295,0.2,SL_HIT,3222.757,3233.3192,3217.956,1,0.289,0.748,3222.757,0.4,0,0.8,1.0,0,0,0,0,0.0,0,0.62,0.45,1,0.62,0.3,0.098,0.137,0.0,0.0,3223.7172,0.55,1.106,1,-2,0.0,0,15392,0.545,1.11,0,0.0,0.3,0.098,0.227,0.62,0.8,0,1.0,421.0,14817.4
97154,XAUGBPm_20260807160535_5,XAUGBPm,MEAN_REVERSION,BUY,-1,2026.08.07 16:05:35,2026.08.07 16:56:51,51,3219.703,3207.841,-11862.0,-8005.78,0.79,0.166,SL_HIT,3222.757,3233.3192,3217.956,1,0.289,0.748,3222.757,0.4,0,0.8,1.0,0,0,0,0,0.0,0,0.62,0.45,1,0.62,0.3,0.098,0.137,0.0,0.0,3233.3192,0.6,1.106,1,-2,0.0,0,15392,0.593,1.18,0,0.0,0.3,0.098,0.246,0.62,0.8,0,1.0,421.0,14817.4
97164,XAUGBPm_20260807180000_7,XAUGBPm,ANCHORED_PULLBACK,BUY,0,2026.08.07 18:00:00,2026.08.07 18:00:10,0,3216.401,3215.527,-874.0,-589.74,0.05,0.0,SL_HIT,3212.88495,3223.2865,3211.2426,1,0.196,0.414,3221.64415,0.55,0,1.0,0.825,0,0,0,0,0.0,3,0.913,0.555,2,0.287,0.648,0.329,0.356,0.55,0.0114,3221.64415,0.759,1.704,1,-2,0.0,0,15394,0.624,0.83,0,0.25,0.247,0.224,0.209,0.587,1.0,1,0.825,421.0,15075.1
97168,XAUGBPm_20260807180529_1,XAUGBPm,BREAKOUT_RETEST,BUY,0,2026.08.07 18:05:30,2026.08.07 18:07:17,1,3216.777,3217.68,903.0,609.24,0.027,0.096,TRAIL_STOP,3212.88495,3223.2865,3211.2426,1,0.196,0.414,3221.64415,0.55,0,1.0,0.825,0,0,0,0,0.0,0,0.587,0.448,1,0.587,0.247,0.224,0.236,0.25,0.0,3221.64415,0.759,1.104,1,-2,0.0,0,15394,0.609,1.06,0,0.25,0.247,0.224,0.261,0.587,1.0,1,0.825,407.0,15075.1
97171,XAUGBPm_20260807180545_0,XAUGBPm,BREAKOUT,BUY,0,2026.08.07 18:05:45,2026.08.07 18:07:17,1,3217.683,3217.68,-3.0,-2.02,0.053,0.036,SL_HIT,3212.88495,3223.2865,3211.2426,1,0.196,0.414,3221.64415,0.55,0,1.0,0.825,0,0,0,0,0.0,0,0.587,0.452,1,0.587,0.247,0.224,0.261,0.25,0.0,3211.2426,0.6,1.142,1,-2,0.0,0,15394,0.413,1.67,0,0.25,0.247,0.224,0.261,0.587,1.0,1,0.825,407.0,15075.1
97174,XAUGBPm_20260807180546_3,XAUGBPm,TREND_CONTINUATION,BUY,0,2026.08.07 18:05:46,2026.08.07 18:07:17,1,3217.443,3217.68,237.0,159.9,0.037,0.052,TRAIL_STOP,3212.88495,3223.2865,3211.2426,1,0.196,0.414,3221.64415,0.55,0,1.0,0.825,0,0,0,0,0.0,0,0.587,0.452,1,0.587,0.247,0.224,0.261,0.25,0.0,3211.2426,0.6,1.142,1,-2,0.0,0,15394,0.572,2.08,0,0.25,0.247,0.224,0.261,0.587,1.0,1,0.825,407.0,15075.1
97177,XAUGBPm_20260807180610_2,XAUGBPm,PULLBACK,BUY,0,2026.08.07 18:06:10,2026.08.07 18:07:17,1,3217.872,3217.68,-192.0,-129.55,0.021,0.023,SL_HIT,3212.88495,3223.2865,3211.2426,1,0.196,0.414,3221.64415,0.55,0,1.0,0.825,0,0,0,0,0.0,0,0.587,0.442,1,0.587,0.247,0.224,0.261,0.25,0.0,3212.88495,0.7,1.142,1,-2,0.0,0,15394,0.635,3.25,0,0.25,0.247,0.224,0.261,0.587,1.0,1,0.825,407.0,15075.1
97165,XAUGBPm_20260807180000_7,XAUGBPm,ANCHORED_PULLBACK,BUY,1,2026.08.07 18:00:00,2026.08.07 18:07:35,7,3216.401,3216.805,404.0,272.57,0.058,0.121,TRAIL_STOP,3212.88495,3223.2865,3211.2426,1,0.196,0.414,3221.64415,0.55,0,1.0,0.825,0,0,0,0,0.0,3,0.913,0.555,2,0.287,0.648,0.329,0.356,0.55,0.0114,3221.64415,0.759,1.704,1,-2,0.0,0,15394,0.624,0.83,0,0.25,0.247,0.224,0.261,0.587,1.0,1,0.825,407.0,15075.1
97169,XAUGBPm_20260807180529_1,XAUGBPm,BREAKOUT_RETEST,BUY,1,2026.08.07 18:05:30,2026.08.07 18:07:35,2,3216.777,3216.805,28.0,18.89,0.027,0.096,TRAIL_STOP,3212.88495,3223.2865,3211.2426,1,0.196,0.414,3221.64415,0.55,0,1.0,0.825,0,0,0,0,0.0,0,0.587,0.448,1,0.587,0.247,0.224,0.236,0.25,0.0,3221.64415,0.759,1.104,1,-2,0.0,0,15394,0.609,1.06,0,0.25,0.247,0.224,0.261,0.587,1.0,1,0.825,407.0,15075.1
97172,XAUGBPm_20260807180545_0,XAUGBPm,BREAKOUT,BUY,1,2026.08.07 18:05:45,2026.08.07 18:07:35,1,3217.683,3216.805,-878.0,-592.42,0.053,0.036,SL_HIT,3212.88495,3223.2865,3211.2426,1,0.196,0.414,3221.64415,0.55,0,1.0,0.825,0,0,0,0,0.0,0,0.587,0.452,1,0.587,0.247,0.224,0.261,0.25,0.0,3211.2426,0.6,1.142,1,-2,0.0,0,15394,0.413,1.67,0,0.25,0.247,0.224,0.261,0.587,1.0,1,0.825,407.0,15075.1
97175,XAUGBPm_20260807180546_3,XAUGBPm,TREND_CONTINUATION,BUY,1,2026.08.07 18:05:46,2026.08.07 18:07:35,1,3217.443,3216.805,-638.0,-430.48,0.037,0.052,SL_HIT,3212.88495,3223.2865,3211.2426,1,0.196,0.414,3221.64415,0.55,0,1.0,0.825,0,0,0,0,0.0,0,0.587,0.452,1,0.587,0.247,0.224,0.261,0.25,0.0,3211.2426,0.6,1.142,1,-2,0.0,0,15394,0.572,2.08,0,0.25,0.247,0.224,0.261,0.587,1.0,1,0.825,407.0,15075.1
97178,XAUGBPm_20260807180610_2,XAUGBPm,PULLBACK,BUY,1,2026.08.07 18:06:10,2026.08.07 18:07:35,1,3217.872,3216.805,-1067.0,-719.94,0.063,0.023,SL_HIT,3212.88495,3223.2865,3211.2426,1,0.196,0.414,3221.64415,0.55,0,1.0,0.825,0,0,0,0,0.0,0,0.587,0.442,1,0.587,0.247,0.224,0.261,0.25,0.0,3212.88495,0.7,1.142,1,-2,0.0,0,15394,0.635,3.25,0,0.25,0.247,0.224,0.261,0.587,1.0,1,0.825,407.0,15075.1
97167,XAUGBPm_20260807180529_1,XAUGBPm,BREAKOUT_RETEST,BUY,-1,2026.08.07 18:05:29,2026.08.07 18:20:42,15,3216.777,3211.792,-4985.0,-3363.3,0.321,0.096,SL_HIT,3212.88495,3223.2865,3211.2426,1,0.196,0.414,3221.64415,0.55,0,1.0,0.825,0,0,0,0,0.0,0,0.587,0.448,1,0.587,0.247,0.224,0.236,0.25,0.0,3221.64415,0.759,1.104,1,-2,0.0,0,15394,0.609,1.06,0,0.25,0.247,0.224,0.186,0.587,1.0,1,0.825,421.0,15075.1
97176,XAUGBPm_20260807180610_2,XAUGBPm,PULLBACK,BUY,-1,2026.08.07 18:06:10,2026.08.07 18:20:42,14,3217.872,3211.792,-6080.0,-4102.08,0.394,0.023,SL_HIT,3212.88495,3223.2865,3211.2426,1,0.196,0.414,3221.64415,0.55,0,1.0,0.825,0,0,0,0,0.0,0,0.587,0.442,1,0.587,0.247,0.224,0.261,0.25,0.0,3212.88495,0.7,1.142,1,-2,0.0,0,15394,0.635,3.25,0,0.25,0.247,0.224,0.186,0.587,1.0,1,0.825,421.0,15075.1
97191,XAUGBPm_20260807182042_5,XAUGBPm,MEAN_REVERSION,BUY,0,2026.08.07 18:20:42,2026.08.07 18:20:51,0,3212.354,3211.116,-1238.0,-740.1,0.073,0.0,SL_HIT,3212.88495,3223.2865,3211.2426,1,0.196,0.414,3221.64415,0.55,0,1.0,0.825,0,0,0,0,0.0,0,0.587,0.439,1,0.587,0.247,0.224,0.186,0.25,0.0,3221.64415,0.759,1.03,1,-2,0.0,0,15394,0.592,0.81,0,0.25,0.247,0.224,0.271,0.587,1.0,0,0.825,421.0,15075.1
97192,XAUGBPm_20260807182042_5,XAUGBPm,MEAN_REVERSION,BUY,1,2026.08.07 18:20:42,2026.08.07 18:22:59,2,3212.213,3211.045,-1168.0,-788.01,0.082,0.019,SL_HIT,3212.88495,3223.2865,3211.2426,1,0.196,0.414,3221.64415,0.55,0,1.0,0.825,0,0,0,0,0.0,0,0.587,0.439,1,0.587,0.247,0.224,0.186,0.25,0.0,3221.64415,0.759,1.03,1,-2,0.0,0,15394,0.592,0.81,0,0.25,0.247,0.224,0.271,0.587,1.0,0,0.825,406.0,15075.1
97163,XAUGBPm_20260807180000_7,XAUGBPm,ANCHORED_PULLBACK,BUY,-1,2026.08.07 18:00:00,2026.08.07 19:21:11,81,3216.255,3221.644,5389.0,3539.58,0.417,0.356,TP_HIT,3212.88495,3223.2865,3211.2426,1,0.196,0.414,3221.64415,0.55,0,1.0,0.825,0,0,0,0,0.0,3,0.913,0.555,2,0.287,0.648,0.329,0.356,0.55,0.0114,3221.64415,0.759,1.704,1,-2,0.0,0,15394,0.624,0.83,0,0.4,0.205,0.219,0.375,0.646,0.657,1,0.6817,422.0,15220.4
97197,XAUGBPm_20260809220501_6,XAUGBPm,NAKED_POC,BUY,0,2026.08.09 22:05:01,2026.08.09 22:05:08,0,3217.34,3216.435,-905.0,-610.4,0.053,0.0,SL_HIT,3217.6858,3218.8054,3211.3414,1,0.014,0.511,3217.6858,0.5,0,0.5,-0.72,0,0,0,0,0.0,0,0.637,0.387,1,0.637,0.216,0.146,0.035,0.0,0.0,3211.3414,0.6,0.179,1,-2,0.0,0,15397,0.595,2.62,0,0.0,0.216,0.146,0.06,0.637,0.5,1,-0.72,422.0,14201.1
97198,XAUGBPm_20260809220501_6,XAUGBPm,NAKED_POC,BUY,1,2026.08.09 22:05:01,2026.08.09 22:05:11,0,3217.34,3215.709,-1631.0,-1100.05,0.107,0.0,SL_HIT,3217.6858,3218.8054,3211.3414,1,0.014,0.511,3217.6858,0.5,0,0.5,-0.72,0,0,0,0,0.0,0,0.637,0.387,1,0.637,0.216,0.146,0.035,0.0,0.0,3211.3414,0.6,0.179,1,-2,0.0,0,15397,0.595,2.62,0,0.0,0.216,0.146,0.125,0.637,0.5,1,-0.72,422.0,14201.1
97188,XAUGBPm_20260807182042_5,XAUGBPm,MEAN_REVERSION,BUY,-1,2026.08.07 18:20:42,2026.08.09 23:04:05,3163,3212.354,3222.507,10153.0,6578.82,0.159,0.642,TP_HIT,3212.88495,3223.2865,3211.2426,1,0.196,0.414,3221.64415,0.55,0,1.0,0.825,0,0,0,0,0.0,0,0.587,0.439,1,0.587,0.247,0.224,0.186,0.25,0.0,3221.64415,0.759,1.03,1,-2,0.0,0,15394,0.592,0.81,0,0.15,0.226,0.053,0.297,0.789,0.55,0,-0.755,422.0,14060.1
97196,XAUGBPm_20260809220501_6,XAUGBPm,NAKED_POC,BUY,-1,2026.08.09 22:05:01,2026.08.10 01:00:04,175,3217.34,3209.196,-8144.0,-5493.37,0.567,0.418,SL_HIT,3217.6858,3218.8054,3211.3414,1,0.014,0.511,3217.6858,0.5,0,0.5,-0.72,0,0,0,0,0.0,0,0.637,0.387,1,0.637,0.216,0.146,0.035,0.0,0.0,3211.3414,0.6,0.179,1,-2,0.0,0,15397,0.595,2.62,0,0.15,0.137,0.195,0.342,0.76,0.683,0,-0.4553,421.0,13249.5
97204,XAUGBPm_20260810010009_5,XAUGBPm,MEAN_REVERSION,BUY,0,2026.08.10 01:00:09,2026.08.10 01:00:10,0,3209.666,3208.521,-1145.0,-772.33,0.077,0.0,SL_HIT,3217.64748,3219.3041,3213.34025,0,0.431,0.019,3217.64748,0.45,0,0.683,-0.4553,0,0,0,0,0.0,0,0.76,0.522,2,0.76,0.137,0.195,0.342,0.15,0.0,3217.64748,0.736,1.323,1,-2,0.0,0,15400,0.72,0.8,0,0.15,0.137,0.195,0.342,0.76,0.683,0,-0.4553,421.0,13249.5
97205,XAUGBPm_20260810010009_5,XAUGBPm,MEAN_REVERSION,BUY,1,2026.08.10 01:00:09,2026.08.10 01:00:10,0,3209.666,3207.776,-1890.0,-1257.31,0.131,0.0,SL_HIT,3217.64748,3219.3041,3213.34025,0,0.431,0.019,3217.64748,0.45,0,0.683,-0.4553,0,0,0,0,0.0,0,0.76,0.522,2,0.76,0.137,0.195,0.342,0.15,0.0,3217.64748,0.736,1.323,1,-2,0.0,0,15400,0.72,0.8,0,0.15,0.137,0.195,0.342,0.76,0.683,0,-0.4553,421.0,13249.5
97210,XAUGBPm_20260810010514_4,XAUGBPm,SWEEP_REVERSAL,BUY,1,2026.08.10 01:05:14,2026.08.10 01:29:55,24,3207.42,3201.968,-5452.0,-3676.97,0.346,0.108,SL_HIT,3217.64748,3219.3041,3213.34025,0,0.431,0.019,3217.64748,0.45,0,0.683,-0.4553,0,0,0,0,0.0,0,0.76,0.522,2,0.76,0.137,0.195,0.342,0.15,0.0,3217.64748,0.736,1.323,1,-2,0.0,0,15400,0.224,0.8,0,0.15,0.137,0.195,0.342,0.76,0.683,0,-0.4553,480.0,13249.5
97173,XAUGBPm_20260807180546_3,XAUGBPm,TREND_CONTINUATION,BUY,-1,2026.08.07 18:05:46,2026.08.10 01:32:07,3326,3217.443,3199.2,-18243.0,-12570.71,1.189,0.387,SL_HIT,3212.88495,3223.2865,3211.2426,1,0.196,0.414,3221.64415,0.55,0,1.0,0.825,0,0,0,0,0.0,0,0.587,0.452,1,0.587,0.247,0.224,0.261,0.25,0.0,3211.2426,0.6,1.142,1,-2,0.0,0,15394,0.572,2.08,0,0.15,0.137,0.195,0.342,0.76,0.683,0,-0.4553,421.0,13249.5
97203,XAUGBPm_20260810010009_5,XAUGBPm,MEAN_REVERSION,BUY,-1,2026.08.10 01:00:09,2026.08.10 01:32:07,31,3209.54,3198.929,-10611.0,-7240.12,0.791,0.628,SL_HIT,3217.64748,3219.3041,3213.34025,0,0.431,0.019,3217.64748,0.45,0,0.683,-0.4553,0,0,0,0,0.0,0,0.76,0.522,2,0.76,0.137,0.195,0.342,0.15,0.0,3217.64748,0.736,1.323,1,-2,0.0,0,15400,0.72,0.8,0,0.15,0.137,0.195,0.342,0.76,0.683,0,-0.4553,421.0,13249.5
97115,XAUGBPm_20260807111036_0,XAUGBPm,BREAKOUT,BUY,-1,2026.08.07 11:10:36,2026.08.10 01:41:07,3750,3216.927,3198.314,-18613.0,-12820.76,1.496,1.636,SL_HIT,3203.61175,3215.185,3195.1247,0,0.028,1.095,3203.61175,0.65,0,0.8,0.965,0,0,0,1,0.0,0,0.633,0.44,1,0.633,0.29,0.0,0.217,0.0,0.0,3212.0988,0.55,1.226,1,2,0.0,0,15387,0.45,1.67,0,0.15,0.137,0.195,0.342,0.76,0.683,0,-0.4553,420.0,13249.5
97209,XAUGBPm_20260810010514_4,XAUGBPm,SWEEP_REVERSAL,BUY,0,2026.08.10 01:05:14,2026.08.10 01:55:15,50,3207.42,3202.744,-4676.0,-3153.8,0.701,0.108,SL_HIT,3217.64748,3219.3041,3213.34025,0,0.431,0.019,3217.64748,0.45,0,0.683,-0.4553,0,0,0,0,0.0,0,0.76,0.522,2,0.76,0.137,0.195,0.342,0.15,0.0,3217.64748,0.736,1.323,1,-2,0.0,0,15400,0.224,0.8,0,0.15,0.137,0.195,0.342,0.76,0.683,0,-0.4553,421.0,13249.5
97217,XAUGBPm_20260810030009_5,XAUGBPm,MEAN_REVERSION,BUY,0,2026.08.10 03:00:09,2026.08.10 03:00:47,0,3203.359,3202.68,-679.0,-457.87,0.059,0.0,SL_HIT,3205.0506,3214.4796,3199.3932,1,0.071,0.284,3205.0506,0.6,0,1.0,-0.8948,0,0,0,0,0.0,0,0.67,0.432,1,0.67,0.268,0.144,0.17,0.15,0.0,3214.4796,0.6,1.064,1,-2,0.0,0,15402,0.617,2.33,0,0.15,0.268,0.144,0.17,0.67,1.0,1,-0.8948,421.0,14135.7
97218,XAUGBPm_20260810030009_5,XAUGBPm,MEAN_REVERSION,BUY,1,2026.08.10 03:00:09,2026.08.10 03:03:06,2,3203.359,3202.659,-700.0,-472.01,0.097,0.047,SL_HIT,3205.0506,3214.4796,3199.3932,1,0.071,0.284,3205.0506,0.6,0,1.0,-0.8948,0,0,0,0,0.0,0,0.67,0.432,1,0.67,0.268,0.144,0.17,0.15,0.0,3214.4796,0.6,1.064,1,-2,0.0,0,15402,0.617,2.33,0,0.15,0.268,0.144,0.17,0.67,1.0,1,-0.8948,421.0,14135.7
97216,XAUGBPm_20260810030009_5,XAUGBPm,MEAN_REVERSION,BUY,-1,2026.08.10 03:00:09,2026.08.10 04:21:23,81,3203.359,3214.928,11569.0,7800.22,0.107,0.81,TP_HIT,3205.0506,3214.4796,3199.3932,1,0.071,0.284,3205.0506,0.6,0,1.0,-0.8948,0,0,0,0,0.0,0,0.67,0.432,1,0.67,0.268,0.144,0.17,0.15,0.0,3214.4796,0.6,1.064,1,-2,0.0,0,15402,0.617,2.33,0,0.4,0.226,0.212,0.32,0.715,0.8,0,-0.755,422.0,12029.1
97223,XAUGBPm_20260810050008_7,XAUGBPm,ANCHORED_PULLBACK,BUY,0,2026.08.10 05:00:08,2026.08.10 05:00:15,0,3217.656,3216.678,-978.0,-659.6,0.072,0.0,SL_HIT,3206.52083,3209.9734,3201.09535,0,0.739,0.033,3206.52083,0.45,0,1.0,-0.79,0,0,0,0,0.0,0,0.722,0.455,1,0.722,0.237,0.237,0.446,0.4,0.0,3206.52083,0.731,1.328,1,-2,0.0,0,15404,0.383,1.75,0,0.4,0.237,0.237,0.411,0.722,1.0,0,-0.79,422.0,11501.1
97224,XAUGBPm_20260810050008_7,XAUGBPm,ANCHORED_PULLBACK,BUY,1,2026.08.10 05:00:08,2026.08.10 05:00:20,0,3217.656,3216.156,-1500.0,-1011.7,0.118,0.0,SL_HIT,3206.52083,3209.9734,3201.09535,0,0.739,0.033,3206.52083,0.45,0,1.0,-0.79,0,0,0,0,0.0,0,0.722,0.455,1,0.722,0.237,0.237,0.446,0.4,0.0,3206.52083,0.731,1.328,1,-2,0.0,0,15404,0.383,1.75,0,0.4,0.237,0.237,0.411,0.722,1.0,0,-0.79,422.0,11501.1
97222,XAUGBPm_20260810050008_7,XAUGBPm,ANCHORED_PULLBACK,BUY,-1,2026.08.10 05:00:08,2026.08.10 05:31:12,31,3217.656,3211.515,-6141.0,-4141.58,0.521,0.0,SL_HIT,3206.52083,3209.9734,3201.09535,0,0.739,0.033,3206.52083,0.45,0,1.0,-0.79,0,0,0,0,0.0,0,0.722,0.455,1,0.722,0.237,0.237,0.446,0.4,0.0,3206.52083,0.731,1.328,1,-2,0.0,0,15404,0.383,1.75,0,0.4,0.237,0.237,0.373,0.722,1.0,0,-0.79,421.0,11501.1
97208,XAUGBPm_20260810010514_4,XAUGBPm,SWEEP_REVERSAL,BUY,-1,2026.08.10 01:05:14,2026.08.10 05:35:04,269,3207.42,3218.138,10718.0,7228.54,0.701,0.802,TP_HIT,3217.64748,3219.3041,3213.34025,0,0.431,0.019,3217.64748,0.45,0,0.683,-0.4553,0,0,0,0,0.0,0,0.76,0.522,2,0.76,0.137,0.195,0.342,0.15,0.0,3217.64748,0.736,1.323,1,-2,0.0,0,15400,0.224,0.8,0,0.4,0.237,0.237,0.446,0.722,1.0,0,-0.79,422.0,11501.1
97230,XAUGBPm_20260810070011_7,XAUGBPm,ANCHORED_PULLBACK,BUY,0,2026.08.10 07:00:11,2026.08.10 07:00:27,0,3229.709,3229.448,-261.0,-176.11,0.061,0.022,SL_HIT,3214.0352,3223.351,3207.5858,0,0.709,0.201,3221.2012,0.55,0,1.0,-0.7727,0,0,0,1,0.0,0,0.684,0.464,1,0.684,0.232,0.305,0.387,0.4,0.0,3221.2012,0.745,1.24,1,-2,0.0,0,15406,0.233,1.68,0,0.4,0.232,0.305,0.387,0.684,1.0,0,-0.7727,422.0,11297.8
97231,XAUGBPm_20260810070011_7,XAUGBPm,ANCHORED_PULLBACK,BUY,1,2026.08.10 07:00:11,2026.08.10 07:00:33,0,3229.709,3228.926,-783.0,-528.31,0.061,0.022,SL_HIT,3214.0352,3223.351,3207.5858,0,0.709,0.201,3221.2012,0.55,0,1.0,-0.7727,0,0,0,1,0.0,0,0.684,0.464,1,0.684,0.232,0.305,0.387,0.4,0.0,3221.2012,0.745,1.24,1,-2,0.0,0,15406,0.233,1.68,0,0.4,0.232,0.305,0.374,0.684,1.0,0,-0.7727,422.0,11297.8
97229,XAUGBPm_20260810070011_7,XAUGBPm,ANCHORED_PULLBACK,BUY,-1,2026.08.10 07:00:11,2026.08.10 07:11:22,11,3229.709,3224.849,-4860.0,-3279.92,0.416,0.01,SL_HIT,3214.0352,3223.351,3207.5858,0,0.709,0.201,3221.2012,0.55,0,1.0,-0.7727,0,0,0,1,0.0,0,0.684,0.464,1,0.684,0.232,0.305,0.387,0.4,0.0,3221.2012,0.745,1.24,1,-2,0.0,0,15406,0.233,1.68,0,0.4,0.232,0.305,0.433,0.684,1.0,0,-0.7727,422.0,11297.8
97236,XAUGBPm_20260810080256_1,XAUGBPm,BREAKOUT_RETEST,BUY,0,2026.08.10 08:02:56,2026.08.10 08:03:16,0,3228.062,3227.086,-976.0,-658.59,0.078,0.0,SL_HIT,3227.63438,3230.782,3215.6734,1,0.072,1.567,3227.63438,0.6,0,0.563,0.6105,2,0,0,0,0.0,0,0.615,0.464,1,0.615,0.183,0.126,0.01,0.0,0.0,3215.6734,0.6,0.916,1,-1,0.0,0,15407,0.42,3.31,0,0.0,0.183,0.126,0.01,0.615,0.563,1,0.6105,422.0,10759.8
97237,XAUGBPm_20260810080256_1,XAUGBPm,BREAKOUT_RETEST,BUY,1,2026.08.10 08:02:56,2026.08.10 08:03:44,0,3228.062,3226.621,-1441.0,-972.39,0.121,0.0,SL_HIT,3227.63438,3230.782,3215.6734,1,0.072,1.567,3227.63438,0.6,0,0.563,0.6105,2,0,0,0,0.0,0,0.615,0.464,1,0.615,0.183,0.126,0.01,0.0,0.0,3215.6734,0.6,0.916,1,-1,0.0,0,15407,0.42,3.31,0,0.0,0.183,0.126,0.102,0.615,0.563,1,0.6105,422.0,10759.8
97235,XAUGBPm_20260810080256_1,XAUGBPm,BREAKOUT_RETEST,BUY,-1,2026.08.10 08:02:56,2026.08.10 08:08:10,5,3228.062,3224.718,-3344.0,-2257.48,0.299,0.0,SL_HIT,3227.63438,3230.782,3215.6734,1,0.072,1.567,3227.63438,0.6,0,0.563,0.6105,2,0,0,0,0.0,0,0.615,0.464,1,0.615,0.183,0.126,0.01,0.0,0.0,3215.6734,0.6,0.916,1,-1,0.0,0,15407,0.42,3.31,0,0.0,0.183,0.126,0.215,0.615,0.563,1,0.6105,422.0,10759.8
97242,XAUGBPm_20260810084344_0,XAUGBPm,BREAKOUT,BUY,0,2026.08.10 08:43:44,2026.08.10 08:43:58,0,3219.402,3218.744,-658.0,-444.25,0.062,0.0,SL_HIT,3227.63438,3230.782,3215.6734,1,0.072,1.567,3227.63438,0.6,0,0.563,0.6105,2,0,0,0,0.0,0,0.615,0.453,1,0.615,0.183,0.126,0.122,0.0,0.0,3215.6734,0.6,1.082,1,-1,0.0,0,15407,0.282,6.14,0,0.0,0.183,0.126,0.122,0.615,0.563,1,0.6105,421.0,10759.8
97245,XAUGBPm_20260810084351_2,XAUGBPm,PULLBACK,BUY,0,2026.08.10 08:43:51,2026.08.10 08:43:58,0,3219.385,3218.602,-783.0,-528.64,0.06,0.0,SL_HIT,3227.63438,3230.782,3215.6734,1,0.072,1.567,3227.63438,0.6,0,0.563,0.6105,2,0,0,0,0.0,0,0.615,0.453,1,0.615,0.183,0.126,0.122,0.0,0.0,3215.6734,0.6,1.082,1,-1,0.0,0,15407,0.487,2.29,0,0.0,0.183,0.126,0.122,0.615,0.563,1,0.6105,421.0,10759.8
97248,XAUGBPm_20260810084353_3,XAUGBPm,TREND_CONTINUATION,BUY,0,2026.08.10 08:43:53,2026.08.10 08:43:58,0,3219.535,3218.602,-933.0,-629.91,0.074,0.0,SL_HIT,3227.63438,3230.782,3215.6734,1,0.072,1.567,3227.63438,0.6,0,0.563,0.6105,2,0,0,0,0.0,0,0.615,0.453,1,0.615,0.183,0.126,0.122,0.0,0.0,3215.6734,0.6,1.082,1,-1,0.0,0,15407,0.397,2.08,0,0.0,0.183,0.126,0.122,0.615,0.563,1,0.6105,421.0,10759.8
97243,XAUGBPm_20260810084344_0,XAUGBPm,BREAKOUT,BUY,1,2026.08.10 08:43:44,2026.08.10 08:50:36,6,3219.402,3218.394,-1008.0,-680.43,0.094,0.157,SL_HIT,3227.63438,3230.782,3215.6734,1,0.072,1.567,3227.63438,0.6,0,0.563,0.6105,2,0,0,0,0.0,0,0.615,0.453,1,0.615,0.183,0.126,0.122,0.0,0.0,3215.6734,0.6,1.082,1,-1,0.0,0,15407,0.282,6.14,0,0.0,0.183,0.126,0.122,0.615,0.563,1,0.6105,421.0,10759.8
97246,XAUGBPm_20260810084351_2,XAUGBPm,PULLBACK,BUY,1,2026.08.10 08:43:51,2026.08.10 08:50:36,6,3219.385,3218.394,-991.0,-668.95,0.092,0.158,SL_HIT,3227.63438,3230.782,3215.6734,1,0.072,1.567,3227.63438,0.6,0,0.563,0.6105,2,0,0,0,0.0,0,0.615,0.453,1,0.615,0.183,0.126,0.122,0.0,0.0,3215.6734,0.6,1.082,1,-1,0.0,0,15407,0.487,2.29,0,0.0,0.183,0.126,0.122,0.615,0.563,1,0.6105,421.0,10759.8
97249,XAUGBPm_20260810084353_3,XAUGBPm,TREND_CONTINUATION,BUY,1,2026.08.10 08:43:53,2026.08.10 08:50:36,6,3219.535,3218.394,-1141.0,-770.2,0.106,0.15,SL_HIT,3227.63438,3230.782,3215.6734,1,0.072,1.567,3227.63438,0.6,0,0.563,0.6105,2,0,0,0,0.0,0,0.615,0.453,1,0.615,0.183,0.126,0.122,0.0,0.0,3215.6734,0.6,1.082,1,-1,0.0,0,15407,0.397,2.08,0,0.0,0.183,0.126,0.122,0.615,0.563,1,0.6105,421.0,10759.8
97257,XAUGBPm_20260810090010_5,XAUGBPm,MEAN_REVERSION,BUY,0,2026.08.10 09:00:10,2026.08.10 09:00:28,0,3218.969,3218.175,-794.0,-536.09,0.061,0.0,SL_HIT,3218.672,3227.8756,3217.2188,1,0.015,0.196,3218.672,0.55,0,0.5,0.545,0,0,0,0,0.0,0,0.626,0.39,1,0.626,0.164,0.249,0.172,0.4,0.0,3227.8756,0.6,0.918,1,-1,0.0,0,15408,0.618,1.07,0,0.4,0.164,0.249,0.329,0.626,0.5,1,0.545,421.0,10716.8
97258,XAUGBPm_20260810090010_5,XAUGBPm,MEAN_REVERSION,BUY,1,2026.08.10 09:00:10,2026.08.10 09:03:25,3,3218.969,3218.911,-58.0,-39.16,0.084,0.085,SL_HIT,3218.672,3227.8756,3217.2188,1,0.015,0.196,3218.672,0.55,0,0.5,0.545,0,0,0,0,0.0,0,0.626,0.39,1,0.626,0.164,0.249,0.172,0.4,0.0,3227.8756,0.6,0.918,1,-1,0.0,0,15408,0.618,1.07,0,0.4,0.164,0.249,0.172,0.626,0.5,1,0.545,421.0,10716.8
97262,XAUGBPm_20260810092804_4,XAUGBPm,SWEEP_REVERSAL,BUY,0,2026.08.10 09:28:04,2026.08.10 09:28:10,0,3217.592,3217.777,185.0,124.91,0.0,0.065,TRAIL_STOP,3218.672,3227.8756,3217.2188,0,0.015,0.196,3218.672,0.55,0,0.5,0.545,0,0,0,0,0.0,0,0.626,0.429,1,0.626,0.164,0.249,0.394,0.4,0.0,3227.8756,0.6,1.251,1,-1,0.0,0,15408,0.29,1.0,0,0.4,0.164,0.249,0.329,0.626,0.5,1,0.545,421.0,10716.8
97263,XAUGBPm_20260810092804_4,XAUGBPm,SWEEP_REVERSAL,BUY,1,2026.08.10 09:28:05,2026.08.10 09:30:00,1,3217.592,3218.17,578.0,112.77,0.0,0.151,TRAIL_STOP,3218.672,3227.8756,3217.2188,0,0.015,0.196,3218.672,0.55,0,0.5,0.545,0,0,0,0,0.0,0,0.626,0.429,1,0.626,0.164,0.249,0.394,0.4,0.0,3227.8756,0.6,1.251,1,-1,0.0,0,15408,0.29,1.0,0,0.4,0.164,0.249,0.329,0.626,0.5,1,0.545,421.0,10716.8
97241,XAUGBPm_20260810084344_0,XAUGBPm,BREAKOUT,BUY,-1,2026.08.10 08:43:44,2026.08.10 10:37:10,113,3219.402,3214.911,-4491.0,-3031.09,0.404,0.162,SL_HIT,3227.63438,3230.782,3215.6734,1,0.072,1.567,3227.63438,0.6,0,0.563,0.6105,2,0,0,0,0.0,0,0.615,0.453,1,0.615,0.183,0.126,0.122,0.0,0.0,3215.6734,0.6,1.082,1,-1,0.0,0,15407,0.282,6.14,0,0.4,0.174,0.14,0.429,0.708,0.825,0,0.58,421.0,10540.9
97244,XAUGBPm_20260810084351_2,XAUGBPm,PULLBACK,BUY,-1,2026.08.10 08:43:51,2026.08.10 10:37:10,113,3219.385,3214.911,-4474.0,-3019.61,0.402,0.158,SL_HIT,3227.63438,3230.782,3215.6734,1,0.072,1.567,3227.63438,0.6,0,0.563,0.6105,2,0,0,0,0.0,0,0.615,0.453,1,0.615,0.183,0.126,0.122,0.0,0.0,3215.6734,0.6,1.082,1,-1,0.0,0,15407,0.487,2.29,0,0.4,0.174,0.14,0.429,0.708,0.825,0,0.58,421.0,10540.9
97269,XAUGBPm_20260810110010_5,XAUGBPm,MEAN_REVERSION,BUY,0,2026.08.10 11:00:10,2026.08.10 11:00:11,0,3211.952,3211.276,-676.0,-456.33,0.053,0.0,SL_HIT,3219.61033,3225.92475,3212.32445,0,0.507,0.036,3219.61033,0.7,0,0.9,0.615,0,0,0,0,0.0,0,0.749,0.447,1,0.749,0.185,0.14,0.441,0.4,0.0,3219.61033,0.745,1.322,1,-1,0.0,0,15410,0.679,0.97,0,0.4,0.185,0.14,0.441,0.749,0.9,0,0.615,421.0,10315.5
97270,XAUGBPm_20260810110010_5,XAUGBPm,MEAN_REVERSION,BUY,1,2026.08.10 11:00:10,2026.08.10 11:00:48,0,3211.952,3210.812,-1140.0,-769.64,0.099,0.0,SL_HIT,3219.61033,3225.92475,3212.32445,0,0.507,0.036,3219.61033,0.7,0,0.9,0.615,0,0,0,0,0.0,0,0.749,0.447,1,0.749,0.185,0.14,0.441,0.4,0.0,3219.61033,0.745,1.322,1,-1,0.0,0,15410,0.679,0.97,0,0.4,0.185,0.14,0.441,0.749,0.9,0,0.615,421.0,10315.5
97256,XAUGBPm_20260810090010_5,XAUGBPm,MEAN_REVERSION,BUY,-1,2026.08.10 09:00:10,2026.08.10 11:01:24,121,3219.101,3210.518,-8583.0,-5705.44,0.798,0.173,SL_HIT,3218.672,3227.8756,3217.2188,1,0.015,0.196,3218.672,0.55,0,0.5,0.545,0,0,0,0,0.0,0,0.626,0.39,1,0.626,0.164,0.249,0.172,0.4,0.0,3227.8756,0.6,0.918,1,-1,0.0,0,15408,0.618,1.07,0,0.4,0.185,0.14,0.441,0.749,0.9,0,0.615,421.0,10315.5
97261,XAUGBPm_20260810092804_4,XAUGBPm,SWEEP_REVERSAL,BUY,-1,2026.08.10 09:28:04,2026.08.10 11:18:44,110,3217.592,3206.864,-10728.0,-7241.19,0.991,0.151,SL_HIT,3218.672,3227.8756,3217.2188,0,0.015,0.196,3218.672,0.55,0,0.5,0.545,0,0,0,0,0.0,0,0.626,0.429,1,0.626,0.164,0.249,0.394,0.4,0.0,3227.8756,0.6,1.251,1,-1,0.0,0,15408,0.29,1.0,0,0.4,0.185,0.14,0.441,0.749,0.9,0,0.615,421.0,10315.5
97275,XAUGBPm_20260810111837_3,XAUGBPm,TREND_CONTINUATION,BUY,0,2026.08.10 11:18:37,2026.08.10 11:20:24,1,3207.421,3207.087,-334.0,-225.47,0.066,0.054,SL_HIT,3219.61033,3225.92475,3212.32445,0,0.507,0.036,3219.61033,0.7,0,0.9,0.615,0,0,0,0,0.0,0,0.749,0.447,1,0.749,0.185,0.14,0.441,0.4,0.0,3219.61033,0.745,1.322,1,-1,0.0,0,15410,0.514,1.01,0,0.4,0.185,0.14,0.441,0.749,0.9,0,0.615,421.0,10315.5
97276,XAUGBPm_20260810111837_3,XAUGBPm,TREND_CONTINUATION,BUY,1,2026.08.10 11:18:37,2026.08.10 11:20:50,2,3207.421,3206.627,-794.0,-452.95,0.067,0.054,SL_HIT,3219.61033,3225.92475,3212.32445,0,0.507,0.036,3219.61033,0.7,0,0.9,0.615,0,0,0,0,0.0,0,0.749,0.447,1,0.749,0.185,0.14,0.441,0.4,0.0,3219.61033,0.745,1.322,1,-1,0.0,0,15410,0.514,1.01,0,0.4,0.185,0.14,0.441,0.749,0.9,0,0.615,421.0,10315.5
97247,XAUGBPm_20260810084353_3,XAUGBPm,TREND_CONTINUATION,BUY,-1,2026.08.10 08:43:53,2026.08.10 11:20:56,157,3219.535,3206.534,-13001.0,-8775.94,1.2,0.144,SL_HIT,3227.63438,3230.782,3215.6734,1,0.072,1.567,3227.63438,0.6,0,0.563,0.6105,2,0,0,0,0.0,0,0.615,0.453,1,0.615,0.183,0.126,0.122,0.0,0.0,3215.6734,0.6,1.082,1,-1,0.0,0,15407,0.397,2.08,0,0.4,0.185,0.14,0.441,0.749,0.9,0,0.615,421.0,10315.5
97282,XAUGBPm_20260810112804_4,XAUGBPm,SWEEP_REVERSAL,BUY,0,2026.08.10 11:28:04,2026.08.10 11:28:11,0,3211.225,3210.593,-632.0,-426.6,0.05,0.0,SL_HIT,3219.61033,3225.92475,3212.32445,0,0.507,0.036,3219.61033,0.7,0,0.9,0.615,0,0,0,0,0.0,0,0.749,0.447,1,0.749,0.185,0.14,0.441,0.4,0.0,3219.61033,0.745,1.322,1,-1,0.0,0,15410,0.267,0.84,0,0.4,0.185,0.14,0.441,0.749,0.9,0,0.615,421.0,10315.5
97283,XAUGBPm_20260810112804_4,XAUGBPm,SWEEP_REVERSAL,BUY,1,2026.08.10 11:28:04,2026.08.10 11:28:32,0,3211.225,3210.02,-1205.0,-813.36,0.107,0.0,SL_HIT,3219.61033,3225.92475,3212.32445,0,0.507,0.036,3219.61033,0.7,0,0.9,0.615,0,0,0,0,0.0,0,0.749,0.447,1,0.749,0.185,0.14,0.441,0.4,0.0,3219.61033,0.745,1.322,1,-1,0.0,0,15410,0.267,0.84,0,0.4,0.185,0.14,0.441,0.749,0.9,0,0.615,421.0,10315.5
97287,XAUGBPm_20260810113116_1,XAUGBPm,BREAKOUT_RETEST,BUY,0,2026.08.10 11:31:16,2026.08.10 11:31:22,0,3213.48,3212.802,-678.0,-457.6,0.056,0.0,SL_HIT,3219.61033,3225.92475,3212.32445,1,0.507,0.036,3219.61033,0.7,0,0.9,0.615,0,0,0,0,0.0,0,0.749,0.439,1,0.749,0.185,0.14,0.394,0.4,0.0,3219.61033,0.745,1.251,1,-1,0.0,0,15410,0.547,2.12,0,0.4,0.185,0.14,0.394,0.749,0.9,1,0.615,421.0,10315.5
97288,XAUGBPm_20260810113116_1,XAUGBPm,BREAKOUT_RETEST,BUY,1,2026.08.10 11:31:16,2026.08.10 11:35:56,4,3213.48,3212.279,-1201.0,-810.7,0.102,0.095,SL_HIT,3219.61033,3225.92475,3212.32445,1,0.507,0.036,3219.61033,0.7,0,0.9,0.615,0,0,0,0,0.0,0,0.749,0.439,1,0.749,0.185,0.14,0.394,0.4,0.0,3219.61033,0.745,1.251,1,-1,0.0,0,15410,0.547,2.12,0,0.4,0.185,0.14,0.441,0.749,0.9,0,0.615,421.0,10315.5
97286,XAUGBPm_20260810113116_1,XAUGBPm,BREAKOUT_RETEST,BUY,-1,2026.08.10 11:31:16,2026.08.10 11:48:30,17,3213.48,3210.294,-3186.0,-2150.44,0.296,0.095,SL_HIT,3219.61033,3225.92475,3212.32445,1,0.507,0.036,3219.61033,0.7,0,0.9,0.615,0,0,0,0,0.0,0,0.749,0.439,1,0.749,0.185,0.14,0.394,0.4,0.0,3219.61033,0.745,1.251,1,-1,0.0,0,15410,0.547,2.12,0,0.4,0.185,0.14,0.441,0.749,0.9,0,0.615,421.0,10315.5
97293,XAUGBPm_20260810130000_2,XAUGBPm,PULLBACK,BUY,0,2026.08.10 13:00:00,2026.08.10 13:02:04,2,3210.387,3208.192,-2195.0,-1582.58,0.215,0.1,SL_HIT,3209.88635,3216.8555,3206.1968,1,0.021,0.411,3209.88635,0.65,0,0.53,0.5153,0,0,0,0,0.0,0,0.436,0.286,0,0.436,0.155,0.193,0.22,0.55,0.0079,3206.1968,0.6,0.9,1,-2,0.0,0,15412,0.427,1.72,0,0.25,0.155,0.088,0.255,0.736,0.53,1,0.5153,421.0,10509.1
97296,XAUGBPm_20260810130017_7,XAUGBPm,ANCHORED_PULLBACK,BUY,0,2026.08.10 13:00:17,2026.08.10 13:02:04,1,3210.472,3208.192,-2280.0,-1538.72,0.224,0.0,SL_HIT,3209.88635,3216.8555,3206.1968,1,0.021,0.411,3209.88635,0.65,0,0.53,0.5153,0,0,0,0,0.0,0,0.736,0.406,1,0.736,0.155,0.088,0.1,0.25,0.0,3206.1968,0.6,0.9,1,-2,0.0,0,15412,0.508,1.51,0,0.25,0.155,0.088,0.255,0.736,0.53,1,0.5153,421.0,10509.1
97299,XAUGBPm_20260810130030_5,XAUGBPm,MEAN_REVERSION,BUY,0,2026.08.10 13:00:30,2026.08.10 13:02:04,1,3209.322,3208.192,-1130.0,-863.84,0.128,0.036,SL_HIT,3209.88635,3216.8555,3206.1968,1,0.021,0.411,3209.88635,0.65,0,0.53,0.5153,0,0,0,0,0.0,0,0.736,0.421,1,0.736,0.155,0.088,0.182,0.25,0.0,3216.8555,0.6,1.023,1,-2,0.0,0,15412,0.674,2.24,0,0.25,0.155,0.088,0.255,0.736,0.53,1,0.5153,421.0,10509.1
97294,XAUGBPm_20260810130000_2,XAUGBPm,PULLBACK,BUY,1,2026.08.10 13:00:00,2026.08.10 13:02:20,2,3210.537,3207.604,-2933.0,-1979.35,0.265,0.085,SL_HIT,3209.88635,3216.8555,3206.1968,1,0.021,0.411,3209.88635,0.65,0,0.53,0.5153,0,0,0,0,0.0,0,0.436,0.286,0,0.436,0.155,0.193,0.22,0.55,0.0079,3206.1968,0.6,0.9,1,-2,0.0,0,15412,0.427,1.72,0,0.25,0.155,0.088,0.276,0.736,0.53,1,0.5153,421.0,10509.1
97297,XAUGBPm_20260810130017_7,XAUGBPm,ANCHORED_PULLBACK,BUY,1,2026.08.10 13:00:17,2026.08.10 13:02:20,2,3210.472,3207.604,-2868.0,-1935.48,0.259,0.0,SL_HIT,3209.88635,3216.8555,3206.1968,1,0.021,0.411,3209.88635,0.65,0,0.53,0.5153,0,0,0,0,0.0,0,0.736,0.406,1,0.736,0.155,0.088,0.1,0.25,0.0,3206.1968,0.6,0.9,1,-2,0.0,0,15412,0.508,1.51,0,0.25,0.155,0.088,0.276,0.736,0.53,1,0.5153,421.0,10509.1
97300,XAUGBPm_20260810130030_5,XAUGBPm,MEAN_REVERSION,BUY,1,2026.08.10 13:00:30,2026.08.10 13:02:20,1,3209.472,3207.604,-1868.0,-1260.63,0.164,0.022,SL_HIT,3209.88635,3216.8555,3206.1968,1,0.021,0.411,3209.88635,0.65,0,0.53,0.5153,0,0,0,0,0.0,0,0.736,0.421,1,0.736,0.155,0.088,0.182,0.25,0.0,3216.8555,0.6,1.023,1,-2,0.0,0,15412,0.674,2.24,0,0.25,0.155,0.088,0.276,0.736,0.53,1,0.5153,421.0,10509.1
97295,XAUGBPm_20260810130017_7,XAUGBPm,ANCHORED_PULLBACK,BUY,-1,2026.08.10 13:00:17,2026.08.10 13:02:24,2,3210.472,3206.207,-4265.0,-2878.15,0.392,0.0,SL_HIT,3209.88635,3216.8555,3206.1968,1,0.021,0.411,3209.88635,0.65,0,0.53,0.5153,0,0,0,0,0.0,0,0.736,0.406,1,0.736,0.155,0.088,0.1,0.25,0.0,3206.1968,0.6,0.9,1,-2,0.0,0,15412,0.508,1.51,0,0.25,0.155,0.088,0.294,0.736,0.53,1,0.5153,421.0,10509.1
97298,XAUGBPm_20260810130030_5,XAUGBPm,MEAN_REVERSION,BUY,-1,2026.08.10 13:00:30,2026.08.10 13:02:32,2,3209.178,3205.512,-3666.0,-2571.18,0.334,0.049,SL_HIT,3209.88635,3216.8555,3206.1968,1,0.021,0.411,3209.88635,0.65,0,0.53,0.5153,0,0,0,0,0.0,0,0.736,0.421,1,0.736,0.155,0.088,0.182,0.25,0.0,3216.8555,0.6,1.023,1,-2,0.0,0,15412,0.674,2.24,0,0.25,0.155,0.088,0.356,0.736,0.53,0,0.5153,421.0,10509.1
97310,XAUGBPm_20260810131838_3,XAUGBPm,TREND_CONTINUATION,BUY,0,2026.08.10 13:18:38,2026.08.10 13:43:55,25,3210.05,3208.561,-1489.0,-1005.34,0.384,0.343,SL_HIT,3209.88635,3216.8555,3206.1968,1,0.021,0.411,3209.88635,0.65,0,0.53,0.5153,0,0,0,0,0.0,0,0.736,0.406,1,0.736,0.155,0.088,0.1,0.25,0.0,3206.1968,0.6,0.9,1,-2,0.0,0,15412,0.362,2.08,0,0.25,0.155,0.088,0.255,0.736,0.53,1,0.5153,421.0,10509.1
97313,XAUGBPm_20260810133116_1,XAUGBPm,BREAKOUT_RETEST,BUY,0,2026.08.10 13:31:16,2026.08.10 13:43:55,12,3210.5,3208.561,-1939.0,-1309.16,0.21,0.287,SL_HIT,3209.88635,3216.8555,3206.1968,1,0.021,0.411,3209.88635,0.65,0,0.53,0.5153,0,0,0,0,0.0,0,0.736,0.406,1,0.736,0.155,0.088,0.1,0.25,0.0,3206.1968,0.6,0.9,1,-2,0.0,0,15412,0.38,3.84,0,0.25,0.155,0.088,0.255,0.736,0.53,1,0.5153,421.0,10509.1
97312,XAUGBPm_20260810133116_1,XAUGBPm,BREAKOUT_RETEST,BUY,-1,2026.08.10 13:31:16,2026.08.10 13:44:39,13,3210.5,3207.238,-3262.0,-2202.55,0.299,0.287,SL_HIT,3209.88635,3216.8555,3206.1968,1,0.021,0.411,3209.88635,0.65,0,0.53,0.5153,0,0,0,0,0.0,0,0.736,0.406,1,0.736,0.155,0.088,0.1,0.25,0.0,3206.1968,0.6,0.9,1,-2,0.0,0,15412,0.38,3.84,0,0.25,0.155,0.088,0.276,0.736,0.53,1,0.5153,421.0,10509.1
97314,XAUGBPm_20260810133116_1,XAUGBPm,BREAKOUT_RETEST,BUY,1,2026.08.10 13:31:16,2026.08.10 13:44:39,13,3210.5,3207.238,-3262.0,-2282.23,0.299,0.287,SL_HIT,3209.88635,3216.8555,3206.1968,1,0.021,0.411,3209.88635,0.65,0,0.53,0.5153,0,0,0,0,0.0,0,0.736,0.406,1,0.736,0.155,0.088,0.1,0.25,0.0,3206.1968,0.6,0.9,1,-2,0.0,0,15412,0.38,3.84,0,0.25,0.155,0.088,0.276,0.736,0.53,1,0.5153,421.0,10509.1
97311,XAUGBPm_20260810131838_3,XAUGBPm,TREND_CONTINUATION,BUY,1,2026.08.10 13:18:38,2026.08.10 13:46:11,27,3210.05,3205.473,-4577.0,-3089.91,0.424,0.33,SL_HIT,3209.88635,3216.8555,3206.1968,1,0.021,0.411,3209.88635,0.65,0,0.53,0.5153,0,0,0,0,0.0,0,0.736,0.406,1,0.736,0.155,0.088,0.1,0.25,0.0,3206.1968,0.6,0.9,1,-2,0.0,0,15412,0.362,2.08,0,0.25,0.155,0.088,0.356,0.736,0.53,0,0.5153,421.0,10509.1
97268,XAUGBPm_20260810110010_5,XAUGBPm,MEAN_REVERSION,BUY,-1,2026.08.10 11:00:10,2026.08.10 13:47:01,166,3212.059,3203.691,-8368.0,-5577.41,0.799,0.232,SL_HIT,3219.61033,3225.92475,3212.32445,0,0.507,0.036,3219.61033,0.7,0,0.9,0.615,0,0,0,0,0.0,0,0.749,0.447,1,0.749,0.185,0.14,0.441,0.4,0.0,3219.61033,0.745,1.322,1,-1,0.0,0,15410,0.679,0.97,0,0.25,0.155,0.088,0.387,0.736,0.53,0,0.5153,420.0,10509.1
97281,XAUGBPm_20260810112804_4,XAUGBPm,SWEEP_REVERSAL,BUY,-1,2026.08.10 11:28:04,2026.08.10 13:56:04,148,3211.332,3200.998,-10334.0,-6905.47,0.99,0.303,SL_HIT,3219.61033,3225.92475,3212.32445,0,0.507,0.036,3219.61033,0.7,0,0.9,0.615,0,0,0,0,0.0,0,0.749,0.447,1,0.749,0.185,0.14,0.441,0.4,0.0,3219.61033,0.745,1.322,1,-1,0.0,0,15410,0.267,0.84,0,0.25,0.155,0.088,0.387,0.736,0.53,0,0.5153,420.0,10509.1
97110,XAUGBPm_20260807110000_3,XAUGBPm,TREND_CONTINUATION,BUY,-1,2026.08.07 11:00:00,2026.08.10 13:58:26,4498,3212.945,3198.088,-14857.0,-10302.71,1.199,1.959,SL_HIT,3203.61175,3215.185,3195.1247,1,0.028,1.095,3203.61175,0.65,0,0.8,0.965,0,0,0,1,0.0,0,0.608,0.362,1,0.608,0.29,0.105,0.483,0.3,-0.4826,3203.61175,0.742,0.995,1,2,0.0,0,15387,0.49,2.08,0,0.25,0.155,0.088,0.387,0.736,0.53,0,0.5153,420.0,10509.1
97309,XAUGBPm_20260810131838_3,XAUGBPm,TREND_CONTINUATION,BUY,-1,2026.08.10 13:18:38,2026.08.10 13:58:45,40,3210.05,3197.381,-12669.0,-8555.63,1.19,0.343,SL_HIT,3209.88635,3216.8555,3206.1968,1,0.021,0.411,3209.88635,0.65,0,0.53,0.5153,0,0,0,0,0.0,0,0.736,0.406,1,0.736,0.155,0.088,0.1,0.25,0.0,3206.1968,0.6,0.9,1,-2,0.0,0,15412,0.362,2.08,0,0.25,0.155,0.088,0.387,0.736,0.53,0,0.5153,420.0,10509.1
97321,XAUGBPm_20260810135211_4,XAUGBPm,SWEEP_REVERSAL,BUY,-1,2026.08.10 13:52:11,2026.08.10 14:22:57,30,3201.794,3210.38,8586.0,5722.33,0.548,0.804,TP_HIT,3209.88635,3216.8555,3206.1968,0,0.021,0.411,3209.88635,0.65,0,0.53,0.5153,0,0,0,0,0.0,0,0.736,0.457,1,0.736,0.155,0.088,0.387,0.25,0.0,3209.88635,0.746,1.331,1,-2,0.0,0,15412,0.211,0.81,0,0.15,0.206,0.053,0.06,0.803,0.675,1,-0.685,421.0,10921.9
97322,XAUGBPm_20260810135211_4,XAUGBPm,SWEEP_REVERSAL,BUY,0,2026.08.10 13:52:11,2026.08.10 14:22:58,30,3201.91,3210.505,8595.0,5806.78,0.559,0.806,TP_HIT,3209.88635,3216.8555,3206.1968,0,0.021,0.411,3209.88635,0.65,0,0.53,0.5153,0,0,0,0,0.0,0,0.736,0.457,1,0.736,0.155,0.088,0.387,0.25,0.0,3209.88635,0.746,1.331,1,-2,0.0,0,15412,0.211,0.81,0,0.15,0.206,0.053,0.06,0.803,0.675,1,-0.685,421.0,10921.9
97323,XAUGBPm_20260810135211_4,XAUGBPm,SWEEP_REVERSAL,BUY,1,2026.08.10 13:52:11,2026.08.10 14:22:58,30,3201.91,3210.505,8595.0,5729.76,0.559,0.806,TP_HIT,3209.88635,3216.8555,3206.1968,0,0.021,0.411,3209.88635,0.65,0,0.53,0.5153,0,0,0,0,0.0,0,0.736,0.457,1,0.736,0.155,0.088,0.387,0.25,0.0,3209.88635,0.746,1.331,1,-2,0.0,0,15412,0.211,0.81,0,0.15,0.206,0.053,0.06,0.803,0.675,1,-0.685,421.0,10921.9
97274,XAUGBPm_20260810111837_3,XAUGBPm,TREND_CONTINUATION,BUY,-1,2026.08.10 11:18:37,2026.08.10 15:51:36,272,3207.567,3220.038,12471.0,8531.93,1.118,1.194,TP_HIT,3219.61033,3225.92475,3212.32445,0,0.507,0.036,3219.61033,0.7,0,0.9,0.615,0,0,0,0,0.0,0,0.749,0.447,1,0.749,0.185,0.14,0.441,0.4,0.0,3219.61033,0.745,1.322,1,-1,0.0,0,15410,0.514,1.01,0,0.25,0.164,0.088,0.396,0.793,0.5,0,-0.545,421.0,11694.2
97332,XAUGBPm_20260810160000_0,XAUGBPm,BREAKOUT,BUY,0,2026.08.10 16:00:00,2026.08.10 16:00:21,0,3222.819,3222.517,-302.0,-204.25,0.048,0.011,SL_HIT,3210.30602,3216.42175,3205.54935,0,0.603,0.013,3211.66507,0.4,0,0.825,-0.58,0,0,0,0,0.0,2,0.931,0.561,2,0.75,0.874,0.258,0.426,0.4,0.1352,3211.66507,0.74,1.749,1,-2,0.0,0,15415,0.588,3.56,0,0.4,0.174,0.258,0.426,0.771,0.825,0,-0.58,421.0,11045.0
97333,XAUGBPm_20260810160000_0,XAUGBPm,BREAKOUT,BUY,1,2026.08.10 16:00:00,2026.08.10 16:01:20,1,3222.819,3222.435,-384.0,-259.71,0.054,0.056,SL_HIT,3210.30602,3216.42175,3205.54935,0,0.603,0.013,3211.66507,0.4,0,0.825,-0.58,0,0,0,0,0.0,2,0.931,0.561,2,0.75,0.874,0.258,0.426,0.4,0.1352,3211.66507,0.74,1.749,1,-2,0.0,0,15415,0.588,3.56,0,0.4,0.174,0.258,0.426,0.771,0.825,0,-0.58,421.0,11045.0
97337,XAUGBPm_20260810170019_7,XAUGBPm,ANCHORED_PULLBACK,BUY,0,2026.08.10 17:00:19,2026.08.10 17:00:33,0,3224.289,3223.693,-596.0,-402.73,0.043,0.0,SL_HIT,3216.116,3218.5256,3200.8552,0,0.702,0.021,3216.116,0.55,0,0.9,-0.615,0,0,0,0,0.0,0,0.563,0.41,1,0.563,0.185,0.282,0.399,0.4,0.0,3216.116,0.724,1.259,1,-2,0.0,0,15416,0.422,1.83,0,0.4,0.185,0.282,0.399,0.563,0.9,0,-0.615,421.0,11106.9
97338,XAUGBPm_20260810170019_7,XAUGBPm,ANCHORED_PULLBACK,BUY,1,2026.08.10 17:00:19,2026.08.10 17:03:59,3,3224.289,3222.992,-1297.0,-876.33,0.102,0.0,SL_HIT,3216.116,3218.5256,3200.8552,0,0.702,0.021,3216.116,0.55,0,0.9,-0.615,0,0,0,0,0.0,0,0.563,0.41,1,0.563,0.185,0.282,0.399,0.4,0.0,3216.116,0.724,1.259,1,-2,0.0,0,15416,0.422,1.83,0,0.4,0.185,0.282,0.308,0.563,0.9,0,-0.615,421.0,11106.9
97336,XAUGBPm_20260810170019_7,XAUGBPm,ANCHORED_PULLBACK,BUY,-1,2026.08.10 17:00:19,2026.08.10 18:25:43,85,3224.289,3232.042,7753.0,5236.14,0.32,0.688,TP_HIT,3216.116,3218.5256,3200.8552,0,0.702,0.021,3216.116,0.55,0,0.9,-0.615,0,0,0,0,0.0,0,0.563,0.41,1,0.563,0.185,0.282,0.399,0.4,0.0,3216.116,0.724,1.259,1,-2,0.0,0,15416,0.422,1.83,0,0.4,0.106,0.14,0.427,0.71,0.528,0,-0.3522,422.0,11198.6
97292,XAUGBPm_20260810130000_2,XAUGBPm,PULLBACK,BUY,-1,2026.08.10 13:00:00,2026.08.10 18:31:23,331,3210.527,3237.582,27055.0,18368.05,1.379,2.565,TP_HIT,3209.88635,3216.8555,3206.1968,1,0.021,0.411,3209.88635,0.65,0,0.53,0.5153,0,0,0,0,0.0,0,0.436,0.286,0,0.436,0.155,0.193,0.22,0.55,0.0079,3206.1968,0.6,0.9,1,-2,0.0,0,15412,0.427,1.72,0,0.4,0.106,0.14,0.427,0.71,0.528,0,-0.3522,482.0,11198.6
97344,XAUGBPm_20260810190019_7,XAUGBPm,ANCHORED_PULLBACK,BUY,0,2026.08.10 19:00:19,2026.08.10 19:00:35,0,3243.205,3242.3,-905.0,-611.27,0.068,0.0,SL_HIT,3216.499,3228.265,3214.1458,0,1.175,0.359,3216.499,0.45,0,0.675,0.685,2,0,0,1,0.0,0,0.594,0.431,1,0.594,0.206,0.0,0.232,0.0,0.0,3227.4806,0.55,1.248,1,-2,0.0,0,15418,0.476,3.85,0,0.0,0.206,0.0,0.207,0.594,0.675,0,0.685,423.0,11538.7
97345,XAUGBPm_20260810190019_7,XAUGBPm,ANCHORED_PULLBACK,BUY,1,2026.08.10 19:00:19,2026.08.10 19:03:03,2,3243.205,3241.878,-1327.0,-896.36,0.122,0.0,SL_HIT,3216.499,3228.265,3214.1458,0,1.175,0.359,3216.499,0.45,0,0.675,0.685,2,0,0,1,0.0,0,0.594,0.431,1,0.594,0.206,0.0,0.232,0.0,0.0,3227.4806,0.55,1.248,1,-2,0.0,0,15418,0.476,3.85,0,0.0,0.206,0.0,0.207,0.594,0.675,0,0.685,423.0,11538.7
97331,XAUGBPm_20260810160000_0,XAUGBPm,BREAKOUT,BUY,-1,2026.08.10 16:00:00,2026.08.10 19:29:33,209,3222.819,3250.558,27739.0,18733.67,0.51,2.498,TP_HIT,3210.30602,3216.42175,3205.54935,0,0.603,0.013,3211.66507,0.4,0,0.825,-0.58,0,0,0,0,0.0,2,0.931,0.561,2,0.75,0.874,0.258,0.426,0.4,0.1352,3211.66507,0.74,1.749,1,-2,0.0,0,15415,0.588,3.56,0,0.0,0.206,0.0,0.232,0.594,0.675,0,0.685,424.0,11538.7
97350,XAUGBPm_20260810203127_0,XAUGBPm,BREAKOUT,BUY,0,2026.08.10 20:31:27,2026.08.10 20:31:55,0,3251.852,3250.948,-904.0,-610.53,0.064,0.0,SL_HIT,3227.16925,3242.601,3217.184,0,0.024,1.089,3227.16925,0.7,0,0.75,0.72,0,0,0,1,0.0,0,0.617,0.465,1,0.617,0.216,0.0,0.209,0.0,0.0,3227.16925,0.716,1.213,1,2,0.0,0,15419,0.441,1.67,0,0.0,0.216,0.0,0.209,0.617,0.75,0,0.72,424.0,11423.2
97353,XAUGBPm_20260810203130_3,XAUGBPm,TREND_CONTINUATION,BUY,0,2026.08.10 20:31:30,2026.08.10 20:31:55,0,3251.852,3250.948,-904.0,-610.53,0.064,0.0,SL_HIT,3227.16925,3242.601,3217.184,0,0.024,1.089,3227.16925,0.7,0,0.75,0.72,0,0,0,1,0.0,0,0.617,0.465,1,0.617,0.216,0.0,0.209,0.0,0.0,3227.16925,0.716,1.213,1,2,0.0,0,15419,0.478,2.08,0,0.0,0.216,0.0,0.209,0.617,0.75,0,0.72,424.0,11423.2
97358,XAUGBPm_20260810203200_2,XAUGBPm,PULLBACK,BUY,0,2026.08.10 20:32:00,2026.08.10 20:34:12,2,3250.968,3250.711,-257.0,-173.57,0.036,0.015,SL_HIT,3227.16925,3242.601,3217.184,0,0.024,1.089,3227.16925,0.7,0,0.75,0.72,0,0,0,1,0.0,0,0.617,0.465,1,0.617,0.216,0.0,0.209,0.0,0.0,3227.16925,0.716,1.213,1,2,0.0,0,15419,0.406,2.0,0,0.0,0.216,0.0,0.209,0.617,0.75,0,0.72,424.0,11423.2
97351,XAUGBPm_20260810203127_0,XAUGBPm,BREAKOUT,BUY,1,2026.08.10 20:31:27,2026.08.10 20:37:07,5,3251.852,3250.3,-1552.0,-1048.22,0.126,0.0,SL_HIT,3227.16925,3242.601,3217.184,0,0.024,1.089,3227.16925,0.7,0,0.75,0.72,0,0,0,1,0.0,0,0.617,0.465,1,0.617,0.216,0.0,0.209,0.0,0.0,3227.16925,0.716,1.213,1,2,0.0,0,15419,0.441,1.67,0,0.0,0.216,0.0,0.209,0.617,0.75,0,0.72,424.0,11423.2
97354,XAUGBPm_20260810203130_3,XAUGBPm,TREND_CONTINUATION,BUY,1,2026.08.10 20:31:30,2026.08.10 20:37:07,5,3251.852,3250.3,-1552.0,-1048.22,0.126,0.0,SL_HIT,3227.16925,3242.601,3217.184,0,0.024,1.089,3227.16925,0.7,0,0.75,0.72,0,0,0,1,0.0,0,0.617,0.465,1,0.617,0.216,0.0,0.209,0.0,0.0,3227.16925,0.716,1.213,1,2,0.0,0,15419,0.478,2.08,0,0.0,0.216,0.0,0.209,0.617,0.75,0,0.72,424.0,11423.2
97359,XAUGBPm_20260810203200_2,XAUGBPm,PULLBACK,BUY,1,2026.08.10 20:32:00,2026.08.10 20:39:22,7,3250.968,3250.114,-854.0,-576.79,0.07,0.015,SL_HIT,3227.16925,3242.601,3217.184,0,0.024,1.089,3227.16925,0.7,0,0.75,0.72,0,0,0,1,0.0,0,0.617,0.465,1,0.617,0.216,0.0,0.209,0.0,0.0,3227.16925,0.716,1.213,1,2,0.0,0,15419,0.406,2.0,0,0.0,0.216,0.0,0.209,0.617,0.75,0,0.72,423.0,11423.2
97365,XAUGBPm_20260810220103_1,XAUGBPm,BREAKOUT_RETEST,BUY,0,2026.08.10 22:01:03,2026.08.10 22:01:26,0,3250.809,3250.225,-584.0,-394.44,0.096,0.0,SL_HIT,3249.3985,3253.494,3230.5592,1,0.071,1.275,3249.3985,0.7,0,0.825,0.755,2,0,0,1,0.0,0,0.513,0.435,1,0.513,0.226,0.0,0.13,0.0,0.0,3230.5592,0.6,1.095,1,2,0.0,0,15420,0.528,4.48,0,0.0,0.226,0.0,0.13,0.513,0.825,1,0.755,483.0,10888.6
97366,XAUGBPm_20260810220103_1,XAUGBPm,BREAKOUT_RETEST,BUY,1,2026.08.10 22:01:03,2026.08.10 22:01:53,0,3250.809,3249.764,-1045.0,-705.82,0.096,0.0,SL_HIT,3249.3985,3253.494,3230.5592,1,0.071,1.275,3249.3985,0.7,0,0.825,0.755,2,0,0,1,0.0,0,0.513,0.435,1,0.513,0.226,0.0,0.13,0.0,0.0,3230.5592,0.6,1.095,1,2,0.0,0,15420,0.528,4.48,0,0.0,0.226,0.0,0.0,0.513,0.825,1,0.755,483.0,10888.6
97370,XAUGBPm_20260810223128_0,XAUGBPm,BREAKOUT,BUY,0,2026.08.10 22:31:28,2026.08.10 22:32:19,0,3252.801,3251.967,-834.0,-563.26,0.07,0.0,SL_HIT,3249.3985,3253.494,3230.5592,1,0.071,1.275,3249.3985,0.7,0,0.825,0.755,2,0,0,1,0.0,0,0.513,0.458,1,0.513,0.226,0.0,0.26,0.0,0.0,3230.5592,0.6,1.291,1,2,0.0,0,15420,0.362,1.67,0,0.0,0.226,0.0,0.26,0.513,0.825,1,0.755,424.0,10888.6
97373,XAUGBPm_20260810223132_3,XAUGBPm,TREND_CONTINUATION,BUY,0,2026.08.10 22:31:32,2026.08.10 22:32:20,0,3252.686,3251.837,-849.0,-573.39,0.066,0.0,SL_HIT,3249.3985,3253.494,3230.5592,1,0.071,1.275,3249.3985,0.7,0,0.825,0.755,2,0,0,1,0.0,0,0.513,0.458,1,0.513,0.226,0.0,0.26,0.0,0.0,3230.5592,0.6,1.291,1,2,0.0,0,15420,0.505,2.08,0,0.0,0.226,0.0,0.13,0.513,0.825,1,0.755,424.0,10888.6
97376,XAUGBPm_20260810223203_2,XAUGBPm,PULLBACK,BUY,0,2026.08.10 22:32:03,2026.08.10 22:32:20,0,3252.751,3251.837,-914.0,-617.29,0.072,0.0,SL_HIT,3249.3985,3253.494,3230.5592,1,0.071,1.275,3249.3985,0.7,0,0.825,0.755,2,0,0,1,0.0,0,0.513,0.458,1,0.513,0.226,0.0,0.26,0.0,0.0,3230.5592,0.6,1.291,1,2,0.0,0,15420,0.58,2.0,0,0.0,0.226,0.0,0.13,0.513,0.825,1,0.755,424.0,10888.6
97170,XAUGBPm_20260807180545_0,XAUGBPm,BREAKOUT,BUY,-1,2026.08.07 18:05:45,2026.08.10 22:46:49,4601,3217.683,3255.504,37821.0,25276.07,1.436,2.49,TP_HIT,3212.88495,3223.2865,3211.2426,1,0.196,0.414,3221.64415,0.55,0,1.0,0.825,0,0,0,0,0.0,0,0.587,0.452,1,0.587,0.247,0.224,0.261,0.25,0.0,3211.2426,0.6,1.142,1,-2,0.0,0,15394,0.413,1.67,0,0.0,0.226,0.0,0.26,0.513,0.825,0,0.755,424.0,10888.6
97371,XAUGBPm_20260810223128_0,XAUGBPm,BREAKOUT,BUY,1,2026.08.10 22:31:28,2026.08.10 22:56:21,24,3252.801,3256.156,3355.0,2266.07,0.108,0.399,TRAIL_STOP,3249.3985,3253.494,3230.5592,1,0.071,1.275,3249.3985,0.7,0,0.825,0.755,2,0,0,1,0.0,0,0.513,0.458,1,0.513,0.226,0.0,0.26,0.0,0.0,3230.5592,0.6,1.291,1,2,0.0,0,15420,0.362,1.67,0,0.0,0.226,0.0,0.26,0.513,0.825,0,0.755,424.0,10888.6
97374,XAUGBPm_20260810223132_3,XAUGBPm,TREND_CONTINUATION,BUY,1,2026.08.10 22:31:32,2026.08.10 22:56:21,24,3252.686,3256.156,3470.0,2343.74,0.097,0.439,TRAIL_STOP,3249.3985,3253.494,3230.5592,1,0.071,1.275,3249.3985,0.7,0,0.825,0.755,2,0,0,1,0.0,0,0.513,0.458,1,0.513,0.226,0.0,0.26,0.0,0.0,3230.5592,0.6,1.291,1,2,0.0,0,15420,0.505,2.08,0,0.0,0.226,0.0,0.26,0.513,0.825,0,0.755,424.0,10888.6
97377,XAUGBPm_20260810223203_2,XAUGBPm,PULLBACK,BUY,1,2026.08.10 22:32:03,2026.08.10 22:56:21,24,3252.751,3256.156,3405.0,2299.84,0.103,0.433,TRAIL_STOP,3249.3985,3253.494,3230.5592,1,0.071,1.275,3249.3985,0.7,0,0.825,0.755,2,0,0,1,0.0,0,0.513,0.458,1,0.513,0.226,0.0,0.26,0.0,0.0,3230.5592,0.6,1.291,1,2,0.0,0,15420,0.58,2.0,0,0.0,0.226,0.0,0.26,0.513,0.825,0,0.755,424.0,10888.6
97386,XAUGBPm_20260811000202_1,XAUGBPm,BREAKOUT_RETEST,BUY,0,2026.08.11 00:02:02,2026.08.11 00:10:38,8,3255.83,3261.571,5741.0,3878.71,0.195,0.529,TP_HIT,3249.22847,3256.7939,3247.8934,1,0.693,0.021,3249.22847,0.5,0,0.975,0.825,0,0,0,1,0.0,0,0.59,0.344,0,0.59,0.247,0.201,0.216,0.15,0.0,3249.22847,0.731,0.226,1,-2,0.387,0,15422,0.567,1.01,0,0.15,0.247,0.201,0.313,0.59,0.975,0,0.825,424.0,10598.6
97387,XAUGBPm_20260811000202_1,XAUGBPm,BREAKOUT_RETEST,BUY,1,2026.08.11 00:02:02,2026.08.11 00:10:38,8,3255.83,3261.571,5741.0,3690.88,0.195,0.529,TP_HIT,3249.22847,3256.7939,3247.8934,1,0.693,0.021,3249.22847,0.5,0,0.975,0.825,0,0,0,1,0.0,0,0.59,0.344,0,0.59,0.247,0.201,0.216,0.15,0.0,3249.22847,0.731,0.226,1,-2,0.387,0,15422,0.567,1.01,0,0.15,0.247,0.201,0.313,0.59,0.975,0,0.825,424.0,10598.6
97385,XAUGBPm_20260811000202_1,XAUGBPm,BREAKOUT_RETEST,BUY,-1,2026.08.11 00:02:02,2026.08.11 00:10:38,8,3255.989,3261.679,5690.0,3951.67,0.21,0.527,TP_HIT,3249.22847,3256.7939,3247.8934,1,0.693,0.021,3249.22847,0.5,0,0.975,0.825,0,0,0,1,0.0,0,0.59,0.344,0,0.59,0.247,0.201,0.216,0.15,0.0,3249.22847,0.731,0.226,1,-2,0.387,0,15422,0.567,1.01,0,0.15,0.247,0.201,0.313,0.59,0.975,0,0.825,424.0,10598.6
97364,XAUGBPm_20260810220103_1,XAUGBPm,BREAKOUT_RETEST,BUY,-1,2026.08.10 22:01:03,2026.08.11 00:25:20,144,3250.809,3265.475,14666.0,9638.6,0.168,1.34,TP_HIT,3249.3985,3253.494,3230.5592,1,0.071,1.275,3249.3985,0.7,0,0.825,0.755,2,0,0,1,0.0,0,0.513,0.435,1,0.513,0.226,0.0,0.13,0.0,0.0,3230.5592,0.6,1.095,1,2,0.0,0,15420,0.528,4.48,0,0.15,0.247,0.201,0.313,0.59,0.975,0,0.825,424.0,10598.6
97343,XAUGBPm_20260810190019_7,XAUGBPm,ANCHORED_PULLBACK,BUY,-1,2026.08.10 19:00:19,2026.08.11 00:25:31,325,3243.205,3265.897,22692.0,15060.96,0.122,1.955,TP_HIT,3216.499,3228.265,3214.1458,0,1.175,0.359,3216.499,0.45,0,0.675,0.685,2,0,0,1,0.0,0,0.594,0.431,1,0.594,0.206,0.0,0.232,0.0,0.0,3227.4806,0.55,1.248,1,-2,0.0,0,15418,0.476,3.85,0,0.15,0.247,0.201,0.313,0.59,0.975,0,0.825,424.0,10598.6
97404,XAUGBPm_20260811010000_7,XAUGBPm,ANCHORED_PULLBACK,BUY,1,2026.08.11 01:00:00,2026.08.11 01:00:02,0,3264.218,3261.799,-2419.0,-1299.8,0.202,0.0,SL_HIT,3250.40587,3261.71325,3247.43025,0,0.101,0.311,3264.68887,0.6,0,1.0,0.86,2,0,0,1,0.0,2,1.0,0.483,1,0.515,0.958,0.0,0.188,0.0,0.4744,3250.40587,0.7,0.655,1,-2,0.387,0,15423,0.742,9.45,0,0.0,0.258,0.0,0.19,0.577,1.0,0,0.86,424.0,11347.1
97402,XAUGBPm_20260811010000_7,XAUGBPm,ANCHORED_PULLBACK,BUY,-1,2026.08.11 01:00:00,2026.08.11 01:00:02,0,3263.969,3261.59,-2379.0,-1680.14,0.191,0.0,SL_HIT,3250.40587,3261.71325,3247.43025,0,0.101,0.311,3264.68887,0.6,0,1.0,0.86,2,0,0,1,0.0,2,1.0,0.483,1,0.515,0.958,0.0,0.188,0.0,0.4744,3250.40587,0.7,0.655,1,-2,0.387,0,15423,0.742,9.45,0,0.0,0.258,0.0,0.201,0.577,1.0,1,0.86,424.0,11347.1
97403,XAUGBPm_20260811010000_7,XAUGBPm,ANCHORED_PULLBACK,BUY,0,2026.08.11 01:00:00,2026.08.11 01:00:02,0,3264.077,3261.59,-2487.0,-1775.4,0.201,0.0,SL_HIT,3250.40587,3261.71325,3247.43025,0,0.101,0.311,3264.68887,0.6,0,1.0,0.86,2,0,0,1,0.0,2,1.0,0.483,1,0.515,0.958,0.0,0.188,0.0,0.4744,3250.40587,0.7,0.655,1,-2,0.387,0,15423,0.742,9.45,0,0.0,0.258,0.0,0.201,0.577,1.0,1,0.86,424.0,11347.1
97395,XAUGBPm_20260811003128_0,XAUGBPm,BREAKOUT,BUY,1,2026.08.11 00:31:28,2026.08.11 01:00:02,28,3265.625,3260.965,-4660.0,-3148.16,0.429,0.417,SL_HIT,3249.22847,3256.7939,3247.8934,0,0.693,0.021,3249.22847,0.5,0,0.975,0.825,0,0,0,1,0.0,0,0.59,0.393,1,0.59,0.247,0.201,0.313,0.15,0.0,3249.22847,0.731,0.643,1,-2,0.387,0,15422,0.491,1.74,0,0.0,0.258,0.0,0.201,0.577,1.0,1,0.86,424.0,11347.1
97398,XAUGBPm_20260811003133_3,XAUGBPm,TREND_CONTINUATION,BUY,1,2026.08.11 00:31:33,2026.08.11 01:00:02,28,3265.862,3260.965,-4897.0,-3308.27,0.451,0.395,SL_HIT,3249.22847,3256.7939,3247.8934,0,0.693,0.021,3249.22847,0.5,0,0.975,0.825,0,0,0,1,0.0,0,0.59,0.394,1,0.59,0.247,0.201,0.313,0.15,0.0,3249.22847,0.731,0.652,1,-2,0.387,0,15422,0.546,1.71,0,0.0,0.258,0.0,0.201,0.577,1.0,1,0.86,424.0,11347.1
97401,XAUGBPm_20260811003206_2,XAUGBPm,PULLBACK,BUY,1,2026.08.11 00:32:06,2026.08.11 01:00:02,27,3265.897,3260.965,-4932.0,-3331.91,0.455,0.391,SL_HIT,3249.22847,3256.7939,3247.8934,0,0.693,0.021,3249.22847,0.5,0,0.975,0.825,0,0,0,1,0.0,0,0.59,0.394,1,0.59,0.247,0.201,0.313,0.15,0.0,3249.22847,0.731,0.654,1,-2,0.387,0,15422,0.465,2.05,0,0.0,0.258,0.0,0.201,0.577,1.0,1,0.86,424.0,11347.1
97394,XAUGBPm_20260811003128_0,XAUGBPm,BREAKOUT,BUY,0,2026.08.11 00:31:28,2026.08.11 01:02:49,31,3265.625,3253.269,-12356.0,-8345.49,1.135,0.417,SL_HIT,3249.22847,3256.7939,3247.8934,0,0.693,0.021,3249.22847,0.5,0,0.975,0.825,0,0,0,1,0.0,0,0.59,0.393,1,0.59,0.247,0.201,0.313,0.15,0.0,3249.22847,0.731,0.643,1,-2,0.387,0,15422,0.491,1.74,0,0.0,0.258,0.0,0.154,0.577,1.0,1,0.86,483.0,11347.1
97400,XAUGBPm_20260811003206_2,XAUGBPm,PULLBACK,BUY,0,2026.08.11 00:32:06,2026.08.11 01:02:49,30,3265.897,3253.269,-12628.0,-8529.2,1.16,0.391,SL_HIT,3249.22847,3256.7939,3247.8934,0,0.693,0.021,3249.22847,0.5,0,0.975,0.825,0,0,0,1,0.0,0,0.59,0.394,1,0.59,0.247,0.201,0.313,0.15,0.0,3249.22847,0.731,0.654,1,-2,0.387,0,15422,0.465,2.05,0,0.0,0.258,0.0,0.154,0.577,1.0,1,0.86,483.0,11347.1
97397,XAUGBPm_20260811003133_3,XAUGBPm,TREND_CONTINUATION,BUY,0,2026.08.11 00:31:33,2026.08.11 01:11:28,39,3265.862,3266.79,928.0,626.85,1.255,0.395,TRAIL_STOP,3249.22847,3256.7939,3247.8934,0,0.693,0.021,3249.22847,0.5,0,0.975,0.825,0,0,0,1,0.0,0,0.59,0.394,1,0.59,0.247,0.201,0.313,0.15,0.0,3249.22847,0.731,0.652,1,-2,0.387,0,15422,0.546,1.71,0,0.0,0.258,0.0,0.239,0.577,1.0,0,0.86,425.0,11347.1
97372,XAUGBPm_20260810223132_3,XAUGBPm,TREND_CONTINUATION,BUY,-1,2026.08.10 22:31:32,2026.08.11 01:55:17,203,3252.686,3279.947,27261.0,18149.64,0.097,2.497,TP_HIT,3249.3985,3253.494,3230.5592,1,0.071,1.275,3249.3985,0.7,0,0.825,0.755,2,0,0,1,0.0,0,0.513,0.458,1,0.513,0.226,0.0,0.26,0.0,0.0,3230.5592,0.6,1.291,1,2,0.0,0,15420,0.505,2.08,0,0.0,0.258,0.0,0.282,0.577,1.0,0,0.86,425.0,11347.1
97369,XAUGBPm_20260810223128_0,XAUGBPm,BREAKOUT,BUY,-1,2026.08.10 22:31:28,2026.08.11 01:55:17,203,3252.801,3280.084,27283.0,18164.5,0.108,2.493,TP_HIT,3249.3985,3253.494,3230.5592,1,0.071,1.275,3249.3985,0.7,0,0.825,0.755,2,0,0,1,0.0,0,0.513,0.458,1,0.513,0.226,0.0,0.26,0.0,0.0,3230.5592,0.6,1.291,1,2,0.0,0,15420,0.362,1.67,0,0.0,0.258,0.0,0.282,0.577,1.0,0,0.86,425.0,11347.1
97349,XAUGBPm_20260810203127_0,XAUGBPm,BREAKOUT,BUY,-1,2026.08.10 20:31:27,2026.08.11 01:55:18,323,3251.852,3280.514,28662.0,19096.24,0.252,2.494,TP_HIT,3227.16925,3242.601,3217.184,0,0.024,1.089,3227.16925,0.7,0,0.75,0.72,0,0,0,1,0.0,0,0.617,0.465,1,0.617,0.216,0.0,0.209,0.0,0.0,3227.16925,0.716,1.213,1,2,0.0,0,15419,0.441,1.67,0,0.0,0.258,0.0,0.282,0.577,1.0,0,0.86,425.0,11347.1
97352,XAUGBPm_20260810203130_3,XAUGBPm,TREND_CONTINUATION,BUY,-1,2026.08.10 20:31:30,2026.08.11 01:55:18,323,3251.852,3280.514,28662.0,19096.24,0.252,2.494,TP_HIT,3227.16925,3242.601,3217.184,0,0.024,1.089,3227.16925,0.7,0,0.75,0.72,0,0,0,1,0.0,0,0.617,0.465,1,0.617,0.216,0.0,0.209,0.0,0.0,3227.16925,0.716,1.213,1,2,0.0,0,15419,0.478,2.08,0,0.0,0.258,0.0,0.282,0.577,1.0,0,0.86,425.0,11347.1
97419,XAUGBPm_20260811030000_1,XAUGBPm,BREAKOUT_RETEST,BUY,0,2026.08.11 03:00:00,2026.08.11 03:00:07,0,3266.355,3265.801,-554.0,-374.11,0.065,0.0,SL_HIT,3268.38722,3272.15585,3254.06645,1,0.041,0.512,3268.38722,0.6,0,0.8,0.93,0,0,0,1,0.0,2,1.0,0.473,1,0.258,0.979,0.249,0.131,0.3,0.1516,3272.15585,0.6,0.536,1,-2,0.387,0,15425,0.756,1.52,0,0.0,0.279,0.144,0.011,0.558,0.8,1,0.93,425.0,13631.6
97423,XAUGBPm_20260811030231_0,XAUGBPm,BREAKOUT,BUY,0,2026.08.11 03:02:31,2026.08.11 03:02:41,0,3268.508,3267.809,-699.0,-571.98,0.041,0.0,SL_HIT,3268.38722,3272.15585,3254.06645,1,0.041,0.512,3268.38722,0.6,0,0.8,0.93,0,0,0,1,0.0,0,0.558,0.394,1,0.558,0.279,0.144,0.029,0.0,0.0,3254.06645,0.6,0.42,1,-2,0.387,0,15425,0.339,1.67,0,0.0,0.279,0.144,0.029,0.558,0.8,1,0.93,425.0,13631.6
97426,XAUGBPm_20260811030234_2,XAUGBPm,PULLBACK,BUY,0,2026.08.11 03:02:34,2026.08.11 03:02:41,0,3268.659,3267.809,-850.0,-574.01,0.052,0.0,SL_HIT,3268.38722,3272.15585,3254.06645,1,0.041,0.512,3268.38722,0.6,0,0.8,0.93,0,0,0,1,0.0,0,0.558,0.394,1,0.558,0.279,0.144,0.029,0.0,0.0,3254.06645,0.6,0.421,1,-2,0.387,0,15425,0.572,2.0,0,0.0,0.279,0.144,0.029,0.558,0.8,1,0.93,425.0,13631.6
97429,XAUGBPm_20260811030236_3,XAUGBPm,TREND_CONTINUATION,BUY,0,2026.08.11 03:02:36,2026.08.11 03:02:41,0,3268.654,3267.809,-845.0,-570.63,0.052,0.0,SL_HIT,3268.38722,3272.15585,3254.06645,1,0.041,0.512,3268.38722,0.6,0,0.8,0.93,0,0,0,1,0.0,0,0.558,0.395,1,0.558,0.279,0.144,0.029,0.0,0.0,3254.06645,0.6,0.426,1,-2,0.387,0,15425,0.496,2.08,0,0.0,0.279,0.144,0.029,0.558,0.8,1,0.93,425.0,13631.6
97420,XAUGBPm_20260811030000_1,XAUGBPm,BREAKOUT_RETEST,BUY,1,2026.08.11 03:00:00,2026.08.11 03:03:12,3,3266.355,3267.077,722.0,487.54,0.065,0.148,TRAIL_STOP,3268.38722,3272.15585,3254.06645,1,0.041,0.512,3268.38722,0.6,0,0.8,0.93,0,0,0,1,0.0,2,1.0,0.473,1,0.258,0.979,0.249,0.131,0.3,0.1516,3272.15585,0.6,0.536,1,-2,0.387,0,15425,0.756,1.52,0,0.0,0.279,0.144,0.045,0.558,0.8,1,0.93,425.0,13631.6
97424,XAUGBPm_20260811030231_0,XAUGBPm,BREAKOUT,BUY,1,2026.08.11 03:02:31,2026.08.11 03:03:12,0,3268.656,3267.077,-1579.0,-1066.32,0.107,0.0,SL_HIT,3268.38722,3272.15585,3254.06645,1,0.041,0.512,3268.38722,0.6,0,0.8,0.93,0,0,0,1,0.0,0,0.558,0.394,1,0.558,0.279,0.144,0.029,0.0,0.0,3254.06645,0.6,0.42,1,-2,0.387,0,15425,0.339,1.67,0,0.0,0.279,0.144,0.045,0.558,0.8,1,0.93,425.0,13631.6
97427,XAUGBPm_20260811030234_2,XAUGBPm,PULLBACK,BUY,1,2026.08.11 03:02:34,2026.08.11 03:03:12,0,3268.659,3267.077,-1582.0,-1068.35,0.107,0.0,SL_HIT,3268.38722,3272.15585,3254.06645,1,0.041,0.512,3268.38722,0.6,0,0.8,0.93,0,0,0,1,0.0,0,0.558,0.394,1,0.558,0.279,0.144,0.029,0.0,0.0,3254.06645,0.6,0.421,1,-2,0.387,0,15425,0.572,2.0,0,0.0,0.279,0.144,0.045,0.558,0.8,1,0.93,425.0,13631.6
97430,XAUGBPm_20260811030236_3,XAUGBPm,TREND_CONTINUATION,BUY,1,2026.08.11 03:02:36,2026.08.11 03:03:12,0,3268.654,3267.077,-1577.0,-990.01,0.106,0.0,SL_HIT,3268.38722,3272.15585,3254.06645,1,0.041,0.512,3268.38722,0.6,0,0.8,0.93,0,0,0,1,0.0,0,0.558,0.395,1,0.558,0.279,0.144,0.029,0.0,0.0,3254.06645,0.6,0.426,1,-2,0.387,0,15425,0.496,2.08,0,0.0,0.279,0.144,0.045,0.558,0.8,1,0.93,425.0,13631.6
97418,XAUGBPm_20260811030000_1,XAUGBPm,BREAKOUT_RETEST,BUY,-1,2026.08.11 03:00:00,2026.08.11 04:50:23,110,3266.355,3262.218,-4137.0,-2794.17,0.291,0.413,SL_HIT,3268.38722,3272.15585,3254.06645,1,0.041,0.512,3268.38722,0.6,0,0.8,0.93,0,0,0,1,0.0,2,1.0,0.473,1,0.258,0.979,0.249,0.131,0.3,0.1516,3272.15585,0.6,0.536,1,-2,0.387,0,15425,0.756,1.52,0,0.25,0.237,0.264,0.304,0.675,0.8,1,0.79,424.0,13623.8
97440,XAUGBPm_20260811050001_1,XAUGBPm,BREAKOUT_RETEST,BUY,0,2026.08.11 05:00:01,2026.08.11 05:00:12,0,3263.18,3262.258,-922.0,-622.92,0.054,0.0,SL_HIT,3268.38722,3275.17075,3260.09625,1,0.198,0.372,3268.38722,0.5,0,0.8,0.825,0,0,0,1,0.0,0,0.715,0.359,1,0.715,0.247,0.367,0.461,0.55,0.0,3268.38722,0.714,0.408,1,2,0.366,0,15427,0.502,1.41,0,0.25,0.247,0.262,0.341,0.715,0.8,1,0.825,424.0,13241.9
97441,XAUGBPm_20260811050001_1,XAUGBPm,BREAKOUT_RETEST,BUY,1,2026.08.11 05:00:01,2026.08.11 05:01:21,1,3263.18,3261.65,-1530.0,-1033.63,0.105,0.0,SL_HIT,3268.38722,3275.17075,3260.09625,1,0.198,0.372,3268.38722,0.5,0,0.8,0.825,0,0,0,1,0.0,0,0.715,0.359,1,0.715,0.247,0.367,0.461,0.55,0.0,3268.38722,0.714,0.408,1,2,0.366,0,15427,0.502,1.41,0,0.25,0.247,0.262,0.341,0.715,0.8,1,0.825,424.0,13241.9
97445,XAUGBPm_20260811050513_5,XAUGBPm,MEAN_REVERSION,BUY,0,2026.08.11 05:05:13,2026.08.11 05:05:25,0,3260.317,3259.268,-1049.0,-708.63,0.068,0.0,SL_HIT,3268.38722,3275.17075,3260.09625,0,0.198,0.372,3268.38722,0.5,0,0.8,0.825,0,0,0,1,0.0,0,0.715,0.395,1,0.715,0.247,0.262,0.368,0.25,0.0,3268.38722,0.714,0.328,1,2,0.366,0,15427,0.63,0.8,0,0.25,0.247,0.262,0.368,0.715,0.8,0,0.825,424.0,13241.9
97439,XAUGBPm_20260811050001_1,XAUGBPm,BREAKOUT_RETEST,BUY,-1,2026.08.11 05:00:01,2026.08.11 05:05:35,5,3263.18,3259.117,-4063.0,-2744.62,0.297,0.0,SL_HIT,3268.38722,3275.17075,3260.09625,1,0.198,0.372,3268.38722,0.5,0,0.8,0.825,0,0,0,1,0.0,0,0.715,0.359,1,0.715,0.247,0.367,0.461,0.55,0.0,3268.38722,0.714,0.408,1,2,0.366,0,15427,0.502,1.41,0,0.25,0.247,0.262,0.368,0.715,0.8,0,0.825,424.0,13241.9
97446,XAUGBPm_20260811050513_5,XAUGBPm,MEAN_REVERSION,BUY,1,2026.08.11 05:05:13,2026.08.11 05:10:41,5,3260.317,3260.151,-166.0,-16.21,0.12,0.081,SL_HIT,3268.38722,3275.17075,3260.09625,0,0.198,0.372,3268.38722,0.5,0,0.8,0.825,0,0,0,1,0.0,0,0.715,0.395,1,0.715,0.247,0.262,0.368,0.25,0.0,3268.38722,0.714,0.328,1,2,0.366,0,15427,0.63,0.8,0,0.25,0.247,0.262,0.351,0.715,0.8,1,0.825,424.0,13241.9
97451,XAUGBPm_20260811051136_2,XAUGBPm,PULLBACK,BUY,0,2026.08.11 05:11:36,2026.08.11 05:11:56,0,3258.8,3258.062,-738.0,-498.5,0.052,0.0,SL_HIT,3268.38722,3275.17075,3260.09625,0,0.198,0.372,3268.38722,0.5,0,0.8,0.825,0,0,0,1,0.0,0,0.715,0.395,1,0.715,0.247,0.262,0.384,0.25,0.0,3249.88975,0.65,0.334,1,2,0.366,0,15427,0.413,2.0,0,0.25,0.247,0.262,0.384,0.715,0.8,0,0.825,424.0,13241.9
97454,XAUGBPm_20260811051138_3,XAUGBPm,TREND_CONTINUATION,BUY,0,2026.08.11 05:11:38,2026.08.11 05:11:56,0,3258.669,3258.062,-607.0,-410.01,0.042,0.0,SL_HIT,3268.38722,3275.17075,3260.09625,0,0.198,0.372,3268.38722,0.5,0,0.8,0.825,0,0,0,1,0.0,0,0.715,0.396,1,0.715,0.247,0.262,0.384,0.25,0.0,3249.88975,0.65,0.339,1,2,0.366,0,15427,0.485,2.08,0,0.25,0.247,0.262,0.384,0.715,0.8,0,0.825,424.0,13241.9
97452,XAUGBPm_20260811051136_2,XAUGBPm,PULLBACK,BUY,1,2026.08.11 05:11:36,2026.08.11 05:12:11,0,3258.8,3257.253,-1547.0,-1044.96,0.094,0.0,SL_HIT,3268.38722,3275.17075,3260.09625,0,0.198,0.372,3268.38722,0.5,0,0.8,0.825,0,0,0,1,0.0,0,0.715,0.395,1,0.715,0.247,0.262,0.384,0.25,0.0,3249.88975,0.65,0.334,1,2,0.366,0,15427,0.413,2.0,0,0.25,0.247,0.262,0.384,0.715,0.8,0,0.825,424.0,13241.9
97455,XAUGBPm_20260811051138_3,XAUGBPm,TREND_CONTINUATION,BUY,1,2026.08.11 05:11:38,2026.08.11 05:12:11,0,3258.669,3257.253,-1416.0,-865.96,0.084,0.0,SL_HIT,3268.38722,3275.17075,3260.09625,0,0.198,0.372,3268.38722,0.5,0,0.8,0.825,0,0,0,1,0.0,0,0.715,0.396,1,0.715,0.247,0.262,0.384,0.25,0.0,3249.88975,0.65,0.339,1,2,0.366,0,15427,0.485,2.08,0,0.25,0.247,0.262,0.384,0.715,0.8,0,0.825,424.0,13241.9
97459,XAUGBPm_20260811051210_4,XAUGBPm,SWEEP_REVERSAL,BUY,0,2026.08.11 05:12:10,2026.08.11 05:12:12,0,3257.853,3256.73,-1123.0,-758.55,0.073,0.0,SL_HIT,3268.38722,3275.17075,3260.09625,0,0.198,0.372,3268.38722,0.5,0,0.8,0.825,0,0,0,1,0.0,0,0.715,0.399,1,0.715,0.247,0.262,0.384,0.25,0.0,3249.88975,0.65,0.362,1,2,0.366,0,15427,0.24,0.82,0,0.25,0.247,0.262,0.371,0.715,0.8,0,0.825,424.0,13241.9
97460,XAUGBPm_20260811051210_4,XAUGBPm,SWEEP_REVERSAL,BUY,1,2026.08.11 05:12:11,2026.08.11 05:15:54,3,3257.853,3257.716,-137.0,-92.54,0.103,0.084,SL_HIT,3268.38722,3275.17075,3260.09625,0,0.198,0.372,3268.38722,0.5,0,0.8,0.825,0,0,0,1,0.0,0,0.715,0.399,1,0.715,0.247,0.262,0.384,0.25,0.0,3249.88975,0.65,0.362,1,2,0.366,0,15427,0.24,0.82,0,0.25,0.247,0.262,0.384,0.715,0.8,0,0.825,424.0,13241.9
97428,XAUGBPm_20260811030236_3,XAUGBPm,TREND_CONTINUATION,BUY,-1,2026.08.11 03:02:36,2026.08.11 05:26:02,143,3268.654,3252.162,-16492.0,-11139.11,1.199,0.244,SL_HIT,3268.38722,3272.15585,3254.06645,1,0.041,0.512,3268.38722,0.6,0,0.8,0.93,0,0,0,1,0.0,0,0.558,0.395,1,0.558,0.279,0.144,0.029,0.0,0.0,3254.06645,0.6,0.426,1,-2,0.387,0,15425,0.496,2.08,0,0.25,0.247,0.262,0.387,0.715,0.8,0,0.825,424.0,13241.9
97393,XAUGBPm_20260811003128_0,XAUGBPm,BREAKOUT,BUY,-1,2026.08.11 00:31:28,2026.08.11 05:30:00,298,3265.625,3250.274,-15351.0,-10368.37,1.434,1.612,SL_HIT,3249.22847,3256.7939,3247.8934,0,0.693,0.021,3249.22847,0.5,0,0.975,0.825,0,0,0,1,0.0,0,0.59,0.393,1,0.59,0.247,0.201,0.313,0.15,0.0,3249.22847,0.731,0.643,1,-2,0.387,0,15422,0.491,1.74,0,0.25,0.247,0.262,0.387,0.715,0.8,0,0.825,423.0,13241.9
97396,XAUGBPm_20260811003133_3,XAUGBPm,TREND_CONTINUATION,BUY,-1,2026.08.11 00:31:33,2026.08.11 05:30:00,298,3265.862,3250.274,-15588.0,-10528.45,1.457,1.589,SL_HIT,3249.22847,3256.7939,3247.8934,0,0.693,0.021,3249.22847,0.5,0,0.975,0.825,0,0,0,1,0.0,0,0.59,0.394,1,0.59,0.247,0.201,0.313,0.15,0.0,3249.22847,0.731,0.652,1,-2,0.387,0,15422,0.546,1.71,0,0.25,0.247,0.262,0.387,0.715,0.8,0,0.825,423.0,13241.9
97399,XAUGBPm_20260811003206_2,XAUGBPm,PULLBACK,BUY,-1,2026.08.11 00:32:06,2026.08.11 05:30:00,297,3265.897,3250.274,-15623.0,-10552.09,1.46,1.586,SL_HIT,3249.22847,3256.7939,3247.8934,0,0.693,0.021,3249.22847,0.5,0,0.975,0.825,0,0,0,1,0.0,0,0.59,0.394,1,0.59,0.247,0.201,0.313,0.15,0.0,3249.22847,0.731,0.654,1,-2,0.387,0,15422,0.465,2.05,0,0.25,0.247,0.262,0.387,0.715,0.8,0,0.825,423.0,13241.9
97444,XAUGBPm_20260811050513_5,XAUGBPm,MEAN_REVERSION,BUY,-1,2026.08.11 05:05:13,2026.08.11 05:30:00,24,3260.317,3249.658,-10659.0,-7199.3,0.795,0.081,SL_HIT,3268.38722,3275.17075,3260.09625,0,0.198,0.372,3268.38722,0.5,0,0.8,0.825,0,0,0,1,0.0,0,0.715,0.395,1,0.715,0.247,0.262,0.368,0.25,0.0,3268.38722,0.714,0.328,1,2,0.366,0,15427,0.63,0.8,0,0.25,0.247,0.262,0.387,0.715,0.8,0,0.825,423.0,13241.9
97425,XAUGBPm_20260811030234_2,XAUGBPm,PULLBACK,BUY,-1,2026.08.11 03:02:34,2026.08.11 05:30:02,147,3268.659,3248.121,-20538.0,-13871.57,1.498,0.244,SL_HIT,3268.38722,3272.15585,3254.06645,1,0.041,0.512,3268.38722,0.6,0,0.8,0.93,0,0,0,1,0.0,0,0.558,0.394,1,0.558,0.279,0.144,0.029,0.0,0.0,3254.06645,0.6,0.421,1,-2,0.387,0,15425,0.572,2.0,0,0.25,0.247,0.262,0.387,0.715,0.8,0,0.825,423.0,13241.9
97422,XAUGBPm_20260811030231_0,XAUGBPm,BREAKOUT,BUY,-1,2026.08.11 03:02:31,2026.08.11 05:30:03,147,3268.508,3248.055,-20453.0,-13814.16,1.496,0.255,SL_HIT,3268.38722,3272.15585,3254.06645,1,0.041,0.512,3268.38722,0.6,0,0.8,0.93,0,0,0,1,0.0,0,0.558,0.394,1,0.558,0.279,0.144,0.029,0.0,0.0,3254.06645,0.6,0.42,1,-2,0.387,0,15425,0.339,1.67,0,0.25,0.247,0.262,0.387,0.715,0.8,0,0.825,423.0,13241.9
97458,XAUGBPm_20260811051210_4,XAUGBPm,SWEEP_REVERSAL,BUY,-1,2026.08.11 05:12:10,2026.08.11 05:30:05,17,3257.98,3244.587,-13393.0,-8959.72,0.999,0.074,SL_HIT,3268.38722,3275.17075,3260.09625,0,0.198,0.372,3268.38722,0.5,0,0.8,0.825,0,0,0,1,0.0,0,0.715,0.399,1,0.715,0.247,0.262,0.384,0.25,0.0,3249.88975,0.65,0.362,1,2,0.366,0,15427,0.24,0.82,0,0.25,0.247,0.262,0.387,0.715,0.8,0,0.825,482.0,13241.9
97453,XAUGBPm_20260811051138_3,XAUGBPm,TREND_CONTINUATION,BUY,-1,2026.08.11 05:11:38,2026.08.11 05:30:59,19,3258.669,3242.72,-15949.0,-10773.23,1.196,0.022,SL_HIT,3268.38722,3275.17075,3260.09625,0,0.198,0.372,3268.38722,0.5,0,0.8,0.825,0,0,0,1,0.0,0,0.715,0.396,1,0.715,0.247,0.262,0.384,0.25,0.0,3249.88975,0.65,0.339,1,2,0.366,0,15427,0.485,2.08,0,0.25,0.247,0.262,0.387,0.715,0.8,0,0.825,423.0,13241.9
97450,XAUGBPm_20260811051136_2,XAUGBPm,PULLBACK,BUY,-1,2026.08.11 05:11:36,2026.08.11 05:32:07,20,3258.8,3238.832,-19968.0,-13487.69,1.499,0.012,SL_HIT,3268.38722,3275.17075,3260.09625,0,0.198,0.372,3268.38722,0.5,0,0.8,0.825,0,0,0,1,0.0,0,0.715,0.395,1,0.715,0.247,0.262,0.384,0.25,0.0,3249.88975,0.65,0.334,1,2,0.366,0,15427,0.413,2.0,0,0.25,0.247,0.262,0.387,0.715,0.8,0,0.825,423.0,13241.9
97375,XAUGBPm_20260810223203_2,XAUGBPm,PULLBACK,BUY,-1,2026.08.10 22:32:03,2026.08.11 05:42:33,430,3252.751,3236.345,-16406.0,-11355.39,1.496,2.751,SL_HIT,3249.3985,3253.494,3230.5592,1,0.071,1.275,3249.3985,0.7,0,0.825,0.755,2,0,0,1,0.0,0,0.513,0.458,1,0.513,0.226,0.0,0.26,0.0,0.0,3230.5592,0.6,1.291,1,2,0.0,0,15420,0.58,2.0,0,0.25,0.247,0.262,0.387,0.715,0.8,0,0.825,422.0,13241.9
97357,XAUGBPm_20260810203200_2,XAUGBPm,PULLBACK,BUY,-1,2026.08.10 20:32:00,2026.08.11 05:50:30,558,3251.113,3233.972,-17141.0,-11752.96,1.489,2.766,SL_HIT,3227.16925,3242.601,3217.184,0,0.024,1.089,3227.16925,0.7,0,0.75,0.72,0,0,0,1,0.0,0,0.617,0.465,1,0.617,0.216,0.0,0.209,0.0,0.0,3227.16925,0.716,1.213,1,2,0.0,0,15419,0.406,2.0,0,0.25,0.247,0.262,0.387,0.715,0.8,0,0.825,422.0,13241.9
97478,XAUGBPm_20260811070001_1,XAUGBPm,BREAKOUT_RETEST,BUY,0,2026.08.11 07:00:01,2026.08.11 07:00:06,0,3232.634,3232.191,-443.0,-354.57,0.043,0.0,SL_HIT,3236.06398,3263.2746,3228.445,1,0.092,1.018,3240.41768,0.8,0,0.899,0.6242,2,0,0,0,0.0,0,0.529,0.462,1,0.529,0.187,0.088,0.22,0.25,0.0,3240.41768,0.724,1.081,1,2,0.366,0,15429,0.554,1.51,0,0.25,0.187,0.088,0.22,0.529,0.899,1,0.6242,422.0,14094.6
97479,XAUGBPm_20260811070001_1,XAUGBPm,BREAKOUT_RETEST,BUY,1,2026.08.11 07:00:01,2026.08.11 07:00:43,0,3232.716,3231.403,-1313.0,-886.76,0.084,0.001,SL_HIT,3236.06398,3263.2746,3228.445,1,0.092,1.018,3240.41768,0.8,0,0.899,0.6242,2,0,0,0,0.0,0,0.529,0.462,1,0.529,0.187,0.088,0.22,0.25,0.0,3240.41768,0.724,1.081,1,2,0.366,0,15429,0.554,1.51,0,0.25,0.187,0.088,0.22,0.529,0.899,1,0.6242,422.0,14094.6
97483,XAUGBPm_20260811070519_5,XAUGBPm,MEAN_REVERSION,BUY,0,2026.08.11 07:05:19,2026.08.11 07:05:28,0,3231.727,3231.014,-713.0,-481.55,0.042,0.0,SL_HIT,3236.06398,3263.2746,3228.445,1,0.092,1.018,3240.41768,0.8,0,0.899,0.6242,2,0,0,0,0.0,0,0.529,0.462,1,0.529,0.187,0.088,0.22,0.25,0.0,3236.06398,0.7,1.081,1,2,0.366,0,15429,0.594,1.11,0,0.25,0.187,0.088,0.22,0.529,0.899,1,0.6242,422.0,14094.6
97484,XAUGBPm_20260811070519_5,XAUGBPm,MEAN_REVERSION,BUY,1,2026.08.11 07:05:19,2026.08.11 07:05:40,0,3231.727,3230.285,-1442.0,-973.87,0.093,0.0,SL_HIT,3236.06398,3263.2746,3228.445,1,0.092,1.018,3240.41768,0.8,0,0.899,0.6242,2,0,0,0,0.0,0,0.529,0.462,1,0.529,0.187,0.088,0.22,0.25,0.0,3236.06398,0.7,1.081,1,2,0.366,0,15429,0.594,1.11,0,0.25,0.187,0.088,0.303,0.529,0.899,1,0.6242,422.0,14094.6
97477,XAUGBPm_20260811070001_1,XAUGBPm,BREAKOUT_RETEST,BUY,-1,2026.08.11 07:00:01,2026.08.11 07:19:25,19,3232.789,3227.378,-5411.0,-3548.72,0.374,0.052,SL_HIT,3236.06398,3263.2746,3228.445,1,0.092,1.018,3240.41768,0.8,0,0.899,0.6242,2,0,0,0,0.0,0,0.529,0.462,1,0.529,0.187,0.088,0.22,0.25,0.0,3240.41768,0.724,1.081,1,2,0.366,0,15429,0.554,1.51,0,0.25,0.187,0.088,0.303,0.529,0.899,0,0.6242,422.0,14094.6
97482,XAUGBPm_20260811070519_5,XAUGBPm,MEAN_REVERSION,BUY,-1,2026.08.11 07:05:19,2026.08.11 07:19:25,14,3231.727,3227.378,-4349.0,-2936.34,0.299,0.005,SL_HIT,3236.06398,3263.2746,3228.445,1,0.092,1.018,3240.41768,0.8,0,0.899,0.6242,2,0,0,0,0.0,0,0.529,0.462,1,0.529,0.187,0.088,0.22,0.25,0.0,3236.06398,0.7,1.081,1,2,0.366,0,15429,0.594,1.11,0,0.25,0.187,0.088,0.303,0.529,0.899,0,0.6242,422.0,14094.6
97490,XAUGBPm_20260811072635_2,XAUGBPm,PULLBACK,BUY,0,2026.08.11 07:26:36,2026.08.11 07:26:49,0,3233.048,3233.047,-1.0,-94.51,0.01,0.037,SL_HIT,3236.06398,3263.2746,3228.445,1,0.092,1.018,3240.41768,0.8,0,0.899,0.6242,2,0,0,0,0.0,0,0.529,0.462,1,0.529,0.187,0.088,0.22,0.25,0.0,3228.445,0.6,1.081,1,2,0.366,0,15429,0.591,2.47,0,0.25,0.187,0.088,0.191,0.529,0.899,1,0.6242,422.0,14094.6
97491,XAUGBPm_20260811072635_2,XAUGBPm,PULLBACK,BUY,1,2026.08.11 07:26:36,2026.08.11 07:27:17,0,3233.187,3232.294,-893.0,-602.86,0.052,0.031,SL_HIT,3236.06398,3263.2746,3228.445,1,0.092,1.018,3240.41768,0.8,0,0.899,0.6242,2,0,0,0,0.0,0,0.529,0.462,1,0.529,0.187,0.088,0.22,0.25,0.0,3228.445,0.6,1.081,1,2,0.366,0,15429,0.591,2.47,0,0.25,0.187,0.088,0.22,0.529,0.899,1,0.6242,422.0,14094.6
97495,XAUGBPm_20260811110000_7,XAUGBPm,ANCHORED_PULLBACK,BUY,0,2026.08.11 11:00:00,2026.08.11 11:00:26,0,3246.978,3246.062,-916.0,-618.2,0.059,0.0,SL_HIT,3229.68412,3239.85285,3228.23145,0,0.552,0.031,3229.68412,0.6,0,0.9,-0.615,2,0,0,0,0.0,2,0.781,0.526,2,0.602,0.885,0.259,0.441,0.4,0.1183,3238.40018,0.55,1.772,1,1,0.0,0,15433,0.685,9.79,0,0.4,0.185,0.259,0.441,0.615,0.9,0,-0.615,424.0,13024.1
97496,XAUGBPm_20260811110000_7,XAUGBPm,ANCHORED_PULLBACK,BUY,1,2026.08.11 11:00:00,2026.08.11 11:01:00,1,3246.978,3245.488,-1490.0,-1005.54,0.106,0.0,SL_HIT,3229.68412,3239.85285,3228.23145,0,0.552,0.031,3229.68412,0.6,0,0.9,-0.615,2,0,0,0,0.0,2,0.781,0.526,2,0.602,0.885,0.259,0.441,0.4,0.1183,3238.40018,0.55,1.772,1,1,0.0,0,15433,0.685,9.79,0,0.4,0.185,0.259,0.399,0.615,0.9,0,-0.615,424.0,13024.1
97489,XAUGBPm_20260811072635_2,XAUGBPm,PULLBACK,BUY,-1,2026.08.11 07:26:36,2026.08.11 11:01:06,214,3233.199,3247.375,14176.0,9669.15,0.375,0.998,TP_HIT,3236.06398,3263.2746,3228.445,1,0.092,1.018,3240.41768,0.8,0,0.899,0.6242,2,0,0,0,0.0,0,0.529,0.462,1,0.529,0.187,0.088,0.22,0.25,0.0,3228.445,0.6,1.081,1,2,0.366,0,15429,0.591,2.47,0,0.4,0.185,0.259,0.441,0.615,0.9,0,-0.615,424.0,13024.1
97501,XAUGBPm_20260811120000_0,XAUGBPm,BREAKOUT,BUY,0,2026.08.11 12:00:00,2026.08.11 12:00:03,0,3251.943,3251.078,-865.0,-583.65,0.057,0.0,SL_HIT,3239.28657,3248.5862,3229.98695,0,0.013,0.269,3239.28657,0.75,1,0.975,-0.65,0,0,0,0,0.0,2,1.0,0.496,1,0.453,0.895,0.14,0.29,0.4,0.5282,3239.28657,0.729,1.546,1,2,0.0,0,15434,0.616,2.44,0,0.4,0.195,0.14,0.29,0.753,0.975,0,-0.65,424.0,13210.6
97502,XAUGBPm_20260811120000_0,XAUGBPm,BREAKOUT,BUY,1,2026.08.11 12:00:00,2026.08.11 12:00:28,0,3251.943,3250.392,-1551.0,-1046.41,0.11,0.0,SL_HIT,3239.28657,3248.5862,3229.98695,0,0.013,0.269,3239.28657,0.75,1,0.975,-0.65,0,0,0,0,0.0,2,1.0,0.496,1,0.453,0.895,0.14,0.29,0.4,0.5282,3239.28657,0.729,1.546,1,2,0.0,0,15434,0.616,2.44,0,0.4,0.195,0.14,0.312,0.753,0.975,0,-0.65,424.0,13210.6
97506,XAUGBPm_20260811150000_1,XAUGBPm,BREAKOUT_RETEST,BUY,0,2026.08.11 15:00:00,2026.08.11 15:00:06,0,3253.27,3252.682,-588.0,-289.78,0.051,0.015,SL_HIT,3252.54633,3256.91525,3248.1774,1,0.022,0.49,3252.54633,0.55,0,0.45,0.51,0,0,0,0,0.0,1,0.754,0.361,1,0.822,0.153,0.339,0.52,0.55,-0.0514,3248.1774,0.6,0.45,1,2,0.0,0,15437,0.334,2.07,0,0.25,0.153,0.234,0.1,0.844,0.45,1,0.51,424.0,13582.8
97509,XAUGBPm_20260811150001_2,XAUGBPm,PULLBACK,BUY,0,2026.08.11 15:00:02,2026.08.11 15:00:06,0,3253.591,3252.682,-909.0,-516.74,0.056,0.0,SL_HIT,3252.54633,3256.91525,3248.1774,1,0.022,0.49,3252.54633,0.55,0,0.45,0.51,0,0,0,0,0.0,0,0.844,0.493,1,0.844,0.153,0.234,0.172,0.25,0.0,3248.1774,0.6,1.008,1,2,0.0,0,15437,0.454,1.1,0,0.25,0.153,0.234,0.1,0.844,0.45,1,0.51,424.0,13582.8
97507,XAUGBPm_20260811150000_1,XAUGBPm,BREAKOUT_RETEST,BUY,1,2026.08.11 15:00:00,2026.08.11 15:00:14,0,3253.111,3252.068,-1043.0,-704.53,0.067,0.016,SL_HIT,3252.54633,3256.91525,3248.1774,1,0.022,0.49,3252.54633,0.55,0,0.45,0.51,0,0,0,0,0.0,1,0.754,0.361,1,0.822,0.153,0.339,0.52,0.55,-0.0514,3248.1774,0.6,0.45,1,2,0.0,0,15437,0.334,2.07,0,0.25,0.153,0.234,0.136,0.844,0.45,1,0.51,424.0,13582.8
97510,XAUGBPm_20260811150001_2,XAUGBPm,PULLBACK,BUY,1,2026.08.11 15:00:02,2026.08.11 15:00:14,0,3253.447,3252.068,-1379.0,-911.9,0.092,0.0,SL_HIT,3252.54633,3256.91525,3248.1774,1,0.022,0.49,3252.54633,0.55,0,0.45,0.51,0,0,0,0,0.0,0,0.844,0.493,1,0.844,0.153,0.234,0.172,0.25,0.0,3248.1774,0.6,1.008,1,2,0.0,0,15437,0.454,1.1,0,0.25,0.153,0.234,0.136,0.844,0.45,1,0.51,424.0,13582.8
97505,XAUGBPm_20260811150000_1,XAUGBPm,BREAKOUT_RETEST,BUY,-1,2026.08.11 15:00:00,2026.08.11 15:17:02,17,3253.27,3249.186,-4084.0,-2757.39,0.292,0.191,SL_HIT,3252.54633,3256.91525,3248.1774,1,0.022,0.49,3252.54633,0.55,0,0.45,0.51,0,0,0,0,0.0,1,0.754,0.361,1,0.822,0.153,0.339,0.52,0.55,-0.0514,3248.1774,0.6,0.45,1,2,0.0,0,15437,0.334,2.07,0,0.25,0.153,0.234,0.186,0.844,0.45,1,0.51,424.0,13582.8
97494,XAUGBPm_20260811110000_7,XAUGBPm,ANCHORED_PULLBACK,BUY,-1,2026.08.11 11:00:00,2026.08.11 15:25:40,265,3246.978,3244.331,-2647.0,-1787.97,0.193,1.068,SL_HIT,3229.68412,3239.85285,3228.23145,0,0.552,0.031,3229.68412,0.6,0,0.9,-0.615,2,0,0,0,0.0,2,0.781,0.526,2,0.602,0.885,0.259,0.441,0.4,0.1183,3238.40018,0.55,1.772,1,1,0.0,0,15433,0.685,9.79,0,0.25,0.153,0.234,0.37,0.844,0.45,0,0.51,423.0,13582.8
97500,XAUGBPm_20260811120000_0,XAUGBPm,BREAKOUT,BUY,-1,2026.08.11 12:00:00,2026.08.11 15:36:35,216,3251.943,3238.368,-13575.0,-9169.3,1.024,0.677,SL_HIT,3239.28657,3248.5862,3229.98695,0,0.013,0.269,3239.28657,0.75,1,0.975,-0.65,0,0,0,0,0.0,2,1.0,0.496,1,0.453,0.895,0.14,0.29,0.4,0.5282,3239.28657,0.729,1.546,1,2,0.0,0,15434,0.616,2.44,0,0.25,0.153,0.234,0.37,0.844,0.45,0,0.51,423.0,13582.8
97518,XAUGBPm_20260811152621_5,XAUGBPm,MEAN_REVERSION,BUY,0,2026.08.11 15:26:21,2026.08.11 15:39:29,13,3244.085,3237.259,-6826.0,-4610.31,0.495,0.266,SL_HIT,3252.54633,3256.91525,3248.1774,0,0.022,0.49,3252.54633,0.55,0,0.45,0.51,0,0,0,0,0.0,0,0.844,0.504,2,0.844,0.153,0.234,0.37,0.25,0.0,3252.54633,0.749,1.304,1,2,0.0,0,15437,0.743,0.81,0,0.25,0.153,0.234,0.37,0.844,0.45,0,0.51,423.0,13582.8
97521,XAUGBPm_20260811153440_4,XAUGBPm,SWEEP_REVERSAL,BUY,0,2026.08.11 15:34:40,2026.08.11 15:55:15,20,3242.09,3243.409,1319.0,990.03,0.534,0.14,TRAIL_STOP,3252.54633,3256.91525,3248.1774,0,0.022,0.49,3252.54633,0.55,0,0.45,0.51,0,0,0,0,0.0,0,0.844,0.504,2,0.844,0.153,0.234,0.37,0.25,0.0,3252.54633,0.749,1.304,1,2,0.0,0,15437,0.26,0.8,0,0.25,0.153,0.234,0.37,0.844,0.45,0,0.51,423.0,13582.8
97519,XAUGBPm_20260811152621_5,XAUGBPm,MEAN_REVERSION,BUY,1,2026.08.11 15:26:21,2026.08.11 15:55:33,29,3244.085,3242.748,-1337.0,-903.0,0.681,0.266,SL_HIT,3252.54633,3256.91525,3248.1774,0,0.022,0.49,3252.54633,0.55,0,0.45,0.51,0,0,0,0,0.0,0,0.844,0.504,2,0.844,0.153,0.234,0.37,0.25,0.0,3252.54633,0.749,1.304,1,2,0.0,0,15437,0.743,0.81,0,0.25,0.153,0.234,0.37,0.844,0.45,0,0.51,423.0,13582.8
97522,XAUGBPm_20260811153440_4,XAUGBPm,SWEEP_REVERSAL,BUY,1,2026.08.11 15:34:40,2026.08.11 15:55:33,20,3241.943,3242.748,805.0,543.65,0.523,0.151,TRAIL_STOP,3252.54633,3256.91525,3248.1774,0,0.022,0.49,3252.54633,0.55,0,0.45,0.51,0,0,0,0,0.0,0,0.844,0.504,2,0.844,0.153,0.234,0.37,0.25,0.0,3252.54633,0.749,1.304,1,2,0.0,0,15437,0.26,0.8,0,0.25,0.153,0.234,0.37,0.844,0.45,0,0.51,423.0,13582.8
97529,XAUGBPm_20260811170000_1,XAUGBPm,BREAKOUT_RETEST,BUY,0,2026.08.11 17:00:00,2026.08.11 17:00:23,0,3246.041,3245.562,-479.0,-398.44,0.028,0.007,SL_HIT,3252.42043,3258.2819,3243.95385,1,0.024,0.62,3252.42043,0.55,0,0.825,0.58,0,0,0,0,0.0,2,1.0,0.564,2,0.74,0.874,0.212,0.112,0.25,0.2145,3252.42043,0.745,1.369,1,2,0.0,0,15439,0.761,1.87,0,0.25,0.174,0.212,0.112,0.74,0.825,1,0.58,423.0,12145.3
97530,XAUGBPm_20260811170000_1,XAUGBPm,BREAKOUT_RETEST,BUY,1,2026.08.11 17:00:00,2026.08.11 17:02:45,2,3246.152,3245.769,-383.0,-258.64,0.086,0.068,SL_HIT,3252.42043,3258.2819,3243.95385,1,0.024,0.62,3252.42043,0.55,0,0.825,0.58,0,0,0,0,0.0,2,1.0,0.564,2,0.74,0.874,0.212,0.112,0.25,0.2145,3252.42043,0.745,1.369,1,2,0.0,0,15439,0.761,1.87,0,0.25,0.174,0.212,0.112,0.74,0.825,1,0.58,423.0,12145.3
97534,XAUGBPm_20260811172743_5,XAUGBPm,MEAN_REVERSION,BUY,0,2026.08.11 17:27:43,2026.08.11 17:28:17,0,3244.968,3244.085,-883.0,-595.95,0.06,0.0,SL_HIT,3252.42043,3258.2819,3243.95385,1,0.024,0.62,3252.42043,0.55,0,0.825,0.58,0,0,0,0,0.0,0,0.74,0.458,1,0.74,0.174,0.212,0.177,0.25,0.0,3252.42043,0.745,1.016,1,2,0.0,0,15439,0.681,0.81,0,0.25,0.174,0.212,0.177,0.74,0.825,1,0.58,423.0,12145.3
97535,XAUGBPm_20260811172743_5,XAUGBPm,MEAN_REVERSION,BUY,1,2026.08.11 17:27:43,2026.08.11 17:29:03,1,3244.968,3245.624,656.0,442.75,0.073,0.146,TRAIL_STOP,3252.42043,3258.2819,3243.95385,1,0.024,0.62,3252.42043,0.55,0,0.825,0.58,0,0,0,0,0.0,0,0.74,0.458,1,0.74,0.174,0.212,0.177,0.25,0.0,3252.42043,0.745,1.016,1,2,0.0,0,15439,0.681,0.81,0,0.25,0.174,0.212,0.112,0.74,0.825,1,0.58,423.0,12145.3
97528,XAUGBPm_20260811170000_1,XAUGBPm,BREAKOUT_RETEST,BUY,-1,2026.08.11 17:00:00,2026.08.11 17:34:39,34,3246.041,3242.328,-3713.0,-2505.98,0.296,0.169,SL_HIT,3252.42043,3258.2819,3243.95385,1,0.024,0.62,3252.42043,0.55,0,0.825,0.58,0,0,0,0,0.0,2,1.0,0.564,2,0.74,0.874,0.212,0.112,0.25,0.2145,3252.42043,0.745,1.369,1,2,0.0,0,15439,0.761,1.87,0,0.25,0.174,0.212,0.223,0.74,0.825,0,0.58,423.0,12145.3
97540,XAUGBPm_20260811175439_4,XAUGBPm,SWEEP_REVERSAL,BUY,0,2026.08.11 17:54:39,2026.08.11 17:55:50,1,3238.933,3238.325,-608.0,-410.47,0.041,0.0,SL_HIT,3252.42043,3258.2819,3243.95385,0,0.024,0.62,3252.42043,0.55,0,0.825,0.58,0,0,0,0,0.0,0,0.74,0.488,1,0.74,0.174,0.212,0.352,0.25,0.0,3252.42043,0.745,1.279,1,2,0.0,0,15439,0.25,1.15,0,0.25,0.174,0.212,0.352,0.74,0.825,0,0.58,423.0,12145.3
97541,XAUGBPm_20260811175439_4,XAUGBPm,SWEEP_REVERSAL,BUY,1,2026.08.11 17:54:39,2026.08.11 17:56:58,2,3238.933,3237.976,-957.0,-646.05,0.067,0.018,SL_HIT,3252.42043,3258.2819,3243.95385,0,0.024,0.62,3252.42043,0.55,0,0.825,0.58,0,0,0,0,0.0,0,0.74,0.488,1,0.74,0.174,0.212,0.352,0.25,0.0,3252.42043,0.745,1.279,1,2,0.0,0,15439,0.25,1.15,0,0.25,0.174,0.212,0.352,0.74,0.825,0,0.58,423.0,12145.3
97545,XAUGBPm_20260811175658_3,XAUGBPm,TREND_CONTINUATION,BUY,0,2026.08.11 17:56:58,2026.08.11 17:57:03,0,3238.258,3237.504,-754.0,-509.01,0.049,0.0,SL_HIT,3252.42043,3258.2819,3243.95385,0,0.024,0.62,3252.42043,0.55,0,0.825,0.58,0,0,0,0,0.0,0,0.74,0.488,1,0.74,0.174,0.212,0.352,0.25,0.0,3252.42043,0.745,1.279,1,2,0.0,0,15439,0.496,1.0,0,0.25,0.174,0.212,0.352,0.74,0.825,0,0.58,423.0,12145.3
97546,XAUGBPm_20260811175658_3,XAUGBPm,TREND_CONTINUATION,BUY,1,2026.08.11 17:56:58,2026.08.11 17:57:08,0,3238.258,3236.826,-1432.0,-966.71,0.106,0.0,SL_HIT,3252.42043,3258.2819,3243.95385,0,0.024,0.62,3252.42043,0.55,0,0.825,0.58,0,0,0,0,0.0,0,0.74,0.488,1,0.74,0.174,0.212,0.352,0.25,0.0,3252.42043,0.745,1.279,1,2,0.0,0,15439,0.496,1.0,0,0.25,0.174,0.212,0.373,0.74,0.825,0,0.58,423.0,12145.3
97533,XAUGBPm_20260811172743_5,XAUGBPm,MEAN_REVERSION,BUY,-1,2026.08.11 17:27:43,2026.08.11 18:00:03,32,3244.968,3235.139,-9829.0,-6635.85,0.798,0.164,SL_HIT,3252.42043,3258.2819,3243.95385,1,0.024,0.62,3252.42043,0.55,0,0.825,0.58,0,0,0,0,0.0,0,0.74,0.458,1,0.74,0.174,0.212,0.177,0.25,0.0,3252.42043,0.745,1.016,1,2,0.0,0,15439,0.681,0.81,0,0.15,0.237,0.218,0.337,0.747,0.9,0,0.79,423.0,12480.9
97517,XAUGBPm_20260811152621_5,XAUGBPm,MEAN_REVERSION,BUY,-1,2026.08.11 15:26:21,2026.08.11 18:02:24,156,3244.21,3233.288,-10922.0,-7288.89,0.787,0.286,SL_HIT,3252.54633,3256.91525,3248.1774,0,0.022,0.49,3252.54633,0.55,0,0.45,0.51,0,0,0,0,0.0,0,0.844,0.504,2,0.844,0.153,0.234,0.37,0.25,0.0,3252.54633,0.749,1.304,1,2,0.0,0,15437,0.743,0.81,0,0.15,0.237,0.218,0.337,0.747,0.9,0,0.79,422.0,12480.9
97508,XAUGBPm_20260811150001_2,XAUGBPm,PULLBACK,BUY,-1,2026.08.11 15:00:02,2026.08.11 18:02:25,182,3253.591,3233.162,-20429.0,-13791.31,1.495,0.167,SL_HIT,3252.54633,3256.91525,3248.1774,1,0.022,0.49,3252.54633,0.55,0,0.45,0.51,0,0,0,0,0.0,0,0.844,0.493,1,0.844,0.153,0.234,0.172,0.25,0.0,3248.1774,0.6,1.008,1,2,0.0,0,15437,0.454,1.1,0,0.15,0.237,0.218,0.337,0.747,0.9,0,0.79,422.0,12480.9
97553,XAUGBPm_20260811192745_5,XAUGBPm,MEAN_REVERSION,BUY,0,2026.08.11 19:27:45,2026.08.11 19:32:54,5,3235.37,3238.12,2750.0,1857.01,0.048,0.265,TRAIL_STOP,3244.81995,3248.0682,3235.0752,0,0.407,0.551,3244.81995,0.5,0,0.449,-0.5341,0,0,0,0,0.0,0,0.679,0.528,2,0.679,0.16,0.175,0.187,0.0,0.0,3244.81995,0.734,1.181,1,2,0.0,0,15441,0.682,1.01,0,0.0,0.16,0.175,0.203,0.679,0.449,1,-0.5341,423.0,12204.1
97554,XAUGBPm_20260811192745_5,XAUGBPm,MEAN_REVERSION,BUY,1,2026.08.11 19:27:45,2026.08.11 19:33:20,5,3235.37,3237.375,2005.0,1353.97,0.048,0.265,TRAIL_STOP,3244.81995,3248.0682,3235.0752,0,0.407,0.551,3244.81995,0.5,0,0.449,-0.5341,0,0,0,0,0.0,0,0.679,0.528,2,0.679,0.16,0.175,0.187,0.0,0.0,3244.81995,0.734,1.181,1,2,0.0,0,15441,0.682,1.01,0,0.0,0.16,0.175,0.153,0.679,0.449,1,-0.5341,423.0,12204.1
97558,XAUGBPm_20260811195440_4,XAUGBPm,SWEEP_REVERSAL,BUY,0,2026.08.11 19:54:40,2026.08.11 19:55:37,0,3234.839,3234.867,28.0,18.91,0.048,0.041,TRAIL_STOP,3244.81995,3248.0682,3235.0752,0,0.407,0.551,3244.81995,0.5,0,0.449,-0.5341,0,0,0,0,0.0,0,0.679,0.528,2,0.679,0.16,0.175,0.187,0.0,0.0,3244.81995,0.734,1.181,1,2,0.0,0,15441,0.176,0.85,0,0.0,0.16,0.175,0.187,0.679,0.449,0,-0.5341,422.0,12204.1
97559,XAUGBPm_20260811195440_4,XAUGBPm,SWEEP_REVERSAL,BUY,1,2026.08.11 19:54:40,2026.08.11 19:59:39,4,3234.839,3236.241,1402.0,946.89,0.048,0.212,TRAIL_STOP,3244.81995,3248.0682,3235.0752,0,0.407,0.551,3244.81995,0.5,0,0.449,-0.5341,0,0,0,0,0.0,0,0.679,0.528,2,0.679,0.16,0.175,0.187,0.0,0.0,3244.81995,0.734,1.181,1,2,0.0,0,15441,0.176,0.85,0,0.0,0.16,0.175,0.214,0.679,0.449,1,-0.5341,422.0,12204.1
97552,XAUGBPm_20260811192745_5,XAUGBPm,MEAN_REVERSION,BUY,-1,2026.08.11 19:27:45,2026.08.12 01:00:02,332,3235.37,3245.341,9971.0,6464.61,0.516,0.808,TP_HIT,3244.81995,3248.0682,3235.0752,0,0.407,0.551,3244.81995,0.5,0,0.449,-0.5341,0,0,0,0,0.0,0,0.679,0.528,2,0.679,0.16,0.175,0.187,0.0,0.0,3244.81995,0.734,1.181,1,2,0.0,0,15441,0.682,1.01,0,0.15,0.258,0.134,0.332,0.639,1.0,0,-0.86,423.0,10205.5
97557,XAUGBPm_20260811195440_4,XAUGBPm,SWEEP_REVERSAL,BUY,-1,2026.08.11 19:54:40,2026.08.12 01:00:02,305,3234.839,3245.341,10502.0,6823.24,0.473,0.851,TP_HIT,3244.81995,3248.0682,3235.0752,0,0.407,0.551,3244.81995,0.5,0,0.449,-0.5341,0,0,0,0,0.0,0,0.679,0.528,2,0.679,0.16,0.175,0.187,0.0,0.0,3244.81995,0.734,1.181,1,2,0.0,0,15441,0.176,0.85,0,0.15,0.258,0.134,0.332,0.639,1.0,0,-0.86,423.0,10205.5
97563,XAUGBPm_20260812010000_0,XAUGBPm,BREAKOUT,BUY,0,2026.08.12 01:00:00,2026.08.12 01:00:02,0,3243.632,3244.886,1254.0,846.93,0.029,0.167,TRAIL_STOP,3234.15942,3240.0353,3232.2008,0,0.706,0.139,3234.15942,0.5,0,1.0,-0.86,0,0,0,0,0.0,2,1.0,0.571,2,0.575,0.958,0.134,0.221,0.15,0.2485,3234.15942,0.745,1.591,1,1,0.0,0,15446,0.643,3.1,0,0.15,0.258,0.134,0.332,0.639,1.0,0,-0.86,423.0,10205.5
97564,XAUGBPm_20260812010000_0,XAUGBPm,BREAKOUT,BUY,1,2026.08.12 01:00:00,2026.08.12 01:00:02,0,3243.632,3244.367,735.0,496.4,0.029,0.167,TRAIL_STOP,3234.15942,3240.0353,3232.2008,0,0.706,0.139,3234.15942,0.5,0,1.0,-0.86,0,0,0,0,0.0,2,1.0,0.571,2,0.575,0.958,0.134,0.221,0.15,0.2485,3234.15942,0.745,1.591,1,1,0.0,0,15446,0.643,3.1,0,0.15,0.258,0.134,0.332,0.639,1.0,0,-0.86,423.0,10205.5
97539,XAUGBPm_20260811175439_4,XAUGBPm,SWEEP_REVERSAL,BUY,-1,2026.08.11 17:54:39,2026.08.12 01:20:32,445,3238.933,3252.931,13998.0,9182.14,0.812,1.141,TP_HIT,3252.42043,3258.2819,3243.95385,0,0.024,0.62,3252.42043,0.55,0,0.825,0.58,0,0,0,0,0.0,0,0.74,0.488,1,0.74,0.174,0.212,0.352,0.25,0.0,3252.42043,0.745,1.279,1,2,0.0,0,15439,0.25,1.15,0,0.15,0.258,0.134,0.332,0.639,1.0,0,-0.86,424.0,10205.5
97544,XAUGBPm_20260811175658_3,XAUGBPm,TREND_CONTINUATION,BUY,-1,2026.08.11 17:56:58,2026.08.12 01:20:32,443,3238.258,3252.931,14673.0,9637.91,0.757,1.196,TP_HIT,3252.42043,3258.2819,3243.95385,0,0.024,0.62,3252.42043,0.55,0,0.825,0.58,0,0,0,0,0.0,0,0.74,0.488,1,0.74,0.174,0.212,0.352,0.25,0.0,3252.42043,0.745,1.279,1,2,0.0,0,15439,0.496,1.0,0,0.15,0.258,0.134,0.332,0.639,1.0,0,-0.86,424.0,10205.5
97520,XAUGBPm_20260811153440_4,XAUGBPm,SWEEP_REVERSAL,BUY,-1,2026.08.11 15:34:40,2026.08.12 01:20:32,585,3242.09,3253.078,10988.0,7149.74,0.959,0.798,TP_HIT,3252.54633,3256.91525,3248.1774,0,0.022,0.49,3252.54633,0.55,0,0.45,0.51,0,0,0,0,0.0,0,0.844,0.504,2,0.844,0.153,0.234,0.37,0.25,0.0,3252.54633,0.749,1.304,1,2,0.0,0,15437,0.26,0.8,0,0.15,0.258,0.134,0.332,0.639,1.0,0,-0.86,424.0,10205.5
97573,XAUGBPm_20260812020000_7,XAUGBPm,ANCHORED_PULLBACK,BUY,0,2026.08.12 02:00:00,2026.08.12 02:00:09,0,3255.472,3254.752,-720.0,-486.25,0.058,0.0,SL_HIT,3233.70923,3246.30955,3231.7197,0,1.144,0.011,3242.99368,0.55,0,1.0,-0.72,2,0,0,0,0.0,2,1.0,0.568,2,0.533,0.916,0.23,0.401,0.4,0.6408,3242.99368,0.738,1.712,1,1,0.0,0,15447,0.779,12.95,0,0.4,0.216,0.23,0.401,0.559,1.0,0,-0.72,424.0,10541.4
97574,XAUGBPm_20260812020000_7,XAUGBPm,ANCHORED_PULLBACK,BUY,1,2026.08.12 02:00:00,2026.08.12 02:00:26,0,3255.472,3254.151,-1321.0,-892.13,0.113,0.0,SL_HIT,3233.70923,3246.30955,3231.7197,0,1.144,0.011,3242.99368,0.55,0,1.0,-0.72,2,0,0,0,0.0,2,1.0,0.568,2,0.533,0.916,0.23,0.401,0.4,0.6408,3242.99368,0.738,1.712,1,1,0.0,0,15447,0.779,12.95,0,0.4,0.216,0.23,0.369,0.559,1.0,0,-0.72,424.0,10541.4
97572,XAUGBPm_20260812020000_7,XAUGBPm,ANCHORED_PULLBACK,BUY,-1,2026.08.12 02:00:00,2026.08.12 02:00:30,0,3255.472,3253.868,-1604.0,-1083.21,0.139,0.0,SL_HIT,3233.70923,3246.30955,3231.7197,0,1.144,0.011,3242.99368,0.55,0,1.0,-0.72,2,0,0,0,0.0,2,1.0,0.568,2,0.533,0.916,0.23,0.401,0.4,0.6408,3242.99368,0.738,1.712,1,1,0.0,0,15447,0.779,12.95,0,0.4,0.216,0.23,0.369,0.559,1.0,0,-0.72,424.0,10541.4
97579,XAUGBPm_20260812030000_0,XAUGBPm,BREAKOUT,BUY,0,2026.08.12 03:00:00,2026.08.12 03:05:01,5,3266.41,3264.515,-1895.0,-1279.73,0.207,0.17,SL_HIT,3233.96713,3254.54765,3231.02705,0,0.593,0.06,3233.96713,0.6,0,0.675,0.685,2,0,0,1,0.0,2,1.0,0.561,2,0.484,0.906,0.157,0.292,0.15,0.8106,3259.44778,0.55,1.699,1,1,0.0,0,15448,0.543,3.61,0,0.15,0.206,0.157,0.292,0.498,0.675,0,0.685,425.0,11017.9
97562,XAUGBPm_20260812010000_0,XAUGBPm,BREAKOUT,BUY,-1,2026.08.12 01:00:00,2026.08.12 03:08:02,128,3243.35,3268.902,25552.0,17064.58,0.176,2.484,TP_HIT,3234.15942,3240.0353,3232.2008,0,0.706,0.139,3234.15942,0.5,0,1.0,-0.86,0,0,0,0,0.0,2,1.0,0.571,2,0.575,0.958,0.134,0.221,0.15,0.2485,3234.15942,0.745,1.591,1,1,0.0,0,15446,0.643,3.1,0,0.15,0.206,0.157,0.295,0.498,0.675,0,0.685,425.0,11017.9
97580,XAUGBPm_20260812030000_0,XAUGBPm,BREAKOUT,BUY,1,2026.08.12 03:00:00,2026.08.12 03:08:08,8,3266.41,3268.412,2002.0,1351.95,0.216,0.281,TRAIL_STOP,3233.96713,3254.54765,3231.02705,0,0.593,0.06,3233.96713,0.6,0,0.675,0.685,2,0,0,1,0.0,2,1.0,0.561,2,0.484,0.906,0.157,0.292,0.15,0.8106,3259.44778,0.55,1.699,1,1,0.0,0,15448,0.543,3.61,0,0.15,0.206,0.157,0.295,0.498,0.675,0,0.685,425.0,11017.9
97578,XAUGBPm_20260812030000_0,XAUGBPm,BREAKOUT,BUY,-1,2026.08.12 03:00:00,2026.08.12 03:45:02,45,3266.41,3258.69,-7720.0,-5213.35,0.69,0.281,SL_HIT,3233.96713,3254.54765,3231.02705,0,0.593,0.06,3233.96713,0.6,0,0.675,0.685,2,0,0,1,0.0,2,1.0,0.561,2,0.484,0.906,0.157,0.292,0.15,0.8106,3259.44778,0.55,1.699,1,1,0.0,0,15448,0.543,3.61,0,0.15,0.206,0.157,0.218,0.498,0.675,0,0.685,424.0,11017.9
97586,XAUGBPm_20260812040001_1,XAUGBPm,BREAKOUT_RETEST,BUY,0,2026.08.12 04:00:02,2026.08.12 04:01:07,1,3259.857,3259.406,-451.0,-304.56,0.033,0.003,SL_HIT,3242.29575,3262.083,3239.469,1,0.027,0.825,3242.29575,0.6,0,0.75,0.72,0,0,0,1,0.0,0,0.498,0.407,1,0.498,0.216,0.115,0.001,0.0,0.0,3242.29575,0.725,0.902,1,1,0.36,0,15449,0.487,4.21,0,0.0,0.216,0.115,0.001,0.498,0.75,1,0.72,424.0,11050.1
97587,XAUGBPm_20260812040001_1,XAUGBPm,BREAKOUT_RETEST,BUY,1,2026.08.12 04:00:02,2026.08.12 04:05:41,5,3259.857,3259.022,-835.0,-653.72,0.076,0.017,SL_HIT,3242.29575,3262.083,3239.469,1,0.027,0.825,3242.29575,0.6,0,0.75,0.72,0,0,0,1,0.0,0,0.498,0.407,1,0.498,0.216,0.115,0.001,0.0,0.0,3242.29575,0.725,0.902,1,1,0.36,0,15449,0.487,4.21,0,0.0,0.216,0.115,0.001,0.498,0.75,1,0.72,424.0,11050.1
97585,XAUGBPm_20260812040001_1,XAUGBPm,BREAKOUT_RETEST,BUY,-1,2026.08.12 04:00:01,2026.08.12 04:10:57,10,3259.857,3256.503,-3354.0,-2265.01,0.291,0.017,SL_HIT,3242.29575,3262.083,3239.469,1,0.027,0.825,3242.29575,0.6,0,0.75,0.72,0,0,0,1,0.0,0,0.498,0.407,1,0.498,0.216,0.115,0.001,0.0,0.0,3242.29575,0.725,0.902,1,1,0.36,0,15449,0.487,4.21,0,0.0,0.216,0.115,0.167,0.498,0.75,1,0.72,424.0,11050.1
97592,XAUGBPm_20260812051523_0,XAUGBPm,BREAKOUT,BUY,0,2026.08.12 05:15:23,2026.08.12 05:15:31,0,3257.979,3257.628,-351.0,-237.02,0.021,0.005,SL_HIT,3259.09738,3268.21785,3252.7832,1,0.045,1.03,3259.09738,0.55,0,0.55,0.58,0,0,0,1,0.0,0,0.715,0.433,1,0.715,0.174,0.206,0.148,0.25,0.0,3252.7832,0.6,0.972,1,1,0.36,0,15450,0.273,1.9,0,0.25,0.174,0.206,0.148,0.715,0.55,1,0.58,424.0,10444.9
97595,XAUGBPm_20260812051524_2,XAUGBPm,PULLBACK,BUY,0,2026.08.12 05:15:24,2026.08.12 05:15:31,0,3258.218,3257.628,-590.0,-398.41,0.044,0.0,SL_HIT,3259.09738,3268.21785,3252.7832,1,0.045,1.03,3259.09738,0.55,0,0.55,0.58,0,0,0,1,0.0,0,0.715,0.433,1,0.715,0.174,0.206,0.148,0.25,0.0,3252.7832,0.6,0.972,1,1,0.36,0,15450,0.475,1.89,0,0.25,0.174,0.206,0.148,0.715,0.55,1,0.58,424.0,10444.9
97593,XAUGBPm_20260812051523_0,XAUGBPm,BREAKOUT,BUY,1,2026.08.12 05:15:23,2026.08.12 05:16:07,0,3257.979,3257.046,-933.0,-630.05,0.078,0.008,SL_HIT,3259.09738,3268.21785,3252.7832,1,0.045,1.03,3259.09738,0.55,0,0.55,0.58,0,0,0,1,0.0,0,0.715,0.433,1,0.715,0.174,0.206,0.148,0.25,0.0,3252.7832,0.6,0.972,1,1,0.36,0,15450,0.273,1.9,0,0.25,0.174,0.206,0.148,0.715,0.55,1,0.58,424.0,10444.9
97596,XAUGBPm_20260812051524_2,XAUGBPm,PULLBACK,BUY,1,2026.08.12 05:15:24,2026.08.12 05:16:07,0,3258.218,3257.046,-1172.0,-791.45,0.101,0.0,SL_HIT,3259.09738,3268.21785,3252.7832,1,0.045,1.03,3259.09738,0.55,0,0.55,0.58,0,0,0,1,0.0,0,0.715,0.433,1,0.715,0.174,0.206,0.148,0.25,0.0,3252.7832,0.6,0.972,1,1,0.36,0,15450,0.475,1.89,0,0.25,0.174,0.206,0.148,0.715,0.55,1,0.58,424.0,10444.9
97602,XAUGBPm_20260812051718_3,XAUGBPm,TREND_CONTINUATION,BUY,0,2026.08.12 05:17:18,2026.08.12 05:18:20,1,3256.725,3256.299,-426.0,-287.68,0.049,0.0,SL_HIT,3259.09738,3268.21785,3252.7832,1,0.045,1.03,3259.09738,0.55,0,0.55,0.58,0,0,0,1,0.0,0,0.715,0.428,1,0.715,0.174,0.206,0.121,0.25,0.0,3252.7832,0.6,0.932,1,1,0.36,0,15450,0.382,1.01,0,0.25,0.174,0.206,0.121,0.715,0.55,1,0.58,424.0,10444.9
97603,XAUGBPm_20260812051718_3,XAUGBPm,TREND_CONTINUATION,BUY,1,2026.08.12 05:17:18,2026.08.12 05:18:31,1,3256.725,3255.728,-997.0,-673.27,0.084,0.0,SL_HIT,3259.09738,3268.21785,3252.7832,1,0.045,1.03,3259.09738,0.55,0,0.55,0.58,0,0,0,1,0.0,0,0.715,0.428,1,0.715,0.174,0.206,0.121,0.25,0.0,3252.7832,0.6,0.932,1,1,0.36,0,15450,0.382,1.01,0,0.25,0.174,0.206,0.121,0.715,0.55,1,0.58,424.0,10444.9
97591,XAUGBPm_20260812051523_0,XAUGBPm,BREAKOUT,BUY,-1,2026.08.12 05:15:23,2026.08.12 05:30:00,14,3258.086,3252.133,-5953.0,-3947.25,0.551,0.0,SL_HIT,3259.09738,3268.21785,3252.7832,1,0.045,1.03,3259.09738,0.55,0,0.55,0.58,0,0,0,1,0.0,0,0.715,0.433,1,0.715,0.174,0.206,0.148,0.25,0.0,3252.7832,0.6,0.972,1,1,0.36,0,15450,0.273,1.9,0,0.25,0.174,0.206,0.311,0.715,0.55,0,0.58,424.0,10444.9
97594,XAUGBPm_20260812051524_2,XAUGBPm,PULLBACK,BUY,-1,2026.08.12 05:15:24,2026.08.12 05:30:00,14,3258.218,3252.133,-6085.0,-4108.62,0.564,0.0,SL_HIT,3259.09738,3268.21785,3252.7832,1,0.045,1.03,3259.09738,0.55,0,0.55,0.58,0,0,0,1,0.0,0,0.715,0.433,1,0.715,0.174,0.206,0.148,0.25,0.0,3252.7832,0.6,0.972,1,1,0.36,0,15450,0.475,1.89,0,0.25,0.174,0.206,0.311,0.715,0.55,0,0.58,424.0,10444.9
97609,XAUGBPm_20260812053002_4,XAUGBPm,SWEEP_REVERSAL,BUY,0,2026.08.12 05:30:02,2026.08.12 05:34:51,4,3250.93,3252.124,1194.0,806.14,0.057,0.439,TRAIL_STOP,3259.09738,3268.21785,3252.7832,0,0.045,1.03,3259.09738,0.55,0,0.55,0.58,0,0,0,1,0.0,0,0.715,0.445,1,0.715,0.174,0.206,0.215,0.25,0.0,3259.09738,0.712,1.073,1,1,0.36,0,15450,0.238,0.81,0,0.25,0.174,0.206,0.311,0.715,0.55,0,0.58,424.0,10444.9
97610,XAUGBPm_20260812053002_4,XAUGBPm,SWEEP_REVERSAL,BUY,1,2026.08.12 05:30:02,2026.08.12 05:42:24,12,3250.93,3250.512,-418.0,-380.18,0.057,0.439,SL_HIT,3259.09738,3268.21785,3252.7832,0,0.045,1.03,3259.09738,0.55,0,0.55,0.58,0,0,0,1,0.0,0,0.715,0.445,1,0.715,0.174,0.206,0.215,0.25,0.0,3259.09738,0.712,1.073,1,1,0.36,0,15450,0.238,0.81,0,0.25,0.174,0.206,0.215,0.715,0.55,0,0.58,424.0,10444.9
97614,XAUGBPm_20260812062104_5,XAUGBPm,MEAN_REVERSION,BUY,0,2026.08.12 06:21:04,2026.08.12 06:25:21,4,3250.065,3249.612,-453.0,-305.9,0.128,0.059,SL_HIT,3259.72998,3263.80275,3252.16625,0,0.491,0.05,3259.72998,0.5,0,0.9,0.615,0,0,0,0,0.0,0,0.712,0.473,1,0.712,0.185,0.305,0.413,0.4,0.0,3259.72998,0.733,1.279,1,1,0.36,0,15451,0.671,1.17,0,0.4,0.185,0.305,0.413,0.712,0.9,0,0.615,424.0,10759.3
97615,XAUGBPm_20260812062104_5,XAUGBPm,MEAN_REVERSION,BUY,1,2026.08.12 06:21:04,2026.08.12 06:26:59,5,3250.065,3249.449,-616.0,-415.97,0.128,0.059,SL_HIT,3259.72998,3263.80275,3252.16625,0,0.491,0.05,3259.72998,0.5,0,0.9,0.615,0,0,0,0,0.0,0,0.712,0.473,1,0.712,0.185,0.305,0.413,0.4,0.0,3259.72998,0.733,1.279,1,1,0.36,0,15451,0.671,1.17,0,0.4,0.185,0.305,0.413,0.712,0.9,0,0.615,424.0,10759.3
97619,XAUGBPm_20260812063805_1,XAUGBPm,BREAKOUT_RETEST,BUY,0,2026.08.12 06:38:05,2026.08.12 06:38:06,0,3253.352,3252.779,-573.0,-386.96,0.041,0.0,SL_HIT,3259.72998,3263.80275,3252.16625,1,0.491,0.05,3259.72998,0.5,0,0.9,0.615,0,0,0,0,0.0,0,0.712,0.462,1,0.712,0.185,0.305,0.352,0.4,0.0,3259.72998,0.733,1.188,1,1,0.36,0,15451,0.554,2.15,0,0.4,0.185,0.305,0.352,0.712,0.9,1,0.615,424.0,10759.3
97620,XAUGBPm_20260812063805_1,XAUGBPm,BREAKOUT_RETEST,BUY,1,2026.08.12 06:38:05,2026.08.12 06:38:11,0,3253.352,3252.215,-1137.0,-767.84,0.094,0.0,SL_HIT,3259.72998,3263.80275,3252.16625,1,0.491,0.05,3259.72998,0.5,0,0.9,0.615,0,0,0,0,0.0,0,0.712,0.462,1,0.712,0.185,0.305,0.352,0.4,0.0,3259.72998,0.733,1.188,1,1,0.36,0,15451,0.554,2.15,0,0.4,0.185,0.305,0.352,0.712,0.9,1,0.615,424.0,10759.3
97608,XAUGBPm_20260812053002_4,XAUGBPm,SWEEP_REVERSAL,BUY,-1,2026.08.12 05:30:02,2026.08.12 06:51:49,81,3251.11,3259.583,8473.0,5843.33,0.456,0.799,TP_HIT,3259.09738,3268.21785,3252.7832,0,0.045,1.03,3259.09738,0.55,0,0.55,0.58,0,0,0,1,0.0,0,0.715,0.445,1,0.715,0.174,0.206,0.215,0.25,0.0,3259.09738,0.712,1.073,1,1,0.36,0,15450,0.238,0.81,0,0.4,0.185,0.305,0.16,0.712,0.9,1,0.615,424.0,10759.3
97613,XAUGBPm_20260812062104_5,XAUGBPm,MEAN_REVERSION,BUY,-1,2026.08.12 06:21:04,2026.08.12 06:55:37,34,3250.065,3260.175,10110.0,6827.54,0.152,0.927,TP_HIT,3259.72998,3263.80275,3252.16625,0,0.491,0.05,3259.72998,0.5,0,0.9,0.615,0,0,0,0,0.0,0,0.712,0.473,1,0.712,0.185,0.305,0.413,0.4,0.0,3259.72998,0.733,1.279,1,1,0.36,0,15451,0.671,1.17,0,0.4,0.185,0.305,0.16,0.712,0.9,1,0.615,424.0,10759.3
97618,XAUGBPm_20260812063805_1,XAUGBPm,BREAKOUT_RETEST,BUY,-1,2026.08.12 06:38:05,2026.08.12 06:55:37,17,3253.216,3260.175,6959.0,4607.74,0.141,0.634,TP_HIT,3259.72998,3263.80275,3252.16625,1,0.491,0.05,3259.72998,0.5,0,0.9,0.615,0,0,0,0,0.0,0,0.712,0.462,1,0.712,0.185,0.305,0.352,0.4,0.0,3259.72998,0.733,1.188,1,1,0.36,0,15451,0.554,2.15,0,0.4,0.185,0.305,0.16,0.712,0.9,1,0.615,424.0,10759.3
97627,XAUGBPm_20260812071525_0,XAUGBPm,BREAKOUT,BUY,0,2026.08.12 07:15:25,2026.08.12 07:15:56,0,3257.813,3256.896,-917.0,-619.48,0.085,0.0,SL_HIT,3259.72998,3260.3118,3248.6753,1,0.011,0.461,3252.74807,0.5,0,0.65,0.65,0,0,0,1,0.0,0,0.551,0.386,1,0.551,0.195,0.187,0.149,0.25,0.0,3252.74807,0.742,0.974,1,1,0.36,0,15452,0.292,1.23,0,0.25,0.195,0.187,0.149,0.551,0.65,1,0.65,424.0,10360.3
97630,XAUGBPm_20260812071527_2,XAUGBPm,PULLBACK,BUY,0,2026.08.12 07:15:27,2026.08.12 07:15:56,0,3257.706,3256.896,-810.0,-547.2,0.075,0.0,SL_HIT,3259.72998,3260.3118,3248.6753,1,0.011,0.461,3252.74807,0.5,0,0.65,0.65,0,0,0,1,0.0,0,0.551,0.386,1,0.551,0.195,0.187,0.149,0.25,0.0,3252.74807,0.742,0.974,1,1,0.36,0,15452,0.5,1.28,0,0.25,0.195,0.187,0.149,0.551,0.65,1,0.65,424.0,10360.3
97628,XAUGBPm_20260812071525_0,XAUGBPm,BREAKOUT,BUY,1,2026.08.12 07:15:25,2026.08.12 07:16:55,1,3257.813,3256.369,-1444.0,-975.53,0.134,0.0,SL_HIT,3259.72998,3260.3118,3248.6753,1,0.011,0.461,3252.74807,0.5,0,0.65,0.65,0,0,0,1,0.0,0,0.551,0.386,1,0.551,0.195,0.187,0.149,0.25,0.0,3252.74807,0.742,0.974,1,1,0.36,0,15452,0.292,1.23,0,0.25,0.195,0.187,0.131,0.551,0.65,1,0.65,424.0,10360.3
97631,XAUGBPm_20260812071527_2,XAUGBPm,PULLBACK,BUY,1,2026.08.12 07:15:27,2026.08.12 07:16:55,1,3257.706,3256.369,-1337.0,-903.24,0.124,0.0,SL_HIT,3259.72998,3260.3118,3248.6753,1,0.011,0.461,3252.74807,0.5,0,0.65,0.65,0,0,0,1,0.0,0,0.551,0.386,1,0.551,0.195,0.187,0.149,0.25,0.0,3252.74807,0.742,0.974,1,1,0.36,0,15452,0.5,1.28,0,0.25,0.195,0.187,0.131,0.551,0.65,1,0.65,424.0,10360.3
97637,XAUGBPm_20260812073241_3,XAUGBPm,TREND_CONTINUATION,BUY,0,2026.08.12 07:32:41,2026.08.12 07:33:14,0,3259.682,3259.357,-325.0,-219.54,0.071,0.007,SL_HIT,3259.72998,3260.3118,3248.6753,1,0.011,0.461,3252.74807,0.5,0,0.65,0.65,0,0,0,1,0.0,0,0.551,0.392,1,0.551,0.195,0.187,0.1,0.25,0.0,3252.74807,0.742,0.9,1,1,0.36,0,15452,0.413,2.08,0,0.25,0.195,0.187,0.1,0.551,0.65,1,0.65,424.0,10360.3
97638,XAUGBPm_20260812073241_3,XAUGBPm,TREND_CONTINUATION,BUY,1,2026.08.12 07:32:41,2026.08.12 07:35:24,2,3259.682,3259.664,-18.0,-12.16,0.071,0.089,SL_HIT,3259.72998,3260.3118,3248.6753,1,0.011,0.461,3252.74807,0.5,0,0.65,0.65,0,0,0,1,0.0,0,0.551,0.392,1,0.551,0.195,0.187,0.1,0.25,0.0,3252.74807,0.742,0.9,1,1,0.36,0,15452,0.413,2.08,0,0.25,0.195,0.187,0.1,0.551,0.65,1,0.65,424.0,10360.3
97626,XAUGBPm_20260812071525_0,XAUGBPm,BREAKOUT,BUY,-1,2026.08.12 07:15:25,2026.08.12 08:04:00,48,3257.813,3264.952,7139.0,4821.25,0.254,0.67,TP_HIT,3259.72998,3260.3118,3248.6753,1,0.011,0.461,3252.74807,0.5,0,0.65,0.65,0,0,0,1,0.0,0,0.551,0.386,1,0.551,0.195,0.187,0.149,0.25,0.0,3252.74807,0.742,0.974,1,1,0.36,0,15452,0.292,1.23,0,0.15,0.258,0.186,0.294,0.598,1.0,0,0.86,425.0,10572.6
97629,XAUGBPm_20260812071527_2,XAUGBPm,PULLBACK,BUY,-1,2026.08.12 07:15:27,2026.08.12 08:04:00,48,3257.706,3264.952,7246.0,4893.51,0.244,0.68,TP_HIT,3259.72998,3260.3118,3248.6753,1,0.011,0.461,3252.74807,0.5,0,0.65,0.65,0,0,0,1,0.0,0,0.551,0.386,1,0.551,0.195,0.187,0.149,0.25,0.0,3252.74807,0.742,0.974,1,1,0.36,0,15452,0.5,1.28,0,0.15,0.258,0.186,0.294,0.598,1.0,0,0.86,425.0,10572.6
97644,XAUGBPm_20260812084507_1,XAUGBPm,BREAKOUT_RETEST,BUY,0,2026.08.12 08:45:08,2026.08.12 08:45:21,0,3260.483,3260.107,-376.0,-254.01,0.024,0.003,SL_HIT,3258.37987,3260.608,3249.913,1,0.302,0.036,3258.37987,0.6,0,1.0,0.86,0,0,0,1,0.0,0,0.598,0.458,1,0.598,0.258,0.186,0.158,0.15,0.0,3249.913,0.6,1.047,1,2,0.359,0,15453,0.615,1.86,0,0.15,0.258,0.186,0.158,0.598,1.0,1,0.86,424.0,10572.6
97645,XAUGBPm_20260812084507_1,XAUGBPm,BREAKOUT_RETEST,BUY,1,2026.08.12 08:45:08,2026.08.12 08:47:22,2,3260.483,3259.482,-1001.0,-676.25,0.079,0.003,SL_HIT,3258.37987,3260.608,3249.913,1,0.302,0.036,3258.37987,0.6,0,1.0,0.86,0,0,0,1,0.0,0,0.598,0.458,1,0.598,0.258,0.186,0.158,0.15,0.0,3249.913,0.6,1.047,1,2,0.359,0,15453,0.615,1.86,0,0.15,0.258,0.186,0.13,0.598,1.0,1,0.86,424.0,10572.6
97643,XAUGBPm_20260812084507_1,XAUGBPm,BREAKOUT_RETEST,BUY,-1,2026.08.12 08:45:07,2026.08.12 09:15:56,30,3260.483,3266.475,5992.0,4050.2,0.265,0.542,TP_HIT,3258.37987,3260.608,3249.913,1,0.302,0.036,3258.37987,0.6,0,1.0,0.86,0,0,0,1,0.0,0,0.598,0.458,1,0.598,0.258,0.186,0.158,0.15,0.0,3249.913,0.6,1.047,1,2,0.359,0,15453,0.615,1.86,0,0.15,0.269,0.053,0.307,0.661,0.75,0,0.895,424.0,10208.4
97652,XAUGBPm_20260812091529_2,XAUGBPm,PULLBACK,BUY,0,2026.08.12 09:15:29,2026.08.12 09:15:56,0,3264.453,3266.948,2495.0,1686.5,0.042,0.284,TRAIL_STOP,3258.96307,3264.10255,3251.02025,1,0.103,0.081,3252.42193,0.7,0,0.75,0.895,0,0,0,1,0.0,0,0.661,0.438,1,0.661,0.269,0.053,0.179,0.15,0.0,3258.96307,0.7,1.078,1,2,0.359,0,15454,0.565,2.0,0,0.15,0.269,0.053,0.307,0.661,0.75,0,0.895,424.0,10208.4
97649,XAUGBPm_20260812091528_0,XAUGBPm,BREAKOUT,BUY,0,2026.08.12 09:15:28,2026.08.12 09:15:57,0,3264.634,3267.177,2543.0,1718.9,0.059,0.277,TRAIL_STOP,3258.96307,3264.10255,3251.02025,0,0.103,0.081,3252.42193,0.7,0,0.75,0.895,0,0,0,1,0.0,0,0.661,0.461,1,0.661,0.269,0.053,0.307,0.15,0.0,3258.96307,0.7,1.27,1,2,0.359,0,15454,0.44,4.07,0,0.15,0.269,0.053,0.307,0.661,0.75,0,0.895,424.0,10208.4
97650,XAUGBPm_20260812091528_0,XAUGBPm,BREAKOUT,BUY,1,2026.08.12 09:15:28,2026.08.12 09:16:06,0,3264.634,3266.628,1994.0,1347.78,0.059,0.291,TRAIL_STOP,3258.96307,3264.10255,3251.02025,0,0.103,0.081,3252.42193,0.7,0,0.75,0.895,0,0,0,1,0.0,0,0.661,0.461,1,0.661,0.269,0.053,0.307,0.15,0.0,3258.96307,0.7,1.27,1,2,0.359,0,15454,0.44,4.07,0,0.15,0.269,0.053,0.307,0.661,0.75,0,0.895,424.0,10208.4
97653,XAUGBPm_20260812091529_2,XAUGBPm,PULLBACK,BUY,1,2026.08.12 09:15:29,2026.08.12 09:16:06,0,3264.453,3266.628,2175.0,1470.13,0.042,0.323,TRAIL_STOP,3258.96307,3264.10255,3251.02025,1,0.103,0.081,3252.42193,0.7,0,0.75,0.895,0,0,0,1,0.0,0,0.661,0.438,1,0.661,0.269,0.053,0.179,0.15,0.0,3258.96307,0.7,1.078,1,2,0.359,0,15454,0.565,2.0,0,0.15,0.269,0.053,0.307,0.661,0.75,0,0.895,424.0,10208.4
97601,XAUGBPm_20260812051718_3,XAUGBPm,TREND_CONTINUATION,BUY,-1,2026.08.12 05:17:18,2026.08.12 09:24:10,246,3256.725,3269.407,12682.0,8575.5,0.994,1.204,TP_HIT,3259.09738,3268.21785,3252.7832,1,0.045,1.03,3259.09738,0.55,0,0.55,0.58,0,0,0,1,0.0,0,0.715,0.428,1,0.715,0.174,0.206,0.121,0.25,0.0,3252.7832,0.6,0.932,1,1,0.36,0,15450,0.382,1.01,0,0.15,0.269,0.053,0.307,0.661,0.75,0,0.895,424.0,10208.4
97661,XAUGBPm_20260812093245_3,XAUGBPm,TREND_CONTINUATION,BUY,0,2026.08.12 09:32:45,2026.08.12 09:50:08,17,3266.249,3266.723,474.0,320.32,0.183,0.16,TRAIL_STOP,3258.96307,3264.10255,3251.02025,0,0.103,0.081,3252.42193,0.7,0,0.75,0.895,0,0,0,1,0.0,0,0.661,0.461,1,0.661,0.269,0.053,0.307,0.15,0.0,3258.96307,0.7,1.27,1,2,0.359,0,15454,0.495,2.08,0,0.15,0.269,0.053,0.307,0.661,0.75,0,0.895,424.0,10208.4
97662,XAUGBPm_20260812093245_3,XAUGBPm,TREND_CONTINUATION,BUY,1,2026.08.12 09:32:45,2026.08.12 09:51:25,18,3266.249,3266.435,186.0,125.69,0.183,0.16,TRAIL_STOP,3258.96307,3264.10255,3251.02025,0,0.103,0.081,3252.42193,0.7,0,0.75,0.895,0,0,0,1,0.0,0,0.661,0.461,1,0.661,0.269,0.053,0.307,0.15,0.0,3258.96307,0.7,1.27,1,2,0.359,0,15454,0.495,2.08,0,0.15,0.269,0.053,0.307,0.661,0.75,0,0.895,424.0,10208.4
97666,XAUGBPm_20260812104510_1,XAUGBPm,BREAKOUT_RETEST,BUY,0,2026.08.12 10:45:10,2026.08.12 10:47:12,2,3264.672,3265.118,446.0,301.51,0.057,0.087,TRAIL_STOP,3261.50225,3268.0082,3256.1792,1,0.38,0.183,3261.50225,0.5,0,1.0,0.93,0,0,0,1,0.0,0,0.695,0.385,1,0.695,0.279,0.053,0.109,0.15,0.0,3268.0082,0.6,0.973,1,2,0.359,0,15455,0.599,1.19,0,0.15,0.279,0.053,0.145,0.695,1.0,1,0.93,424.0,10515.1
97667,XAUGBPm_20260812104510_1,XAUGBPm,BREAKOUT_RETEST,BUY,1,2026.08.12 10:45:11,2026.08.12 10:47:21,2,3264.672,3264.545,-127.0,-85.86,0.057,0.081,SL_HIT,3261.50225,3268.0082,3256.1792,1,0.38,0.183,3261.50225,0.5,0,1.0,0.93,0,0,0,1,0.0,0,0.695,0.385,1,0.695,0.279,0.053,0.109,0.15,0.0,3268.0082,0.6,0.973,1,2,0.359,0,15455,0.599,1.19,0,0.15,0.279,0.053,0.145,0.695,1.0,1,0.93,424.0,10515.1
97665,XAUGBPm_20260812104510_1,XAUGBPm,BREAKOUT_RETEST,BUY,-1,2026.08.12 10:45:10,2026.08.12 10:49:00,3,3264.672,3261.363,-3309.0,-2236.16,0.297,0.087,SL_HIT,3261.50225,3268.0082,3256.1792,1,0.38,0.183,3261.50225,0.5,0,1.0,0.93,0,0,0,1,0.0,0,0.695,0.385,1,0.695,0.279,0.053,0.109,0.15,0.0,3268.0082,0.6,0.973,1,2,0.359,0,15455,0.599,1.19,0,0.15,0.279,0.053,0.06,0.695,1.0,1,0.93,587.0,10515.1
97672,XAUGBPm_20260812112911_0,XAUGBPm,BREAKOUT,BUY,0,2026.08.12 11:29:12,2026.08.12 11:29:25,0,3266.627,3266.334,-293.0,-309.6,0.041,0.01,SL_HIT,3262.3961,3268.0946,3260.4966,1,0.101,0.477,3267.7147,0.5,0,0.8,0.965,0,0,0,1,0.0,0,0.622,0.463,1,0.622,0.29,0.114,0.08,0.0,0.0,3260.4966,0.6,1.02,1,2,0.359,0,15456,0.356,1.67,0,0.0,0.29,0.114,0.079,0.622,0.8,1,0.965,424.0,10512.9
97675,XAUGBPm_20260812112912_2,XAUGBPm,PULLBACK,BUY,0,2026.08.12 11:29:12,2026.08.12 11:29:25,0,3266.942,3266.334,-608.0,-410.99,0.071,0.0,SL_HIT,3262.3961,3268.0946,3260.4966,1,0.101,0.477,3267.7147,0.5,0,0.8,0.965,0,0,0,1,0.0,0,0.622,0.458,1,0.622,0.29,0.114,0.079,0.0,0.0,3262.3961,0.7,1.018,1,2,0.359,0,15456,0.591,2.0,0,0.0,0.29,0.114,0.079,0.622,0.8,1,0.965,424.0,10512.9
97673,XAUGBPm_20260812112911_0,XAUGBPm,BREAKOUT,BUY,1,2026.08.12 11:29:12,2026.08.12 11:29:34,0,3266.792,3265.769,-1023.0,-691.58,0.088,0.0,SL_HIT,3262.3961,3268.0946,3260.4966,1,0.101,0.477,3267.7147,0.5,0,0.8,0.965,0,0,0,1,0.0,0,0.622,0.463,1,0.622,0.29,0.114,0.08,0.0,0.0,3260.4966,0.6,1.02,1,2,0.359,0,15456,0.356,1.67,0,0.0,0.29,0.114,0.08,0.622,0.8,1,0.965,424.0,10512.9
97676,XAUGBPm_20260812112912_2,XAUGBPm,PULLBACK,BUY,1,2026.08.12 11:29:12,2026.08.12 11:29:34,0,3266.942,3265.769,-1173.0,-792.98,0.103,0.0,SL_HIT,3262.3961,3268.0946,3260.4966,1,0.101,0.477,3267.7147,0.5,0,0.8,0.965,0,0,0,1,0.0,0,0.622,0.458,1,0.622,0.29,0.114,0.079,0.0,0.0,3262.3961,0.7,1.018,1,2,0.359,0,15456,0.591,2.0,0,0.0,0.29,0.114,0.08,0.622,0.8,1,0.965,424.0,10512.9
97682,XAUGBPm_20260812113248_3,XAUGBPm,TREND_CONTINUATION,BUY,0,2026.08.12 11:32:48,2026.08.12 11:33:12,0,3265.841,3265.205,-636.0,-429.96,0.045,0.0,SL_HIT,3262.3961,3268.0946,3260.4966,1,0.101,0.477,3267.7147,0.5,0,0.8,0.965,0,0,0,1,0.0,0,0.622,0.463,1,0.622,0.29,0.114,0.08,0.0,0.0,3260.4966,0.6,1.02,1,2,0.359,0,15456,0.52,2.08,0,0.0,0.29,0.114,0.08,0.622,0.8,1,0.965,424.0,10512.9
97683,XAUGBPm_20260812113248_3,XAUGBPm,TREND_CONTINUATION,BUY,1,2026.08.12 11:32:48,2026.08.12 11:33:27,0,3265.841,3264.684,-1157.0,-782.17,0.098,0.0,SL_HIT,3262.3961,3268.0946,3260.4966,1,0.101,0.477,3267.7147,0.5,0,0.8,0.965,0,0,0,1,0.0,0,0.622,0.463,1,0.622,0.29,0.114,0.08,0.0,0.0,3260.4966,0.6,1.02,1,2,0.359,0,15456,0.52,2.08,0,0.0,0.29,0.114,0.061,0.622,0.8,1,0.965,424.0,10512.9
97648,XAUGBPm_20260812091528_0,XAUGBPm,BREAKOUT,BUY,-1,2026.08.12 09:15:28,2026.08.12 12:05:46,170,3264.634,3258.346,-6288.0,-4252.67,0.603,0.562,SL_HIT,3258.96307,3264.10255,3251.02025,0,0.103,0.081,3252.42193,0.7,0,0.75,0.895,0,0,0,1,0.0,0,0.661,0.461,1,0.661,0.269,0.053,0.307,0.15,0.0,3258.96307,0.7,1.27,1,2,0.359,0,15454,0.44,4.07,0,0.4,0.247,0.306,0.419,0.661,0.8,0,0.825,424.0,10721.4
97660,XAUGBPm_20260812093245_3,XAUGBPm,TREND_CONTINUATION,BUY,-1,2026.08.12 09:32:45,2026.08.12 12:30:07,177,3266.249,3250.936,-15313.0,-10354.42,1.096,0.708,SL_HIT,3258.96307,3264.10255,3251.02025,0,0.103,0.081,3252.42193,0.7,0,0.75,0.895,0,0,0,1,0.0,0,0.661,0.461,1,0.661,0.269,0.053,0.307,0.15,0.0,3258.96307,0.7,1.27,1,2,0.359,0,15454,0.495,2.08,0,0.4,0.247,0.306,0.439,0.661,0.8,0,0.825,674.0,10721.4
97674,XAUGBPm_20260812112912_2,XAUGBPm,PULLBACK,BUY,-1,2026.08.12 11:29:12,2026.08.12 12:30:07,60,3266.942,3250.936,-16006.0,-10823.02,1.131,0.622,SL_HIT,3262.3961,3268.0946,3260.4966,1,0.101,0.477,3267.7147,0.5,0,0.8,0.965,0,0,0,1,0.0,0,0.622,0.458,1,0.622,0.29,0.114,0.079,0.0,0.0,3262.3961,0.7,1.018,1,2,0.359,0,15456,0.591,2.0,0,0.4,0.247,0.306,0.439,0.661,0.8,0,0.825,674.0,10721.4
97681,XAUGBPm_20260812113248_3,XAUGBPm,TREND_CONTINUATION,BUY,-1,2026.08.12 11:32:48,2026.08.12 12:30:07,57,3265.841,3250.936,-14905.0,-10078.54,1.026,0.727,SL_HIT,3262.3961,3268.0946,3260.4966,1,0.101,0.477,3267.7147,0.5,0,0.8,0.965,0,0,0,1,0.0,0,0.622,0.463,1,0.622,0.29,0.114,0.08,0.0,0.0,3260.4966,0.6,1.02,1,2,0.359,0,15456,0.52,2.08,0,0.4,0.247,0.306,0.439,0.661,0.8,0,0.825,674.0,10721.4
97651,XAUGBPm_20260812091529_2,XAUGBPm,PULLBACK,BUY,-1,2026.08.12 09:15:29,2026.08.12 12:30:07,194,3264.453,3248.993,-15460.0,-10454.13,1.414,0.884,SL_HIT,3258.96307,3264.10255,3251.02025,1,0.103,0.081,3252.42193,0.7,0,0.75,0.895,0,0,0,1,0.0,0,0.661,0.438,1,0.661,0.269,0.053,0.179,0.15,0.0,3258.96307,0.7,1.078,1,2,0.359,0,15454,0.565,2.0,0,0.4,0.247,0.306,0.439,0.661,0.8,0,0.825,674.0,10721.4
97671,XAUGBPm_20260812112911_0,XAUGBPm,BREAKOUT,BUY,-1,2026.08.12 11:29:11,2026.08.12 12:30:07,60,3265.713,3248.993,-16720.0,-11924.2,1.493,0.739,SL_HIT,3262.3961,3268.0946,3260.4966,1,0.101,0.477,3267.7147,0.5,0,0.8,0.965,0,0,0,1,0.0,0,0.622,0.463,1,0.622,0.29,0.114,0.08,0.0,0.0,3260.4966,0.6,1.02,1,2,0.359,0,15456,0.356,1.67,0,0.4,0.247,0.306,0.439,0.661,0.8,0,0.825,674.0,10721.4
97636,XAUGBPm_20260812073241_3,XAUGBPm,TREND_CONTINUATION,BUY,-1,2026.08.12 07:32:41,2026.08.12 12:30:08,297,3259.682,3247.075,-12607.0,-8524.79,1.185,1.332,SL_HIT,3259.72998,3260.3118,3248.6753,1,0.011,0.461,3252.74807,0.5,0,0.65,0.65,0,0,0,1,0.0,0,0.551,0.392,1,0.551,0.195,0.187,0.1,0.25,0.0,3252.74807,0.742,0.9,1,1,0.36,0,15452,0.413,2.08,0,0.4,0.247,0.306,0.439,0.661,0.8,0,0.825,674.0,10721.4
97693,XAUGBPm_20260812124709_1,XAUGBPm,BREAKOUT_RETEST,BUY,-1,2026.08.12 12:47:09,2026.08.12 12:53:51,6,3266.902,3271.544,4642.0,3141.5,0.233,0.419,TP_HIT,3263.0738,3267.8348,3261.4868,1,0.034,0.203,3263.0738,0.5,0,0.8,0.825,0,0,0,1,0.0,0,0.661,0.426,1,0.661,0.247,0.306,0.287,0.4,0.0,3263.0738,0.713,1.091,1,2,0.353,0,15457,0.522,1.01,0,0.4,0.247,0.306,0.443,0.661,0.8,0,0.825,424.0,10721.4
97694,XAUGBPm_20260812124709_1,XAUGBPm,BREAKOUT_RETEST,BUY,0,2026.08.12 12:47:09,2026.08.12 12:53:51,6,3266.902,3271.544,4642.0,3141.5,0.233,0.419,TP_HIT,3263.0738,3267.8348,3261.4868,1,0.034,0.203,3263.0738,0.5,0,0.8,0.825,0,0,0,1,0.0,0,0.661,0.426,1,0.661,0.247,0.306,0.287,0.4,0.0,3263.0738,0.713,1.091,1,2,0.353,0,15457,0.522,1.01,0,0.4,0.247,0.306,0.443,0.661,0.8,0,0.825,424.0,10721.4
97695,XAUGBPm_20260812124709_1,XAUGBPm,BREAKOUT_RETEST,BUY,1,2026.08.12 12:47:09,2026.08.12 12:53:51,6,3266.902,3271.544,4642.0,3141.5,0.233,0.419,TP_HIT,3263.0738,3267.8348,3261.4868,1,0.034,0.203,3263.0738,0.5,0,0.8,0.825,0,0,0,1,0.0,0,0.661,0.426,1,0.661,0.247,0.306,0.287,0.4,0.0,3263.0738,0.713,1.091,1,2,0.353,0,15457,0.522,1.01,0,0.4,0.247,0.306,0.443,0.661,0.8,0,0.825,424.0,10721.4
97700,XAUGBPm_20260812160001_0,XAUGBPm,BREAKOUT,BUY,0,2026.08.12 16:00:01,2026.08.12 16:00:14,0,3272.91,3272.107,-803.0,-542.45,0.05,0.0,SL_HIT,3273.09333,3276.12655,3263.99365,1,0.045,1.738,3271.07118,0.3,0,0.8,0.825,4,0,0,1,0.0,0,0.547,0.312,0,0.547,0.247,0.343,0.52,0.55,-0.1485,3263.99365,0.6,0.9,1,1,0.0,0,15461,0.388,1.67,0,0.25,0.247,0.238,0.1,0.636,0.8,1,0.825,425.0,13615.4
97703,XAUGBPm_20260812160003_1,XAUGBPm,BREAKOUT_RETEST,BUY,0,2026.08.12 16:00:03,2026.08.12 16:00:14,0,3272.65,3272.107,-543.0,-366.81,0.03,0.0,SL_HIT,3273.09333,3276.12655,3263.99365,1,0.045,1.738,3271.07118,0.3,0,0.8,0.825,4,0,0,1,0.0,0,0.636,0.38,1,0.636,0.247,0.238,0.1,0.25,0.0,3263.99365,0.6,0.9,1,1,0.0,0,15461,0.508,1.01,0,0.25,0.247,0.238,0.1,0.636,0.8,1,0.825,425.0,13615.4
97706,XAUGBPm_20260812160005_2,XAUGBPm,PULLBACK,BUY,0,2026.08.12 16:00:05,2026.08.12 16:00:14,0,3272.892,3272.107,-785.0,-530.29,0.048,0.0,SL_HIT,3273.09333,3276.12655,3263.99365,1,0.045,1.738,3271.07118,0.3,0,0.8,0.825,4,0,0,1,0.0,0,0.636,0.38,1,0.636,0.247,0.238,0.1,0.25,0.0,3263.99365,0.6,0.9,1,1,0.0,0,15461,0.559,2.0,0,0.25,0.247,0.238,0.1,0.636,0.8,1,0.825,425.0,13615.4
97709,XAUGBPm_20260812160006_3,XAUGBPm,TREND_CONTINUATION,BUY,0,2026.08.12 16:00:06,2026.08.12 16:00:17,0,3273.04,3271.98,-1060.0,-716.02,0.069,0.0,SL_HIT,3273.09333,3276.12655,3263.99365,1,0.045,1.738,3271.07118,0.3,0,0.8,0.825,4,0,0,1,0.0,0,0.636,0.38,1,0.636,0.247,0.238,0.1,0.25,0.0,3263.99365,0.6,0.9,1,1,0.0,0,15461,0.481,2.08,0,0.25,0.247,0.238,0.112,0.636,0.8,1,0.825,425.0,13615.4
97701,XAUGBPm_20260812160001_0,XAUGBPm,BREAKOUT,BUY,1,2026.08.12 16:00:01,2026.08.12 16:01:28,1,3272.91,3274.366,1456.0,983.49,0.068,0.203,TRAIL_STOP,3273.09333,3276.12655,3263.99365,1,0.045,1.738,3271.07118,0.3,0,0.8,0.825,4,0,0,1,0.0,0,0.547,0.312,0,0.547,0.247,0.343,0.52,0.55,-0.1485,3263.99365,0.6,0.9,1,1,0.0,0,15461,0.388,1.67,0,0.25,0.247,0.238,0.198,0.636,0.8,1,0.825,425.0,13615.4
97704,XAUGBPm_20260812160003_1,XAUGBPm,BREAKOUT_RETEST,BUY,1,2026.08.12 16:00:03,2026.08.12 16:01:28,1,3272.65,3274.366,1716.0,1159.12,0.049,0.221,TRAIL_STOP,3273.09333,3276.12655,3263.99365,1,0.045,1.738,3271.07118,0.3,0,0.8,0.825,4,0,0,1,0.0,0,0.636,0.38,1,0.636,0.247,0.238,0.1,0.25,0.0,3263.99365,0.6,0.9,1,1,0.0,0,15461,0.508,1.01,0,0.25,0.247,0.238,0.198,0.636,0.8,1,0.825,425.0,13615.4
97707,XAUGBPm_20260812160005_2,XAUGBPm,PULLBACK,BUY,1,2026.08.12 16:00:05,2026.08.12 16:01:28,1,3272.892,3274.366,1474.0,995.65,0.067,0.214,TRAIL_STOP,3273.09333,3276.12655,3263.99365,1,0.045,1.738,3271.07118,0.3,0,0.8,0.825,4,0,0,1,0.0,0,0.636,0.38,1,0.636,0.247,0.238,0.1,0.25,0.0,3263.99365,0.6,0.9,1,1,0.0,0,15461,0.559,2.0,0,0.25,0.247,0.238,0.198,0.636,0.8,1,0.825,425.0,13615.4
97710,XAUGBPm_20260812160006_3,XAUGBPm,TREND_CONTINUATION,BUY,1,2026.08.12 16:00:06,2026.08.12 16:01:28,1,3273.04,3274.366,1326.0,895.68,0.078,0.193,TRAIL_STOP,3273.09333,3276.12655,3263.99365,1,0.045,1.738,3271.07118,0.3,0,0.8,0.825,4,0,0,1,0.0,0,0.636,0.38,1,0.636,0.247,0.238,0.1,0.25,0.0,3263.99365,0.6,0.9,1,1,0.0,0,15461,0.481,2.08,0,0.25,0.247,0.238,0.198,0.636,0.8,1,0.825,425.0,13615.4
97702,XAUGBPm_20260812160003_1,XAUGBPm,BREAKOUT_RETEST,BUY,-1,2026.08.12 16:00:03,2026.08.12 16:49:49,49,3272.65,3262.9,-9750.0,-6579.3,0.707,0.384,SL_HIT,3273.09333,3276.12655,3263.99365,1,0.045,1.738,3271.07118,0.3,0,0.8,0.825,4,0,0,1,0.0,0,0.636,0.38,1,0.636,0.247,0.238,0.1,0.25,0.0,3263.99365,0.6,0.9,1,1,0.0,0,15461,0.508,1.01,0,0.25,0.247,0.238,0.322,0.636,0.8,0,0.825,425.0,13615.4
97721,XAUGBPm_20260812165620_4,XAUGBPm,SWEEP_REVERSAL,BUY,0,2026.08.12 16:56:20,2026.08.12 16:56:22,0,3259.89,3258.961,-929.0,-716.67,0.06,0.0,SL_HIT,3273.09333,3276.12655,3263.99365,0,0.045,1.738,3271.07118,0.3,0,0.8,0.825,4,0,0,1,0.0,0,0.636,0.42,1,0.636,0.247,0.238,0.328,0.25,0.0,3271.07118,0.728,1.242,1,1,0.0,0,15461,0.239,0.81,0,0.25,0.247,0.238,0.325,0.636,0.8,0,0.825,424.0,13615.4
97722,XAUGBPm_20260812165620_4,XAUGBPm,SWEEP_REVERSAL,BUY,1,2026.08.12 16:56:20,2026.08.12 16:56:24,0,3260.023,3258.237,-1786.0,-1205.25,0.121,0.0,SL_HIT,3273.09333,3276.12655,3263.99365,0,0.045,1.738,3271.07118,0.3,0,0.8,0.825,4,0,0,1,0.0,0,0.636,0.42,1,0.636,0.247,0.238,0.328,0.25,0.0,3271.07118,0.728,1.242,1,1,0.0,0,15461,0.239,0.81,0,0.25,0.247,0.238,0.325,0.636,0.8,0,0.825,424.0,13615.4
97726,XAUGBPm_20260812180029_5,XAUGBPm,MEAN_REVERSION,BUY,0,2026.08.12 18:00:29,2026.08.12 18:00:52,0,3260.252,3259.456,-796.0,-537.0,0.048,0.0,SL_HIT,3271.7601,3279.7382,3267.4642,0,0.732,0.023,3271.7601,0.5,0,1.0,0.8017,0,0,0,0,0.0,0,0.691,0.43,1,0.691,0.241,0.242,0.436,0.4,0.0,3271.7601,0.758,1.314,1,1,0.0,0,15463,0.633,1.08,0,0.4,0.241,0.242,0.436,0.691,1.0,0,0.8017,425.0,13850.2
97727,XAUGBPm_20260812180029_5,XAUGBPm,MEAN_REVERSION,BUY,1,2026.08.12 18:00:29,2026.08.12 18:00:59,0,3260.252,3258.74,-1512.0,-1020.05,0.098,0.0,SL_HIT,3271.7601,3279.7382,3267.4642,0,0.732,0.023,3271.7601,0.5,0,1.0,0.8017,0,0,0,0,0.0,0,0.691,0.43,1,0.691,0.241,0.242,0.436,0.4,0.0,3271.7601,0.758,1.314,1,1,0.0,0,15463,0.633,1.08,0,0.4,0.241,0.242,0.455,0.691,1.0,0,0.8017,425.0,13850.2
97731,XAUGBPm_20260812182506_1,XAUGBPm,BREAKOUT_RETEST,BUY,0,2026.08.12 18:25:06,2026.08.12 18:25:29,0,3268.523,3267.694,-829.0,-559.45,0.052,0.0,SL_HIT,3271.7601,3279.7382,3267.4642,1,0.732,0.023,3271.7601,0.5,0,1.0,0.8017,0,0,0,0,0.0,0,0.691,0.419,1,0.691,0.241,0.242,0.376,0.4,0.0,3272.3738,0.55,1.224,1,1,0.0,0,15463,0.598,1.03,0,0.4,0.241,0.242,0.376,0.691,1.0,1,0.8017,425.0,13850.2
97732,XAUGBPm_20260812182506_1,XAUGBPm,BREAKOUT_RETEST,BUY,1,2026.08.12 18:25:06,2026.08.12 18:26:33,1,3268.523,3266.9,-1623.0,-1095.26,0.107,0.0,SL_HIT,3271.7601,3279.7382,3267.4642,1,0.732,0.023,3271.7601,0.5,0,1.0,0.8017,0,0,0,0,0.0,0,0.691,0.419,1,0.691,0.241,0.242,0.376,0.4,0.0,3272.3738,0.55,1.224,1,1,0.0,0,15463,0.598,1.03,0,0.4,0.241,0.242,0.371,0.691,1.0,0,0.8017,425.0,13850.2
97720,XAUGBPm_20260812165620_4,XAUGBPm,SWEEP_REVERSAL,BUY,-1,2026.08.12 16:56:20,2026.08.12 18:45:08,108,3260.509,3271.5,10991.0,7831.41,0.21,0.806,TP_HIT,3273.09333,3276.12655,3263.99365,0,0.045,1.738,3271.07118,0.3,0,0.8,0.825,4,0,0,1,0.0,0,0.636,0.42,1,0.636,0.247,0.238,0.328,0.25,0.0,3271.07118,0.728,1.242,1,1,0.0,0,15461,0.239,0.81,0,0.4,0.241,0.242,0.16,0.691,1.0,1,0.8017,426.0,13850.2
97737,XAUGBPm_20260812184524_2,XAUGBPm,PULLBACK,BUY,0,2026.08.12 18:45:24,2026.08.12 18:45:28,0,3272.34,3271.498,-842.0,-568.01,0.05,0.0,SL_HIT,3271.7601,3279.7382,3267.4642,1,0.732,0.023,3271.7601,0.5,0,1.0,0.8017,0,0,0,0,0.0,0,0.691,0.381,1,0.691,0.241,0.242,0.16,0.4,0.0,3267.4642,0.6,0.9,1,1,0.0,0,15463,0.618,2.0,0,0.4,0.241,0.242,0.16,0.691,1.0,1,0.8017,426.0,13850.2
97740,XAUGBPm_20260812184524_3,XAUGBPm,TREND_CONTINUATION,BUY,0,2026.08.12 18:45:24,2026.08.12 18:45:29,0,3272.476,3271.388,-1088.0,-733.96,0.071,0.0,SL_HIT,3271.7601,3279.7382,3267.4642,1,0.732,0.023,3271.7601,0.5,0,1.0,0.8017,0,0,0,0,0.0,0,0.691,0.381,1,0.691,0.241,0.242,0.16,0.4,0.0,3267.4642,0.6,0.9,1,1,0.0,0,15463,0.549,2.08,0,0.4,0.241,0.242,0.16,0.691,1.0,1,0.8017,426.0,13850.2
97725,XAUGBPm_20260812180029_5,XAUGBPm,MEAN_REVERSION,BUY,-1,2026.08.12 18:00:29,2026.08.12 18:45:31,45,3260.252,3272.235,11983.0,8083.07,0.134,0.852,TP_HIT,3271.7601,3279.7382,3267.4642,0,0.732,0.023,3271.7601,0.5,0,1.0,0.8017,0,0,0,0,0.0,0,0.691,0.43,1,0.691,0.241,0.242,0.436,0.4,0.0,3271.7601,0.758,1.314,1,1,0.0,0,15463,0.633,1.08,0,0.4,0.241,0.242,0.16,0.691,1.0,1,0.8017,426.0,13850.2
97730,XAUGBPm_20260812182506_1,XAUGBPm,BREAKOUT_RETEST,BUY,-1,2026.08.12 18:25:06,2026.08.12 18:45:31,20,3268.523,3272.924,4401.0,2968.67,0.205,0.3,TP_HIT,3271.7601,3279.7382,3267.4642,1,0.732,0.023,3271.7601,0.5,0,1.0,0.8017,0,0,0,0,0.0,0,0.691,0.419,1,0.691,0.241,0.242,0.376,0.4,0.0,3272.3738,0.55,1.224,1,1,0.0,0,15463,0.598,1.03,0,0.4,0.241,0.242,0.178,0.691,1.0,1,0.8017,426.0,13850.2
97738,XAUGBPm_20260812184524_2,XAUGBPm,PULLBACK,BUY,1,2026.08.12 18:45:24,2026.08.12 18:47:24,2,3272.34,3271.567,-773.0,-521.42,0.069,0.037,SL_HIT,3271.7601,3279.7382,3267.4642,1,0.732,0.023,3271.7601,0.5,0,1.0,0.8017,0,0,0,0,0.0,0,0.691,0.381,1,0.691,0.241,0.242,0.16,0.4,0.0,3267.4642,0.6,0.9,1,1,0.0,0,15463,0.618,2.0,0,0.4,0.241,0.242,0.16,0.691,1.0,1,0.8017,426.0,13850.2
97741,XAUGBPm_20260812184524_3,XAUGBPm,TREND_CONTINUATION,BUY,1,2026.08.12 18:45:24,2026.08.12 18:47:24,2,3272.476,3271.567,-909.0,-613.16,0.079,0.032,SL_HIT,3271.7601,3279.7382,3267.4642,1,0.732,0.023,3271.7601,0.5,0,1.0,0.8017,0,0,0,0,0.0,0,0.691,0.381,1,0.691,0.241,0.242,0.16,0.4,0.0,3267.4642,0.6,0.9,1,1,0.0,0,15463,0.549,2.08,0,0.4,0.241,0.242,0.16,0.691,1.0,1,0.8017,426.0,13850.2
97749,XAUGBPm_20260812200001_0,XAUGBPm,BREAKOUT,BUY,0,2026.08.12 20:00:01,2026.08.12 20:16:34,16,3271.753,3268.21,-3543.0,-2462.11,0.273,0.0,SL_HIT,3263.2088,3271.8074,3259.6682,1,0.054,0.376,3263.2088,0.6,1,0.188,0.4233,0,0,0,0,0.0,4,0.622,0.46,1,0.739,0.127,0.0,0.102,0.0,0.0,3263.2088,0.756,1.353,1,2,0.0,0,15465,0.171,1.67,4,0.0,0.127,0.0,0.196,0.739,0.188,1,0.4233,425.0,14110.7
97750,XAUGBPm_20260812200001_0,XAUGBPm,BREAKOUT,BUY,1,2026.08.12 20:00:01,2026.08.12 20:18:13,18,3271.86,3267.369,-4491.0,-3029.38,0.309,0.0,SL_HIT,3263.2088,3271.8074,3259.6682,1,0.054,0.376,3263.2088,0.6,1,0.188,0.4233,0,0,0,0,0.0,4,0.622,0.46,1,0.739,0.127,0.0,0.102,0.0,0.0,3263.2088,0.756,1.353,1,2,0.0,0,15465,0.171,1.67,4,0.0,0.127,0.0,0.135,0.739,0.188,1,0.4233,425.0,14110.7
97754,XAUGBPm_20260812202633_1,XAUGBPm,BREAKOUT_RETEST,BUY,0,2026.08.12 20:26:33,2026.08.12 20:29:22,2,3267.079,3267.162,83.0,55.99,0.038,0.049,TRAIL_STOP,3263.2088,3271.8074,3259.6682,1,0.054,0.376,3263.2088,0.6,1,0.188,0.4233,0,0,0,0,0.0,4,0.622,0.468,1,0.739,0.127,0.0,0.149,0.0,0.0,3271.8074,0.6,1.423,1,2,0.0,0,15465,0.254,1.06,4,0.0,0.127,0.0,0.135,0.739,0.188,1,0.4233,425.0,14110.7
97755,XAUGBPm_20260812202633_1,XAUGBPm,BREAKOUT_RETEST,BUY,1,2026.08.12 20:26:33,2026.08.12 20:31:21,4,3267.079,3266.393,-686.0,-462.8,0.04,0.049,SL_HIT,3263.2088,3271.8074,3259.6682,1,0.054,0.376,3263.2088,0.6,1,0.188,0.4233,0,0,0,0,0.0,4,0.622,0.468,1,0.739,0.127,0.0,0.149,0.0,0.0,3271.8074,0.6,1.423,1,2,0.0,0,15465,0.254,1.06,4,0.0,0.127,0.0,0.149,0.739,0.188,1,0.4233,425.0,14110.7
97753,XAUGBPm_20260812202633_1,XAUGBPm,BREAKOUT_RETEST,BUY,-1,2026.08.12 20:26:33,2026.08.12 22:15:16,108,3267.079,3262.161,-4918.0,-3318.15,0.34,0.078,SL_HIT,3263.2088,3271.8074,3259.6682,1,0.054,0.376,3263.2088,0.6,1,0.188,0.4233,0,0,0,0,0.0,4,0.622,0.468,1,0.739,0.127,0.0,0.149,0.0,0.0,3271.8074,0.6,1.423,1,2,0.0,0,15465,0.254,1.06,0,0.25,0.0,0.21,0.235,0.916,0.071,1,0.0,425.0,13449.8
97760,XAUGBPm_20260812221655_5,XAUGBPm,MEAN_REVERSION,BUY,0,2026.08.12 22:16:55,2026.08.12 22:17:35,0,3262.912,3262.148,-764.0,-515.47,0.047,0.0,SL_HIT,3266.48587,3271.16775,3260.95275,1,0.112,0.332,3263.08088,0.6,0,0.071,0.0,0,0,0,0,0.0,0,0.916,0.488,1,0.916,0.0,0.21,0.235,0.25,0.0,3271.16775,0.6,1.103,1,2,0.0,0,15466,0.813,0.81,0,0.25,0.0,0.21,0.235,0.916,0.071,1,0.0,425.0,13449.8
97761,XAUGBPm_20260812221655_5,XAUGBPm,MEAN_REVERSION,BUY,1,2026.08.12 22:16:55,2026.08.12 22:26:14,9,3262.912,3261.584,-1328.0,-896.02,0.09,0.0,SL_HIT,3266.48587,3271.16775,3260.95275,1,0.112,0.332,3263.08088,0.6,0,0.071,0.0,0,0,0,0,0.0,0,0.916,0.488,1,0.916,0.0,0.21,0.235,0.25,0.0,3271.16775,0.6,1.103,1,2,0.0,0,15466,0.813,0.81,0,0.25,0.0,0.21,0.302,0.916,0.071,1,0.0,425.0,13449.8
97759,XAUGBPm_20260812221655_5,XAUGBPm,MEAN_REVERSION,BUY,-1,2026.08.12 22:16:55,2026.08.13 00:01:29,104,3262.912,3271.733,8821.0,5145.34,0.259,0.645,TP_HIT,3266.48587,3271.16775,3260.95275,1,0.112,0.332,3263.08088,0.6,0,0.071,0.0,0,0,0,0,0.0,0,0.916,0.488,1,0.916,0.0,0.21,0.235,0.25,0.0,3271.16775,0.6,1.103,1,2,0.0,0,15466,0.813,0.81,0,0.15,0.153,0.193,0.306,0.662,0.464,1,-0.5086,425.0,13565.1
97765,XAUGBPm_20260813011836_1,XAUGBPm,BREAKOUT_RETEST,BUY,-1,2026.08.13 01:18:36,2026.08.13 01:20:54,2,3282.023,3277.643,-4380.0,-2956.11,0.291,0.0,SL_HIT,3265.8057,3283.1166,3259.428,1,0.017,0.233,3294.9609,0.65,1,0.196,0.3657,2,0,0,0,0.0,4,0.603,0.44,1,0.676,0.11,0.053,0.236,0.15,0.0,3294.9609,0.704,1.464,1,2,0.0,0,15469,0.243,3.06,4,0.15,0.11,0.053,0.338,0.676,0.196,1,0.3657,426.0,14541.4
97766,XAUGBPm_20260813011836_1,XAUGBPm,BREAKOUT_RETEST,BUY,0,2026.08.13 01:18:36,2026.08.13 01:20:54,2,3282.023,3277.643,-4380.0,-2956.11,0.291,0.0,SL_HIT,3265.8057,3283.1166,3259.428,1,0.017,0.233,3294.9609,0.65,1,0.196,0.3657,2,0,0,0,0.0,4,0.603,0.44,1,0.676,0.11,0.053,0.236,0.15,0.0,3294.9609,0.704,1.464,1,2,0.0,0,15469,0.243,3.06,4,0.15,0.11,0.053,0.338,0.676,0.196,1,0.3657,426.0,14541.4
97767,XAUGBPm_20260813011836_1,XAUGBPm,BREAKOUT_RETEST,BUY,1,2026.08.13 01:18:36,2026.08.13 01:20:54,2,3282.023,3277.643,-4380.0,-2956.11,0.291,0.0,SL_HIT,3265.8057,3283.1166,3259.428,1,0.017,0.233,3294.9609,0.65,1,0.196,0.3657,2,0,0,0,0.0,4,0.603,0.44,1,0.676,0.11,0.053,0.236,0.15,0.0,3294.9609,0.704,1.464,1,2,0.0,0,15469,0.243,3.06,4,0.15,0.11,0.053,0.338,0.676,0.196,1,0.3657,426.0,14541.4
97772,XAUGBPm_20260813022029_5,XAUGBPm,MEAN_REVERSION,BUY,0,2026.08.13 02:20:29,2026.08.13 02:20:50,0,3270.809,3270.104,-705.0,-475.55,0.037,0.0,SL_HIT,3280.3833,3286.761,3268.539,1,0.632,0.198,3280.3833,0.5,0,0.5,0.545,0,0,0,0,0.0,0,0.717,0.401,1,0.717,0.164,0.24,0.348,0.4,0.0,3280.3833,0.731,1.182,1,2,0.0,0,15470,0.658,0.81,0,0.4,0.164,0.24,0.341,0.717,0.5,1,0.545,425.0,15367.1
97773,XAUGBPm_20260813022029_5,XAUGBPm,MEAN_REVERSION,BUY,1,2026.08.13 02:20:29,2026.08.13 02:22:15,1,3270.809,3269.279,-1530.0,-1032.05,0.091,0.0,SL_HIT,3280.3833,3286.761,3268.539,1,0.632,0.198,3280.3833,0.5,0,0.5,0.545,0,0,0,0,0.0,0,0.717,0.401,1,0.717,0.164,0.24,0.348,0.4,0.0,3280.3833,0.731,1.182,1,2,0.0,0,15470,0.658,0.81,0,0.4,0.164,0.24,0.341,0.717,0.5,1,0.545,425.0,15367.1
97777,XAUGBPm_20260813022319_4,XAUGBPm,SWEEP_REVERSAL,BUY,0,2026.08.13 02:23:19,2026.08.13 02:24:00,0,3268.43,3267.605,-825.0,-556.47,0.045,0.0,SL_HIT,3280.3833,3286.761,3268.539,0,0.632,0.198,3280.3833,0.5,0,0.5,0.545,0,0,0,0,0.0,0,0.717,0.394,1,0.717,0.164,0.24,0.307,0.4,0.0,3280.3833,0.731,1.12,1,2,0.0,0,15470,0.278,0.81,0,0.4,0.164,0.24,0.307,0.717,0.5,0,0.545,425.0,15367.1
97778,XAUGBPm_20260813022319_4,XAUGBPm,SWEEP_REVERSAL,BUY,1,2026.08.13 02:23:19,2026.08.13 02:24:00,0,3268.43,3266.764,-1666.0,-1123.74,0.1,0.0,SL_HIT,3280.3833,3286.761,3268.539,0,0.632,0.198,3280.3833,0.5,0,0.5,0.545,0,0,0,0,0.0,0,0.717,0.394,1,0.717,0.164,0.24,0.307,0.4,0.0,3280.3833,0.731,1.12,1,2,0.0,0,15470,0.278,0.81,0,0.4,0.164,0.24,0.307,0.717,0.5,0,0.545,425.0,15367.1
97782,XAUGBPm_20260813023623_3,XAUGBPm,TREND_CONTINUATION,BUY,0,2026.08.13 02:36:23,2026.08.13 02:36:28,0,3262.151,3261.836,-315.0,-212.43,0.035,0.03,SL_HIT,3280.3833,3286.761,3268.539,0,0.632,0.198,3280.3833,0.5,0,0.5,0.545,0,0,0,0,0.0,0,0.717,0.384,1,0.717,0.164,0.24,0.254,0.4,0.0,3280.3833,0.731,1.042,1,2,0.0,0,15470,0.348,1.01,0,0.4,0.164,0.24,0.254,0.717,0.5,0,0.545,425.0,15367.1
97783,XAUGBPm_20260813023623_3,XAUGBPm,TREND_CONTINUATION,BUY,1,2026.08.13 02:36:23,2026.08.13 02:40:26,4,3262.151,3267.493,5342.0,3602.32,0.055,0.439,TRAIL_STOP,3280.3833,3286.761,3268.539,0,0.632,0.198,3280.3833,0.5,0,0.5,0.545,0,0,0,0,0.0,0,0.717,0.384,1,0.717,0.164,0.24,0.254,0.4,0.0,3280.3833,0.731,1.042,1,2,0.0,0,15470,0.348,1.01,0,0.4,0.164,0.24,0.307,0.717,0.5,0,0.545,425.0,15367.1
97787,XAUGBPm_20260813031836_1,XAUGBPm,BREAKOUT_RETEST,BUY,0,2026.08.13 03:18:36,2026.08.13 03:18:59,0,3269.416,3268.217,-1199.0,-718.31,0.067,0.0,SL_HIT,3269.0787,3282.0432,3263.0286,1,0.02,0.312,3281.1789,0.55,0,0.825,0.58,0,0,0,0,0.0,0,0.692,0.442,1,0.692,0.174,0.209,0.138,0.25,0.0,3263.0286,0.6,0.957,1,2,0.0,0,15471,0.515,4.81,0,0.25,0.174,0.209,0.138,0.692,0.825,1,0.58,425.0,15630.9
97788,XAUGBPm_20260813031836_1,XAUGBPm,BREAKOUT_RETEST,BUY,1,2026.08.13 03:18:36,2026.08.13 03:20:46,2,3269.282,3267.53,-1752.0,-1181.51,0.103,0.0,SL_HIT,3269.0787,3282.0432,3263.0286,1,0.02,0.312,3281.1789,0.55,0,0.825,0.58,0,0,0,0,0.0,0,0.692,0.442,1,0.692,0.174,0.209,0.138,0.25,0.0,3263.0286,0.6,0.957,1,2,0.0,0,15471,0.515,4.81,0,0.25,0.174,0.209,0.112,0.692,0.825,1,0.58,425.0,15630.9
97786,XAUGBPm_20260813031836_1,XAUGBPm,BREAKOUT_RETEST,BUY,-1,2026.08.13 03:18:36,2026.08.13 03:50:11,31,3269.416,3264.648,-4768.0,-3216.18,0.295,0.002,SL_HIT,3269.0787,3282.0432,3263.0286,1,0.02,0.312,3281.1789,0.55,0,0.825,0.58,0,0,0,0,0.0,0,0.692,0.442,1,0.692,0.174,0.209,0.138,0.25,0.0,3263.0286,0.6,0.957,1,2,0.0,0,15471,0.515,4.81,0,0.25,0.174,0.209,0.296,0.692,0.825,1,0.58,425.0,15630.9
97771,XAUGBPm_20260813022029_5,XAUGBPm,MEAN_REVERSION,BUY,-1,2026.08.13 02:20:29,2026.08.13 04:01:16,100,3270.809,3258.404,-12405.0,-8367.48,0.798,0.0,SL_HIT,3280.3833,3286.761,3268.539,1,0.632,0.198,3280.3833,0.5,0,0.5,0.545,0,0,0,0,0.0,0,0.717,0.401,1,0.717,0.164,0.24,0.348,0.4,0.0,3280.3833,0.731,1.182,1,2,0.0,0,15470,0.658,0.81,0,0.4,0.185,0.245,0.434,0.622,0.9,0,0.615,425.0,13738.2
97708,XAUGBPm_20260812160006_3,XAUGBPm,TREND_CONTINUATION,BUY,-1,2026.08.12 16:00:06,2026.08.13 04:11:36,731,3273.04,3256.699,-16341.0,-11828.7,1.196,1.677,SL_HIT,3273.09333,3276.12655,3263.99365,1,0.045,1.738,3271.07118,0.3,0,0.8,0.825,4,0,0,1,0.0,0,0.636,0.38,1,0.636,0.247,0.238,0.1,0.25,0.0,3263.99365,0.6,0.9,1,1,0.0,0,15461,0.481,2.08,0,0.4,0.185,0.245,0.434,0.622,0.9,0,0.615,425.0,13738.2
97795,XAUGBPm_20260813042031_5,XAUGBPm,MEAN_REVERSION,BUY,0,2026.08.13 04:20:31,2026.08.13 04:21:00,0,3258.582,3257.566,-1016.0,-685.17,0.063,0.0,SL_HIT,3268.42615,3283.4771,3263.9994,0,0.36,0.027,3268.42615,0.55,0,0.9,0.615,0,0,0,0,0.0,0,0.622,0.407,1,0.622,0.185,0.245,0.434,0.4,0.0,3268.42615,0.716,1.31,1,1,0.0,0,15472,0.616,0.93,0,0.4,0.185,0.245,0.434,0.622,0.9,0,0.615,425.0,13738.2
97796,XAUGBPm_20260813042031_5,XAUGBPm,MEAN_REVERSION,BUY,1,2026.08.13 04:20:31,2026.08.13 04:21:54,1,3258.582,3256.892,-1690.0,-1139.7,0.114,0.0,SL_HIT,3268.42615,3283.4771,3263.9994,0,0.36,0.027,3268.42615,0.55,0,0.9,0.615,0,0,0,0,0.0,0,0.622,0.407,1,0.622,0.185,0.245,0.434,0.4,0.0,3268.42615,0.716,1.31,1,1,0.0,0,15472,0.616,0.93,0,0.4,0.185,0.245,0.434,0.622,0.9,0,0.615,425.0,13738.2
97800,XAUGBPm_20260813045002_4,XAUGBPm,SWEEP_REVERSAL,BUY,0,2026.08.13 04:50:02,2026.08.13 04:51:00,0,3257.859,3257.53,-329.0,-221.95,0.021,0.022,SL_HIT,3268.42615,3283.4771,3263.9994,0,0.36,0.027,3268.42615,0.55,0,0.9,0.615,0,0,0,0,0.0,0,0.622,0.407,1,0.622,0.185,0.245,0.434,0.4,0.0,3268.42615,0.716,1.31,1,1,0.0,0,15472,0.283,0.8,0,0.4,0.185,0.245,0.434,0.622,0.9,0,0.615,424.0,13738.2
97801,XAUGBPm_20260813045002_4,XAUGBPm,SWEEP_REVERSAL,BUY,1,2026.08.13 04:50:02,2026.08.13 05:00:16,10,3257.859,3257.783,-76.0,-51.28,0.024,0.085,SL_HIT,3268.42615,3283.4771,3263.9994,0,0.36,0.027,3268.42615,0.55,0,0.9,0.615,0,0,0,0,0.0,0,0.622,0.407,1,0.622,0.185,0.245,0.434,0.4,0.0,3268.42615,0.716,1.31,1,1,0.0,0,15472,0.283,0.8,0,0.15,0.0,0.151,0.21,0.755,0.076,0,0.0,424.0,12737.5
97739,XAUGBPm_20260812184524_3,XAUGBPm,TREND_CONTINUATION,BUY,-1,2026.08.12 18:45:24,2026.08.13 05:01:40,616,3272.476,3255.803,-16673.0,-12058.11,1.199,1.689,SL_HIT,3271.7601,3279.7382,3267.4642,1,0.732,0.023,3271.7601,0.5,0,1.0,0.8017,0,0,0,0,0.0,0,0.691,0.381,1,0.691,0.241,0.242,0.16,0.4,0.0,3267.4642,0.6,0.9,1,1,0.0,0,15463,0.549,2.08,0,0.15,0.0,0.151,0.331,0.755,0.076,0,0.0,424.0,12737.5
97776,XAUGBPm_20260813022319_4,XAUGBPm,SWEEP_REVERSAL,BUY,-1,2026.08.13 02:23:19,2026.08.13 05:43:34,200,3268.43,3252.965,-15465.0,-10433.85,0.997,0.132,SL_HIT,3280.3833,3286.761,3268.539,0,0.632,0.198,3280.3833,0.5,0,0.5,0.545,0,0,0,0,0.0,0,0.717,0.394,1,0.717,0.164,0.24,0.307,0.4,0.0,3280.3833,0.731,1.12,1,2,0.0,0,15470,0.278,0.81,0,0.15,0.0,0.151,0.331,0.755,0.076,0,0.0,424.0,12737.5
97699,XAUGBPm_20260812160001_0,XAUGBPm,BREAKOUT,BUY,-1,2026.08.12 16:00:01,2026.08.13 05:43:57,823,3272.91,3252.377,-20533.0,-14660.84,1.496,1.686,SL_HIT,3273.09333,3276.12655,3263.99365,1,0.045,1.738,3271.07118,0.3,0,0.8,0.825,4,0,0,1,0.0,0,0.547,0.312,0,0.547,0.247,0.343,0.52,0.55,-0.1485,3263.99365,0.6,0.9,1,1,0.0,0,15461,0.388,1.67,0,0.15,0.0,0.151,0.331,0.755,0.076,0,0.0,424.0,12737.5
97705,XAUGBPm_20260812160005_2,XAUGBPm,PULLBACK,BUY,-1,2026.08.12 16:00:05,2026.08.13 05:43:57,823,3272.892,3252.377,-20515.0,-14648.7,1.495,1.688,SL_HIT,3273.09333,3276.12655,3263.99365,1,0.045,1.738,3271.07118,0.3,0,0.8,0.825,4,0,0,1,0.0,0,0.636,0.38,1,0.636,0.247,0.238,0.1,0.25,0.0,3263.99365,0.6,0.9,1,1,0.0,0,15461,0.559,2.0,0,0.15,0.0,0.151,0.331,0.755,0.076,0,0.0,424.0,12737.5
97736,XAUGBPm_20260812184524_2,XAUGBPm,PULLBACK,BUY,-1,2026.08.12 18:45:24,2026.08.13 05:44:34,659,3272.16,3251.262,-20898.0,-15028.22,1.498,1.712,SL_HIT,3271.7601,3279.7382,3267.4642,1,0.732,0.023,3271.7601,0.5,0,1.0,0.8017,0,0,0,0,0.0,0,0.691,0.381,1,0.691,0.241,0.242,0.16,0.4,0.0,3267.4642,0.6,0.9,1,1,0.0,0,15463,0.618,2.0,0,0.15,0.0,0.151,0.331,0.755,0.076,0,0.0,424.0,12737.5
97748,XAUGBPm_20260812200001_0,XAUGBPm,BREAKOUT,BUY,-1,2026.08.12 20:00:01,2026.08.13 05:46:37,586,3271.753,3250.477,-21276.0,-15161.16,1.499,1.709,SL_HIT,3263.2088,3271.8074,3259.6682,1,0.054,0.376,3263.2088,0.6,1,0.188,0.4233,0,0,0,0,0.0,4,0.622,0.46,1,0.739,0.127,0.0,0.102,0.0,0.0,3263.2088,0.756,1.353,1,2,0.0,0,15465,0.171,1.67,0,0.15,0.0,0.151,0.331,0.755,0.076,0,0.0,424.0,12737.5
97794,XAUGBPm_20260813042031_5,XAUGBPm,MEAN_REVERSION,BUY,-1,2026.08.13 04:20:31,2026.08.13 05:59:10,98,3258.582,3247.496,-11086.0,-7481.05,0.797,0.49,SL_HIT,3268.42615,3283.4771,3263.9994,0,0.36,0.027,3268.42615,0.55,0,0.9,0.615,0,0,0,0,0.0,0,0.622,0.407,1,0.622,0.185,0.245,0.434,0.4,0.0,3268.42615,0.716,1.31,1,1,0.0,0,15472,0.616,0.93,0,0.15,0.0,0.151,0.331,0.755,0.076,0,0.0,424.0,12737.5
97799,XAUGBPm_20260813045002_4,XAUGBPm,SWEEP_REVERSAL,BUY,-1,2026.08.13 04:50:02,2026.08.13 06:04:40,74,3257.859,3244.076,-13783.0,-9299.32,0.995,0.543,SL_HIT,3268.42615,3283.4771,3263.9994,0,0.36,0.027,3268.42615,0.55,0,0.9,0.615,0,0,0,0,0.0,0,0.622,0.407,1,0.622,0.185,0.245,0.434,0.4,0.0,3268.42615,0.716,1.31,1,1,0.0,0,15472,0.283,0.8,0,0.15,0.206,0.053,0.351,0.557,0.675,0,-0.685,424.0,13075.0
97781,XAUGBPm_20260813023623_3,XAUGBPm,TREND_CONTINUATION,BUY,-1,2026.08.13 02:36:23,2026.08.13 06:04:40,208,3262.267,3243.748,-18519.0,-12416.41,1.184,0.533,SL_HIT,3280.3833,3286.761,3268.539,0,0.632,0.198,3280.3833,0.5,0,0.5,0.545,0,0,0,0,0.0,0,0.717,0.384,1,0.717,0.164,0.24,0.254,0.4,0.0,3280.3833,0.731,1.042,1,2,0.0,0,15470,0.348,1.01,0,0.15,0.206,0.053,0.351,0.557,0.675,0,-0.685,423.0,13075.0
97814,XAUGBPm_20260813062031_5,XAUGBPm,MEAN_REVERSION,BUY,0,2026.08.13 06:20:31,2026.08.13 06:25:06,4,3243.463,3245.243,1780.0,1200.66,0.111,0.179,TRAIL_STOP,3257.9524,3270.0668,3257.3148,0,0.767,0.013,3257.9524,0.5,0,0.675,-0.685,0,0,0,0,0.0,0,0.557,0.403,1,0.557,0.206,0.053,0.351,0.15,0.0,3257.9524,0.716,1.337,1,1,0.0,0,15474,0.582,1.43,0,0.15,0.206,0.053,0.351,0.557,0.675,0,-0.685,424.0,13075.0
97815,XAUGBPm_20260813062031_5,XAUGBPm,MEAN_REVERSION,BUY,1,2026.08.13 06:20:31,2026.08.13 06:25:25,4,3243.463,3244.521,1058.0,713.65,0.111,0.179,TRAIL_STOP,3257.9524,3270.0668,3257.3148,0,0.767,0.013,3257.9524,0.5,0,0.675,-0.685,0,0,0,0,0.0,0,0.557,0.403,1,0.557,0.206,0.053,0.351,0.15,0.0,3257.9524,0.716,1.337,1,1,0.0,0,15474,0.582,1.43,0,0.15,0.206,0.053,0.351,0.557,0.675,0,-0.685,424.0,13075.0
97819,XAUGBPm_20260813065246_4,XAUGBPm,SWEEP_REVERSAL,BUY,0,2026.08.13 06:52:47,2026.08.13 06:52:54,0,3247.878,3247.562,-316.0,-213.04,0.043,0.02,SL_HIT,3257.9524,3270.0668,3257.3148,0,0.767,0.013,3257.9524,0.5,0,0.675,-0.685,0,0,0,0,0.0,0,0.557,0.4,1,0.557,0.206,0.053,0.331,0.15,0.0,3257.9524,0.716,1.307,1,1,0.0,0,15474,0.158,0.8,0,0.15,0.206,0.053,0.331,0.557,0.675,0,-0.685,424.0,13075.0
97820,XAUGBPm_20260813065246_4,XAUGBPm,SWEEP_REVERSAL,BUY,1,2026.08.13 06:52:47,2026.08.13 06:59:26,6,3247.878,3248.451,573.0,386.24,0.043,0.141,TRAIL_STOP,3257.9524,3270.0668,3257.3148,0,0.767,0.013,3257.9524,0.5,0,0.675,-0.685,0,0,0,0,0.0,0,0.557,0.4,1,0.557,0.206,0.053,0.331,0.15,0.0,3257.9524,0.716,1.307,1,1,0.0,0,15474,0.158,0.8,0,0.15,0.206,0.053,0.301,0.557,0.675,0,-0.685,424.0,13075.0
97824,XAUGBPm_20260813082204_5,XAUGBPm,MEAN_REVERSION,BUY,0,2026.08.13 08:22:04,2026.08.13 08:22:30,0,3241.507,3241.248,-259.0,-174.56,0.063,0.019,SL_HIT,3244.65753,3257.8051,3240.275,1,0.217,1.056,3244.65753,0.7,0,0.825,-0.58,2,0,0,0,0.0,0,0.637,0.477,1,0.637,0.174,0.088,0.338,0.25,0.0,3257.8051,0.6,1.257,1,2,0.0,0,15476,0.645,1.75,0,0.25,0.174,0.088,0.338,0.637,0.825,1,-0.58,424.0,11946.6
97825,XAUGBPm_20260813082204_5,XAUGBPm,MEAN_REVERSION,BUY,1,2026.08.13 08:22:04,2026.08.13 08:27:17,5,3241.507,3242.661,1154.0,777.77,0.063,0.197,TRAIL_STOP,3244.65753,3257.8051,3240.275,1,0.217,1.056,3244.65753,0.7,0,0.825,-0.58,2,0,0,0,0.0,0,0.637,0.477,1,0.637,0.174,0.088,0.338,0.25,0.0,3257.8051,0.6,1.257,1,2,0.0,0,15476,0.645,1.75,0,0.25,0.174,0.088,0.302,0.637,0.825,1,-0.58,424.0,11946.6
97829,XAUGBPm_20260813110000_0,XAUGBPm,BREAKOUT,BUY,0,2026.08.13 11:00:00,2026.08.13 11:00:45,0,3256.047,3255.765,-282.0,-267.79,0.028,0.019,SL_HIT,3247.20865,3250.5942,3242.8558,0,0.647,0.143,3247.20865,0.4,0,1.0,-0.685,0,0,0,0,0.0,2,0.997,0.619,2,0.636,0.906,0.33,0.425,0.4,0.1637,3247.20865,0.738,1.747,1,2,0.0,0,15479,0.655,3.34,0,0.4,0.206,0.33,0.425,0.776,1.0,0,-0.685,424.0,11503.1
97832,XAUGBPm_20260813110001_7,XAUGBPm,ANCHORED_PULLBACK,BUY,0,2026.08.13 11:00:01,2026.08.13 11:00:45,0,3256.281,3255.765,-516.0,-348.07,0.048,0.0,SL_HIT,3247.20865,3250.5942,3242.8558,0,0.647,0.143,3247.20865,0.4,0,1.0,-0.685,0,0,0,0,0.0,0,0.776,0.511,2,0.776,0.206,0.33,0.425,0.4,0.0,3247.20865,0.738,1.297,1,2,0.0,0,15479,0.348,2.1,0,0.4,0.206,0.33,0.425,0.776,1.0,0,-0.685,424.0,11503.1
97830,XAUGBPm_20260813110000_0,XAUGBPm,BREAKOUT,BUY,1,2026.08.13 11:00:00,2026.08.13 11:01:05,1,3256.162,3255.208,-954.0,-643.51,0.073,0.009,SL_HIT,3247.20865,3250.5942,3242.8558,0,0.647,0.143,3247.20865,0.4,0,1.0,-0.685,0,0,0,0,0.0,2,0.997,0.619,2,0.636,0.906,0.33,0.425,0.4,0.1637,3247.20865,0.738,1.747,1,2,0.0,0,15479,0.655,3.34,0,0.4,0.206,0.33,0.428,0.776,1.0,0,-0.685,424.0,11503.1
97833,XAUGBPm_20260813110001_7,XAUGBPm,ANCHORED_PULLBACK,BUY,1,2026.08.13 11:00:01,2026.08.13 11:01:05,1,3256.281,3255.208,-1073.0,-723.78,0.083,0.0,SL_HIT,3247.20865,3250.5942,3242.8558,0,0.647,0.143,3247.20865,0.4,0,1.0,-0.685,0,0,0,0,0.0,0,0.776,0.511,2,0.776,0.206,0.33,0.425,0.4,0.0,3247.20865,0.738,1.297,1,2,0.0,0,15479,0.348,2.1,0,0.4,0.206,0.33,0.428,0.776,1.0,0,-0.685,424.0,11503.1
97831,XAUGBPm_20260813110001_7,XAUGBPm,ANCHORED_PULLBACK,BUY,-1,2026.08.13 11:00:01,2026.08.13 11:29:47,29,3256.281,3252.077,-4204.0,-2836.73,0.355,0.168,SL_HIT,3247.20865,3250.5942,3242.8558,0,0.647,0.143,3247.20865,0.4,0,1.0,-0.685,0,0,0,0,0.0,0,0.776,0.511,2,0.776,0.206,0.33,0.425,0.4,0.0,3247.20865,0.738,1.297,1,2,0.0,0,15479,0.348,2.1,0,0.4,0.206,0.33,0.433,0.776,1.0,0,-0.685,424.0,11503.1
97823,XAUGBPm_20260813082204_5,XAUGBPm,MEAN_REVERSION,BUY,-1,2026.08.13 08:22:04,2026.08.13 12:30:02,247,3241.507,3258.305,16798.0,11336.38,0.063,1.398,TP_HIT,3244.65753,3257.8051,3240.275,1,0.217,1.056,3244.65753,0.7,0,0.825,-0.58,2,0,0,0,0.0,0,0.637,0.477,1,0.637,0.174,0.088,0.338,0.25,0.0,3257.8051,0.6,1.257,1,2,0.0,0,15476,0.645,1.75,0,0.4,0.216,0.285,0.45,0.728,1.0,0,-0.72,661.0,11798.5
97813,XAUGBPm_20260813062031_5,XAUGBPm,MEAN_REVERSION,BUY,-1,2026.08.13 06:20:31,2026.08.13 12:30:02,369,3243.463,3258.791,15328.0,10344.33,0.49,1.135,TP_HIT,3257.9524,3270.0668,3257.3148,0,0.767,0.013,3257.9524,0.5,0,0.675,-0.685,0,0,0,0,0.0,0,0.557,0.403,1,0.557,0.206,0.053,0.351,0.15,0.0,3257.9524,0.716,1.337,1,1,0.0,0,15474,0.582,1.43,0,0.4,0.216,0.285,0.45,0.728,1.0,0,-0.72,661.0,11798.5
97818,XAUGBPm_20260813065246_4,XAUGBPm,SWEEP_REVERSAL,BUY,-1,2026.08.13 06:52:46,2026.08.13 12:30:02,337,3247.878,3258.791,10913.0,7364.8,0.828,0.797,TP_HIT,3257.9524,3270.0668,3257.3148,0,0.767,0.013,3257.9524,0.5,0,0.675,-0.685,0,0,0,0,0.0,0,0.557,0.4,1,0.557,0.206,0.053,0.331,0.15,0.0,3257.9524,0.716,1.307,1,1,0.0,0,15474,0.158,0.8,0,0.4,0.216,0.285,0.45,0.728,1.0,0,-0.72,661.0,11798.5
97843,XAUGBPm_20260813130001_7,XAUGBPm,ANCHORED_PULLBACK,BUY,0,2026.08.13 13:00:01,2026.08.13 13:00:01,0,3258.741,3258.015,-726.0,-382.28,0.0,0.0,SL_HIT,3254.947,3256.2076,3247.8036,0,0.293,0.055,3254.947,0.5,0,1.0,-0.755,0,0,0,0,0.0,0,0.616,0.451,1,0.616,0.226,0.272,0.427,0.4,0.0,3247.8036,0.6,1.301,1,2,0.0,0,15481,0.438,16.12,0,0.4,0.226,0.272,0.427,0.616,1.0,0,-0.755,424.0,12086.4
97844,XAUGBPm_20260813130001_7,XAUGBPm,ANCHORED_PULLBACK,BUY,1,2026.08.13 13:00:01,2026.08.13 13:00:02,0,3258.581,3257.86,-721.0,-486.97,0.047,0.0,SL_HIT,3254.947,3256.2076,3247.8036,0,0.293,0.055,3254.947,0.5,0,1.0,-0.755,0,0,0,0,0.0,0,0.616,0.451,1,0.616,0.226,0.272,0.427,0.4,0.0,3247.8036,0.6,1.301,1,2,0.0,0,15481,0.438,16.12,0,0.4,0.226,0.272,0.424,0.616,1.0,0,-0.755,424.0,12086.4
97842,XAUGBPm_20260813130001_7,XAUGBPm,ANCHORED_PULLBACK,BUY,-1,2026.08.13 13:00:01,2026.08.13 13:00:02,0,3258.476,3257.748,-728.0,-670.67,0.051,0.0,SL_HIT,3254.947,3256.2076,3247.8036,0,0.293,0.055,3254.947,0.5,0,1.0,-0.755,0,0,0,0,0.0,0,0.616,0.451,1,0.616,0.226,0.272,0.427,0.4,0.0,3247.8036,0.6,1.301,1,2,0.0,0,15481,0.438,16.12,0,0.4,0.226,0.272,0.424,0.616,1.0,0,-0.755,424.0,12086.4
97828,XAUGBPm_20260813110000_0,XAUGBPm,BREAKOUT,BUY,-1,2026.08.13 11:00:00,2026.08.13 13:29:25,149,3256.047,3247.411,-8636.0,-5830.29,0.742,0.452,SL_HIT,3247.20865,3250.5942,3242.8558,0,0.647,0.143,3247.20865,0.4,0,1.0,-0.685,0,0,0,0,0.0,2,0.997,0.619,2,0.636,0.906,0.33,0.425,0.4,0.1637,3247.20865,0.738,1.747,1,2,0.0,0,15479,0.655,3.34,0,0.4,0.226,0.272,0.171,0.616,1.0,0,-0.755,423.0,12086.4
97850,XAUGBPm_20260813150000_4,XAUGBPm,SWEEP_REVERSAL,BUY,0,2026.08.13 15:00:00,2026.08.13 15:00:18,0,3245.822,3245.342,-480.0,-324.18,0.038,0.006,SL_HIT,3253.58155,3256.1377,3239.0967,1,0.433,1.11,3253.58155,0.5,0,0.835,-0.7564,0,0,1,0,0.0,6,0.6,0.306,0,0.51,0.527,0.619,0.602,0.6,0.5209,3253.58155,0.708,0.693,1,2,0.0,0,15483,0.611,1.22,6,0.3,0.227,0.514,0.482,0.561,0.835,1,-0.7564,423.0,12584.6
97851,XAUGBPm_20260813150000_4,XAUGBPm,SWEEP_REVERSAL,BUY,1,2026.08.13 15:00:00,2026.08.13 15:00:37,0,3245.822,3245.452,-370.0,-249.89,0.049,0.072,SL_HIT,3253.58155,3256.1377,3239.0967,1,0.433,1.11,3253.58155,0.5,0,0.835,-0.7564,0,0,1,0,0.0,6,0.6,0.306,0,0.51,0.527,0.619,0.602,0.6,0.5209,3253.58155,0.708,0.693,1,2,0.0,0,15483,0.611,1.22,6,0.3,0.227,0.514,0.482,0.561,0.835,1,-0.7564,423.0,12584.6
97849,XAUGBPm_20260813150000_4,XAUGBPm,SWEEP_REVERSAL,BUY,-1,2026.08.13 15:00:00,2026.08.13 15:05:40,5,3245.822,3239.029,-6793.0,-4588.09,0.531,0.072,SL_HIT,3253.58155,3256.1377,3239.0967,1,0.433,1.11,3253.58155,0.5,0,0.835,-0.7564,0,0,1,0,0.0,6,0.6,0.306,0,0.51,0.527,0.619,0.602,0.6,0.5209,3253.58155,0.708,0.693,1,2,0.0,0,15483,0.611,1.22,6,0.3,0.227,0.514,0.475,0.561,0.835,0,-0.7564,423.0,12584.6
97856,XAUGBPm_20260813160001_5,XAUGBPm,MEAN_REVERSION,BUY,0,2026.08.13 16:00:01,2026.08.13 16:00:47,0,3234.665,3235.481,816.0,550.6,0.033,0.114,TRAIL_STOP,3236.54055,3252.7295,3233.9844,1,0.17,0.379,3236.54055,0.55,0,0.838,-0.7589,0,0,0,-1,0.0,0,0.541,0.445,1,0.541,0.228,0.11,0.081,0.0,0.0,3252.7295,0.6,1.022,1,1,0.0,0,15484,0.581,1.86,0,0.0,0.228,0.11,0.081,0.541,0.838,1,-0.7589,423.0,12436.1
97857,XAUGBPm_20260813160001_5,XAUGBPm,MEAN_REVERSION,BUY,1,2026.08.13 16:00:01,2026.08.13 16:01:07,1,3234.665,3234.84,175.0,118.08,0.033,0.109,TRAIL_STOP,3236.54055,3252.7295,3233.9844,1,0.17,0.379,3236.54055,0.55,0,0.838,-0.7589,0,0,0,-1,0.0,0,0.541,0.445,1,0.541,0.228,0.11,0.081,0.0,0.0,3252.7295,0.6,1.022,1,1,0.0,0,15484,0.581,1.86,0,0.0,0.228,0.11,0.081,0.541,0.838,1,-0.7589,423.0,12436.1
97861,XAUGBPm_20260813190822_5,XAUGBPm,MEAN_REVERSION,BUY,0,2026.08.13 19:08:22,2026.08.13 19:09:13,0,3228.518,3228.084,-434.0,-292.66,0.047,0.003,SL_HIT,3236.4988,3237.9982,3230.0014,0,0.258,0.799,3236.4988,0.4,0,1.0,-1.0,0,0,0,-1,0.0,0,0.592,0.504,2,0.592,0.3,0.155,0.253,0.0,0.0,3236.4988,0.721,1.28,1,1,0.0,0,15487,0.598,0.81,0,0.0,0.3,0.155,0.253,0.592,1.0,0,-1.0,423.0,12927.9
97862,XAUGBPm_20260813190822_5,XAUGBPm,MEAN_REVERSION,BUY,1,2026.08.13 19:08:22,2026.08.13 19:11:15,2,3228.518,3227.269,-1249.0,-842.19,0.086,0.003,SL_HIT,3236.4988,3237.9982,3230.0014,0,0.258,0.799,3236.4988,0.4,0,1.0,-1.0,0,0,0,-1,0.0,0,0.592,0.504,2,0.592,0.3,0.155,0.253,0.0,0.0,3236.4988,0.721,1.28,1,1,0.0,0,15487,0.598,0.81,0,0.0,0.3,0.155,0.255,0.592,1.0,0,-1.0,423.0,12927.9
97866,XAUGBPm_20260813191351_4,XAUGBPm,SWEEP_REVERSAL,BUY,0,2026.08.13 19:13:51,2026.08.13 19:13:56,0,3226.024,3225.587,-437.0,-382.32,0.024,0.002,SL_HIT,3236.4988,3237.9982,3230.0014,0,0.258,0.799,3236.4988,0.4,0,1.0,-1.0,0,0,0,-1,0.0,0,0.592,0.507,2,0.592,0.3,0.155,0.274,0.0,0.0,3236.4988,0.721,1.311,1,1,0.0,0,15487,0.166,0.8,0,0.0,0.3,0.155,0.274,0.592,1.0,0,-1.0,422.0,12927.9
97867,XAUGBPm_20260813191351_4,XAUGBPm,SWEEP_REVERSAL,BUY,1,2026.08.13 19:13:51,2026.08.13 19:13:57,0,3226.154,3224.775,-1379.0,-929.85,0.096,0.0,SL_HIT,3236.4988,3237.9982,3230.0014,0,0.258,0.799,3236.4988,0.4,0,1.0,-1.0,0,0,0,-1,0.0,0,0.592,0.507,2,0.592,0.3,0.155,0.274,0.0,0.0,3236.4988,0.721,1.311,1,1,0.0,0,15487,0.166,0.8,0,0.0,0.3,0.155,0.274,0.592,1.0,0,-1.0,422.0,12927.9
97855,XAUGBPm_20260813160001_5,XAUGBPm,MEAN_REVERSION,BUY,-1,2026.08.13 16:00:01,2026.08.13 19:13:57,193,3234.665,3224.615,-10050.0,-6776.61,0.795,0.721,SL_HIT,3236.54055,3252.7295,3233.9844,1,0.17,0.379,3236.54055,0.55,0,0.838,-0.7589,0,0,0,-1,0.0,0,0.541,0.445,1,0.541,0.228,0.11,0.081,0.0,0.0,3252.7295,0.6,1.022,1,1,0.0,0,15484,0.581,1.86,0,0.0,0.3,0.155,0.274,0.592,1.0,0,-1.0,422.0,12927.9
97860,XAUGBPm_20260813190822_5,XAUGBPm,MEAN_REVERSION,BUY,-1,2026.08.13 19:08:22,2026.08.14 00:26:20,317,3228.518,3218.086,-10432.0,-7307.8,0.795,0.494,SL_HIT,3236.4988,3237.9982,3230.0014,0,0.258,0.799,3236.4988,0.4,0,1.0,-1.0,0,0,0,-1,0.0,0,0.592,0.504,2,0.592,0.3,0.155,0.253,0.0,0.0,3236.4988,0.721,1.28,1,1,0.0,0,15487,0.598,0.81,0,0.25,0.247,0.088,0.393,0.691,0.8,0,-0.825,481.0,11862.8
97865,XAUGBPm_20260813191351_4,XAUGBPm,SWEEP_REVERSAL,BUY,-1,2026.08.13 19:13:51,2026.08.14 00:38:49,324,3226.54,3213.537,-13003.0,-8694.85,0.995,0.647,SL_HIT,3236.4988,3237.9982,3230.0014,0,0.258,0.799,3236.4988,0.4,0,1.0,-1.0,0,0,0,-1,0.0,0,0.592,0.507,2,0.592,0.3,0.155,0.274,0.0,0.0,3236.4988,0.721,1.311,1,1,0.0,0,15487,0.166,0.8,0,0.25,0.247,0.088,0.393,0.691,0.8,0,-0.825,421.0,11862.8
97877,XAUGBPm_20260814003010_4,XAUGBPm,SWEEP_REVERSAL,BUY,1,2026.08.14 00:30:10,2026.08.14 00:48:54,18,3215.085,3211.621,-3464.0,-2337.39,0.28,0.495,SL_HIT,3225.67265,3230.8034,3223.2783,0,0.106,0.394,3224.30445,0.55,0,0.8,-0.825,0,0,0,-1,0.0,0,0.691,0.464,1,0.691,0.247,0.088,0.393,0.25,0.0,3224.30445,0.73,1.34,1,2,0.348,0,15491,0.213,0.81,0,0.25,0.247,0.088,0.393,0.691,0.8,0,-0.825,421.0,11862.8
97876,XAUGBPm_20260814003010_4,XAUGBPm,SWEEP_REVERSAL,BUY,0,2026.08.14 00:30:10,2026.08.14 00:48:55,18,3214.968,3211.467,-3501.0,-2441.32,0.282,0.505,SL_HIT,3225.67265,3230.8034,3223.2783,0,0.106,0.394,3224.30445,0.55,0,0.8,-0.825,0,0,0,-1,0.0,0,0.691,0.464,1,0.691,0.247,0.088,0.393,0.25,0.0,3224.30445,0.73,1.34,1,2,0.348,0,15491,0.213,0.81,0,0.25,0.247,0.088,0.393,0.691,0.8,0,-0.825,421.0,11862.8
97873,XAUGBPm_20260814002915_5,XAUGBPm,MEAN_REVERSION,BUY,0,2026.08.14 00:29:15,2026.08.14 00:48:55,19,3217.002,3210.276,-6726.0,-4538.5,0.479,0.333,SL_HIT,3225.67265,3230.8034,3223.2783,0,0.106,0.394,3224.30445,0.55,0,0.8,-0.825,0,0,0,-1,0.0,0,0.691,0.464,1,0.691,0.247,0.088,0.393,0.25,0.0,3224.30445,0.73,1.34,1,2,0.348,0,15491,0.641,0.81,0,0.25,0.247,0.088,0.393,0.691,0.8,0,-0.825,421.0,11862.8
97874,XAUGBPm_20260814002915_5,XAUGBPm,MEAN_REVERSION,BUY,1,2026.08.14 00:29:16,2026.08.14 01:01:40,32,3217.002,3210.817,-6185.0,-4174.04,0.754,0.333,SL_HIT,3225.67265,3230.8034,3223.2783,0,0.106,0.394,3224.30445,0.55,0,0.8,-0.825,0,0,0,-1,0.0,0,0.691,0.464,1,0.691,0.247,0.088,0.393,0.25,0.0,3224.30445,0.73,1.34,1,2,0.348,0,15491,0.641,0.81,0,0.15,0.3,0.053,0.31,0.652,1.0,0,-1.0,421.0,13227.1
97872,XAUGBPm_20260814002915_5,XAUGBPm,MEAN_REVERSION,BUY,-1,2026.08.14 00:29:15,2026.08.14 01:09:28,40,3217.002,3207.503,-9499.0,-6409.78,0.788,0.333,SL_HIT,3225.67265,3230.8034,3223.2783,0,0.106,0.394,3224.30445,0.55,0,0.8,-0.825,0,0,0,-1,0.0,0,0.691,0.464,1,0.691,0.247,0.088,0.393,0.25,0.0,3224.30445,0.73,1.34,1,2,0.348,0,15491,0.641,0.81,0,0.15,0.3,0.053,0.354,0.652,1.0,0,-1.0,421.0,13227.1
97875,XAUGBPm_20260814003010_4,XAUGBPm,SWEEP_REVERSAL,BUY,-1,2026.08.14 00:30:10,2026.08.14 01:11:00,40,3215.145,3203.197,-11948.0,-7941.83,0.996,0.49,SL_HIT,3225.67265,3230.8034,3223.2783,0,0.106,0.394,3224.30445,0.55,0,0.8,-0.825,0,0,0,-1,0.0,0,0.691,0.464,1,0.691,0.247,0.088,0.393,0.25,0.0,3224.30445,0.73,1.34,1,2,0.348,0,15491,0.213,0.81,0,0.15,0.3,0.053,0.354,0.652,1.0,0,-1.0,421.0,13227.1
97886,XAUGBPm_20260814022915_5,XAUGBPm,MEAN_REVERSION,BUY,0,2026.08.14 02:29:16,2026.08.14 02:29:59,0,3197.667,3196.645,-1022.0,-689.44,0.064,0.0,SL_HIT,3200.43912,3225.05975,3195.515,1,0.047,0.328,3216.19632,0.75,0,1.0,-1.0,2,0,0,-1,0.0,0,0.457,0.438,1,0.457,0.3,0.0,0.234,0.0,0.0,3216.19632,0.739,1.251,1,2,0.348,0,15493,0.524,1.69,0,0.0,0.3,0.0,0.234,0.457,1.0,1,-1.0,420.0,13992.7
97887,XAUGBPm_20260814022915_5,XAUGBPm,MEAN_REVERSION,BUY,1,2026.08.14 02:29:16,2026.08.14 02:33:07,3,3197.667,3201.146,3479.0,2346.95,0.095,0.348,TRAIL_STOP,3200.43912,3225.05975,3195.515,1,0.047,0.328,3216.19632,0.75,0,1.0,-1.0,2,0,0,-1,0.0,0,0.457,0.438,1,0.457,0.3,0.0,0.234,0.0,0.0,3216.19632,0.739,1.251,1,2,0.348,0,15493,0.524,1.69,0,0.0,0.3,0.0,0.09,0.457,1.0,1,-1.0,420.0,13992.7
97891,XAUGBPm_20260814053000_5,XAUGBPm,MEAN_REVERSION,BUY,0,2026.08.14 05:30:00,2026.08.14 05:30:02,0,3198.085,3196.86,-1225.0,-847.8,0.087,0.0,SL_HIT,3201.00543,3205.6825,3198.40705,0,0.126,0.543,3201.00543,0.35,0,0.8,-0.825,0,0,0,-1,0.0,0,0.715,0.402,1,0.715,0.247,0.088,0.239,0.25,0.0,3205.6825,0.6,1.108,1,1,0.0,0,15496,0.632,0.81,0,0.25,0.247,0.088,0.292,0.715,0.8,0,-0.825,420.0,12430.4
97892,XAUGBPm_20260814053000_5,XAUGBPm,MEAN_REVERSION,BUY,1,2026.08.14 05:30:00,2026.08.14 05:30:02,0,3198.116,3196.277,-1839.0,-1154.93,0.137,0.0,SL_HIT,3201.00543,3205.6825,3198.40705,0,0.126,0.543,3201.00543,0.35,0,0.8,-0.825,0,0,0,-1,0.0,0,0.715,0.402,1,0.715,0.247,0.088,0.239,0.25,0.0,3205.6825,0.6,1.108,1,1,0.0,0,15496,0.632,0.81,0,0.25,0.247,0.088,0.374,0.715,0.8,0,-0.825,420.0,12430.4
97890,XAUGBPm_20260814053000_5,XAUGBPm,MEAN_REVERSION,BUY,-1,2026.08.14 05:30:00,2026.08.14 05:51:15,21,3198.085,3206.144,8059.0,5439.22,0.38,0.642,TP_HIT,3201.00543,3205.6825,3198.40705,0,0.126,0.543,3201.00543,0.35,0,0.8,-0.825,0,0,0,-1,0.0,0,0.715,0.402,1,0.715,0.247,0.088,0.239,0.25,0.0,3205.6825,0.6,1.108,1,1,0.0,0,15496,0.632,0.81,0,0.25,0.247,0.088,0.279,0.715,0.8,0,-0.825,421.0,12430.4
97897,XAUGBPm_20260814060002_7,XAUGBPm,ANCHORED_PULLBACK,BUY,0,2026.08.14 06:00:02,2026.08.14 06:30:20,30,3209.765,3207.092,-2673.0,-1904.23,0.313,0.165,SL_HIT,3201.16835,3205.6855,3198.2938,0,0.427,0.018,3201.16835,0.45,0,1.0,-0.825,0,0,0,-1,0.0,0,0.728,0.495,1,0.728,0.247,0.306,0.447,0.4,0.0,3201.16835,0.727,1.331,1,1,0.0,0,15497,0.252,1.77,0,0.4,0.247,0.306,0.412,0.728,1.0,0,-0.825,421.0,12040.0
97898,XAUGBPm_20260814060002_7,XAUGBPm,ANCHORED_PULLBACK,BUY,1,2026.08.14 06:00:02,2026.08.14 06:30:26,30,3209.913,3206.468,-3445.0,-2325.43,0.326,0.152,SL_HIT,3201.16835,3205.6855,3198.2938,0,0.427,0.018,3201.16835,0.45,0,1.0,-0.825,0,0,0,-1,0.0,0,0.728,0.495,1,0.728,0.247,0.306,0.447,0.4,0.0,3201.16835,0.727,1.331,1,1,0.0,0,15497,0.252,1.77,0,0.4,0.247,0.306,0.325,0.728,1.0,0,-0.825,421.0,12040.0
97902,XAUGBPm_20260814070000_0,XAUGBPm,BREAKOUT,BUY,0,2026.08.14 07:00:00,2026.08.14 07:00:06,0,3210.719,3209.664,-1055.0,-712.38,0.084,0.0,SL_HIT,3205.77452,3209.9107,3201.63835,0,0.142,0.104,3205.77452,0.45,0,1.0,-0.825,0,0,0,-1,0.0,2,0.727,0.455,1,0.526,0.947,0.225,0.352,0.4,0.0787,3205.77452,0.719,1.638,1,1,0.0,0,15498,0.664,1.67,0,0.4,0.247,0.225,0.293,0.773,1.0,1,-0.825,421.0,11190.1
97903,XAUGBPm_20260814070000_0,XAUGBPm,BREAKOUT,BUY,1,2026.08.14 07:00:00,2026.08.14 07:00:36,0,3210.719,3209.526,-1193.0,-805.55,0.095,0.0,SL_HIT,3205.77452,3209.9107,3201.63835,0,0.142,0.104,3205.77452,0.45,0,1.0,-0.825,0,0,0,-1,0.0,2,0.727,0.455,1,0.526,0.947,0.225,0.352,0.4,0.0787,3205.77452,0.719,1.638,1,1,0.0,0,15498,0.664,1.67,0,0.4,0.247,0.225,0.293,0.773,1.0,1,-0.825,421.0,11190.1
97907,XAUGBPm_20260814080002_7,XAUGBPm,ANCHORED_PULLBACK,BUY,0,2026.08.14 08:00:02,2026.08.14 08:00:10,0,3215.219,3214.789,-430.0,-290.56,0.051,0.0,SL_HIT,3208.27472,3211.0356,3201.09645,0,0.449,0.054,3208.27472,0.45,0,1.0,-0.825,0,0,0,-1,0.0,0,0.648,0.356,1,0.648,0.247,0.14,0.429,0.4,0.0,3208.27472,0.718,1.303,1,2,0.367,0,15499,0.523,2.45,0,0.4,0.247,0.14,0.429,0.648,1.0,0,-0.825,421.0,10965.2
97885,XAUGBPm_20260814022915_5,XAUGBPm,MEAN_REVERSION,BUY,-1,2026.08.14 02:29:15,2026.08.14 08:00:30,331,3197.667,3216.708,19041.0,12866.67,0.307,1.352,TP_HIT,3200.43912,3225.05975,3195.515,1,0.047,0.328,3216.19632,0.75,0,1.0,-1.0,2,0,0,-1,0.0,0,0.457,0.438,1,0.457,0.3,0.0,0.234,0.0,0.0,3216.19632,0.739,1.251,1,2,0.348,0,15493,0.524,1.69,0,0.4,0.247,0.14,0.429,0.648,1.0,0,-0.825,421.0,10965.2
97908,XAUGBPm_20260814080002_7,XAUGBPm,ANCHORED_PULLBACK,BUY,1,2026.08.14 08:00:02,2026.08.14 08:01:18,1,3215.219,3215.633,414.0,279.79,0.052,0.136,TRAIL_STOP,3208.27472,3211.0356,3201.09645,0,0.449,0.054,3208.27472,0.45,0,1.0,-0.825,0,0,0,-1,0.0,0,0.648,0.356,1,0.648,0.247,0.14,0.429,0.4,0.0,3208.27472,0.718,1.303,1,2,0.367,0,15499,0.523,2.45,0,0.4,0.247,0.14,0.429,0.648,1.0,0,-0.825,421.0,10965.2
97906,XAUGBPm_20260814080002_7,XAUGBPm,ANCHORED_PULLBACK,BUY,-1,2026.08.14 08:00:02,2026.08.14 08:05:06,5,3215.219,3212.523,-2696.0,-1821.98,0.235,0.136,SL_HIT,3208.27472,3211.0356,3201.09645,0,0.449,0.054,3208.27472,0.45,0,1.0,-0.825,0,0,0,-1,0.0,0,0.648,0.356,1,0.648,0.247,0.14,0.429,0.4,0.0,3208.27472,0.718,1.303,1,2,0.367,0,15499,0.523,2.45,0,0.4,0.247,0.14,0.425,0.648,1.0,0,-0.825,421.0,10965.2
97896,XAUGBPm_20260814060002_7,XAUGBPm,ANCHORED_PULLBACK,BUY,-1,2026.08.14 06:00:02,2026.08.14 09:15:29,195,3209.916,3218.297,8381.0,5767.93,0.383,0.687,TP_HIT,3201.16835,3205.6855,3198.2938,0,0.427,0.018,3201.16835,0.45,0,1.0,-0.825,0,0,0,-1,0.0,0,0.728,0.495,1,0.728,0.247,0.306,0.447,0.4,0.0,3201.16835,0.727,1.331,1,1,0.0,0,15497,0.252,1.77,0,0.25,0.247,0.088,0.365,0.638,1.0,0,-0.825,421.0,10400.8
97915,XAUGBPm_20260814100000_0,XAUGBPm,BREAKOUT,BUY,0,2026.08.14 10:00:00,2026.08.14 10:00:16,0,3221.9,3221.337,-563.0,-380.69,0.039,0.0,SL_HIT,3208.97615,3215.0864,3205.31,0,0.725,0.027,3208.97615,0.6,0,0.675,0.685,0,0,0,-1,0.0,0,0.685,0.464,1,0.685,0.206,0.146,0.651,0.15,-0.0944,3213.86435,0.55,1.336,1,2,0.367,0,15501,0.468,3.03,0,0.15,0.206,0.146,0.351,0.723,0.675,0,0.685,421.0,10495.8
97918,XAUGBPm_20260814100001_2,XAUGBPm,PULLBACK,BUY,0,2026.08.14 10:00:01,2026.08.14 10:00:16,0,3222.158,3221.337,-821.0,-555.15,0.064,0.0,SL_HIT,3208.97615,3215.0864,3205.31,0,0.725,0.027,3208.97615,0.6,0,0.675,0.685,0,0,0,-1,0.0,0,0.723,0.473,1,0.723,0.206,0.146,0.351,0.15,0.0,3208.97615,0.757,1.336,1,2,0.367,0,15501,0.382,3.53,0,0.15,0.206,0.146,0.351,0.723,0.675,0,0.685,421.0,10495.8
97921,XAUGBPm_20260814100002_3,XAUGBPm,TREND_CONTINUATION,BUY,0,2026.08.14 10:00:02,2026.08.14 10:00:16,0,3222.017,3221.337,-680.0,-459.81,0.051,0.0,SL_HIT,3208.97615,3215.0864,3205.31,0,0.725,0.027,3208.97615,0.6,0,0.675,0.685,0,0,0,-1,0.0,0,0.723,0.473,1,0.723,0.206,0.146,0.351,0.15,0.0,3208.97615,0.757,1.336,1,2,0.367,0,15501,0.45,2.08,0,0.15,0.206,0.146,0.351,0.723,0.675,0,0.685,421.0,10495.8
97916,XAUGBPm_20260814100000_0,XAUGBPm,BREAKOUT,BUY,1,2026.08.14 10:00:00,2026.08.14 10:00:47,0,3221.9,3220.781,-1119.0,-841.25,0.092,0.0,SL_HIT,3208.97615,3215.0864,3205.31,0,0.725,0.027,3208.97615,0.6,0,0.675,0.685,0,0,0,-1,0.0,0,0.685,0.464,1,0.685,0.206,0.146,0.651,0.15,-0.0944,3213.86435,0.55,1.336,1,2,0.367,0,15501,0.468,3.03,0,0.15,0.206,0.146,0.267,0.723,0.675,0,0.685,421.0,10495.8
97919,XAUGBPm_20260814100001_2,XAUGBPm,PULLBACK,BUY,1,2026.08.14 10:00:01,2026.08.14 10:00:50,0,3222.158,3220.657,-1501.0,-1015.09,0.131,0.0,SL_HIT,3208.97615,3215.0864,3205.31,0,0.725,0.027,3208.97615,0.6,0,0.675,0.685,0,0,0,-1,0.0,0,0.723,0.473,1,0.723,0.206,0.146,0.351,0.15,0.0,3208.97615,0.757,1.336,1,2,0.367,0,15501,0.382,3.53,0,0.15,0.206,0.146,0.267,0.723,0.675,0,0.685,421.0,10495.8
97922,XAUGBPm_20260814100002_3,XAUGBPm,TREND_CONTINUATION,BUY,1,2026.08.14 10:00:02,2026.08.14 10:00:50,0,3222.017,3220.657,-1360.0,-919.73,0.118,0.0,SL_HIT,3208.97615,3215.0864,3205.31,0,0.725,0.027,3208.97615,0.6,0,0.675,0.685,0,0,0,-1,0.0,0,0.723,0.473,1,0.723,0.206,0.146,0.351,0.15,0.0,3208.97615,0.757,1.336,1,2,0.367,0,15501,0.45,2.08,0,0.15,0.206,0.146,0.267,0.723,0.675,0,0.685,421.0,10495.8
97930,XAUGBPm_20260814110000_1,XAUGBPm,BREAKOUT_RETEST,BUY,0,2026.08.14 11:00:00,2026.08.14 11:00:03,0,3215.46,3214.791,-669.0,-452.54,0.054,0.0,SL_HIT,3214.47507,3219.89055,3212.3922,1,0.012,0.393,3214.47507,0.45,0,0.5,0.72,0,0,0,-1,0.0,0,0.684,0.454,1,0.684,0.216,0.112,0.04,0.0,0.0,3219.89055,0.6,0.96,1,2,0.367,0,15502,0.401,1.57,0,0.0,0.216,0.112,0.0,0.684,0.5,1,0.72,420.0,10285.4
97931,XAUGBPm_20260814110000_1,XAUGBPm,BREAKOUT_RETEST,BUY,1,2026.08.14 11:00:00,2026.08.14 11:00:30,0,3215.46,3214.133,-1327.0,-897.68,0.115,0.0,SL_HIT,3214.47507,3219.89055,3212.3922,1,0.012,0.393,3214.47507,0.45,0,0.5,0.72,0,0,0,-1,0.0,0,0.684,0.454,1,0.684,0.216,0.112,0.04,0.0,0.0,3219.89055,0.6,0.96,1,2,0.367,0,15502,0.401,1.57,0,0.0,0.216,0.112,0.0,0.684,0.5,1,0.72,420.0,10285.4
97929,XAUGBPm_20260814110000_1,XAUGBPm,BREAKOUT_RETEST,BUY,-1,2026.08.14 11:00:00,2026.08.14 11:30:40,30,3215.46,3220.389,4929.0,3335.75,0.13,0.465,TP_HIT,3214.47507,3219.89055,3212.3922,1,0.012,0.393,3214.47507,0.45,0,0.5,0.72,0,0,0,-1,0.0,0,0.684,0.454,1,0.684,0.216,0.112,0.04,0.0,0.0,3219.89055,0.6,0.96,1,2,0.367,0,15502,0.401,1.57,0,0.0,0.216,0.112,0.165,0.684,0.5,0,0.72,420.0,10285.4
97940,XAUGBPm_20260814120000_7,XAUGBPm,ANCHORED_PULLBACK,BUY,1,2026.08.14 12:00:00,2026.08.14 12:13:31,13,3228.28,3226.632,-1648.0,-1115.3,0.13,0.355,SL_HIT,3214.59038,3219.8765,3213.3705,0,0.996,0.034,3214.59038,0.4,0,0.825,0.755,2,0,0,-1,0.0,0,0.643,0.422,1,0.643,0.226,0.053,0.352,0.15,0.0,3214.59038,0.746,1.338,1,2,0.378,0,15503,0.291,13.39,0,0.15,0.226,0.053,0.334,0.643,0.825,0,0.755,584.0,10994.5
97938,XAUGBPm_20260814120000_7,XAUGBPm,ANCHORED_PULLBACK,BUY,-1,2026.08.14 12:00:00,2026.08.14 12:13:31,13,3228.114,3226.396,-1718.0,-1162.6,0.144,0.37,SL_HIT,3214.59038,3219.8765,3213.3705,0,0.996,0.034,3214.59038,0.4,0,0.825,0.755,2,0,0,-1,0.0,0,0.643,0.422,1,0.643,0.226,0.053,0.352,0.15,0.0,3214.59038,0.746,1.338,1,2,0.378,0,15503,0.291,13.39,0,0.15,0.226,0.053,0.334,0.643,0.825,0,0.755,480.0,10994.5
97939,XAUGBPm_20260814120000_7,XAUGBPm,ANCHORED_PULLBACK,BUY,0,2026.08.14 12:00:00,2026.08.14 12:13:31,13,3228.114,3226.396,-1718.0,-1274.94,0.144,0.37,SL_HIT,3214.59038,3219.8765,3213.3705,0,0.996,0.034,3214.59038,0.4,0,0.825,0.755,2,0,0,-1,0.0,0,0.643,0.422,1,0.643,0.226,0.053,0.352,0.15,0.0,3214.59038,0.746,1.338,1,2,0.378,0,15503,0.291,13.39,0,0.15,0.226,0.053,0.334,0.643,0.825,0,0.755,480.0,10994.5
97936,XAUGBPm_20260814120000_0,XAUGBPm,BREAKOUT,BUY,0,2026.08.14 12:00:00,2026.08.14 12:45:51,45,3228.4,3229.427,1027.0,695.09,0.228,0.828,TRAIL_STOP,3214.59038,3219.8765,3213.3705,0,0.996,0.034,3214.59038,0.4,0,0.825,0.755,2,0,0,-1,0.0,0,0.637,0.42,1,0.637,0.226,0.053,0.652,0.15,-0.0903,3214.59038,0.746,1.338,1,2,0.378,0,15503,0.503,2.28,0,0.15,0.226,0.053,0.352,0.643,0.825,0,0.755,421.0,10994.5
97942,XAUGBPm_20260814120001_2,XAUGBPm,PULLBACK,BUY,0,2026.08.14 12:00:01,2026.08.14 12:45:51,45,3228.393,3229.427,1034.0,609.14,0.227,0.828,TRAIL_STOP,3214.59038,3219.8765,3213.3705,0,0.996,0.034,3214.59038,0.4,0,0.825,0.755,2,0,0,-1,0.0,0,0.643,0.422,1,0.643,0.226,0.053,0.352,0.15,0.0,3214.59038,0.746,1.338,1,2,0.378,0,15503,0.421,4.45,0,0.15,0.226,0.053,0.352,0.643,0.825,0,0.755,421.0,10994.5
97945,XAUGBPm_20260814120003_3,XAUGBPm,TREND_CONTINUATION,BUY,0,2026.08.14 12:00:03,2026.08.14 12:45:51,45,3228.666,3229.427,761.0,515.06,0.252,0.803,TRAIL_STOP,3214.59038,3219.8765,3213.3705,0,0.996,0.034,3214.59038,0.4,0,0.825,0.755,2,0,0,-1,0.0,0,0.643,0.422,1,0.643,0.226,0.053,0.352,0.15,0.0,3214.59038,0.746,1.338,1,2,0.378,0,15503,0.495,2.08,0,0.15,0.226,0.053,0.352,0.643,0.825,0,0.755,421.0,10994.5
97937,XAUGBPm_20260814120000_0,XAUGBPm,BREAKOUT,BUY,1,2026.08.14 12:00:00,2026.08.14 12:46:58,46,3228.4,3228.626,226.0,257.9,0.228,0.828,TRAIL_STOP,3214.59038,3219.8765,3213.3705,0,0.996,0.034,3214.59038,0.4,0,0.825,0.755,2,0,0,-1,0.0,0,0.637,0.42,1,0.637,0.226,0.053,0.652,0.15,-0.0903,3214.59038,0.746,1.338,1,2,0.378,0,15503,0.503,2.28,0,0.15,0.226,0.053,0.352,0.643,0.825,0,0.755,421.0,10994.5
97943,XAUGBPm_20260814120001_2,XAUGBPm,PULLBACK,BUY,1,2026.08.14 12:00:01,2026.08.14 12:46:58,46,3228.527,3228.626,99.0,152.98,0.239,0.816,TRAIL_STOP,3214.59038,3219.8765,3213.3705,0,0.996,0.034,3214.59038,0.4,0,0.825,0.755,2,0,0,-1,0.0,0,0.643,0.422,1,0.643,0.226,0.053,0.352,0.15,0.0,3214.59038,0.746,1.338,1,2,0.378,0,15503,0.421,4.45,0,0.15,0.226,0.053,0.352,0.643,0.825,0,0.755,421.0,10994.5
97946,XAUGBPm_20260814120003_3,XAUGBPm,TREND_CONTINUATION,BUY,1,2026.08.14 12:00:03,2026.08.14 12:46:58,46,3228.666,3228.626,-40.0,-27.08,0.252,0.803,SL_HIT,3214.59038,3219.8765,3213.3705,0,0.996,0.034,3214.59038,0.4,0,0.825,0.755,2,0,0,-1,0.0,0,0.643,0.422,1,0.643,0.226,0.053,0.352,0.15,0.0,3214.59038,0.746,1.338,1,2,0.378,0,15503,0.495,2.08,0,0.15,0.226,0.053,0.352,0.643,0.825,0,0.755,421.0,10994.5
97901,XAUGBPm_20260814070000_0,XAUGBPm,BREAKOUT,BUY,-1,2026.08.14 07:00:00,2026.08.14 13:24:07,384,3210.547,3238.551,28004.0,18840.73,0.431,2.498,TP_HIT,3205.77452,3209.9107,3201.63835,0,0.142,0.104,3205.77452,0.45,0,1.0,-0.825,0,0,0,-1,0.0,2,0.727,0.455,1,0.526,0.947,0.225,0.352,0.4,0.0787,3205.77452,0.719,1.638,1,1,0.0,0,15498,0.664,1.67,4,0.15,0.237,0.053,0.341,0.611,0.9,0,0.79,422.0,11265.5
97957,XAUGBPm_20260814130010_1,XAUGBPm,BREAKOUT_RETEST,BUY,0,2026.08.14 13:00:10,2026.08.14 13:32:10,32,3229.319,3240.739,11420.0,7734.2,0.099,1.002,TP_HIT,3219.14855,3231.5795,3213.821,1,0.024,0.291,3230.98755,0.75,1,0.9,0.79,0,0,0,0,0.0,4,0.583,0.517,2,0.611,0.237,0.053,0.256,0.15,0.0,3219.14855,0.7,1.494,1,2,0.378,0,15504,0.586,1.02,4,0.15,0.237,0.053,0.341,0.611,0.9,0,0.79,422.0,11265.5
97958,XAUGBPm_20260814130010_1,XAUGBPm,BREAKOUT_RETEST,BUY,1,2026.08.14 13:00:10,2026.08.14 13:32:10,32,3229.319,3240.739,11420.0,7734.2,0.099,1.002,TP_HIT,3219.14855,3231.5795,3213.821,1,0.024,0.291,3230.98755,0.75,1,0.9,0.79,0,0,0,0,0.0,4,0.583,0.517,2,0.611,0.237,0.053,0.256,0.15,0.0,3219.14855,0.7,1.494,1,2,0.378,0,15504,0.586,1.02,4,0.15,0.237,0.053,0.341,0.611,0.9,0,0.79,422.0,11265.5
97956,XAUGBPm_20260814130010_1,XAUGBPm,BREAKOUT_RETEST,BUY,-1,2026.08.14 13:00:10,2026.08.14 13:32:25,32,3229.566,3240.988,11422.0,7902.66,0.121,1.003,TP_HIT,3219.14855,3231.5795,3213.821,1,0.024,0.291,3230.98755,0.75,1,0.9,0.79,0,0,0,0,0.0,4,0.583,0.517,2,0.611,0.237,0.053,0.256,0.15,0.0,3219.14855,0.7,1.494,1,2,0.378,0,15504,0.586,1.02,4,0.15,0.237,0.053,0.341,0.611,0.9,0,0.79,422.0,11265.5
97964,XAUGBPm_20260814140000_7,XAUGBPm,ANCHORED_PULLBACK,BUY,0,2026.08.14 14:00:00,2026.08.14 14:21:37,21,3235.694,3235.388,-306.0,-82.0,0.075,0.473,SL_HIT,3234.0699,3243.673,3227.4216,1,0.013,0.752,3234.0699,0.55,0,0.975,0.825,0,0,0,0,0.0,5,1.0,0.388,1,0.373,0.247,0.405,0.494,0.3,-0.1301,3227.4216,0.6,0.711,1,2,0.378,0,15505,0.558,1.99,0,0.0,0.247,0.0,0.074,0.673,0.975,1,0.825,421.0,11587.9
97967,XAUGBPm_20260814140000_0,XAUGBPm,BREAKOUT,BUY,0,2026.08.14 14:00:00,2026.08.14 14:21:37,21,3235.761,3235.388,-373.0,-83.36,0.081,0.467,SL_HIT,3234.0699,3243.673,3227.4216,1,0.013,0.752,3234.0699,0.55,0,0.975,0.825,0,0,0,0,0.0,0,0.673,0.386,1,0.673,0.247,0.0,0.074,0.0,0.0,3227.4216,0.6,1.011,1,2,0.378,0,15505,0.389,1.67,0,0.0,0.247,0.0,0.074,0.673,0.975,1,0.825,421.0,11587.9
97970,XAUGBPm_20260814140001_2,XAUGBPm,PULLBACK,BUY,0,2026.08.14 14:00:01,2026.08.14 14:21:37,21,3235.398,3235.388,-10.0,-6.78,0.05,0.499,SL_HIT,3234.0699,3243.673,3227.4216,1,0.013,0.752,3234.0699,0.55,0,0.975,0.825,0,0,0,0,0.0,0,0.673,0.386,1,0.673,0.247,0.0,0.074,0.0,0.0,3227.4216,0.6,1.011,1,2,0.378,0,15505,0.613,2.31,0,0.0,0.247,0.0,0.074,0.673,0.975,1,0.825,421.0,11587.9
97973,XAUGBPm_20260814140003_3,XAUGBPm,TREND_CONTINUATION,BUY,0,2026.08.14 14:00:03,2026.08.14 14:21:37,21,3235.955,3235.388,-567.0,-384.26,0.036,0.451,SL_HIT,3234.0699,3243.673,3227.4216,1,0.013,0.752,3234.0699,0.55,0,0.975,0.825,0,0,0,0,0.0,0,0.673,0.386,1,0.673,0.247,0.0,0.074,0.0,0.0,3227.4216,0.6,1.011,1,2,0.378,0,15505,0.544,2.08,0,0.0,0.247,0.0,0.074,0.673,0.975,1,0.825,421.0,11587.9
97965,XAUGBPm_20260814140000_7,XAUGBPm,ANCHORED_PULLBACK,BUY,1,2026.08.14 14:00:00,2026.08.14 14:28:01,28,3235.509,3238.82,3311.0,2244.66,0.059,0.489,TRAIL_STOP,3234.0699,3243.673,3227.4216,1,0.013,0.752,3234.0699,0.55,0,0.975,0.825,0,0,0,0,0.0,5,1.0,0.388,1,0.373,0.247,0.405,0.494,0.3,-0.1301,3227.4216,0.6,0.711,1,2,0.378,0,15505,0.558,1.99,0,0.0,0.247,0.0,0.213,0.673,0.975,1,0.825,421.0,11587.9
97968,XAUGBPm_20260814140000_0,XAUGBPm,BREAKOUT,BUY,1,2026.08.14 14:00:00,2026.08.14 14:28:01,28,3235.511,3238.82,3309.0,2318.55,0.06,0.489,TRAIL_STOP,3234.0699,3243.673,3227.4216,1,0.013,0.752,3234.0699,0.55,0,0.975,0.825,0,0,0,0,0.0,0,0.673,0.386,1,0.673,0.247,0.0,0.074,0.0,0.0,3227.4216,0.6,1.011,1,2,0.378,0,15505,0.389,1.67,0,0.0,0.247,0.0,0.213,0.673,0.975,1,0.825,421.0,11587.9
97971,XAUGBPm_20260814140001_2,XAUGBPm,PULLBACK,BUY,1,2026.08.14 14:00:01,2026.08.14 14:28:01,28,3235.398,3238.82,3422.0,2319.91,0.05,0.499,TRAIL_STOP,3234.0699,3243.673,3227.4216,1,0.013,0.752,3234.0699,0.55,0,0.975,0.825,0,0,0,0,0.0,0,0.673,0.386,1,0.673,0.247,0.0,0.074,0.0,0.0,3227.4216,0.6,1.011,1,2,0.378,0,15505,0.613,2.31,0,0.0,0.247,0.0,0.213,0.673,0.975,1,0.825,421.0,11587.9
97974,XAUGBPm_20260814140003_3,XAUGBPm,TREND_CONTINUATION,BUY,1,2026.08.14 14:00:03,2026.08.14 14:28:01,27,3235.955,3238.82,2865.0,1942.3,0.049,0.451,TRAIL_STOP,3234.0699,3243.673,3227.4216,1,0.013,0.752,3234.0699,0.55,0,0.975,0.825,0,0,0,0,0.0,0,0.673,0.386,1,0.673,0.247,0.0,0.074,0.0,0.0,3227.4216,0.6,1.011,1,2,0.378,0,15505,0.544,2.08,0,0.0,0.247,0.0,0.213,0.673,0.975,1,0.825,421.0,11587.9
97984,XAUGBPm_20260814150010_1,XAUGBPm,BREAKOUT_RETEST,BUY,0,2026.08.14 15:00:10,2026.08.14 15:00:39,0,3234.499,3234.945,446.0,302.11,0.047,0.082,TRAIL_STOP,3234.21355,3240.7624,3229.12,1,0.032,0.662,3234.21355,0.4,0,0.7,0.86,0,0,0,0,0.0,0,0.704,0.432,1,0.704,0.258,0.0,0.0,0.0,0.0,3229.12,0.6,0.9,1,2,0.378,0,15506,0.487,2.08,0,0.0,0.258,0.0,0.071,0.704,0.7,1,0.86,421.0,10485.5
97985,XAUGBPm_20260814150010_1,XAUGBPm,BREAKOUT_RETEST,BUY,1,2026.08.14 15:00:10,2026.08.14 15:04:03,3,3234.499,3238.461,3962.0,2610.21,0.047,0.478,TRAIL_STOP,3234.21355,3240.7624,3229.12,1,0.032,0.662,3234.21355,0.4,0,0.7,0.86,0,0,0,0,0.0,0,0.704,0.432,1,0.704,0.258,0.0,0.0,0.0,0.0,3229.12,0.6,0.9,1,2,0.378,0,15506,0.487,2.08,0,0.0,0.258,0.0,0.094,0.704,0.7,1,0.86,421.0,10485.5
97989,XAUGBPm_20260814160001_0,XAUGBPm,BREAKOUT,BUY,0,2026.08.14 16:00:01,2026.08.14 16:00:32,0,3240.376,3240.71,334.0,226.37,0.039,0.079,TRAIL_STOP,3238.78487,3241.00675,3233.008,1,0.107,0.349,3234.34112,0.45,0,0.75,0.895,0,0,0,0,0.0,0,0.641,0.477,1,0.641,0.269,0.122,0.07,0.0,0.0,3234.34112,0.736,1.005,1,1,0.4,0,15507,0.344,1.67,0,0.0,0.269,0.122,0.13,0.641,0.75,1,0.895,421.0,9728.2
97992,XAUGBPm_20260814160002_2,XAUGBPm,PULLBACK,BUY,0,2026.08.14 16:00:03,2026.08.14 16:00:32,0,3240.535,3240.71,175.0,118.61,0.056,0.062,TRAIL_STOP,3238.78487,3241.00675,3233.008,1,0.107,0.349,3234.34112,0.45,0,0.75,0.895,0,0,0,0,0.0,0,0.641,0.477,1,0.641,0.269,0.122,0.07,0.0,0.0,3234.34112,0.736,1.005,1,1,0.4,0,15507,0.575,2.42,0,0.0,0.269,0.122,0.13,0.641,0.75,1,0.895,421.0,9728.2
97995,XAUGBPm_20260814160005_3,XAUGBPm,TREND_CONTINUATION,BUY,0,2026.08.14 16:00:05,2026.08.14 16:00:32,0,3240.668,3240.71,-42.0,-57.61,0.069,0.049,SL_HIT,3238.78487,3241.00675,3233.008,1,0.107,0.349,3234.34112,0.45,0,0.75,0.895,0,0,0,0,0.0,0,0.641,0.488,1,0.641,0.269,0.122,0.13,0.0,0.0,3234.34112,0.736,1.094,1,1,0.4,0,15507,0.503,2.08,0,0.0,0.269,0.122,0.13,0.641,0.75,1,0.895,421.0,9728.2
97998,XAUGBPm_20260814160027_7,XAUGBPm,ANCHORED_PULLBACK,BUY,0,2026.08.14 16:00:28,2026.08.14 16:00:32,0,3241.698,3240.71,-988.0,-669.67,0.088,0.0,SL_HIT,3238.78487,3241.00675,3233.008,0,0.107,0.349,3234.34112,0.45,0,0.75,0.895,0,0,0,0,0.0,0,0.641,0.497,1,0.641,0.269,0.122,0.184,0.0,0.0,3234.34112,0.736,1.176,1,1,0.4,0,15507,0.536,4.08,0,0.0,0.269,0.122,0.13,0.641,0.75,1,0.895,421.0,9728.2
97990,XAUGBPm_20260814160001_0,XAUGBPm,BREAKOUT,BUY,1,2026.08.14 16:00:02,2026.08.14 16:01:41,1,3240.376,3242.215,1839.0,1246.43,0.039,0.281,TRAIL_STOP,3238.78487,3241.00675,3233.008,1,0.107,0.349,3234.34112,0.45,0,0.75,0.895,0,0,0,0,0.0,0,0.641,0.477,1,0.641,0.269,0.122,0.07,0.0,0.0,3234.34112,0.736,1.005,1,1,0.4,0,15507,0.344,1.67,0,0.0,0.269,0.122,0.261,0.641,0.75,0,0.895,421.0,9728.2
97993,XAUGBPm_20260814160002_2,XAUGBPm,PULLBACK,BUY,1,2026.08.14 16:00:03,2026.08.14 16:01:41,1,3240.535,3242.215,1680.0,1138.66,0.056,0.265,TRAIL_STOP,3238.78487,3241.00675,3233.008,1,0.107,0.349,3234.34112,0.45,0,0.75,0.895,0,0,0,0,0.0,0,0.641,0.477,1,0.641,0.269,0.122,0.07,0.0,0.0,3234.34112,0.736,1.005,1,1,0.4,0,15507,0.575,2.42,0,0.0,0.269,0.122,0.261,0.641,0.75,0,0.895,421.0,9728.2
97996,XAUGBPm_20260814160005_3,XAUGBPm,TREND_CONTINUATION,BUY,1,2026.08.14 16:00:05,2026.08.14 16:01:41,1,3240.795,3242.215,1420.0,962.44,0.082,0.237,TRAIL_STOP,3238.78487,3241.00675,3233.008,1,0.107,0.349,3234.34112,0.45,0,0.75,0.895,0,0,0,0,0.0,0,0.641,0.488,1,0.641,0.269,0.122,0.13,0.0,0.0,3234.34112,0.736,1.094,1,1,0.4,0,15507,0.503,2.08,0,0.0,0.269,0.122,0.261,0.641,0.75,0,0.895,421.0,9728.2
97999,XAUGBPm_20260814160027_7,XAUGBPm,ANCHORED_PULLBACK,BUY,1,2026.08.14 16:00:28,2026.08.14 16:01:41,1,3241.698,3242.215,517.0,350.41,0.122,0.145,TRAIL_STOP,3238.78487,3241.00675,3233.008,0,0.107,0.349,3234.34112,0.45,0,0.75,0.895,0,0,0,0,0.0,0,0.641,0.497,1,0.641,0.269,0.122,0.184,0.0,0.0,3234.34112,0.736,1.176,1,1,0.4,0,15507,0.536,4.08,0,0.0,0.269,0.122,0.261,0.641,0.75,0,0.895,421.0,9728.2
97997,XAUGBPm_20260814160027_7,XAUGBPm,ANCHORED_PULLBACK,BUY,-1,2026.08.14 16:00:27,2026.08.14 16:30:40,30,3241.561,3236.823,-4738.0,-3302.5,0.473,0.16,SL_HIT,3238.78487,3241.00675,3233.008,0,0.107,0.349,3234.34112,0.45,0,0.75,0.895,0,0,0,0,0.0,0,0.641,0.497,1,0.641,0.269,0.122,0.184,0.0,0.0,3234.34112,0.736,1.176,1,1,0.4,0,15507,0.536,4.08,0,0.0,0.269,0.122,0.071,0.641,0.75,1,0.895,421.0,9728.2
98010,XAUGBPm_20260814170010_1,XAUGBPm,BREAKOUT_RETEST,BUY,0,2026.08.14 17:00:10,2026.08.14 17:00:25,0,3239.416,3238.933,-483.0,-326.99,0.037,0.0,SL_HIT,3238.36562,3240.8424,3234.47355,1,0.025,0.746,3237.65798,0.45,0,0.8,0.755,0,0,0,0,0.0,0,0.739,0.455,1,0.739,0.226,0.219,0.108,0.25,0.0,3234.47355,0.6,0.912,1,1,0.4,0,15508,0.524,1.71,0,0.25,0.226,0.219,0.108,0.739,0.8,1,0.755,422.0,9809.6
98011,XAUGBPm_20260814170010_1,XAUGBPm,BREAKOUT_RETEST,BUY,1,2026.08.14 17:00:10,2026.08.14 17:01:27,1,3239.416,3238.924,-492.0,-333.03,0.049,0.041,SL_HIT,3238.36562,3240.8424,3234.47355,1,0.025,0.746,3237.65798,0.45,0,0.8,0.755,0,0,0,0,0.0,0,0.739,0.455,1,0.739,0.226,0.219,0.108,0.25,0.0,3234.47355,0.6,0.912,1,1,0.4,0,15508,0.524,1.71,0,0.25,0.226,0.219,0.108,0.739,0.8,1,0.755,422.0,9809.6
98009,XAUGBPm_20260814170010_1,XAUGBPm,BREAKOUT_RETEST,BUY,-1,2026.08.14 17:00:10,2026.08.14 17:37:15,37,3239.416,3236.408,-3008.0,-2035.23,0.292,0.056,SL_HIT,3238.36562,3240.8424,3234.47355,1,0.025,0.746,3237.65798,0.45,0,0.8,0.755,0,0,0,0,0.0,0,0.739,0.455,1,0.739,0.226,0.219,0.108,0.25,0.0,3234.47355,0.6,0.912,1,1,0.4,0,15508,0.524,1.71,0,0.25,0.226,0.219,0.252,0.739,0.8,1,0.755,422.0,9809.6
98016,XAUGBPm_20260814180444_2,XAUGBPm,PULLBACK,BUY,0,2026.08.14 18:04:44,2026.08.14 18:04:55,0,3238.029,3237.651,-378.0,-255.75,0.027,0.0,SL_HIT,3238.47102,3240.47425,3235.89545,1,0.191,0.348,3238.47102,0.4,0,0.8,0.79,0,0,0,0,0.0,0,0.771,0.455,1,0.771,0.237,0.199,0.189,0.25,0.0,0.0,0.0,1.034,1,1,0.4,0,15509,0.575,2.63,0,0.25,0.237,0.199,0.119,0.771,0.8,1,0.79,422.0,9560.3
98019,XAUGBPm_20260814180445_3,XAUGBPm,TREND_CONTINUATION,BUY,0,2026.08.14 18:04:46,2026.08.14 18:04:55,0,3238.284,3237.651,-633.0,-428.28,0.053,0.0,SL_HIT,3238.47102,3240.47425,3235.89545,1,0.191,0.348,3238.47102,0.4,0,0.8,0.79,0,0,0,0,0.0,0,0.771,0.442,1,0.771,0.237,0.199,0.119,0.25,0.0,0.0,0.0,0.928,1,1,0.4,0,15509,0.496,2.08,0,0.25,0.237,0.199,0.119,0.771,0.8,1,0.79,422.0,9560.3
98017,XAUGBPm_20260814180444_2,XAUGBPm,PULLBACK,BUY,1,2026.08.14 18:04:44,2026.08.14 18:05:29,0,3238.029,3237.168,-861.0,-582.57,0.075,0.005,SL_HIT,3238.47102,3240.47425,3235.89545,1,0.191,0.348,3238.47102,0.4,0,0.8,0.79,0,0,0,0,0.0,0,0.771,0.455,1,0.771,0.237,0.199,0.189,0.25,0.0,0.0,0.0,1.034,1,1,0.4,0,15509,0.575,2.63,0,0.25,0.237,0.199,0.189,0.771,0.8,1,0.79,422.0,9560.3
98020,XAUGBPm_20260814180445_3,XAUGBPm,TREND_CONTINUATION,BUY,1,2026.08.14 18:04:46,2026.08.14 18:05:29,0,3238.284,3237.168,-1116.0,-755.11,0.102,0.0,SL_HIT,3238.47102,3240.47425,3235.89545,1,0.191,0.348,3238.47102,0.4,0,0.8,0.79,0,0,0,0,0.0,0,0.771,0.442,1,0.771,0.237,0.199,0.119,0.25,0.0,0.0,0.0,0.928,1,1,0.4,0,15509,0.496,2.08,0,0.25,0.237,0.199,0.189,0.771,0.8,1,0.79,422.0,9560.3
97963,XAUGBPm_20260814140000_7,XAUGBPm,ANCHORED_PULLBACK,BUY,-1,2026.08.14 14:00:00,2026.08.14 18:45:26,285,3235.823,3231.695,-4128.0,-2706.22,0.339,0.648,SL_HIT,3234.0699,3243.673,3227.4216,1,0.013,0.752,3234.0699,0.55,0,0.975,0.825,0,0,0,0,0.0,5,1.0,0.388,1,0.373,0.247,0.405,0.494,0.3,-0.1301,3227.4216,0.6,0.711,1,2,0.378,0,15505,0.558,1.99,0,0.25,0.237,0.199,0.382,0.771,0.8,0,0.79,480.0,9560.3
98027,XAUGBPm_20260814184526_5,XAUGBPm,MEAN_REVERSION,BUY,0,2026.08.14 18:45:26,2026.08.14 18:45:27,0,3232.171,3231.068,-1103.0,-751.83,0.101,0.0,SL_HIT,3238.47102,3240.47425,3235.89545,0,0.191,0.348,3238.47102,0.4,0,0.8,0.79,0,0,0,0,0.0,0,0.771,0.488,1,0.771,0.237,0.199,0.382,0.25,0.0,3238.47102,0.744,1.324,1,1,0.4,0,15509,0.684,0.89,0,0.25,0.237,0.199,0.382,0.771,0.8,0,0.79,480.0,9560.3
98031,XAUGBPm_20260814184528_4,XAUGBPm,SWEEP_REVERSAL,BUY,0,2026.08.14 18:45:28,2026.08.14 18:45:40,0,3231.197,3230.684,-513.0,-347.14,0.04,0.0,SL_HIT,3238.47102,3240.47425,3235.89545,0,0.191,0.348,3238.47102,0.4,0,0.8,0.79,0,0,0,0,0.0,0,0.771,0.488,1,0.771,0.237,0.199,0.382,0.25,0.0,3238.47102,0.744,1.324,1,1,0.4,0,15509,0.247,0.81,0,0.25,0.237,0.199,0.382,0.771,0.8,0,0.79,421.0,9560.3
98028,XAUGBPm_20260814184526_5,XAUGBPm,MEAN_REVERSION,BUY,1,2026.08.14 18:45:26,2026.08.14 18:45:40,0,3232.179,3230.553,-1626.0,-1100.31,0.156,0.0,SL_HIT,3238.47102,3240.47425,3235.89545,0,0.191,0.348,3238.47102,0.4,0,0.8,0.79,0,0,0,0,0.0,0,0.771,0.488,1,0.771,0.237,0.199,0.382,0.25,0.0,3238.47102,0.744,1.324,1,1,0.4,0,15509,0.684,0.89,0,0.25,0.237,0.199,0.382,0.771,0.8,0,0.79,421.0,9560.3
98032,XAUGBPm_20260814184528_4,XAUGBPm,SWEEP_REVERSAL,BUY,1,2026.08.14 18:45:28,2026.08.14 18:45:41,0,3231.197,3230.055,-1142.0,-772.78,0.093,0.0,SL_HIT,3238.47102,3240.47425,3235.89545,0,0.191,0.348,3238.47102,0.4,0,0.8,0.79,0,0,0,0,0.0,0,0.771,0.488,1,0.771,0.237,0.199,0.382,0.25,0.0,3238.47102,0.744,1.324,1,1,0.4,0,15509,0.247,0.81,0,0.25,0.237,0.199,0.382,0.771,0.8,0,0.79,421.0,9560.3
98037,XAUGBPm_20260814195321_1,XAUGBPm,BREAKOUT_RETEST,BUY,0,2026.08.14 19:53:21,2026.08.14 19:53:50,0,3235.859,3235.261,-598.0,-404.71,0.049,0.0,SL_HIT,3238.17937,3239.89825,3235.0854,1,0.55,0.134,3238.17937,0.35,0,1.0,0.825,0,0,0,0,0.0,0,0.723,0.351,1,0.723,0.247,0.14,0.273,0.4,0.0,3239.89825,0.6,1.07,1,1,0.4,0,15510,0.58,1.5,0,0.4,0.247,0.14,0.273,0.723,1.0,1,0.825,422.0,9913.4
98038,XAUGBPm_20260814195321_1,XAUGBPm,BREAKOUT_RETEST,BUY,1,2026.08.14 19:53:21,2026.08.14 19:54:40,1,3235.859,3234.747,-1112.0,-752.56,0.1,0.0,SL_HIT,3238.17937,3239.89825,3235.0854,1,0.55,0.134,3238.17937,0.35,0,1.0,0.825,0,0,0,0,0.0,0,0.723,0.351,1,0.723,0.247,0.14,0.273,0.4,0.0,3239.89825,0.6,1.07,1,1,0.4,0,15510,0.58,1.5,0,0.4,0.247,0.14,0.318,0.723,1.0,0,0.825,422.0,9913.4
98036,XAUGBPm_20260814195321_1,XAUGBPm,BREAKOUT_RETEST,BUY,-1,2026.08.14 19:53:21,2026.08.14 19:55:14,1,3235.859,3232.829,-3030.0,-2050.48,0.29,0.0,SL_HIT,3238.17937,3239.89825,3235.0854,1,0.55,0.134,3238.17937,0.35,0,1.0,0.825,0,0,0,0,0.0,0,0.723,0.351,1,0.723,0.247,0.14,0.273,0.4,0.0,3239.89825,0.6,1.07,1,1,0.4,0,15510,0.58,1.5,0,0.4,0.247,0.14,0.45,0.723,1.0,0,0.825,421.0,9913.4
98043,XAUGBPm_20260816220504_1,XAUGBPm,BREAKOUT_RETEST,BUY,0,2026.08.16 22:05:04,2026.08.16 22:05:28,0,3232.069,3232.074,-5.0,-79.16,0.093,0.047,SL_HIT,3232.7719,3236.2338,3230.3752,1,0.048,0.166,3232.7719,0.55,0,1.0,1.0,0,0,0,0,0.0,0,0.7,0.425,1,0.7,0.3,0.153,0.127,0.15,0.0,3236.2338,0.6,1.0,1,2,0.41,0,15512,0.617,1.78,0,0.15,0.3,0.153,0.187,0.7,1.0,1,1.0,421.0,8987.6
98044,XAUGBPm_20260816220504_1,XAUGBPm,BREAKOUT_RETEST,BUY,1,2026.08.16 22:05:04,2026.08.16 22:05:30,0,3232.191,3231.541,-650.0,-439.78,0.107,0.034,SL_HIT,3232.7719,3236.2338,3230.3752,1,0.048,0.166,3232.7719,0.55,0,1.0,1.0,0,0,0,0,0.0,0,0.7,0.425,1,0.7,0.3,0.153,0.127,0.15,0.0,3236.2338,0.6,1.0,1,2,0.41,0,15512,0.617,1.78,0,0.15,0.3,0.153,0.169,0.7,1.0,1,1.0,481.0,8987.6
98048,XAUGBPm_20260816220547_2,XAUGBPm,PULLBACK,BUY,0,2026.08.16 22:05:47,2026.08.16 22:05:50,0,3233.558,3233.232,-326.0,-336.26,0.022,0.009,SL_HIT,3232.7719,3236.2338,3230.3752,1,0.048,0.166,3232.7719,0.55,0,1.0,1.0,0,0,0,0,0.0,0,0.7,0.443,1,0.7,0.3,0.153,0.067,0.15,0.0,3230.3752,0.6,0.911,1,2,0.41,0,15512,0.651,2.0,0,0.15,0.3,0.153,0.067,0.7,1.0,1,1.0,481.0,8987.6
98051,XAUGBPm_20260816220548_3,XAUGBPm,TREND_CONTINUATION,BUY,0,2026.08.16 22:05:48,2026.08.16 22:05:53,0,3234.117,3233.111,-1006.0,-680.63,0.098,0.0,SL_HIT,3232.7719,3236.2338,3230.3752,1,0.048,0.166,3232.7719,0.55,0,1.0,1.0,0,0,0,0,0.0,0,0.7,0.468,1,0.7,0.3,0.153,0.212,0.15,0.0,3230.3752,0.6,1.129,1,2,0.41,0,15512,0.595,2.08,0,0.15,0.3,0.153,0.067,0.7,1.0,1,1.0,481.0,8987.6
98049,XAUGBPm_20260816220547_2,XAUGBPm,PULLBACK,BUY,1,2026.08.16 22:05:47,2026.08.16 22:06:05,0,3233.729,3232.623,-1106.0,-748.3,0.114,0.0,SL_HIT,3232.7719,3236.2338,3230.3752,1,0.048,0.166,3232.7719,0.55,0,1.0,1.0,0,0,0,0,0.0,0,0.7,0.443,1,0.7,0.3,0.153,0.067,0.15,0.0,3230.3752,0.6,0.911,1,2,0.41,0,15512,0.651,2.0,0,0.15,0.3,0.153,0.06,0.7,1.0,1,1.0,422.0,8987.6
98052,XAUGBPm_20260816220548_3,XAUGBPm,TREND_CONTINUATION,BUY,1,2026.08.16 22:05:48,2026.08.16 22:06:05,0,3234.117,3232.47,-1647.0,-1114.33,0.166,0.0,SL_HIT,3232.7719,3236.2338,3230.3752,1,0.048,0.166,3232.7719,0.55,0,1.0,1.0,0,0,0,0,0.0,0,0.7,0.468,1,0.7,0.3,0.153,0.212,0.15,0.0,3230.3752,0.6,1.129,1,2,0.41,0,15512,0.595,2.08,0,0.15,0.3,0.153,0.187,0.7,1.0,1,1.0,421.0,8987.6
98058,XAUGBPm_20260816222500_5,XAUGBPm,MEAN_REVERSION,BUY,0,2026.08.16 22:25:00,2026.08.16 22:40:09,15,3230.828,3233.485,2657.0,1798.72,0.069,0.341,TRAIL_STOP,3232.7719,3236.2338,3230.3752,1,0.048,0.166,3232.7719,0.55,0,1.0,1.0,0,0,0,0,0.0,0,0.7,0.443,1,0.7,0.3,0.153,0.231,0.15,0.0,3236.2338,0.6,1.156,1,2,0.41,0,15512,0.623,0.81,0,0.15,0.3,0.153,0.067,0.7,1.0,1,1.0,421.0,8987.6
98059,XAUGBPm_20260816222500_5,XAUGBPm,MEAN_REVERSION,BUY,1,2026.08.16 22:25:00,2026.08.16 22:43:07,18,3230.828,3232.942,2114.0,1431.09,0.069,0.341,TRAIL_STOP,3232.7719,3236.2338,3230.3752,1,0.048,0.166,3232.7719,0.55,0,1.0,1.0,0,0,0,0,0.0,0,0.7,0.443,1,0.7,0.3,0.153,0.231,0.15,0.0,3236.2338,0.6,1.156,1,2,0.41,0,15512,0.623,0.81,0,0.15,0.3,0.153,0.06,0.7,1.0,1,1.0,421.0,8987.6
98042,XAUGBPm_20260816220504_1,XAUGBPm,BREAKOUT_RETEST,BUY,-1,2026.08.16 22:05:04,2026.08.16 22:53:15,48,3231.849,3236.699,4850.0,3134.51,0.183,0.527,TP_HIT,3232.7719,3236.2338,3230.3752,1,0.048,0.166,3232.7719,0.55,0,1.0,1.0,0,0,0,0,0.0,0,0.7,0.425,1,0.7,0.3,0.153,0.127,0.15,0.0,3236.2338,0.6,1.0,1,2,0.41,0,15512,0.617,1.78,0,0.15,0.3,0.153,0.237,0.7,1.0,0,1.0,422.0,8987.6
98057,XAUGBPm_20260816222500_5,XAUGBPm,MEAN_REVERSION,BUY,-1,2026.08.16 22:25:00,2026.08.16 22:53:15,28,3230.828,3236.699,5871.0,3974.67,0.069,0.641,TP_HIT,3232.7719,3236.2338,3230.3752,1,0.048,0.166,3232.7719,0.55,0,1.0,1.0,0,0,0,0,0.0,0,0.7,0.443,1,0.7,0.3,0.153,0.231,0.15,0.0,3236.2338,0.6,1.156,1,2,0.41,0,15512,0.623,0.81,0,0.15,0.3,0.153,0.237,0.7,1.0,0,1.0,422.0,8987.6
98066,XAUGBPm_20260816230001_7,XAUGBPm,ANCHORED_PULLBACK,BUY,1,2026.08.16 23:00:01,2026.08.16 23:00:42,0,3238.948,3235.775,-3173.0,-2148.68,0.342,0.0,SL_HIT,3232.91187,3235.073,3230.75075,0,0.561,0.022,3232.91187,0.45,0,0.161,0.0,0,0,0,0,0.0,1,1.0,0.443,1,0.95,0.0,0.053,0.624,0.15,-0.1723,3232.91187,0.75,0.846,1,2,0.41,0,15513,0.18,1.76,0,0.15,0.0,0.053,0.235,0.96,0.161,0,0.0,421.0,8915.1
98064,XAUGBPm_20260816230001_7,XAUGBPm,ANCHORED_PULLBACK,BUY,-1,2026.08.16 23:00:01,2026.08.16 23:00:43,0,3238.816,3235.66,-3156.0,-2137.16,0.341,0.0,SL_HIT,3232.91187,3235.073,3230.75075,0,0.561,0.022,3232.91187,0.45,0,0.161,0.0,0,0,0,0,0.0,1,1.0,0.443,1,0.95,0.0,0.053,0.624,0.15,-0.1723,3232.91187,0.75,0.846,1,2,0.41,0,15513,0.18,1.76,0,0.15,0.0,0.053,0.235,0.96,0.161,0,0.0,421.0,8915.1
98065,XAUGBPm_20260816230001_7,XAUGBPm,ANCHORED_PULLBACK,BUY,0,2026.08.16 23:00:01,2026.08.16 23:00:43,0,3238.816,3235.66,-3156.0,-2226.55,0.341,0.0,SL_HIT,3232.91187,3235.073,3230.75075,0,0.561,0.022,3232.91187,0.45,0,0.161,0.0,0,0,0,0,0.0,1,1.0,0.443,1,0.95,0.0,0.053,0.624,0.15,-0.1723,3232.91187,0.75,0.846,1,2,0.41,0,15513,0.18,1.76,0,0.15,0.0,0.053,0.235,0.96,0.161,0,0.0,421.0,8915.1
97994,XAUGBPm_20260814160005_3,XAUGBPm,TREND_CONTINUATION,BUY,-1,2026.08.14 16:00:05,2026.08.16 23:29:11,3329,3240.668,3228.921,-11747.0,-8225.31,1.192,0.252,SL_HIT,3238.78487,3241.00675,3233.008,1,0.107,0.349,3234.34112,0.45,0,0.75,0.895,0,0,0,0,0.0,0,0.641,0.488,1,0.641,0.269,0.122,0.13,0.0,0.0,3234.34112,0.736,1.094,1,1,0.4,0,15507,0.503,2.08,0,0.15,0.0,0.053,0.337,0.96,0.161,0,0.0,421.0,8915.1
97983,XAUGBPm_20260814150010_1,XAUGBPm,BREAKOUT_RETEST,BUY,-1,2026.08.14 15:00:10,2026.08.16 23:29:15,3389,3234.499,3228.48,-6019.0,-4346.23,0.571,0.843,SL_HIT,3234.21355,3240.7624,3229.12,1,0.032,0.662,3234.21355,0.4,0,0.7,0.86,0,0,0,0,0.0,0,0.704,0.432,1,0.704,0.258,0.0,0.0,0.0,0.0,3229.12,0.6,0.9,1,2,0.378,0,15506,0.487,2.08,0,0.15,0.0,0.053,0.337,0.96,0.161,0,0.0,421.0,8915.1
98018,XAUGBPm_20260814180445_3,XAUGBPm,TREND_CONTINUATION,BUY,-1,2026.08.14 18:04:46,2026.08.16 23:32:41,3207,3238.284,3226.716,-11568.0,-8104.09,1.198,0.066,SL_HIT,3238.47102,3240.47425,3235.89545,1,0.191,0.348,3238.47102,0.4,0,0.8,0.79,0,0,0,0,0.0,0,0.771,0.442,1,0.771,0.237,0.199,0.119,0.25,0.0,0.0,0.0,0.928,1,1,0.4,0,15509,0.496,2.08,0,0.15,0.0,0.053,0.337,0.96,0.161,0,0.0,421.0,8915.1
97988,XAUGBPm_20260814160001_0,XAUGBPm,BREAKOUT,BUY,-1,2026.08.14 16:00:01,2026.08.16 23:35:42,3335,3240.376,3225.369,-15007.0,-10432.53,1.481,0.279,SL_HIT,3238.78487,3241.00675,3233.008,1,0.107,0.349,3234.34112,0.45,0,0.75,0.895,0,0,0,0,0.0,0,0.641,0.477,1,0.641,0.269,0.122,0.07,0.0,0.0,3234.34112,0.736,1.005,1,1,0.4,0,15507,0.344,1.67,0,0.15,0.0,0.053,0.337,0.96,0.161,0,0.0,421.0,8915.1
97991,XAUGBPm_20260814160002_2,XAUGBPm,PULLBACK,BUY,-1,2026.08.14 16:00:02,2026.08.16 23:35:42,3335,3240.535,3225.369,-15166.0,-10540.2,1.497,0.264,SL_HIT,3238.78487,3241.00675,3233.008,1,0.107,0.349,3234.34112,0.45,0,0.75,0.895,0,0,0,0,0.0,0,0.641,0.477,1,0.641,0.269,0.122,0.07,0.0,0.0,3234.34112,0.736,1.005,1,1,0.4,0,15507,0.575,2.42,0,0.15,0.0,0.053,0.337,0.96,0.161,0,0.0,421.0,8915.1
98026,XAUGBPm_20260814184526_5,XAUGBPm,MEAN_REVERSION,BUY,-1,2026.08.14 18:45:26,2026.08.16 23:37:14,3171,3232.175,3224.457,-7718.0,-5494.03,0.791,0.705,SL_HIT,3238.47102,3240.47425,3235.89545,0,0.191,0.348,3238.47102,0.4,0,0.8,0.79,0,0,0,0,0.0,0,0.771,0.488,1,0.771,0.237,0.199,0.382,0.25,0.0,3238.47102,0.744,1.324,1,1,0.4,0,15509,0.684,0.89,0,0.15,0.0,0.053,0.337,0.96,0.161,0,0.0,421.0,8915.1
98076,XAUGBPm_20260816233542_4,XAUGBPm,SWEEP_REVERSAL,BUY,0,2026.08.16 23:35:42,2026.08.17 00:00:06,24,3225.92,3226.701,781.0,529.01,0.177,0.306,TRAIL_STOP,3232.91187,3235.073,3230.75075,0,0.561,0.022,3232.91187,0.45,0,0.161,0.0,0,0,0,0,0.0,0,0.96,0.483,1,0.96,0.0,0.053,0.337,0.15,0.0,3232.91187,0.75,1.315,1,2,0.41,0,15513,0.179,0.85,0,0.15,0.195,0.053,0.291,0.825,0.624,0,-0.6512,421.0,9531.9
98077,XAUGBPm_20260816233542_4,XAUGBPm,SWEEP_REVERSAL,BUY,1,2026.08.16 23:35:42,2026.08.17 00:00:12,24,3225.92,3226.109,189.0,128.02,0.177,0.306,TRAIL_STOP,3232.91187,3235.073,3230.75075,0,0.561,0.022,3232.91187,0.45,0,0.161,0.0,0,0,0,0,0.0,0,0.96,0.483,1,0.96,0.0,0.053,0.337,0.15,0.0,3232.91187,0.75,1.315,1,2,0.41,0,15513,0.179,0.85,0,0.15,0.195,0.053,0.315,0.825,0.624,0,-0.6512,421.0,9531.9
98075,XAUGBPm_20260816233542_4,XAUGBPm,SWEEP_REVERSAL,BUY,-1,2026.08.16 23:35:42,2026.08.17 00:16:56,41,3225.79,3233.404,7614.0,5070.82,0.209,0.842,TP_HIT,3232.91187,3235.073,3230.75075,0,0.561,0.022,3232.91187,0.45,0,0.161,0.0,0,0,0,0,0.0,0,0.96,0.483,1,0.96,0.0,0.053,0.337,0.15,0.0,3232.91187,0.75,1.315,1,2,0.41,0,15513,0.179,0.85,0,0.15,0.195,0.053,0.075,0.825,0.624,1,-0.6512,421.0,9531.9
98030,XAUGBPm_20260814184528_4,XAUGBPm,SWEEP_REVERSAL,BUY,-1,2026.08.14 18:45:28,2026.08.17 00:28:39,3223,3231.197,3238.959,7762.0,4989.77,0.761,0.807,TP_HIT,3238.47102,3240.47425,3235.89545,0,0.191,0.348,3238.47102,0.4,0,0.8,0.79,0,0,0,0,0.0,0,0.771,0.488,1,0.771,0.237,0.199,0.382,0.25,0.0,3238.47102,0.744,1.324,1,1,0.4,0,15509,0.247,0.81,0,0.15,0.195,0.053,0.352,0.825,0.624,0,-0.6512,421.0,9531.9
97914,XAUGBPm_20260814100000_0,XAUGBPm,BREAKOUT,BUY,-1,2026.08.14 10:00:00,2026.08.17 01:00:11,3780,3221.9,3248.401,26501.0,17691.33,0.741,2.463,TP_HIT,3208.97615,3215.0864,3205.31,0,0.725,0.027,3208.97615,0.6,0,0.675,0.685,0,0,0,-1,0.0,0,0.685,0.464,1,0.685,0.206,0.146,0.651,0.15,-0.0944,3213.86435,0.55,1.336,1,2,0.367,0,15501,0.468,3.03,0,0.15,0.216,0.053,0.34,0.738,0.75,0,-0.72,481.0,10678.1
97920,XAUGBPm_20260814100002_3,XAUGBPm,TREND_CONTINUATION,BUY,-1,2026.08.14 10:00:02,2026.08.17 01:00:11,3780,3222.017,3248.401,26384.0,17612.03,0.752,2.452,TP_HIT,3208.97615,3215.0864,3205.31,0,0.725,0.027,3208.97615,0.6,0,0.675,0.685,0,0,0,-1,0.0,0,0.723,0.473,1,0.723,0.206,0.146,0.351,0.15,0.0,3208.97615,0.757,1.336,1,2,0.367,0,15501,0.45,2.08,0,0.15,0.216,0.053,0.34,0.738,0.75,0,-0.72,481.0,10678.1
97917,XAUGBPm_20260814100001_2,XAUGBPm,PULLBACK,BUY,-1,2026.08.14 10:00:01,2026.08.17 01:06:51,3786,3222.158,3253.658,31500.0,21076.77,0.765,2.993,TP_HIT,3208.97615,3215.0864,3205.31,0,0.725,0.027,3208.97615,0.6,0,0.675,0.685,0,0,0,-1,0.0,0,0.723,0.473,1,0.723,0.206,0.146,0.351,0.15,0.0,3208.97615,0.757,1.336,1,2,0.367,0,15501,0.382,3.53,0,0.15,0.216,0.053,0.34,0.738,0.75,0,-0.72,422.0,10678.1
97935,XAUGBPm_20260814120000_0,XAUGBPm,BREAKOUT,BUY,-1,2026.08.14 12:00:00,2026.08.17 01:23:33,3683,3228.4,3255.891,27491.0,18361.35,0.407,2.489,TP_HIT,3214.59038,3219.8765,3213.3705,0,0.996,0.034,3214.59038,0.4,0,0.825,0.755,2,0,0,-1,0.0,0,0.637,0.42,1,0.637,0.226,0.053,0.652,0.15,-0.0903,3214.59038,0.746,1.338,1,2,0.378,0,15503,0.503,2.28,0,0.15,0.216,0.053,0.34,0.738,0.75,0,-0.72,422.0,10678.1
97944,XAUGBPm_20260814120003_3,XAUGBPm,TREND_CONTINUATION,BUY,-1,2026.08.14 12:00:03,2026.08.17 01:23:53,3683,3228.666,3256.164,27498.0,18366.64,0.431,2.488,TP_HIT,3214.59038,3219.8765,3213.3705,0,0.996,0.034,3214.59038,0.4,0,0.825,0.755,2,0,0,-1,0.0,0,0.643,0.422,1,0.643,0.226,0.053,0.352,0.15,0.0,3214.59038,0.746,1.338,1,2,0.378,0,15503,0.495,2.08,0,0.15,0.216,0.053,0.34,0.738,0.75,0,-0.72,422.0,10678.1
98050,XAUGBPm_20260816220548_3,XAUGBPm,TREND_CONTINUATION,BUY,-1,2026.08.16 22:05:48,2026.08.17 01:23:57,198,3234.117,3256.68,22563.0,15292.98,1.134,2.495,TP_HIT,3232.7719,3236.2338,3230.3752,1,0.048,0.166,3232.7719,0.55,0,1.0,1.0,0,0,0,0,0.0,0,0.7,0.468,1,0.7,0.3,0.153,0.212,0.15,0.0,3230.3752,0.6,1.129,1,2,0.41,0,15512,0.595,2.08,0,0.15,0.216,0.053,0.34,0.738,0.75,0,-0.72,422.0,10678.1
98085,XAUGBPm_20260817010001_7,XAUGBPm,ANCHORED_PULLBACK,BUY,1,2026.08.17 01:00:01,2026.08.17 01:31:06,31,3247.231,3249.936,2705.0,1731.97,0.178,0.988,TRAIL_STOP,3232.85988,3238.2214,3226.3069,0,1.149,0.033,3232.85988,0.5,0,0.75,-0.72,0,0,0,0,0.0,0,0.738,0.412,1,0.738,0.216,0.053,0.337,0.15,0.0,3232.85988,0.724,1.315,1,1,0.416,0,15515,0.282,1.92,0,0.15,0.216,0.053,0.34,0.738,0.75,0,-0.72,422.0,10678.1
98084,XAUGBPm_20260817010001_7,XAUGBPm,ANCHORED_PULLBACK,BUY,0,2026.08.17 01:00:01,2026.08.17 01:34:08,34,3246.974,3248.192,1218.0,651.13,0.153,1.012,TRAIL_STOP,3232.85988,3238.2214,3226.3069,0,1.149,0.033,3232.85988,0.5,0,0.75,-0.72,0,0,0,0,0.0,0,0.738,0.412,1,0.738,0.216,0.053,0.337,0.15,0.0,3232.85988,0.724,1.315,1,1,0.416,0,15515,0.282,1.92,0,0.15,0.216,0.053,0.34,0.738,0.75,0,-0.72,422.0,10678.1
98083,XAUGBPm_20260817010001_7,XAUGBPm,ANCHORED_PULLBACK,BUY,-1,2026.08.17 01:00:01,2026.08.17 02:21:07,81,3246.691,3239.625,-7066.0,-4980.78,0.649,1.039,SL_HIT,3232.85988,3238.2214,3226.3069,0,1.149,0.033,3232.85988,0.5,0,0.75,-0.72,0,0,0,0,0.0,0,0.738,0.412,1,0.738,0.216,0.053,0.337,0.15,0.0,3232.85988,0.724,1.315,1,1,0.416,0,15515,0.282,1.92,6,0.45,0.0,0.457,0.576,0.646,0.128,1,0.0,421.0,11350.6
98096,XAUGBPm_20260817030000_3,XAUGBPm,TREND_CONTINUATION,BUY,0,2026.08.17 03:00:00,2026.08.17 03:00:21,0,3242.588,3242.511,-77.0,-136.86,0.02,0.038,SL_HIT,3243.39293,3254.3971,3237.4676,1,0.043,0.828,3243.39293,0.5,0,0.45,0.51,0,0,0,0,0.0,5,1.0,0.399,1,0.392,0.153,0.576,0.524,0.55,-0.471,3237.4676,0.6,0.606,1,1,0.416,0,15517,0.331,2.08,0,0.25,0.153,0.171,0.104,0.692,0.45,1,0.51,422.0,10784.1
98099,XAUGBPm_20260817030000_1,XAUGBPm,BREAKOUT_RETEST,BUY,0,2026.08.17 03:00:00,2026.08.17 03:00:21,0,3242.875,3242.511,-364.0,-246.62,0.047,0.012,SL_HIT,3243.39293,3254.3971,3237.4676,1,0.043,0.828,3243.39293,0.5,0,0.45,0.51,0,0,0,0,0.0,0,0.692,0.402,1,0.692,0.153,0.171,0.104,0.25,0.0,3237.4676,0.6,0.906,1,1,0.416,0,15517,0.346,6.31,0,0.25,0.153,0.171,0.104,0.692,0.45,1,0.51,422.0,10784.1
98102,XAUGBPm_20260817030001_2,XAUGBPm,PULLBACK,BUY,0,2026.08.17 03:00:01,2026.08.17 03:00:21,0,3242.989,3242.511,-478.0,-323.85,0.057,0.001,SL_HIT,3243.39293,3254.3971,3237.4676,1,0.043,0.828,3243.39293,0.5,0,0.45,0.51,0,0,0,0,0.0,0,0.692,0.405,1,0.692,0.153,0.171,0.121,0.25,0.0,3237.4676,0.6,0.932,1,1,0.416,0,15517,0.432,2.03,0,0.25,0.153,0.171,0.104,0.692,0.45,1,0.51,422.0,10784.1
98097,XAUGBPm_20260817030000_3,XAUGBPm,TREND_CONTINUATION,BUY,1,2026.08.17 03:00:00,2026.08.17 03:02:04,2,3242.713,3242.248,-465.0,-315.05,0.032,0.056,SL_HIT,3243.39293,3254.3971,3237.4676,1,0.043,0.828,3243.39293,0.5,0,0.45,0.51,0,0,0,0,0.0,5,1.0,0.399,1,0.392,0.153,0.576,0.524,0.55,-0.471,3237.4676,0.6,0.606,1,1,0.416,0,15517,0.331,2.08,0,0.25,0.153,0.171,0.104,0.692,0.45,1,0.51,422.0,10784.1
98100,XAUGBPm_20260817030000_1,XAUGBPm,BREAKOUT_RETEST,BUY,1,2026.08.17 03:00:01,2026.08.17 03:02:04,2,3242.875,3242.248,-627.0,-424.81,0.047,0.041,SL_HIT,3243.39293,3254.3971,3237.4676,1,0.043,0.828,3243.39293,0.5,0,0.45,0.51,0,0,0,0,0.0,0,0.692,0.402,1,0.692,0.153,0.171,0.104,0.25,0.0,3237.4676,0.6,0.906,1,1,0.416,0,15517,0.346,6.31,0,0.25,0.153,0.171,0.104,0.692,0.45,1,0.51,422.0,10784.1
98103,XAUGBPm_20260817030001_2,XAUGBPm,PULLBACK,BUY,1,2026.08.17 03:00:01,2026.08.17 03:02:04,2,3242.989,3242.248,-741.0,-406.52,0.057,0.03,SL_HIT,3243.39293,3254.3971,3237.4676,1,0.043,0.828,3243.39293,0.5,0,0.45,0.51,0,0,0,0,0.0,0,0.692,0.405,1,0.692,0.153,0.171,0.121,0.25,0.0,3237.4676,0.6,0.932,1,1,0.416,0,15517,0.432,2.03,0,0.25,0.153,0.171,0.104,0.692,0.45,1,0.51,422.0,10784.1
98111,XAUGBPm_20260817030916_5,XAUGBPm,MEAN_REVERSION,BUY,0,2026.08.17 03:09:16,2026.08.17 03:09:34,0,3241.114,3240.566,-548.0,-371.25,0.038,0.0,SL_HIT,3243.39293,3254.3971,3237.4676,1,0.043,0.828,3243.39293,0.5,0,0.45,0.51,0,0,0,0,0.0,0,0.692,0.421,1,0.692,0.153,0.171,0.214,0.25,0.0,3254.3971,0.6,1.071,1,1,0.416,0,15517,0.657,3.18,0,0.25,0.153,0.171,0.214,0.692,0.45,1,0.51,422.0,10784.1
98112,XAUGBPm_20260817030916_5,XAUGBPm,MEAN_REVERSION,BUY,1,2026.08.17 03:09:16,2026.08.17 03:09:34,0,3241.114,3240.04,-1074.0,-727.6,0.08,0.0,SL_HIT,3243.39293,3254.3971,3237.4676,1,0.043,0.828,3243.39293,0.5,0,0.45,0.51,0,0,0,0,0.0,0,0.692,0.421,1,0.692,0.153,0.171,0.214,0.25,0.0,3254.3971,0.6,1.071,1,1,0.416,0,15517,0.657,3.18,0,0.25,0.153,0.171,0.214,0.692,0.45,1,0.51,421.0,10784.1
98098,XAUGBPm_20260817030000_1,XAUGBPm,BREAKOUT_RETEST,BUY,-1,2026.08.17 03:00:00,2026.08.17 03:09:42,9,3242.875,3239.578,-3297.0,-2233.6,0.294,0.041,SL_HIT,3243.39293,3254.3971,3237.4676,1,0.043,0.828,3243.39293,0.5,0,0.45,0.51,0,0,0,0,0.0,0,0.692,0.402,1,0.692,0.153,0.171,0.104,0.25,0.0,3237.4676,0.6,0.906,1,1,0.416,0,15517,0.346,6.31,0,0.25,0.153,0.171,0.214,0.692,0.45,1,0.51,421.0,10784.1
98117,XAUGBPm_20260817032052_0,XAUGBPm,BREAKOUT,BUY,0,2026.08.17 03:20:52,2026.08.17 03:21:05,0,3241.146,3240.417,-729.0,-493.91,0.055,0.0,SL_HIT,3243.39293,3254.3971,3237.4676,1,0.043,0.828,3243.39293,0.5,0,0.45,0.51,0,0,0,0,0.0,0,0.692,0.421,1,0.692,0.153,0.171,0.214,0.25,0.0,3237.4676,0.6,1.071,1,1,0.416,0,15517,0.24,6.22,0,0.25,0.153,0.171,0.214,0.692,0.45,1,0.51,421.0,10784.1
98118,XAUGBPm_20260817032052_0,XAUGBPm,BREAKOUT,BUY,1,2026.08.17 03:20:52,2026.08.17 03:21:38,0,3241.146,3239.777,-1369.0,-927.51,0.117,0.0,SL_HIT,3243.39293,3254.3971,3237.4676,1,0.043,0.828,3243.39293,0.5,0,0.45,0.51,0,0,0,0,0.0,0,0.692,0.421,1,0.692,0.153,0.171,0.214,0.25,0.0,3237.4676,0.6,1.071,1,1,0.416,0,15517,0.24,6.22,0,0.25,0.153,0.171,0.214,0.692,0.45,1,0.51,421.0,10784.1
98122,XAUGBPm_20260817040001_7,XAUGBPm,ANCHORED_PULLBACK,BUY,0,2026.08.17 04:00:01,2026.08.17 04:00:12,0,3244.686,3244.168,-518.0,-351.01,0.034,0.0,SL_HIT,3243.39293,3252.70415,3239.16055,1,0.108,1.078,3243.39293,0.4,0,0.5,0.545,0,0,0,0,0.0,0,0.689,0.423,1,0.689,0.164,0.16,0.311,0.25,0.0,3239.16055,0.6,1.217,1,2,0.427,0,15518,0.496,1.7,0,0.25,0.164,0.16,0.1,0.689,0.5,1,0.545,422.0,10467.2
98123,XAUGBPm_20260817040001_7,XAUGBPm,ANCHORED_PULLBACK,BUY,1,2026.08.17 04:00:01,2026.08.17 04:02:27,2,3244.686,3245.188,502.0,264.94,0.049,0.148,TRAIL_STOP,3243.39293,3252.70415,3239.16055,1,0.108,1.078,3243.39293,0.4,0,0.5,0.545,0,0,0,0,0.0,0,0.689,0.423,1,0.689,0.164,0.16,0.311,0.25,0.0,3239.16055,0.6,1.217,1,2,0.427,0,15518,0.496,1.7,0,0.25,0.164,0.16,0.311,0.689,0.5,1,0.545,422.0,10467.2
98121,XAUGBPm_20260817040001_7,XAUGBPm,ANCHORED_PULLBACK,BUY,-1,2026.08.17 04:00:01,2026.08.17 04:28:24,28,3244.806,3240.072,-4734.0,-3127.42,0.44,0.136,SL_HIT,3243.39293,3252.70415,3239.16055,1,0.108,1.078,3243.39293,0.4,0,0.5,0.545,0,0,0,0,0.0,0,0.689,0.423,1,0.689,0.164,0.16,0.311,0.25,0.0,3239.16055,0.6,1.217,1,2,0.427,0,15518,0.496,1.7,0,0.25,0.164,0.16,0.204,0.689,0.5,1,0.545,421.0,10467.2
98128,XAUGBPm_20260817050000_1,XAUGBPm,BREAKOUT_RETEST,BUY,0,2026.08.17 05:00:00,2026.08.17 05:00:43,0,3240.235,3240.353,118.0,79.95,0.032,0.054,TRAIL_STOP,3242.32872,3247.8125,3238.83905,1,0.052,0.148,3242.32872,0.45,0,0.55,0.755,0,0,0,0,0.0,0,0.654,0.361,1,0.654,0.226,0.157,0.668,0.45,-0.4588,3247.8125,0.6,1.181,1,2,0.427,0,15519,0.396,2.68,0,0.15,0.226,0.053,0.17,0.718,0.55,1,0.755,421.0,9961.3
98129,XAUGBPm_20260817050000_1,XAUGBPm,BREAKOUT_RETEST,BUY,1,2026.08.17 05:00:00,2026.08.17 05:00:44,0,3240.235,3239.85,-385.0,-260.88,0.057,0.054,SL_HIT,3242.32872,3247.8125,3238.83905,1,0.052,0.148,3242.32872,0.45,0,0.55,0.755,0,0,0,0,0.0,0,0.654,0.361,1,0.654,0.226,0.157,0.668,0.45,-0.4588,3247.8125,0.6,1.181,1,2,0.427,0,15519,0.396,2.68,0,0.15,0.226,0.053,0.17,0.718,0.55,1,0.755,421.0,9961.3
98133,XAUGBPm_20260817050922_5,XAUGBPm,MEAN_REVERSION,BUY,0,2026.08.17 05:09:22,2026.08.17 05:09:40,0,3241.496,3240.623,-873.0,-591.55,0.073,0.0,SL_HIT,3242.32872,3247.8125,3238.83905,1,0.052,0.148,3242.32872,0.45,0,0.55,0.755,0,0,0,0,0.0,0,0.718,0.402,1,0.718,0.226,0.053,0.131,0.15,0.0,3247.8125,0.6,1.006,1,2,0.427,0,15519,0.64,0.85,0,0.15,0.226,0.053,0.17,0.718,0.55,1,0.755,421.0,9961.3
98134,XAUGBPm_20260817050922_5,XAUGBPm,MEAN_REVERSION,BUY,1,2026.08.17 05:09:22,2026.08.17 05:10:10,0,3241.496,3240.144,-1352.0,-916.12,0.125,0.0,SL_HIT,3242.32872,3247.8125,3238.83905,1,0.052,0.148,3242.32872,0.45,0,0.55,0.755,0,0,0,0,0.0,0,0.718,0.402,1,0.718,0.226,0.053,0.131,0.15,0.0,3247.8125,0.6,1.006,1,2,0.427,0,15519,0.64,0.85,0,0.15,0.226,0.053,0.17,0.718,0.55,1,0.755,421.0,9961.3
98144,XAUGBPm_20260817052117_0,XAUGBPm,BREAKOUT,BUY,0,2026.08.17 05:21:17,2026.08.17 05:35:04,13,3242.294,3241.109,-1185.0,-803.07,0.103,0.481,SL_HIT,3242.32872,3247.8125,3238.83905,1,0.052,0.148,3242.32872,0.45,0,0.55,0.755,0,0,0,0,0.0,0,0.718,0.389,1,0.718,0.226,0.053,0.06,0.15,0.0,3238.83905,0.6,0.9,1,2,0.427,0,15519,0.262,1.67,0,0.15,0.226,0.053,0.131,0.718,0.55,1,0.755,421.0,9961.3
98141,XAUGBPm_20260817051931_3,XAUGBPm,TREND_CONTINUATION,BUY,0,2026.08.17 05:19:31,2026.08.17 06:19:03,59,3242.298,3241.181,-1117.0,-756.94,0.264,0.48,SL_HIT,3242.32872,3247.8125,3238.83905,1,0.052,0.148,3242.32872,0.45,0,0.55,0.755,0,0,0,0,0.0,0,0.718,0.389,1,0.718,0.226,0.053,0.06,0.15,0.0,3238.83905,0.6,0.9,1,2,0.427,0,15519,0.389,2.08,0,0.25,0.185,0.265,0.191,0.751,0.6,1,0.615,421.0,9989.4
98138,XAUGBPm_20260817051922_2,XAUGBPm,PULLBACK,BUY,0,2026.08.17 05:19:22,2026.08.17 06:45:04,85,3242.343,3243.852,1509.0,1022.6,0.268,0.476,TRAIL_STOP,3242.32872,3247.8125,3238.83905,1,0.052,0.148,3242.32872,0.45,0,0.55,0.755,0,0,0,0,0.0,0,0.718,0.389,1,0.718,0.226,0.053,0.06,0.15,0.0,3238.83905,0.6,0.9,1,2,0.427,0,15519,0.48,2.24,0,0.25,0.185,0.265,0.23,0.751,0.6,0,0.615,422.0,9989.4
98139,XAUGBPm_20260817051922_2,XAUGBPm,PULLBACK,BUY,1,2026.08.17 05:19:22,2026.08.17 06:45:52,86,3242.343,3243.889,1546.0,1047.82,0.268,0.476,TRAIL_STOP,3242.32872,3247.8125,3238.83905,1,0.052,0.148,3242.32872,0.45,0,0.55,0.755,0,0,0,0,0.0,0,0.718,0.389,1,0.718,0.226,0.053,0.06,0.15,0.0,3238.83905,0.6,0.9,1,2,0.427,0,15519,0.48,2.24,0,0.25,0.185,0.265,0.23,0.751,0.6,0,0.615,422.0,9989.4
98142,XAUGBPm_20260817051931_3,XAUGBPm,TREND_CONTINUATION,BUY,1,2026.08.17 05:19:31,2026.08.17 06:45:52,86,3242.298,3243.889,1591.0,1078.32,0.264,0.48,TRAIL_STOP,3242.32872,3247.8125,3238.83905,1,0.052,0.148,3242.32872,0.45,0,0.55,0.755,0,0,0,0,0.0,0,0.718,0.389,1,0.718,0.226,0.053,0.06,0.15,0.0,3238.83905,0.6,0.9,1,2,0.427,0,15519,0.389,2.08,0,0.25,0.185,0.265,0.23,0.751,0.6,0,0.615,422.0,9989.4
98145,XAUGBPm_20260817052117_0,XAUGBPm,BREAKOUT,BUY,1,2026.08.17 05:21:17,2026.08.17 06:45:52,84,3242.294,3243.889,1595.0,1081.04,0.191,0.481,TRAIL_STOP,3242.32872,3247.8125,3238.83905,1,0.052,0.148,3242.32872,0.45,0,0.55,0.755,0,0,0,0,0.0,0,0.718,0.389,1,0.718,0.226,0.053,0.06,0.15,0.0,3238.83905,0.6,0.9,1,2,0.427,0,15519,0.262,1.67,0,0.25,0.185,0.265,0.23,0.751,0.6,0,0.615,422.0,9989.4
98153,XAUGBPm_20260817070000_7,XAUGBPm,ANCHORED_PULLBACK,BUY,0,2026.08.17 07:00:00,2026.08.17 07:00:01,0,3247.373,3246.594,-779.0,-528.14,0.069,0.0,SL_HIT,3243.02742,3244.9029,3240.6161,0,0.363,0.021,3243.02742,0.4,0,0.975,0.825,0,0,0,0,0.0,0,0.734,0.537,2,0.734,0.247,0.233,0.333,0.15,0.0424,3243.02742,0.744,1.31,1,2,0.427,0,15521,0.606,5.5,0,0.15,0.247,0.233,0.32,0.767,0.975,0,0.825,422.0,9768.1
98127,XAUGBPm_20260817050000_1,XAUGBPm,BREAKOUT_RETEST,BUY,-1,2026.08.17 05:00:00,2026.08.17 07:01:41,121,3240.235,3248.243,8008.0,5428.02,0.285,0.793,TP_HIT,3242.32872,3247.8125,3238.83905,1,0.052,0.148,3242.32872,0.45,0,0.55,0.755,0,0,0,0,0.0,0,0.654,0.361,1,0.654,0.226,0.157,0.668,0.45,-0.4588,3247.8125,0.6,1.181,1,2,0.427,0,15519,0.396,2.68,0,0.15,0.247,0.233,0.353,0.767,0.975,0,0.825,422.0,9768.1
98132,XAUGBPm_20260817050922_5,XAUGBPm,MEAN_REVERSION,BUY,-1,2026.08.17 05:09:22,2026.08.17 07:01:41,112,3241.496,3248.243,6747.0,4573.29,0.411,0.667,TP_HIT,3242.32872,3247.8125,3238.83905,1,0.052,0.148,3242.32872,0.45,0,0.55,0.755,0,0,0,0,0.0,0,0.718,0.402,1,0.718,0.226,0.053,0.131,0.15,0.0,3247.8125,0.6,1.006,1,2,0.427,0,15519,0.64,0.85,0,0.15,0.247,0.233,0.353,0.767,0.975,0,0.825,422.0,9768.1
98154,XAUGBPm_20260817070000_7,XAUGBPm,ANCHORED_PULLBACK,BUY,1,2026.08.17 07:00:00,2026.08.17 07:02:11,2,3247.373,3247.353,-20.0,-13.56,0.09,0.099,SL_HIT,3243.02742,3244.9029,3240.6161,0,0.363,0.021,3243.02742,0.4,0,0.975,0.825,0,0,0,0,0.0,0,0.734,0.537,2,0.734,0.247,0.233,0.333,0.15,0.0424,3243.02742,0.744,1.31,1,2,0.427,0,15521,0.606,5.5,0,0.15,0.247,0.233,0.333,0.767,0.975,0,0.825,422.0,9768.1
98152,XAUGBPm_20260817070000_7,XAUGBPm,ANCHORED_PULLBACK,BUY,-1,2026.08.17 07:00:00,2026.08.17 07:12:08,12,3247.529,3243.955,-3574.0,-2317.22,0.35,0.093,SL_HIT,3243.02742,3244.9029,3240.6161,0,0.363,0.021,3243.02742,0.4,0,0.975,0.825,0,0,0,0,0.0,0,0.734,0.537,2,0.734,0.247,0.233,0.333,0.15,0.0424,3243.02742,0.744,1.31,1,2,0.427,0,15521,0.606,5.5,0,0.15,0.247,0.233,0.163,0.767,0.975,1,0.825,421.0,9768.1
98160,XAUGBPm_20260817071207_1,XAUGBPm,BREAKOUT_RETEST,BUY,0,2026.08.17 07:12:07,2026.08.17 07:12:38,0,3244.536,3244.104,-432.0,-292.89,0.074,0.0,SL_HIT,3243.02742,3244.9029,3240.6161,1,0.363,0.021,3243.02742,0.4,0,0.975,0.825,0,0,0,0,0.0,0,0.767,0.516,2,0.767,0.247,0.233,0.163,0.15,0.0,3240.6161,0.6,1.055,1,2,0.427,0,15521,0.619,1.0,0,0.15,0.247,0.233,0.163,0.767,0.975,1,0.825,421.0,9768.1
98161,XAUGBPm_20260817071207_1,XAUGBPm,BREAKOUT_RETEST,BUY,1,2026.08.17 07:12:07,2026.08.17 07:12:49,0,3244.536,3243.549,-987.0,-669.17,0.089,0.0,SL_HIT,3243.02742,3244.9029,3240.6161,1,0.363,0.021,3243.02742,0.4,0,0.975,0.825,0,0,0,0,0.0,0,0.767,0.516,2,0.767,0.247,0.233,0.163,0.15,0.0,3240.6161,0.6,1.055,1,2,0.427,0,15521,0.619,1.0,0,0.15,0.247,0.233,0.076,0.767,0.975,1,0.825,421.0,9768.1
98166,XAUGBPm_20260817071926_2,XAUGBPm,PULLBACK,BUY,0,2026.08.17 07:19:26,2026.08.17 07:19:43,0,3243.03,3242.381,-649.0,-529.63,0.058,0.0,SL_HIT,3243.02742,3244.9029,3240.6161,1,0.363,0.021,3243.02742,0.4,0,0.975,0.825,0,0,0,0,0.0,0,0.767,0.502,2,0.767,0.247,0.233,0.084,0.15,0.0,0.0,0.0,0.936,1,2,0.427,0,15521,0.642,1.9,0,0.15,0.247,0.233,0.084,0.767,0.975,1,0.825,421.0,9768.1
98169,XAUGBPm_20260817071931_3,XAUGBPm,TREND_CONTINUATION,BUY,0,2026.08.17 07:19:31,2026.08.17 07:19:43,0,3243.022,3242.381,-641.0,-434.69,0.054,0.0,SL_HIT,3243.02742,3244.9029,3240.6161,1,0.363,0.021,3243.02742,0.4,0,0.975,0.825,0,0,0,0,0.0,0,0.767,0.502,2,0.767,0.247,0.233,0.084,0.15,0.0,0.0,0.0,0.936,1,2,0.427,0,15521,0.578,2.08,0,0.15,0.247,0.233,0.084,0.767,0.975,1,0.825,421.0,9768.1
98167,XAUGBPm_20260817071926_2,XAUGBPm,PULLBACK,BUY,1,2026.08.17 07:19:26,2026.08.17 07:20:28,1,3243.162,3241.75,-1412.0,-957.51,0.131,0.0,SL_HIT,3243.02742,3244.9029,3240.6161,1,0.363,0.021,3243.02742,0.4,0,0.975,0.825,0,0,0,0,0.0,0,0.767,0.502,2,0.767,0.247,0.233,0.084,0.15,0.0,0.0,0.0,0.936,1,2,0.427,0,15521,0.642,1.9,0,0.15,0.247,0.233,0.155,0.767,0.975,1,0.825,421.0,9768.1
98170,XAUGBPm_20260817071931_3,XAUGBPm,TREND_CONTINUATION,BUY,1,2026.08.17 07:19:31,2026.08.17 07:20:28,0,3243.022,3241.75,-1272.0,-862.57,0.117,0.0,SL_HIT,3243.02742,3244.9029,3240.6161,1,0.363,0.021,3243.02742,0.4,0,0.975,0.825,0,0,0,0,0.0,0,0.767,0.502,2,0.767,0.247,0.233,0.084,0.15,0.0,0.0,0.0,0.936,1,2,0.427,0,15521,0.578,2.08,0,0.15,0.247,0.233,0.155,0.767,0.975,1,0.825,421.0,9768.1
98176,XAUGBPm_20260817072126_0,XAUGBPm,BREAKOUT,BUY,0,2026.08.17 07:21:26,2026.08.17 07:21:31,0,3242.877,3242.141,-736.0,-499.06,0.062,0.0,SL_HIT,3243.02742,3244.9029,3240.6161,1,0.363,0.021,3243.02742,0.4,0,0.975,0.825,0,0,0,0,0.0,0,0.767,0.502,2,0.767,0.247,0.233,0.084,0.15,0.0,0.0,0.0,0.936,1,2,0.427,0,15521,0.418,1.67,0,0.15,0.247,0.233,0.155,0.767,0.975,1,0.825,421.0,9768.1
98177,XAUGBPm_20260817072126_0,XAUGBPm,BREAKOUT,BUY,1,2026.08.17 07:21:27,2026.08.17 07:22:13,0,3242.877,3241.616,-1261.0,-855.18,0.118,0.0,SL_HIT,3243.02742,3244.9029,3240.6161,1,0.363,0.021,3243.02742,0.4,0,0.975,0.825,0,0,0,0,0.0,0,0.767,0.502,2,0.767,0.247,0.233,0.084,0.15,0.0,0.0,0.0,0.936,1,2,0.427,0,15521,0.418,1.67,0,0.15,0.247,0.233,0.201,0.767,0.975,1,0.825,421.0,9768.1
98159,XAUGBPm_20260817071207_1,XAUGBPm,BREAKOUT_RETEST,BUY,-1,2026.08.17 07:12:07,2026.08.17 07:22:48,10,3244.536,3241.549,-2987.0,-2025.78,0.299,0.0,SL_HIT,3243.02742,3244.9029,3240.6161,1,0.363,0.021,3243.02742,0.4,0,0.975,0.825,0,0,0,0,0.0,0,0.767,0.516,2,0.767,0.247,0.233,0.163,0.15,0.0,3240.6161,0.6,1.055,1,2,0.427,0,15521,0.619,1.0,0,0.15,0.247,0.233,0.201,0.767,0.975,1,0.825,421.0,9768.1
98182,XAUGBPm_20260817091221_1,XAUGBPm,BREAKOUT_RETEST,BUY,0,2026.08.17 09:12:21,2026.08.17 09:12:26,0,3245.921,3245.272,-649.0,-439.93,0.054,0.0,SL_HIT,3242.67575,3246.5439,3240.9175,1,0.004,0.353,3242.67575,0.4,0,0.75,0.72,0,0,0,0,0.0,0,0.715,0.389,1,0.715,0.216,0.088,0.284,0.25,0.0,3240.9175,0.6,1.176,1,2,0.0,0,15523,0.481,1.01,0,0.25,0.216,0.088,0.284,0.715,0.75,1,0.72,422.0,9869.6
98183,XAUGBPm_20260817091221_1,XAUGBPm,BREAKOUT_RETEST,BUY,1,2026.08.17 09:12:21,2026.08.17 09:15:06,2,3245.921,3244.621,-1300.0,-881.18,0.117,0.0,SL_HIT,3242.67575,3246.5439,3240.9175,1,0.004,0.353,3242.67575,0.4,0,0.75,0.72,0,0,0,0,0.0,0,0.715,0.389,1,0.715,0.216,0.088,0.284,0.25,0.0,3240.9175,0.6,1.176,1,2,0.0,0,15523,0.481,1.01,0,0.25,0.216,0.088,0.248,0.715,0.75,1,0.72,422.0,9869.6
98187,XAUGBPm_20260817091926_2,XAUGBPm,PULLBACK,BUY,0,2026.08.17 09:19:26,2026.08.17 09:19:39,0,3244.633,3244.203,-430.0,-291.48,0.036,0.0,SL_HIT,3242.67575,3246.5439,3240.9175,1,0.004,0.353,3242.67575,0.4,0,0.75,0.72,0,0,0,0,0.0,0,0.715,0.377,1,0.715,0.216,0.088,0.216,0.25,0.0,3240.9175,0.6,1.074,1,2,0.0,0,15523,0.534,1.76,0,0.25,0.216,0.088,0.216,0.715,0.75,1,0.72,422.0,9869.6
98190,XAUGBPm_20260817091931_3,XAUGBPm,TREND_CONTINUATION,BUY,0,2026.08.17 09:19:31,2026.08.17 09:19:39,0,3244.864,3244.203,-661.0,-448.07,0.06,0.0,SL_HIT,3242.67575,3246.5439,3240.9175,1,0.004,0.353,3242.67575,0.4,0,0.75,0.72,0,0,0,0,0.0,0,0.715,0.382,1,0.715,0.216,0.088,0.248,0.25,0.0,3240.9175,0.6,1.122,1,2,0.0,0,15523,0.453,2.08,0,0.25,0.216,0.088,0.216,0.715,0.75,1,0.72,422.0,9869.6
98195,XAUGBPm_20260817092129_0,XAUGBPm,BREAKOUT,BUY,0,2026.08.17 09:21:29,2026.08.17 09:22:00,0,3244.413,3244.298,-115.0,-77.94,0.033,0.027,SL_HIT,3242.67575,3246.5439,3240.9175,1,0.004,0.353,3242.67575,0.4,0,0.75,0.72,0,0,0,0,0.0,0,0.715,0.377,1,0.715,0.216,0.088,0.216,0.25,0.0,3240.9175,0.6,1.074,1,2,0.0,0,15523,0.319,1.67,0,0.25,0.216,0.088,0.216,0.715,0.75,1,0.72,422.0,9869.6
98188,XAUGBPm_20260817091926_2,XAUGBPm,PULLBACK,BUY,1,2026.08.17 09:19:26,2026.08.17 09:23:13,3,3244.633,3243.738,-895.0,-606.6,0.08,0.009,SL_HIT,3242.67575,3246.5439,3240.9175,1,0.004,0.353,3242.67575,0.4,0,0.75,0.72,0,0,0,0,0.0,0,0.715,0.377,1,0.715,0.216,0.088,0.216,0.25,0.0,3240.9175,0.6,1.074,1,2,0.0,0,15523,0.534,1.76,0,0.25,0.216,0.088,0.216,0.715,0.75,1,0.72,422.0,9869.6
98191,XAUGBPm_20260817091931_3,XAUGBPm,TREND_CONTINUATION,BUY,1,2026.08.17 09:19:31,2026.08.17 09:23:13,3,3244.864,3243.738,-1126.0,-763.16,0.103,0.0,SL_HIT,3242.67575,3246.5439,3240.9175,1,0.004,0.353,3242.67575,0.4,0,0.75,0.72,0,0,0,0,0.0,0,0.715,0.382,1,0.715,0.216,0.088,0.248,0.25,0.0,3240.9175,0.6,1.122,1,2,0.0,0,15523,0.453,2.08,0,0.25,0.216,0.088,0.216,0.715,0.75,1,0.72,422.0,9869.6
98196,XAUGBPm_20260817092129_0,XAUGBPm,BREAKOUT,BUY,1,2026.08.17 09:21:29,2026.08.17 09:23:13,1,3244.413,3243.738,-675.0,-457.49,0.058,0.031,SL_HIT,3242.67575,3246.5439,3240.9175,1,0.004,0.353,3242.67575,0.4,0,0.75,0.72,0,0,0,0,0.0,0,0.715,0.377,1,0.715,0.216,0.088,0.216,0.25,0.0,3240.9175,0.6,1.074,1,2,0.0,0,15523,0.319,1.67,0,0.25,0.216,0.088,0.216,0.715,0.75,1,0.72,422.0,9869.6
98181,XAUGBPm_20260817091221_1,XAUGBPm,BREAKOUT_RETEST,BUY,-1,2026.08.17 09:12:21,2026.08.17 09:30:30,18,3245.921,3242.102,-3819.0,-2589.01,0.375,0.0,SL_HIT,3242.67575,3246.5439,3240.9175,1,0.004,0.353,3242.67575,0.4,0,0.75,0.72,0,0,0,0,0.0,0,0.715,0.389,1,0.715,0.216,0.088,0.284,0.25,0.0,3240.9175,0.6,1.176,1,2,0.0,0,15523,0.481,1.01,0,0.25,0.216,0.088,0.169,0.715,0.75,1,0.72,421.0,9869.6
98203,XAUGBPm_20260817094005_5,XAUGBPm,MEAN_REVERSION,BUY,0,2026.08.17 09:40:05,2026.08.17 09:40:43,0,3240.62,3240.677,57.0,38.64,0.068,0.043,TRAIL_STOP,3242.67575,3246.5439,3240.9175,0,0.004,0.353,3242.67575,0.4,0,0.75,0.72,0,0,0,0,0.0,0,0.715,0.402,1,0.715,0.216,0.088,0.36,0.25,0.0,3246.5439,0.6,1.29,1,2,0.0,0,15523,0.642,0.8,0,0.25,0.216,0.088,0.323,0.715,0.75,0,0.72,421.0,9869.6
98204,XAUGBPm_20260817094005_5,XAUGBPm,MEAN_REVERSION,BUY,1,2026.08.17 09:40:05,2026.08.17 09:43:24,3,3240.62,3240.844,224.0,151.88,0.068,0.116,TRAIL_STOP,3242.67575,3246.5439,3240.9175,0,0.004,0.353,3242.67575,0.4,0,0.75,0.72,0,0,0,0,0.0,0,0.715,0.402,1,0.715,0.216,0.088,0.36,0.25,0.0,3246.5439,0.6,1.29,1,2,0.0,0,15523,0.642,0.8,0,0.25,0.216,0.088,0.323,0.715,0.75,0,0.72,421.0,9869.6
98202,XAUGBPm_20260817094005_5,XAUGBPm,MEAN_REVERSION,BUY,-1,2026.08.17 09:40:05,2026.08.17 10:29:52,49,3240.62,3246.986,6366.0,4317.2,0.154,0.634,TP_HIT,3242.67575,3246.5439,3240.9175,0,0.004,0.353,3242.67575,0.4,0,0.75,0.72,0,0,0,0,0.0,0,0.715,0.402,1,0.715,0.216,0.088,0.36,0.25,0.0,3246.5439,0.6,1.29,1,2,0.0,0,15523,0.642,0.8,0,0.15,0.226,0.053,0.271,0.776,0.8,0,0.755,422.0,9740.8
98110,XAUGBPm_20260817030916_5,XAUGBPm,MEAN_REVERSION,BUY,-1,2026.08.17 03:09:16,2026.08.17 12:26:36,557,3241.114,3236.753,-4361.0,-2956.63,0.388,0.96,SL_HIT,3243.39293,3254.3971,3237.4676,1,0.043,0.828,3243.39293,0.5,0,0.45,0.51,0,0,0,0,0.0,0,0.692,0.421,1,0.692,0.153,0.171,0.214,0.25,0.0,3254.3971,0.6,1.071,1,1,0.416,0,15517,0.657,3.18,0,0.0,0.0,0.11,0.278,0.963,0.083,0,0.0,480.0,10135.4
98116,XAUGBPm_20260817032052_0,XAUGBPm,BREAKOUT,BUY,-1,2026.08.17 03:20:52,2026.08.17 12:26:36,545,3241.146,3236.753,-4393.0,-2978.32,0.391,0.957,SL_HIT,3243.39293,3254.3971,3237.4676,1,0.043,0.828,3243.39293,0.5,0,0.45,0.51,0,0,0,0,0.0,0,0.692,0.421,1,0.692,0.153,0.171,0.214,0.25,0.0,3237.4676,0.6,1.071,1,1,0.416,0,15517,0.24,6.22,0,0.0,0.0,0.11,0.278,0.963,0.083,0,0.0,480.0,10135.4
98189,XAUGBPm_20260817091931_3,XAUGBPm,TREND_CONTINUATION,BUY,-1,2026.08.17 09:19:31,2026.08.17 12:26:39,187,3244.864,3232.87,-11994.0,-8130.37,1.186,0.441,SL_HIT,3242.67575,3246.5439,3240.9175,1,0.004,0.353,3242.67575,0.4,0,0.75,0.72,0,0,0,0,0.0,0,0.715,0.382,1,0.715,0.216,0.088,0.248,0.25,0.0,3240.9175,0.6,1.122,1,2,0.0,0,15523,0.453,2.08,0,0.0,0.0,0.11,0.278,0.963,0.083,0,0.0,480.0,10135.4
98168,XAUGBPm_20260817071931_3,XAUGBPm,TREND_CONTINUATION,BUY,-1,2026.08.17 07:19:31,2026.08.17 12:42:07,322,3243.022,3231.252,-11770.0,-7978.0,1.193,0.865,SL_HIT,3243.02742,3244.9029,3240.6161,1,0.363,0.021,3243.02742,0.4,0,0.975,0.825,0,0,0,0,0.0,0,0.767,0.502,2,0.767,0.247,0.233,0.084,0.15,0.0,0.0,0.0,0.936,1,2,0.427,0,15521,0.578,2.08,0,0.0,0.0,0.11,0.278,0.963,0.083,0,0.0,421.0,10135.4
98140,XAUGBPm_20260817051931_3,XAUGBPm,TREND_CONTINUATION,BUY,-1,2026.08.17 05:19:31,2026.08.17 12:42:21,442,3242.298,3230.284,-12014.0,-8143.75,1.195,0.92,SL_HIT,3242.32872,3247.8125,3238.83905,1,0.052,0.148,3242.32872,0.45,0,0.55,0.755,0,0,0,0,0.0,0,0.718,0.389,1,0.718,0.226,0.053,0.06,0.15,0.0,3238.83905,0.6,0.9,1,2,0.427,0,15519,0.389,2.08,0,0.0,0.0,0.11,0.278,0.963,0.083,0,0.0,421.0,10135.4
98214,XAUGBPm_20260817122639_4,XAUGBPm,SWEEP_REVERSAL,BUY,0,2026.08.17 12:26:39,2026.08.17 12:42:21,15,3235.189,3230.284,-4905.0,-3080.17,0.473,0.309,SL_HIT,3243.40058,3245.67735,3241.1238,0,0.01,0.339,3243.40058,0.45,0,0.083,0.0,0,0,0,0,0.0,0,0.963,0.568,2,0.963,0.0,0.11,0.278,0.0,0.0,3243.40058,0.753,1.318,1,2,0.423,0,15526,0.169,0.81,0,0.0,0.0,0.11,0.278,0.963,0.083,0,0.0,421.0,10135.4
98186,XAUGBPm_20260817091926_2,XAUGBPm,PULLBACK,BUY,-1,2026.08.17 09:19:26,2026.08.17 12:44:52,205,3244.633,3229.726,-14907.0,-10106.05,1.498,0.465,SL_HIT,3242.67575,3246.5439,3240.9175,1,0.004,0.353,3242.67575,0.4,0,0.75,0.72,0,0,0,0,0.0,0,0.715,0.377,1,0.715,0.216,0.088,0.216,0.25,0.0,3240.9175,0.6,1.074,1,2,0.0,0,15523,0.534,1.76,0,0.0,0.0,0.11,0.278,0.963,0.083,0,0.0,420.0,10135.4
98095,XAUGBPm_20260817030000_3,XAUGBPm,TREND_CONTINUATION,BUY,-1,2026.08.17 03:00:00,2026.08.17 12:44:54,584,3242.588,3229.601,-12987.0,-8804.34,1.193,0.823,SL_HIT,3243.39293,3254.3971,3237.4676,1,0.043,0.828,3243.39293,0.5,0,0.45,0.51,0,0,0,0,0.0,5,1.0,0.399,1,0.392,0.153,0.576,0.524,0.55,-0.471,3237.4676,0.6,0.606,1,1,0.416,0,15517,0.331,2.08,0,0.0,0.0,0.11,0.278,0.963,0.083,0,0.0,420.0,10135.4
98194,XAUGBPm_20260817092129_0,XAUGBPm,BREAKOUT,BUY,-1,2026.08.17 09:21:29,2026.08.17 12:44:54,203,3244.413,3229.601,-14812.0,-10041.57,1.488,0.487,SL_HIT,3242.67575,3246.5439,3240.9175,1,0.004,0.353,3242.67575,0.4,0,0.75,0.72,0,0,0,0,0.0,0,0.715,0.377,1,0.715,0.216,0.088,0.216,0.25,0.0,3240.9175,0.6,1.074,1,2,0.0,0,15523,0.319,1.67,0,0.0,0.0,0.11,0.278,0.963,0.083,0,0.0,420.0,10135.4
98215,XAUGBPm_20260817122639_4,XAUGBPm,SWEEP_REVERSAL,BUY,1,2026.08.17 12:26:39,2026.08.17 12:44:59,18,3234.828,3229.536,-5292.0,-3271.83,0.516,0.344,SL_HIT,3243.40058,3245.67735,3241.1238,0,0.01,0.339,3243.40058,0.45,0,0.083,0.0,0,0,0,0,0.0,0,0.963,0.568,2,0.963,0.0,0.11,0.278,0.0,0.0,3243.40058,0.753,1.318,1,2,0.423,0,15526,0.169,0.81,0,0.0,0.0,0.11,0.278,0.963,0.083,0,0.0,420.0,10135.4
98210,XAUGBPm_20260817122636_5,XAUGBPm,MEAN_REVERSION,BUY,-1,2026.08.17 12:26:36,2026.08.17 12:44:59,18,3237.233,3229.057,-8176.0,-5526.73,0.788,0.107,SL_HIT,3243.40058,3245.67735,3241.1238,0,0.01,0.339,3243.40058,0.45,0,0.083,0.0,0,0,0,0,0.0,0,0.963,0.568,2,0.963,0.0,0.11,0.278,0.0,0.0,3243.40058,0.753,1.318,1,2,0.423,0,15526,0.855,0.82,0,0.0,0.0,0.11,0.278,0.963,0.083,0,0.0,420.0,10135.4
98211,XAUGBPm_20260817122636_5,XAUGBPm,MEAN_REVERSION,BUY,0,2026.08.17 12:26:36,2026.08.17 12:44:59,18,3237.209,3229.057,-8152.0,-5428.43,0.785,0.109,SL_HIT,3243.40058,3245.67735,3241.1238,0,0.01,0.339,3243.40058,0.45,0,0.083,0.0,0,0,0,0,0.0,0,0.963,0.568,2,0.963,0.0,0.11,0.278,0.0,0.0,3243.40058,0.753,1.318,1,2,0.423,0,15526,0.855,0.82,0,0.0,0.0,0.11,0.278,0.963,0.083,0,0.0,420.0,10135.4
98212,XAUGBPm_20260817122636_5,XAUGBPm,MEAN_REVERSION,BUY,1,2026.08.17 12:26:36,2026.08.17 12:45:48,19,3237.064,3228.879,-8185.0,-5674.32,0.797,0.124,SL_HIT,3243.40058,3245.67735,3241.1238,0,0.01,0.339,3243.40058,0.45,0,0.083,0.0,0,0,0,0,0.0,0,0.963,0.568,2,0.963,0.0,0.11,0.278,0.0,0.0,3243.40058,0.753,1.318,1,2,0.423,0,15526,0.855,0.82,0,0.0,0.0,0.11,0.278,0.963,0.083,0,0.0,420.0,10135.4
98213,XAUGBPm_20260817122639_4,XAUGBPm,SWEEP_REVERSAL,BUY,-1,2026.08.17 12:26:39,2026.08.17 13:50:48,84,3235.699,3243.913,8214.0,5913.69,0.701,0.796,TP_HIT,3243.40058,3245.67735,3241.1238,0,0.01,0.339,3243.40058,0.45,0,0.083,0.0,0,0,0,0,0.0,0,0.963,0.568,2,0.963,0.0,0.11,0.278,0.0,0.0,3243.40058,0.753,1.318,1,2,0.423,0,15526,0.169,0.81,0,0.15,0.187,0.053,0.06,0.802,0.585,1,-0.6249,421.0,10605.4
98047,XAUGBPm_20260816220547_2,XAUGBPm,PULLBACK,BUY,-1,2026.08.16 22:05:47,2026.08.17 14:23:23,977,3233.558,3260.607,27049.0,18347.74,1.072,2.994,TP_HIT,3232.7719,3236.2338,3230.3752,1,0.048,0.166,3232.7719,0.55,0,1.0,1.0,0,0,0,0,0.0,0,0.7,0.443,1,0.7,0.3,0.153,0.067,0.15,0.0,3230.3752,0.6,0.911,1,2,0.41,0,15512,0.651,2.0,6,0.7,0.164,0.647,0.773,0.686,0.75,0,-0.545,422.0,11472.4
97941,XAUGBPm_20260814120001_2,XAUGBPm,PULLBACK,BUY,-1,2026.08.14 12:00:01,2026.08.17 14:23:24,4463,3228.393,3261.433,33040.0,22140.71,0.406,2.994,TP_HIT,3214.59038,3219.8765,3213.3705,0,0.996,0.034,3214.59038,0.4,0,0.825,0.755,2,0,0,-1,0.0,0,0.643,0.422,1,0.643,0.226,0.053,0.352,0.15,0.0,3214.59038,0.746,1.338,1,2,0.378,0,15503,0.421,4.45,6,0.7,0.164,0.647,0.773,0.686,0.75,0,-0.545,422.0,11472.4
97966,XAUGBPm_20260814140000_0,XAUGBPm,BREAKOUT,BUY,-1,2026.08.14 14:00:00,2026.08.17 15:28:58,4408,3235.647,3264.665,29018.0,19320.11,1.012,2.498,TP_HIT,3234.0699,3243.673,3227.4216,1,0.013,0.752,3234.0699,0.55,0,0.975,0.825,0,0,0,0,0.0,0,0.673,0.386,1,0.673,0.247,0.0,0.074,0.0,0.0,3227.4216,0.6,1.011,1,2,0.378,0,15505,0.389,1.67,0,0.0,0.226,0.0,0.255,0.544,0.825,0,-0.755,423.0,10976.8
97972,XAUGBPm_20260814140003_3,XAUGBPm,TREND_CONTINUATION,BUY,-1,2026.08.14 14:00:03,2026.08.17 15:55:58,4435,3235.955,3264.996,29041.0,19420.66,1.038,2.49,TP_HIT,3234.0699,3243.673,3227.4216,1,0.013,0.752,3234.0699,0.55,0,0.975,0.825,0,0,0,0,0.0,0,0.673,0.386,1,0.673,0.247,0.0,0.074,0.0,0.0,3227.4216,0.6,1.011,1,2,0.378,0,15505,0.544,2.08,0,0.0,0.226,0.0,0.255,0.544,0.825,0,-0.755,423.0,10976.8
98233,XAUGBPm_20260817160000_0,XAUGBPm,BREAKOUT,BUY,0,2026.08.17 16:00:00,2026.08.17 16:00:25,0,3265.125,3264.403,-722.0,-489.6,0.068,0.0,SL_HIT,3234.96187,3259.53525,3228.591,0,0.238,0.948,3234.96187,0.85,0,0.287,0.4266,2,0,0,0,0.0,2,1.0,0.645,2,0.502,0.828,0.0,0.152,0.0,0.9771,3261.3555,0.55,1.578,1,1,0.0,0,15530,0.447,1.67,0,0.0,0.128,0.0,0.152,0.518,0.287,0,0.4266,423.0,10248.6
98234,XAUGBPm_20260817160000_0,XAUGBPm,BREAKOUT,BUY,1,2026.08.17 16:00:00,2026.08.17 16:00:50,0,3265.125,3263.839,-1286.0,-872.07,0.123,0.0,SL_HIT,3234.96187,3259.53525,3228.591,0,0.238,0.948,3234.96187,0.85,0,0.287,0.4266,2,0,0,0,0.0,2,1.0,0.645,2,0.502,0.828,0.0,0.152,0.0,0.9771,3261.3555,0.55,1.578,1,1,0.0,0,15530,0.447,1.67,0,0.0,0.128,0.0,0.152,0.518,0.287,0,0.4266,423.0,10248.6
98238,XAUGBPm_20260817160824_2,XAUGBPm,PULLBACK,BUY,0,2026.08.17 16:08:24,2026.08.17 16:08:26,0,3265.871,3264.902,-969.0,-656.98,0.081,0.0,SL_HIT,3234.96187,3259.53525,3228.591,0,0.238,0.948,3234.96187,0.85,0,0.287,0.4266,2,0,0,0,0.0,0,0.518,0.472,1,0.518,0.128,0.0,0.152,0.0,0.0,3261.3555,0.55,1.128,1,1,0.0,0,15530,0.243,1.14,0,0.0,0.128,0.0,0.152,0.518,0.287,0,0.4266,423.0,10248.6
98239,XAUGBPm_20260817160824_2,XAUGBPm,PULLBACK,BUY,1,2026.08.17 16:08:24,2026.08.17 16:09:40,1,3265.871,3264.766,-1105.0,-749.13,0.111,0.0,SL_HIT,3234.96187,3259.53525,3228.591,0,0.238,0.948,3234.96187,0.85,0,0.287,0.4266,2,0,0,0,0.0,0,0.518,0.472,1,0.518,0.128,0.0,0.152,0.0,0.0,3261.3555,0.55,1.128,1,1,0.0,0,15530,0.243,1.14,0,0.0,0.128,0.0,0.152,0.518,0.287,0,0.4266,423.0,10248.6
98237,XAUGBPm_20260817160824_2,XAUGBPm,PULLBACK,BUY,-1,2026.08.17 16:08:24,2026.08.17 16:26:03,17,3265.871,3261.605,-4266.0,-2892.99,0.402,0.055,SL_HIT,3234.96187,3259.53525,3228.591,0,0.238,0.948,3234.96187,0.85,0,0.287,0.4266,2,0,0,0,0.0,0,0.518,0.472,1,0.518,0.128,0.0,0.152,0.0,0.0,3261.3555,0.55,1.128,1,1,0.0,0,15530,0.243,1.14,0,0.0,0.128,0.0,0.051,0.518,0.287,0,0.4266,423.0,10248.6
98244,XAUGBPm_20260817170003_1,XAUGBPm,BREAKOUT_RETEST,BUY,0,2026.08.17 17:00:03,2026.08.17 17:00:55,0,3263.186,3262.652,-534.0,-362.04,0.048,0.0,SL_HIT,3261.9995,3266.433,3246.9256,1,0.086,1.822,3261.9995,0.55,0,0.75,0.72,2,0,0,0,0.0,0,0.561,0.354,1,0.561,0.216,0.0,0.0,0.0,0.0,3266.433,0.6,0.9,1,1,0.0,0,15531,0.471,1.2,0,0.0,0.216,0.0,0.0,0.561,0.75,1,0.72,423.0,10215.4
98245,XAUGBPm_20260817170003_1,XAUGBPm,BREAKOUT_RETEST,BUY,1,2026.08.17 17:00:03,2026.08.17 17:04:49,4,3263.186,3263.065,-121.0,-82.04,0.089,0.085,SL_HIT,3261.9995,3266.433,3246.9256,1,0.086,1.822,3261.9995,0.55,0,0.75,0.72,2,0,0,0,0.0,0,0.561,0.354,1,0.561,0.216,0.0,0.0,0.0,0.0,3266.433,0.6,0.9,1,1,0.0,0,15531,0.471,1.2,0,0.0,0.216,0.0,0.073,0.561,0.75,1,0.72,423.0,10215.4
98243,XAUGBPm_20260817170003_1,XAUGBPm,BREAKOUT_RETEST,BUY,-1,2026.08.17 17:00:03,2026.08.17 17:19:39,19,3263.186,3260.05,-3136.0,-2125.63,0.296,0.085,SL_HIT,3261.9995,3266.433,3246.9256,1,0.086,1.822,3261.9995,0.55,0,0.75,0.72,2,0,0,0,0.0,0,0.561,0.354,1,0.561,0.216,0.0,0.0,0.0,0.0,3266.433,0.6,0.9,1,1,0.0,0,15531,0.471,1.2,0,0.0,0.216,0.0,0.118,0.561,0.75,1,0.72,423.0,10215.4
98232,XAUGBPm_20260817160000_0,XAUGBPm,BREAKOUT,BUY,-1,2026.08.17 16:00:00,2026.08.17 18:33:48,153,3265.125,3249.731,-15394.0,-10421.28,1.489,0.128,SL_HIT,3234.96187,3259.53525,3228.591,0,0.238,0.948,3234.96187,0.85,0,0.287,0.4266,2,0,0,0,0.0,2,1.0,0.645,2,0.502,0.828,0.0,0.152,0.0,0.9771,3261.3555,0.55,1.578,1,1,0.0,0,15530,0.447,1.67,0,0.25,0.174,0.088,0.373,0.756,0.55,0,0.58,422.0,10265.4
98250,XAUGBPm_20260817182940_4,XAUGBPm,SWEEP_REVERSAL,BUY,0,2026.08.17 18:29:40,2026.08.17 18:45:24,15,3254.158,3250.926,-3232.0,-2187.79,0.532,0.038,SL_HIT,3261.96697,3264.4481,3257.50095,0,0.037,0.64,3261.96697,0.35,0,0.55,0.58,0,0,0,0,0.0,0,0.756,0.481,1,0.756,0.174,0.088,0.381,0.25,0.0,3261.96697,0.725,1.322,1,1,0.0,0,15532,0.217,0.8,0,0.25,0.174,0.088,0.392,0.756,0.55,0,0.58,423.0,10265.4
98251,XAUGBPm_20260817182940_4,XAUGBPm,SWEEP_REVERSAL,BUY,1,2026.08.17 18:29:40,2026.08.17 18:45:24,15,3254.158,3250.926,-3232.0,-2187.79,0.532,0.038,SL_HIT,3261.96697,3264.4481,3257.50095,0,0.037,0.64,3261.96697,0.35,0,0.55,0.58,0,0,0,0,0.0,0,0.756,0.481,1,0.756,0.174,0.088,0.381,0.25,0.0,3261.96697,0.725,1.322,1,1,0.0,0,15532,0.217,0.8,0,0.25,0.174,0.088,0.392,0.756,0.55,0,0.58,423.0,10265.4
98254,XAUGBPm_20260817183348_3,XAUGBPm,TREND_CONTINUATION,BUY,0,2026.08.17 18:33:48,2026.08.17 18:45:24,11,3249.837,3250.926,1089.0,833.9,0.111,0.356,TRAIL_STOP,3261.96697,3264.4481,3257.50095,0,0.037,0.64,3261.96697,0.35,0,0.55,0.58,0,0,0,0,0.0,0,0.756,0.476,1,0.756,0.174,0.088,0.351,0.25,0.0,3261.96697,0.725,1.276,1,1,0.0,0,15532,0.396,1.01,0,0.25,0.174,0.088,0.392,0.756,0.55,0,0.58,423.0,10265.4
98255,XAUGBPm_20260817183348_3,XAUGBPm,TREND_CONTINUATION,BUY,1,2026.08.17 18:33:48,2026.08.17 18:45:24,11,3249.694,3250.926,1232.0,933.4,0.097,0.37,TRAIL_STOP,3261.96697,3264.4481,3257.50095,0,0.037,0.64,3261.96697,0.35,0,0.55,0.58,0,0,0,0,0.0,0,0.756,0.476,1,0.756,0.174,0.088,0.351,0.25,0.0,3261.96697,0.725,1.276,1,1,0.0,0,15532,0.396,1.01,0,0.25,0.174,0.088,0.392,0.756,0.55,0,0.58,423.0,10265.4
98261,XAUGBPm_20260817190129_5,XAUGBPm,MEAN_REVERSION,BUY,0,2026.08.17 19:01:29,2026.08.17 19:01:48,0,3254.13,3253.449,-681.0,-460.99,0.052,0.0,SL_HIT,3262.44218,3264.6593,3257.5645,0,0.385,0.122,3262.44218,0.4,0,0.9,0.615,0,0,0,0,0.0,0,0.727,0.402,1,0.727,0.185,0.14,0.427,0.4,0.0,3262.44218,0.738,1.301,1,1,0.0,0,15533,0.656,1.04,0,0.4,0.185,0.14,0.427,0.727,0.9,0,0.615,423.0,10500.1
98262,XAUGBPm_20260817190129_5,XAUGBPm,MEAN_REVERSION,BUY,1,2026.08.17 19:01:29,2026.08.17 19:02:39,1,3254.13,3252.926,-1204.0,-815.04,0.104,0.0,SL_HIT,3262.44218,3264.6593,3257.5645,0,0.385,0.122,3262.44218,0.4,0,0.9,0.615,0,0,0,0,0.0,0,0.727,0.402,1,0.727,0.185,0.14,0.427,0.4,0.0,3262.44218,0.738,1.301,1,1,0.0,0,15533,0.656,1.04,0,0.4,0.185,0.14,0.422,0.727,0.9,0,0.615,423.0,10500.1
98266,XAUGBPm_20260817191612_1,XAUGBPm,BREAKOUT_RETEST,BUY,0,2026.08.17 19:16:12,2026.08.17 19:16:16,0,3258.353,3257.79,-563.0,-381.21,0.04,0.0,SL_HIT,3262.44218,3264.6593,3257.5645,1,0.385,0.122,3262.44218,0.4,0,0.9,0.615,0,0,0,0,0.0,0,0.727,0.389,1,0.727,0.185,0.14,0.354,0.4,0.0,3262.44218,0.738,1.191,1,1,0.0,0,15533,0.532,1.43,0,0.4,0.185,0.14,0.354,0.727,0.9,1,0.615,423.0,10500.1
98267,XAUGBPm_20260817191612_1,XAUGBPm,BREAKOUT_RETEST,BUY,1,2026.08.17 19:16:12,2026.08.17 19:21:20,5,3258.353,3259.926,1573.0,957.42,0.054,0.266,TRAIL_STOP,3262.44218,3264.6593,3257.5645,1,0.385,0.122,3262.44218,0.4,0,0.9,0.615,0,0,0,0,0.0,0,0.727,0.389,1,0.727,0.185,0.14,0.354,0.4,0.0,3262.44218,0.738,1.191,1,1,0.0,0,15533,0.532,1.43,0,0.4,0.185,0.14,0.337,0.727,0.9,1,0.615,423.0,10500.1
98249,XAUGBPm_20260817182940_4,XAUGBPm,SWEEP_REVERSAL,BUY,-1,2026.08.17 18:29:40,2026.08.17 19:43:30,73,3254.158,3262.402,8244.0,5582.55,0.532,0.791,TP_HIT,3261.96697,3264.4481,3257.50095,0,0.037,0.64,3261.96697,0.35,0,0.55,0.58,0,0,0,0,0.0,0,0.756,0.481,1,0.756,0.174,0.088,0.381,0.25,0.0,3261.96697,0.725,1.322,1,1,0.0,0,15532,0.217,0.8,0,0.4,0.185,0.14,0.16,0.727,0.9,1,0.615,423.0,10500.1
98253,XAUGBPm_20260817183348_3,XAUGBPm,TREND_CONTINUATION,BUY,-1,2026.08.17 18:33:48,2026.08.17 19:43:30,69,3249.962,3262.402,12440.0,8508.58,0.123,1.199,TP_HIT,3261.96697,3264.4481,3257.50095,0,0.037,0.64,3261.96697,0.35,0,0.55,0.58,0,0,0,0,0.0,0,0.756,0.476,1,0.756,0.174,0.088,0.351,0.25,0.0,3261.96697,0.725,1.276,1,1,0.0,0,15532,0.396,1.01,0,0.4,0.185,0.14,0.16,0.727,0.9,1,0.615,423.0,10500.1
98260,XAUGBPm_20260817190129_5,XAUGBPm,MEAN_REVERSION,BUY,-1,2026.08.17 19:01:29,2026.08.17 19:44:09,42,3254.13,3262.897,8767.0,5936.84,0.367,0.823,TP_HIT,3262.44218,3264.6593,3257.5645,0,0.385,0.122,3262.44218,0.4,0,0.9,0.615,0,0,0,0,0.0,0,0.727,0.402,1,0.727,0.185,0.14,0.427,0.4,0.0,3262.44218,0.738,1.301,1,1,0.0,0,15533,0.656,1.04,0,0.4,0.185,0.14,0.216,0.727,0.9,1,0.615,423.0,10500.1
98265,XAUGBPm_20260817191612_1,XAUGBPm,BREAKOUT_RETEST,BUY,-1,2026.08.17 19:16:12,2026.08.17 19:44:09,27,3258.353,3262.897,4544.0,3077.11,0.054,0.421,TP_HIT,3262.44218,3264.6593,3257.5645,1,0.385,0.122,3262.44218,0.4,0,0.9,0.615,0,0,0,0,0.0,0,0.727,0.389,1,0.727,0.185,0.14,0.354,0.4,0.0,3262.44218,0.738,1.191,1,1,0.0,0,15533,0.532,1.43,0,0.4,0.185,0.14,0.216,0.727,0.9,1,0.615,423.0,10500.1
98275,XAUGBPm_20260817200313_0,XAUGBPm,BREAKOUT,BUY,0,2026.08.17 20:03:13,2026.08.17 20:03:38,0,3262.914,3261.999,-915.0,-619.66,0.073,0.0,SL_HIT,3261.55532,3264.6593,3255.7908,1,0.007,0.171,3261.55532,0.5,0,0.65,0.825,0,0,0,0,0.0,0,0.691,0.37,1,0.691,0.247,0.053,0.061,0.15,0.0,3255.7908,0.6,0.901,1,2,0.0,0,15534,0.288,1.67,0,0.15,0.247,0.053,0.061,0.691,0.65,1,0.825,423.0,10788.9
98276,XAUGBPm_20260817200313_0,XAUGBPm,BREAKOUT,BUY,1,2026.08.17 20:03:13,2026.08.17 20:05:20,2,3262.914,3261.684,-1230.0,-832.98,0.103,0.0,SL_HIT,3261.55532,3264.6593,3255.7908,1,0.007,0.171,3261.55532,0.5,0,0.65,0.825,0,0,0,0,0.0,0,0.691,0.37,1,0.691,0.247,0.053,0.061,0.15,0.0,3255.7908,0.6,0.901,1,2,0.0,0,15534,0.288,1.67,0,0.15,0.247,0.053,0.068,0.691,0.65,1,0.825,423.0,10788.9
98280,XAUGBPm_20260817202609_2,XAUGBPm,PULLBACK,BUY,0,2026.08.17 20:26:09,2026.08.17 20:28:04,1,3260.223,3259.644,-579.0,-392.11,0.048,0.0,SL_HIT,3261.55532,3264.6593,3255.7908,1,0.007,0.171,3261.55532,0.5,0,0.65,0.825,0,0,0,0,0.0,0,0.691,0.392,1,0.691,0.247,0.053,0.184,0.15,0.0,3255.7908,0.6,1.086,1,2,0.0,0,15534,0.517,1.05,0,0.15,0.247,0.053,0.184,0.691,0.65,1,0.825,423.0,10788.9
98284,XAUGBPm_20260817203349_3,XAUGBPm,TREND_CONTINUATION,BUY,0,2026.08.17 20:33:50,2026.08.17 20:35:55,2,3260.18,3259.589,-591.0,-400.23,0.048,0.0,SL_HIT,3261.55532,3264.6593,3255.7908,1,0.007,0.171,3261.55532,0.5,0,0.65,0.825,0,0,0,0,0.0,0,0.691,0.392,1,0.691,0.247,0.053,0.184,0.15,0.0,3255.7908,0.6,1.086,1,2,0.0,0,15534,0.432,2.08,0,0.15,0.247,0.053,0.184,0.691,0.65,1,0.825,423.0,10788.9
98281,XAUGBPm_20260817202609_2,XAUGBPm,PULLBACK,BUY,1,2026.08.17 20:26:09,2026.08.17 20:53:42,27,3260.223,3260.062,-161.0,-109.02,0.063,0.076,SL_HIT,3261.55532,3264.6593,3255.7908,1,0.007,0.171,3261.55532,0.5,0,0.65,0.825,0,0,0,0,0.0,0,0.691,0.392,1,0.691,0.247,0.053,0.184,0.15,0.0,3255.7908,0.6,1.086,1,2,0.0,0,15534,0.517,1.05,0,0.15,0.247,0.053,0.184,0.691,0.65,1,0.825,423.0,10788.9
98285,XAUGBPm_20260817203349_3,XAUGBPm,TREND_CONTINUATION,BUY,1,2026.08.17 20:33:50,2026.08.17 20:53:42,19,3260.18,3260.062,-118.0,-79.91,0.059,0.08,SL_HIT,3261.55532,3264.6593,3255.7908,1,0.007,0.171,3261.55532,0.5,0,0.65,0.825,0,0,0,0,0.0,0,0.691,0.392,1,0.691,0.247,0.053,0.184,0.15,0.0,3255.7908,0.6,1.086,1,2,0.0,0,15534,0.432,2.08,0,0.15,0.247,0.053,0.184,0.691,0.65,1,0.825,423.0,10788.9
98290,XAUGBPm_20260817220315_0,XAUGBPm,BREAKOUT,BUY,0,2026.08.17 22:03:15,2026.08.17 22:03:36,0,3261.168,3260.515,-653.0,-442.23,0.042,0.0,SL_HIT,3261.44637,3263.37825,3255.65075,1,0.03,0.188,3261.44637,0.5,0,0.7,0.685,2,0,0,0,0.0,0,0.677,0.34,0,0.677,0.206,0.14,0.18,0.4,0.0,3255.65075,0.6,0.93,1,2,0.0,0,15535,0.295,4.48,0,0.4,0.206,0.14,0.18,0.677,0.7,1,0.685,482.0,10612.9
98291,XAUGBPm_20260817220315_0,XAUGBPm,BREAKOUT,BUY,1,2026.08.17 22:03:15,2026.08.17 22:06:28,3,3261.168,3260.115,-1053.0,-713.09,0.09,0.0,SL_HIT,3261.44637,3263.37825,3255.65075,1,0.03,0.188,3261.44637,0.5,0,0.7,0.685,2,0,0,0,0.0,0,0.677,0.34,0,0.677,0.206,0.14,0.18,0.4,0.0,3255.65075,0.6,0.93,1,2,0.0,0,15535,0.295,4.48,0,0.4,0.206,0.14,0.165,0.677,0.7,1,0.685,423.0,10612.9
98295,XAUGBPm_20260817222611_2,XAUGBPm,PULLBACK,BUY,0,2026.08.17 22:26:11,2026.08.17 22:26:42,0,3259.817,3258.905,-912.0,-617.67,0.072,0.0,SL_HIT,3261.44637,3263.37825,3255.65075,1,0.03,0.188,3261.44637,0.5,0,0.7,0.685,2,0,0,0,0.0,0,0.677,0.357,1,0.677,0.206,0.14,0.277,0.4,0.0,3255.65075,0.6,1.076,1,2,0.0,0,15535,0.511,1.19,0,0.4,0.206,0.14,0.277,0.677,0.7,1,0.685,423.0,10612.9
98296,XAUGBPm_20260817222611_2,XAUGBPm,PULLBACK,BUY,1,2026.08.17 22:26:11,2026.08.17 22:26:50,0,3259.817,3258.403,-1414.0,-957.66,0.122,0.0,SL_HIT,3261.44637,3263.37825,3255.65075,1,0.03,0.188,3261.44637,0.5,0,0.7,0.685,2,0,0,0,0.0,0,0.677,0.357,1,0.677,0.206,0.14,0.277,0.4,0.0,3255.65075,0.6,1.076,1,2,0.0,0,15535,0.511,1.19,0,0.4,0.206,0.14,0.292,0.677,0.7,1,0.685,423.0,10612.9
98300,XAUGBPm_20260817223637_3,XAUGBPm,TREND_CONTINUATION,BUY,0,2026.08.17 22:36:37,2026.08.17 22:38:09,1,3259.289,3259.14,-149.0,-174.71,0.04,0.027,SL_HIT,3261.44637,3263.37825,3255.65075,1,0.03,0.188,3261.44637,0.5,0,0.7,0.685,2,0,0,0,0.0,0,0.677,0.357,1,0.677,0.206,0.14,0.277,0.4,0.0,3255.65075,0.6,1.076,1,2,0.0,0,15535,0.424,2.08,0,0.4,0.206,0.14,0.277,0.677,0.7,1,0.685,423.0,10612.9
98301,XAUGBPm_20260817223637_3,XAUGBPm,TREND_CONTINUATION,BUY,1,2026.08.17 22:36:37,2026.08.17 22:39:36,2,3259.398,3258.54,-858.0,-581.0,0.069,0.017,SL_HIT,3261.44637,3263.37825,3255.65075,1,0.03,0.188,3261.44637,0.5,0,0.7,0.685,2,0,0,0,0.0,0,0.677,0.357,1,0.677,0.206,0.14,0.277,0.4,0.0,3255.65075,0.6,1.076,1,2,0.0,0,15535,0.424,2.08,0,0.4,0.206,0.14,0.292,0.677,0.7,1,0.685,423.0,10612.9
98305,XAUGBPm_20260817230001_5,XAUGBPm,MEAN_REVERSION,BUY,0,2026.08.17 23:00:01,2026.08.17 23:00:17,0,3257.358,3255.945,-1413.0,-956.9,0.127,0.0,SL_HIT,3259.90087,3263.37825,3254.878,1,0.175,0.126,3259.90087,0.55,0,0.75,0.72,0,0,0,0,0.0,0,0.741,0.358,1,0.741,0.216,0.14,0.37,0.4,0.0,3260.28725,0.55,1.216,1,2,0.0,0,15536,0.639,1.09,0,0.4,0.216,0.14,0.424,0.741,0.75,1,0.72,423.0,10248.1
98304,XAUGBPm_20260817230001_5,XAUGBPm,MEAN_REVERSION,BUY,-1,2026.08.17 23:00:01,2026.08.17 23:16:33,16,3257.358,3260.891,3533.0,2392.78,0.138,0.326,TP_HIT,3259.90087,3263.37825,3254.878,1,0.175,0.126,3259.90087,0.55,0,0.75,0.72,0,0,0,0,0.0,0,0.741,0.358,1,0.741,0.216,0.14,0.37,0.4,0.0,3260.28725,0.55,1.216,1,2,0.0,0,15536,0.639,1.09,0,0.4,0.216,0.14,0.2,0.741,0.75,1,0.72,423.0,10248.1
98306,XAUGBPm_20260817230001_5,XAUGBPm,MEAN_REVERSION,BUY,1,2026.08.17 23:00:01,2026.08.17 23:16:33,16,3257.358,3260.891,3533.0,2392.78,0.138,0.326,TP_HIT,3259.90087,3263.37825,3254.878,1,0.175,0.126,3259.90087,0.55,0,0.75,0.72,0,0,0,0,0.0,0,0.741,0.358,1,0.741,0.216,0.14,0.37,0.4,0.0,3260.28725,0.55,1.216,1,2,0.0,0,15536,0.639,1.09,0,0.4,0.216,0.14,0.2,0.741,0.75,1,0.72,423.0,10248.1
98309,XAUGBPm_20260817231631_1,XAUGBPm,BREAKOUT_RETEST,BUY,0,2026.08.17 23:16:31,2026.08.17 23:26:27,9,3261.123,3262.742,1619.0,1096.58,0.084,0.198,TRAIL_STOP,3259.90087,3263.37825,3254.878,1,0.175,0.126,3259.90087,0.55,0,0.75,0.72,0,0,0,0,0.0,0,0.741,0.328,0,0.741,0.216,0.14,0.2,0.4,0.0,3254.878,0.6,0.96,1,2,0.0,0,15536,0.463,2.25,0,0.4,0.216,0.14,0.39,0.741,0.75,1,0.72,423.0,10248.1
98310,XAUGBPm_20260817231631_1,XAUGBPm,BREAKOUT_RETEST,BUY,1,2026.08.17 23:16:31,2026.08.17 23:28:18,11,3261.123,3262.866,1743.0,1180.56,0.084,0.269,TRAIL_STOP,3259.90087,3263.37825,3254.878,1,0.175,0.126,3259.90087,0.55,0,0.75,0.72,0,0,0,0,0.0,0,0.741,0.328,0,0.741,0.216,0.14,0.2,0.4,0.0,3254.878,0.6,0.96,1,2,0.0,0,15536,0.463,2.25,0,0.4,0.216,0.14,0.39,0.741,0.75,1,0.72,423.0,10248.1
98279,XAUGBPm_20260817202609_2,XAUGBPm,PULLBACK,BUY,-1,2026.08.17 20:26:09,2026.08.17 23:59:27,213,3260.223,3265.626,5403.0,3660.53,0.397,0.488,TP_HIT,3261.55532,3264.6593,3255.7908,1,0.007,0.171,3261.55532,0.5,0,0.65,0.825,0,0,0,0,0.0,0,0.691,0.392,1,0.691,0.247,0.053,0.184,0.15,0.0,3255.7908,0.6,1.086,1,2,0.0,0,15534,0.517,1.05,0,0.4,0.216,0.14,0.435,0.741,0.75,0,0.72,423.0,10248.1
98294,XAUGBPm_20260817222611_2,XAUGBPm,PULLBACK,BUY,-1,2026.08.17 22:26:11,2026.08.17 23:59:27,93,3259.817,3265.626,5809.0,3935.6,0.365,0.535,TP_HIT,3261.44637,3263.37825,3255.65075,1,0.03,0.188,3261.44637,0.5,0,0.7,0.685,2,0,0,0,0.0,0,0.677,0.357,1,0.677,0.206,0.14,0.277,0.4,0.0,3255.65075,0.6,1.076,1,2,0.0,0,15535,0.511,1.19,0,0.4,0.216,0.14,0.435,0.741,0.75,0,0.72,423.0,10248.1
98143,XAUGBPm_20260817052117_0,XAUGBPm,BREAKOUT,BUY,-1,2026.08.17 05:21:17,2026.08.18 00:00:02,1118,3242.294,3267.294,25000.0,16668.06,1.376,2.441,TP_HIT,3242.32872,3247.8125,3238.83905,1,0.052,0.148,3242.32872,0.45,0,0.55,0.755,0,0,0,0,0.0,0,0.718,0.389,1,0.718,0.226,0.053,0.06,0.15,0.0,3238.83905,0.6,0.9,1,2,0.427,0,15519,0.262,1.67,0,0.15,0.279,0.053,0.354,0.698,1.0,0,0.93,423.0,10493.4
98175,XAUGBPm_20260817072126_0,XAUGBPm,BREAKOUT,BUY,-1,2026.08.17 07:21:26,2026.08.18 00:00:02,998,3242.877,3267.489,24612.0,16405.17,1.463,2.5,TP_HIT,3243.02742,3244.9029,3240.6161,1,0.363,0.021,3243.02742,0.4,0,0.975,0.825,0,0,0,0,0.0,0,0.767,0.502,2,0.767,0.247,0.233,0.084,0.15,0.0,0.0,0.0,0.936,1,2,0.427,0,15521,0.418,1.67,0,0.15,0.279,0.053,0.354,0.698,1.0,0,0.93,423.0,10493.4
98308,XAUGBPm_20260817231631_1,XAUGBPm,BREAKOUT_RETEST,BUY,-1,2026.08.17 23:16:31,2026.08.18 00:00:02,43,3261.123,3268.13,7007.0,4477.17,0.084,0.656,TP_HIT,3259.90087,3263.37825,3254.878,1,0.175,0.126,3259.90087,0.55,0,0.75,0.72,0,0,0,0,0.0,0,0.741,0.328,0,0.741,0.216,0.14,0.2,0.4,0.0,3254.878,0.6,0.96,1,2,0.0,0,15536,0.463,2.25,0,0.15,0.279,0.053,0.354,0.698,1.0,0,0.93,423.0,10493.4
98318,XAUGBPm_20260818000000_7,XAUGBPm,ANCHORED_PULLBACK,BUY,0,2026.08.18 00:00:00,2026.08.18 00:00:03,0,3266.811,3268.283,1472.0,1103.08,0.066,0.19,TRAIL_STOP,3260.2585,3263.8504,3258.263,0,0.342,0.038,3260.2585,0.35,0,1.0,0.93,0,0,0,1,0.0,0,0.678,0.427,1,0.678,0.279,0.053,0.654,0.15,-0.2776,3260.2585,0.735,1.342,1,2,0.0,0,15537,0.433,10.99,0,0.15,0.279,0.053,0.354,0.698,1.0,0,0.93,423.0,10493.4
98319,XAUGBPm_20260818000000_7,XAUGBPm,ANCHORED_PULLBACK,BUY,1,2026.08.18 00:00:00,2026.08.18 00:00:03,0,3266.655,3267.71,1055.0,714.83,0.051,0.205,TRAIL_STOP,3260.2585,3263.8504,3258.263,0,0.342,0.038,3260.2585,0.35,0,1.0,0.93,0,0,0,1,0.0,0,0.678,0.427,1,0.678,0.279,0.053,0.654,0.15,-0.2776,3260.2585,0.735,1.342,1,2,0.0,0,15537,0.433,10.99,0,0.15,0.279,0.053,0.354,0.698,1.0,0,0.93,423.0,10493.4
98317,XAUGBPm_20260818000000_7,XAUGBPm,ANCHORED_PULLBACK,BUY,-1,2026.08.18 00:00:00,2026.08.18 00:00:24,0,3266.668,3264.753,-1915.0,-1394.43,0.17,0.204,SL_HIT,3260.2585,3263.8504,3258.263,0,0.342,0.038,3260.2585,0.35,0,1.0,0.93,0,0,0,1,0.0,0,0.678,0.427,1,0.678,0.279,0.053,0.654,0.15,-0.2776,3260.2585,0.735,1.342,1,2,0.0,0,15537,0.433,10.99,0,0.15,0.279,0.053,0.334,0.698,1.0,0,0.93,423.0,10493.4
98327,XAUGBPm_20260818000315_0,XAUGBPm,BREAKOUT,BUY,0,2026.08.18 00:03:15,2026.08.18 00:03:29,0,3261.575,3261.622,47.0,31.84,0.051,0.051,TRAIL_STOP,3260.2585,3263.8504,3258.263,1,0.342,0.038,3260.2585,0.35,0,1.0,0.93,0,0,0,1,0.0,0,0.698,0.397,1,0.698,0.279,0.053,0.157,0.15,0.0,0.0,0.0,1.046,1,2,0.0,0,15537,0.399,1.67,0,0.15,0.279,0.053,0.228,0.698,1.0,1,0.93,423.0,10493.4
98328,XAUGBPm_20260818000315_0,XAUGBPm,BREAKOUT,BUY,1,2026.08.18 00:03:15,2026.08.18 00:05:49,2,3261.575,3264.184,2609.0,1767.99,0.051,0.375,TRAIL_STOP,3260.2585,3263.8504,3258.263,1,0.342,0.038,3260.2585,0.35,0,1.0,0.93,0,0,0,1,0.0,0,0.698,0.397,1,0.698,0.279,0.053,0.157,0.15,0.0,0.0,0.0,1.046,1,2,0.0,0,15537,0.399,1.67,0,0.15,0.279,0.053,0.298,0.698,1.0,0,0.93,423.0,10493.4
98165,XAUGBPm_20260817071926_2,XAUGBPm,PULLBACK,BUY,-1,2026.08.17 07:19:26,2026.08.18 00:29:08,1029,3242.899,3270.762,27863.0,18514.64,1.465,2.842,TP_HIT,3243.02742,3244.9029,3240.6161,1,0.363,0.021,3243.02742,0.4,0,0.975,0.825,0,0,0,0,0.0,0,0.767,0.502,2,0.767,0.247,0.233,0.084,0.15,0.0,0.0,0.0,0.936,1,2,0.427,0,15521,0.642,1.9,0,0.15,0.279,0.053,0.354,0.698,1.0,0,0.93,424.0,10493.4
98332,XAUGBPm_20260818002616_2,XAUGBPm,PULLBACK,BUY,0,2026.08.18 00:26:16,2026.08.18 00:51:17,25,3267.775,3269.169,1394.0,1018.83,0.173,0.408,TRAIL_STOP,3260.2585,3263.8504,3258.263,0,0.342,0.038,3260.2585,0.35,0,1.0,0.93,0,0,0,1,0.0,0,0.698,0.432,1,0.698,0.279,0.053,0.354,0.15,0.0,3260.2585,0.735,1.342,1,2,0.0,0,15537,0.492,5.94,0,0.15,0.279,0.053,0.354,0.698,1.0,0,0.93,424.0,10493.4
98336,XAUGBPm_20260818003638_3,XAUGBPm,TREND_CONTINUATION,BUY,0,2026.08.18 00:36:38,2026.08.18 00:51:17,14,3271.006,3269.169,-1837.0,-1244.5,0.25,0.1,SL_HIT,3260.2585,3263.8504,3258.263,0,0.342,0.038,3260.2585,0.35,0,1.0,0.93,0,0,0,1,0.0,0,0.698,0.432,1,0.698,0.279,0.053,0.354,0.15,0.0,3260.2585,0.735,1.342,1,2,0.0,0,15537,0.577,2.08,0,0.15,0.279,0.053,0.354,0.698,1.0,0,0.93,424.0,10493.4
98333,XAUGBPm_20260818002616_2,XAUGBPm,PULLBACK,BUY,1,2026.08.18 00:26:16,2026.08.18 00:53:45,27,3267.665,3268.852,1187.0,728.9,0.163,0.418,TRAIL_STOP,3260.2585,3263.8504,3258.263,0,0.342,0.038,3260.2585,0.35,0,1.0,0.93,0,0,0,1,0.0,0,0.698,0.432,1,0.698,0.279,0.053,0.354,0.15,0.0,3260.2585,0.735,1.342,1,2,0.0,0,15537,0.492,5.94,0,0.15,0.279,0.053,0.354,0.698,1.0,0,0.93,424.0,10493.4
98337,XAUGBPm_20260818003638_3,XAUGBPm,TREND_CONTINUATION,BUY,1,2026.08.18 00:36:38,2026.08.18 00:53:45,17,3271.006,3268.852,-2154.0,-1459.27,0.25,0.1,SL_HIT,3260.2585,3263.8504,3258.263,0,0.342,0.038,3260.2585,0.35,0,1.0,0.93,0,0,0,1,0.0,0,0.698,0.432,1,0.698,0.279,0.053,0.354,0.15,0.0,3260.2585,0.735,1.342,1,2,0.0,0,15537,0.577,2.08,0,0.15,0.279,0.053,0.354,0.698,1.0,0,0.93,424.0,10493.4
98343,XAUGBPm_20260818011648_1,XAUGBPm,BREAKOUT_RETEST,BUY,0,2026.08.18 01:16:48,2026.08.18 01:16:56,0,3266.096,3265.962,-134.0,-90.79,0.027,0.027,SL_HIT,3260.62577,3266.1576,3256.79605,1,0.799,0.016,3269.13627,0.55,0,1.0,0.965,0,0,0,1,0.0,0,0.69,0.453,1,0.69,0.29,0.134,0.286,0.15,0.0,3269.13627,0.731,1.238,1,2,0.0,0,15538,0.623,1.06,0,0.15,0.29,0.134,0.286,0.69,1.0,1,0.965,423.0,10865.3
98344,XAUGBPm_20260818011648_1,XAUGBPm,BREAKOUT_RETEST,BUY,1,2026.08.18 01:16:48,2026.08.18 01:17:58,1,3266.096,3265.99,-106.0,-71.81,0.027,0.08,SL_HIT,3260.62577,3266.1576,3256.79605,1,0.799,0.016,3269.13627,0.55,0,1.0,0.965,0,0,0,1,0.0,0,0.69,0.453,1,0.69,0.29,0.134,0.286,0.15,0.0,3269.13627,0.731,1.238,1,2,0.0,0,15538,0.623,1.06,0,0.15,0.29,0.134,0.286,0.69,1.0,1,0.965,423.0,10865.3
98342,XAUGBPm_20260818011648_1,XAUGBPm,BREAKOUT_RETEST,BUY,-1,2026.08.18 01:16:48,2026.08.18 01:34:38,17,3266.096,3262.786,-3310.0,-2242.62,0.295,0.08,SL_HIT,3260.62577,3266.1576,3256.79605,1,0.799,0.016,3269.13627,0.55,0,1.0,0.965,0,0,0,1,0.0,0,0.69,0.453,1,0.69,0.29,0.134,0.286,0.15,0.0,3269.13627,0.731,1.238,1,2,0.0,0,15538,0.623,1.06,0,0.15,0.29,0.134,0.147,0.69,1.0,1,0.965,423.0,10865.3
98331,XAUGBPm_20260818002616_2,XAUGBPm,PULLBACK,BUY,-1,2026.08.18 00:26:16,2026.08.18 01:38:52,72,3267.775,3262.426,-5349.0,-3624.62,0.497,0.569,SL_HIT,3260.2585,3263.8504,3258.263,0,0.342,0.038,3260.2585,0.35,0,1.0,0.93,0,0,0,1,0.0,0,0.698,0.432,1,0.698,0.279,0.053,0.354,0.15,0.0,3260.2585,0.735,1.342,1,2,0.0,0,15537,0.492,5.94,0,0.15,0.29,0.134,0.125,0.69,1.0,1,0.965,423.0,10865.3
98335,XAUGBPm_20260818003638_3,XAUGBPm,TREND_CONTINUATION,BUY,-1,2026.08.18 00:36:38,2026.08.18 01:44:02,67,3271.006,3258.298,-12708.0,-8609.23,1.199,0.261,SL_HIT,3260.2585,3263.8504,3258.263,0,0.342,0.038,3260.2585,0.35,0,1.0,0.93,0,0,0,1,0.0,0,0.698,0.432,1,0.698,0.279,0.053,0.354,0.15,0.0,3260.2585,0.735,1.342,1,2,0.0,0,15537,0.577,2.08,0,0.15,0.29,0.134,0.199,0.69,1.0,1,0.965,423.0,10865.3
98289,XAUGBPm_20260817220315_0,XAUGBPm,BREAKOUT,BUY,-1,2026.08.17 22:03:15,2026.08.18 01:45:41,222,3260.994,3254.967,-6027.0,-4470.94,0.554,1.201,SL_HIT,3261.44637,3263.37825,3255.65075,1,0.03,0.188,3261.44637,0.5,0,0.7,0.685,2,0,0,0,0.0,0,0.677,0.34,0,0.677,0.206,0.14,0.18,0.4,0.0,3255.65075,0.6,0.93,1,2,0.0,0,15535,0.295,4.48,0,0.15,0.29,0.134,0.339,0.69,1.0,0,0.965,423.0,10865.3
98353,XAUGBPm_20260818020003_4,XAUGBPm,SWEEP_REVERSAL,BUY,1,2026.08.18 02:00:03,2026.08.18 02:05:06,5,3254.087,3248.792,-5295.0,-3586.41,0.437,0.007,SL_HIT,3263.95668,3272.59255,3259.9266,0,0.758,0.08,3269.71393,0.55,0,1.0,0.9772,0,0,0,0,0.0,0,0.625,0.433,1,0.625,0.293,0.135,0.269,0.15,0.0,3263.95668,0.7,1.213,1,2,0.0,0,15539,0.187,0.87,0,0.15,0.293,0.135,0.312,0.625,1.0,0,0.9772,422.0,11882.4
98352,XAUGBPm_20260818020003_4,XAUGBPm,SWEEP_REVERSAL,BUY,0,2026.08.18 02:00:03,2026.08.18 02:10:10,10,3254.087,3247.886,-6201.0,-4199.63,0.527,0.0,SL_HIT,3263.95668,3272.59255,3259.9266,0,0.758,0.08,3269.71393,0.55,0,1.0,0.9772,0,0,0,0,0.0,0,0.625,0.433,1,0.625,0.293,0.135,0.269,0.15,0.0,3263.95668,0.7,1.213,1,2,0.0,0,15539,0.187,0.87,0,0.15,0.293,0.135,0.312,0.625,1.0,0,0.9772,422.0,11882.4
98283,XAUGBPm_20260817203349_3,XAUGBPm,TREND_CONTINUATION,BUY,-1,2026.08.17 20:33:49,2026.08.18 02:34:01,360,3260.18,3247.215,-12965.0,-9049.12,1.19,1.257,SL_HIT,3261.55532,3264.6593,3255.7908,1,0.007,0.171,3261.55532,0.5,0,0.65,0.825,0,0,0,0,0.0,0,0.691,0.392,1,0.691,0.247,0.053,0.184,0.15,0.0,3255.7908,0.6,1.086,1,2,0.0,0,15534,0.432,2.08,0,0.15,0.293,0.135,0.312,0.625,1.0,0,0.9772,422.0,11882.4
98274,XAUGBPm_20260817200313_0,XAUGBPm,BREAKOUT,BUY,-1,2026.08.17 20:03:13,2026.08.18 02:34:01,390,3262.914,3246.666,-16248.0,-11272.08,1.491,1.004,SL_HIT,3261.55532,3264.6593,3255.7908,1,0.007,0.171,3261.55532,0.5,0,0.65,0.825,0,0,0,0,0.0,0,0.691,0.37,1,0.691,0.247,0.053,0.061,0.15,0.0,3255.7908,0.6,0.901,1,2,0.0,0,15534,0.288,1.67,0,0.15,0.293,0.135,0.312,0.625,1.0,0,0.9772,422.0,11882.4
98299,XAUGBPm_20260817223637_3,XAUGBPm,TREND_CONTINUATION,BUY,-1,2026.08.17 22:36:37,2026.08.18 02:34:02,237,3259.289,3246.548,-12741.0,-8897.44,1.189,1.362,SL_HIT,3261.44637,3263.37825,3255.65075,1,0.03,0.188,3261.44637,0.5,0,0.7,0.685,2,0,0,0,0.0,0,0.677,0.357,1,0.677,0.206,0.14,0.277,0.4,0.0,3255.65075,0.6,1.076,1,2,0.0,0,15535,0.424,2.08,0,0.15,0.293,0.135,0.312,0.625,1.0,0,0.9772,422.0,11882.4
98360,XAUGBPm_20260818023442_2,XAUGBPm,PULLBACK,BUY,0,2026.08.18 02:34:42,2026.08.18 02:35:11,0,3246.535,3245.933,-602.0,-407.63,0.039,0.0,SL_HIT,3263.95668,3272.59255,3259.9266,0,0.758,0.08,3269.71393,0.55,0,1.0,0.9772,0,0,0,0,0.0,0,0.625,0.44,1,0.625,0.293,0.135,0.312,0.15,0.0,3263.95668,0.7,1.279,1,2,0.0,0,15539,0.498,1.0,0,0.15,0.293,0.135,0.312,0.625,1.0,0,0.9772,422.0,11882.4
98326,XAUGBPm_20260818000315_0,XAUGBPm,BREAKOUT,BUY,-1,2026.08.18 00:03:15,2026.08.18 02:35:18,152,3261.575,3245.806,-15769.0,-10677.51,1.491,1.16,SL_HIT,3260.2585,3263.8504,3258.263,1,0.342,0.038,3260.2585,0.35,0,1.0,0.93,0,0,0,1,0.0,0,0.698,0.397,1,0.698,0.279,0.053,0.157,0.15,0.0,0.0,0.0,1.046,1,2,0.0,0,15537,0.399,1.67,0,0.15,0.293,0.135,0.312,0.625,1.0,0,0.9772,422.0,11882.4
98365,XAUGBPm_20260818023638_3,XAUGBPm,TREND_CONTINUATION,BUY,0,2026.08.18 02:36:38,2026.08.18 02:37:18,0,3247.661,3247.232,-429.0,-290.48,0.066,0.005,SL_HIT,3263.95668,3272.59255,3259.9266,0,0.758,0.08,3269.71393,0.55,0,1.0,0.9772,0,0,0,0,0.0,0,0.625,0.44,1,0.625,0.293,0.135,0.312,0.15,0.0,3263.95668,0.7,1.279,1,2,0.0,0,15539,0.585,1.17,0,0.15,0.293,0.135,0.312,0.625,1.0,0,0.9772,422.0,11882.4
98361,XAUGBPm_20260818023442_2,XAUGBPm,PULLBACK,BUY,1,2026.08.18 02:34:42,2026.08.18 02:38:53,4,3246.535,3247.573,1038.0,702.82,0.071,0.187,TRAIL_STOP,3263.95668,3272.59255,3259.9266,0,0.758,0.08,3269.71393,0.55,0,1.0,0.9772,0,0,0,0,0.0,0,0.625,0.44,1,0.625,0.293,0.135,0.312,0.15,0.0,3263.95668,0.7,1.279,1,2,0.0,0,15539,0.498,1.0,0,0.15,0.293,0.135,0.312,0.625,1.0,0,0.9772,422.0,11882.4
98366,XAUGBPm_20260818023638_3,XAUGBPm,TREND_CONTINUATION,BUY,1,2026.08.18 02:36:38,2026.08.18 02:38:53,2,3247.661,3247.573,-88.0,-59.59,0.066,0.092,SL_HIT,3263.95668,3272.59255,3259.9266,0,0.758,0.08,3269.71393,0.55,0,1.0,0.9772,0,0,0,0,0.0,0,0.625,0.44,1,0.625,0.293,0.135,0.312,0.15,0.0,3263.95668,0.7,1.279,1,2,0.0,0,15539,0.585,1.17,0,0.15,0.293,0.135,0.312,0.625,1.0,0,0.9772,422.0,11882.4
98371,XAUGBPm_20260818030004_5,XAUGBPm,MEAN_REVERSION,BUY,0,2026.08.18 03:00:04,2026.08.18 03:00:30,0,3248.626,3248.517,109.0,6.1,0.035,0.038,TRAIL_STOP,3264.20622,3273.744,3253.2011,0,1.21,0.604,3273.01033,0.7,0,0.309,-0.4413,0,0,0,0,0.0,0,0.752,0.511,2,0.752,0.132,0.0,0.175,0.0,0.0,3264.20622,0.7,1.163,1,2,0.0,0,15540,0.715,1.65,0,0.0,0.132,0.0,0.175,0.752,0.309,0,-0.4413,422.0,12106.2
98372,XAUGBPm_20260818030004_5,XAUGBPm,MEAN_REVERSION,BUY,1,2026.08.18 03:00:04,2026.08.18 03:03:08,3,3248.508,3250.429,1921.0,1300.83,0.025,0.255,TRAIL_STOP,3264.20622,3273.744,3253.2011,0,1.21,0.604,3273.01033,0.7,0,0.309,-0.4413,0,0,0,0,0.0,0,0.752,0.511,2,0.752,0.132,0.0,0.175,0.0,0.0,3264.20622,0.7,1.163,1,2,0.0,0,15540,0.715,1.65,0,0.0,0.132,0.0,0.157,0.752,0.309,0,-0.4413,422.0,12106.2
98376,XAUGBPm_20260818050131_5,XAUGBPm,MEAN_REVERSION,BUY,0,2026.08.18 05:01:31,2026.08.18 05:02:00,0,3245.819,3245.06,-759.0,-513.65,0.063,0.0,SL_HIT,3246.34037,3256.46575,3242.446,1,0.064,1.152,3271.26438,0.45,0,0.55,-0.755,2,0,0,0,0.0,0,0.621,0.4,1,0.621,0.226,0.0,0.039,0.0,0.0,3256.46575,0.6,0.958,1,2,0.428,0,15542,0.601,2.8,0,0.0,0.226,0.0,0.039,0.621,0.55,1,-0.755,422.0,10018.7
98377,XAUGBPm_20260818050131_5,XAUGBPm,MEAN_REVERSION,BUY,1,2026.08.18 05:01:31,2026.08.18 05:02:53,1,3245.819,3244.63,-1189.0,-804.68,0.113,0.0,SL_HIT,3246.34037,3256.46575,3242.446,1,0.064,1.152,3271.26438,0.45,0,0.55,-0.755,2,0,0,0,0.0,0,0.621,0.4,1,0.621,0.226,0.0,0.039,0.0,0.0,3256.46575,0.6,0.958,1,2,0.428,0,15542,0.601,2.8,0,0.0,0.226,0.0,0.039,0.621,0.55,1,-0.755,422.0,10018.7
98351,XAUGBPm_20260818020003_4,XAUGBPm,SWEEP_REVERSAL,BUY,-1,2026.08.18 02:00:03,2026.08.18 05:30:01,209,3254.087,3242.13,-11957.0,-8093.99,0.999,0.0,SL_HIT,3263.95668,3272.59255,3259.9266,0,0.758,0.08,3269.71393,0.55,0,1.0,0.9772,0,0,0,0,0.0,0,0.625,0.433,1,0.625,0.293,0.135,0.269,0.15,0.0,3263.95668,0.7,1.213,1,2,0.0,0,15539,0.187,0.87,0,0.0,0.226,0.0,0.24,0.621,0.55,0,-0.755,422.0,10018.7
98375,XAUGBPm_20260818050131_5,XAUGBPm,MEAN_REVERSION,BUY,-1,2026.08.18 05:01:31,2026.08.18 05:30:01,28,3245.819,3241.78,-4039.0,-2734.1,0.392,0.162,SL_HIT,3246.34037,3256.46575,3242.446,1,0.064,1.152,3271.26438,0.45,0,0.55,-0.755,2,0,0,0,0.0,0,0.621,0.4,1,0.621,0.226,0.0,0.039,0.0,0.0,3256.46575,0.6,0.958,1,2,0.428,0,15542,0.601,2.8,0,0.0,0.226,0.0,0.24,0.621,0.55,0,-0.755,422.0,10018.7
98383,XAUGBPm_20260818090313_5,XAUGBPm,MEAN_REVERSION,BUY,0,2026.08.18 09:03:13,2026.08.18 09:03:52,0,3246.606,3246.5,-106.0,-71.71,0.029,0.031,SL_HIT,3246.44045,3252.3932,3244.4562,1,0.014,0.477,3246.44045,0.5,0,0.75,-0.72,0,0,0,0,0.0,0,0.663,0.436,1,0.663,0.216,0.226,0.1,0.25,0.0,3252.3932,0.6,0.9,1,2,0.0,0,15546,0.631,0.8,0,0.25,0.216,0.226,0.1,0.663,0.75,1,-0.72,423.0,9695.2
98384,XAUGBPm_20260818090313_5,XAUGBPm,MEAN_REVERSION,BUY,1,2026.08.18 09:03:13,2026.08.18 09:04:46,1,3246.606,3246.022,-584.0,-395.09,0.05,0.031,SL_HIT,3246.44045,3252.3932,3244.4562,1,0.014,0.477,3246.44045,0.5,0,0.75,-0.72,0,0,0,0,0.0,0,0.663,0.436,1,0.663,0.216,0.226,0.1,0.25,0.0,3252.3932,0.6,0.9,1,2,0.0,0,15546,0.631,0.8,0,0.25,0.216,0.226,0.124,0.663,0.75,1,-0.72,422.0,9695.2
98388,XAUGBPm_20260818092201_4,XAUGBPm,SWEEP_REVERSAL,BUY,0,2026.08.18 09:22:01,2026.08.18 09:22:21,0,3244.806,3243.946,-860.0,-581.87,0.075,0.0,SL_HIT,3246.44045,3252.3932,3244.4562,0,0.014,0.477,3246.44045,0.5,0,0.75,-0.72,0,0,0,0,0.0,0,0.663,0.467,1,0.663,0.216,0.226,0.273,0.25,0.0,3252.3932,0.6,1.16,1,2,0.0,0,15546,0.248,0.83,0,0.25,0.216,0.226,0.273,0.663,0.75,0,-0.72,422.0,9695.2
98389,XAUGBPm_20260818092201_4,XAUGBPm,SWEEP_REVERSAL,BUY,1,2026.08.18 09:22:01,2026.08.18 09:25:07,3,3244.806,3244.088,-718.0,-485.75,0.094,0.023,SL_HIT,3246.44045,3252.3932,3244.4562,0,0.014,0.477,3246.44045,0.5,0,0.75,-0.72,0,0,0,0,0.0,0,0.663,0.467,1,0.663,0.216,0.226,0.273,0.25,0.0,3252.3932,0.6,1.16,1,2,0.0,0,15546,0.248,0.83,0,0.25,0.216,0.226,0.273,0.663,0.75,0,-0.72,422.0,9695.2
98400,XAUGBPm_20260818120500_2,XAUGBPm,PULLBACK,BUY,1,2026.08.18 12:05:00,2026.08.18 12:08:50,3,3250.613,3247.019,-3594.0,-2430.62,0.391,0.0,SL_HIT,3246.86913,3249.64525,3245.1025,0,0.27,0.183,3246.86913,0.45,0,0.142,0.3769,0,0,0,0,0.0,0,0.827,0.526,2,0.827,0.113,0.195,0.279,0.15,0.0,3246.86913,0.754,1.228,1,2,0.0,0,15549,0.208,2.13,0,0.15,0.113,0.195,0.06,0.827,0.142,1,0.3769,423.0,8901.2
98398,XAUGBPm_20260818120500_2,XAUGBPm,PULLBACK,BUY,-1,2026.08.18 12:05:00,2026.08.18 12:08:52,3,3250.483,3246.885,-3598.0,-2433.31,0.402,0.0,SL_HIT,3246.86913,3249.64525,3245.1025,0,0.27,0.183,3246.86913,0.45,0,0.142,0.3769,0,0,0,0,0.0,0,0.827,0.526,2,0.827,0.113,0.195,0.279,0.15,0.0,3246.86913,0.754,1.228,1,2,0.0,0,15549,0.208,2.13,0,0.15,0.113,0.195,0.06,0.827,0.142,1,0.3769,423.0,8901.2
98399,XAUGBPm_20260818120500_2,XAUGBPm,PULLBACK,BUY,0,2026.08.18 12:05:00,2026.08.18 12:08:52,3,3250.483,3246.885,-3598.0,-2521.23,0.402,0.0,SL_HIT,3246.86913,3249.64525,3245.1025,0,0.27,0.183,3246.86913,0.45,0,0.142,0.3769,0,0,0,0,0.0,0,0.827,0.526,2,0.827,0.113,0.195,0.279,0.15,0.0,3246.86913,0.754,1.228,1,2,0.0,0,15549,0.208,2.13,0,0.15,0.113,0.195,0.06,0.827,0.142,1,0.3769,423.0,8901.2
98401,XAUGBPm_20260818120641_1,XAUGBPm,BREAKOUT_RETEST,BUY,-1,2026.08.18 12:06:41,2026.08.18 12:08:53,2,3249.496,3246.748,-2748.0,-1858.46,0.293,0.0,SL_HIT,3246.86913,3249.64525,3245.1025,1,0.27,0.183,3246.86913,0.45,0,0.142,0.3769,0,0,0,0,0.0,0,0.827,0.514,2,0.827,0.113,0.195,0.211,0.15,0.0,3245.1025,0.6,1.127,1,2,0.0,0,15549,0.245,1.06,0,0.15,0.113,0.195,0.06,0.827,0.142,1,0.3769,423.0,8901.2
98402,XAUGBPm_20260818120641_1,XAUGBPm,BREAKOUT_RETEST,BUY,0,2026.08.18 12:06:41,2026.08.18 12:08:53,2,3249.496,3246.748,-2748.0,-1858.46,0.293,0.0,SL_HIT,3246.86913,3249.64525,3245.1025,1,0.27,0.183,3246.86913,0.45,0,0.142,0.3769,0,0,0,0,0.0,0,0.827,0.514,2,0.827,0.113,0.195,0.211,0.15,0.0,3245.1025,0.6,1.127,1,2,0.0,0,15549,0.245,1.06,0,0.15,0.113,0.195,0.06,0.827,0.142,1,0.3769,423.0,8901.2
98403,XAUGBPm_20260818120641_1,XAUGBPm,BREAKOUT_RETEST,BUY,1,2026.08.18 12:06:41,2026.08.18 12:08:53,2,3249.496,3246.748,-2748.0,-1858.46,0.293,0.0,SL_HIT,3246.86913,3249.64525,3245.1025,1,0.27,0.183,3246.86913,0.45,0,0.142,0.3769,0,0,0,0,0.0,0,0.827,0.514,2,0.827,0.113,0.195,0.211,0.15,0.0,3245.1025,0.6,1.127,1,2,0.0,0,15549,0.245,1.06,0,0.15,0.113,0.195,0.06,0.827,0.142,1,0.3769,423.0,8901.2
98394,XAUGBPm_20260818120443_0,XAUGBPm,BREAKOUT,BUY,1,2026.08.18 12:04:43,2026.08.18 12:40:21,35,3249.541,3246.676,-2865.0,-1937.66,0.489,0.297,SL_HIT,3246.86913,3249.64525,3245.1025,1,0.27,0.183,3246.86913,0.45,0,0.142,0.3769,0,0,0,0,0.0,0,0.827,0.514,2,0.827,0.113,0.195,0.211,0.15,0.0,3245.1025,0.6,1.127,1,2,0.0,0,15549,0.171,1.67,0,0.15,0.113,0.195,0.06,0.827,0.142,1,0.3769,423.0,8901.2
98397,XAUGBPm_20260818120444_3,XAUGBPm,TREND_CONTINUATION,BUY,1,2026.08.18 12:04:45,2026.08.18 12:40:21,35,3249.648,3246.676,-2972.0,-2010.02,0.501,0.285,SL_HIT,3246.86913,3249.64525,3245.1025,1,0.27,0.183,3246.86913,0.45,0,0.142,0.3769,0,0,0,0,0.0,0,0.827,0.521,2,0.827,0.113,0.195,0.253,0.15,0.0,3245.1025,0.6,1.19,1,2,0.0,0,15549,0.246,2.08,0,0.15,0.113,0.195,0.06,0.827,0.142,1,0.3769,423.0,8901.2
98393,XAUGBPm_20260818120443_0,XAUGBPm,BREAKOUT,BUY,0,2026.08.18 12:04:43,2026.08.18 13:01:00,56,3249.541,3244.159,-5382.0,-3641.89,0.592,0.297,SL_HIT,3246.86913,3249.64525,3245.1025,1,0.27,0.183,3246.86913,0.45,0,0.142,0.3769,0,0,0,0,0.0,0,0.827,0.514,2,0.827,0.113,0.195,0.211,0.15,0.0,3245.1025,0.6,1.127,1,2,0.0,0,15549,0.171,1.67,0,0.0,0.153,0.177,0.235,0.705,0.29,0,0.5102,422.0,9079.8
98396,XAUGBPm_20260818120444_3,XAUGBPm,TREND_CONTINUATION,BUY,0,2026.08.18 12:04:45,2026.08.18 13:30:17,85,3249.648,3241.499,-8149.0,-5513.98,0.889,0.285,SL_HIT,3246.86913,3249.64525,3245.1025,1,0.27,0.183,3246.86913,0.45,0,0.142,0.3769,0,0,0,0,0.0,0,0.827,0.521,2,0.827,0.113,0.195,0.253,0.15,0.0,3245.1025,0.6,1.19,1,2,0.0,0,15549,0.246,2.08,0,0.0,0.153,0.177,0.293,0.705,0.29,0,0.5102,481.0,9079.8
98370,XAUGBPm_20260818030004_5,XAUGBPm,MEAN_REVERSION,BUY,-1,2026.08.18 03:00:04,2026.08.18 13:30:17,630,3248.626,3238.62,-10006.0,-6769.01,0.738,0.573,SL_HIT,3264.20622,3273.744,3253.2011,0,1.21,0.604,3273.01033,0.7,0,0.309,-0.4413,0,0,0,0,0.0,0,0.752,0.511,2,0.752,0.132,0.0,0.175,0.0,0.0,3264.20622,0.7,1.163,1,2,0.0,0,15540,0.715,1.65,0,0.0,0.153,0.177,0.293,0.705,0.29,0,0.5102,585.0,9079.8
98382,XAUGBPm_20260818090313_5,XAUGBPm,MEAN_REVERSION,BUY,-1,2026.08.18 09:03:13,2026.08.18 13:30:17,267,3246.606,3238.62,-7986.0,-5402.49,0.678,0.576,SL_HIT,3246.44045,3252.3932,3244.4562,1,0.014,0.477,3246.44045,0.5,0,0.75,-0.72,0,0,0,0,0.0,0,0.663,0.436,1,0.663,0.216,0.226,0.1,0.25,0.0,3252.3932,0.6,0.9,1,2,0.0,0,15546,0.631,0.8,0,0.0,0.153,0.177,0.293,0.705,0.29,0,0.5102,585.0,9079.8
98395,XAUGBPm_20260818120444_3,XAUGBPm,TREND_CONTINUATION,BUY,-1,2026.08.18 12:04:45,2026.08.18 13:30:17,85,3249.648,3238.62,-11028.0,-7460.39,1.08,0.285,SL_HIT,3246.86913,3249.64525,3245.1025,1,0.27,0.183,3246.86913,0.45,0,0.142,0.3769,0,0,0,0,0.0,0,0.827,0.521,2,0.827,0.113,0.195,0.253,0.15,0.0,3245.1025,0.6,1.19,1,2,0.0,0,15549,0.246,2.08,0,0.0,0.153,0.177,0.293,0.705,0.29,0,0.5102,585.0,9079.8
98392,XAUGBPm_20260818120443_0,XAUGBPm,BREAKOUT,BUY,-1,2026.08.18 12:04:43,2026.08.18 13:30:18,85,3249.541,3235.737,-13804.0,-9337.85,1.499,0.297,SL_HIT,3246.86913,3249.64525,3245.1025,1,0.27,0.183,3246.86913,0.45,0,0.142,0.3769,0,0,0,0,0.0,0,0.827,0.514,2,0.827,0.113,0.195,0.211,0.15,0.0,3245.1025,0.6,1.127,1,2,0.0,0,15549,0.171,1.67,0,0.0,0.153,0.177,0.293,0.705,0.29,0,0.5102,584.0,9079.8
98387,XAUGBPm_20260818092201_4,XAUGBPm,SWEEP_REVERSAL,BUY,-1,2026.08.18 09:22:01,2026.08.18 13:30:18,248,3244.806,3234.904,-9902.0,-6698.31,0.971,0.762,SL_HIT,3246.44045,3252.3932,3244.4562,0,0.014,0.477,3246.44045,0.5,0,0.75,-0.72,0,0,0,0,0.0,0,0.663,0.467,1,0.663,0.216,0.226,0.273,0.25,0.0,3252.3932,0.6,1.16,1,2,0.0,0,15546,0.248,0.83,0,0.0,0.153,0.177,0.293,0.705,0.29,0,0.5102,584.0,9079.8
98419,XAUGBPm_20260818133017_5,XAUGBPm,MEAN_REVERSION,BUY,1,2026.08.18 13:30:17,2026.08.18 13:31:48,1,3237.889,3244.322,6433.0,3602.1,0.372,0.696,TP_HIT,3246.37288,3249.66025,3245.61425,0,0.004,0.442,3246.37288,0.4,0,0.29,0.5102,0,0,0,0,0.0,0,0.705,0.555,2,0.705,0.153,0.177,0.293,0.0,0.0,3246.37288,0.751,1.339,1,2,0.0,0,15550,0.702,0.87,0,0.0,0.153,0.177,0.235,0.705,0.29,0,0.5102,422.0,9079.8
98422,XAUGBPm_20260818133017_4,XAUGBPm,SWEEP_REVERSAL,BUY,1,2026.08.18 13:30:17,2026.08.18 13:31:54,1,3237.323,3245.648,8325.0,5745.94,0.31,0.903,TP_HIT,3246.37288,3249.66025,3245.61425,0,0.004,0.442,3246.37288,0.4,0,0.29,0.5102,0,0,0,0,0.0,0,0.705,0.555,2,0.705,0.153,0.177,0.293,0.0,0.0,3246.37288,0.751,1.339,1,2,0.0,0,15550,0.183,0.91,0,0.0,0.153,0.177,0.126,0.705,0.29,1,0.5102,422.0,9079.8
98421,XAUGBPm_20260818133017_4,XAUGBPm,SWEEP_REVERSAL,BUY,0,2026.08.18 13:30:17,2026.08.18 13:32:07,1,3237.913,3246.263,8350.0,6050.37,0.375,0.903,TP_HIT,3246.37288,3249.66025,3245.61425,0,0.004,0.442,3246.37288,0.4,0,0.29,0.5102,0,0,0,0,0.0,0,0.705,0.555,2,0.705,0.153,0.177,0.293,0.0,0.0,3246.37288,0.751,1.339,1,2,0.0,0,15550,0.183,0.91,0,0.0,0.153,0.177,0.004,0.705,0.29,1,0.5102,422.0,9079.8
98418,XAUGBPm_20260818133017_5,XAUGBPm,MEAN_REVERSION,BUY,0,2026.08.18 13:30:17,2026.08.18 13:32:07,1,3240.239,3246.706,6467.0,5967.13,0.631,0.697,TP_HIT,3246.37288,3249.66025,3245.61425,0,0.004,0.442,3246.37288,0.4,0,0.29,0.5102,0,0,0,0,0.0,0,0.705,0.555,2,0.705,0.153,0.177,0.293,0.0,0.0,3246.37288,0.751,1.339,1,2,0.0,0,15550,0.702,0.87,0,0.0,0.153,0.177,0.001,0.705,0.29,1,0.5102,422.0,9079.8
98414,XAUGBPm_20260818133017_5,XAUGBPm,MEAN_REVERSION,BUY,-1,2026.08.18 13:30:17,2026.08.18 13:32:11,1,3240.622,3247.036,6414.0,4600.14,0.673,0.687,TP_HIT,3246.37288,3249.66025,3245.61425,0,0.004,0.442,3246.37288,0.4,0,0.29,0.5102,0,0,0,0,0.0,0,0.705,0.555,2,0.705,0.153,0.177,0.293,0.0,0.0,3246.37288,0.751,1.339,1,2,0.0,0,15550,0.702,0.87,0,0.0,0.153,0.177,0.001,0.705,0.29,1,0.5102,422.0,9079.8
98420,XAUGBPm_20260818133017_4,XAUGBPm,SWEEP_REVERSAL,BUY,-1,2026.08.18 13:30:17,2026.08.18 13:32:11,1,3238.763,3247.036,8273.0,6174.36,0.468,0.892,TP_HIT,3246.37288,3249.66025,3245.61425,0,0.004,0.442,3246.37288,0.4,0,0.29,0.5102,0,0,0,0,0.0,0,0.705,0.555,2,0.705,0.153,0.177,0.293,0.0,0.0,3246.37288,0.751,1.339,1,2,0.0,0,15550,0.183,0.91,0,0.0,0.153,0.177,0.001,0.705,0.29,1,0.5102,422.0,9079.8
98364,XAUGBPm_20260818023638_3,XAUGBPm,TREND_CONTINUATION,BUY,-1,2026.08.18 02:36:38,2026.08.18 14:43:20,726,3247.661,3233.351,-14310.0,-9692.45,1.193,0.665,SL_HIT,3263.95668,3272.59255,3259.9266,0,0.758,0.08,3269.71393,0.55,0,1.0,0.9772,0,0,0,0,0.0,0,0.625,0.44,1,0.625,0.293,0.135,0.312,0.15,0.0,3263.95668,0.7,1.279,1,2,0.0,0,15539,0.585,1.17,6,0.55,0.083,0.493,0.715,0.887,0.371,0,0.2775,421.0,9730.8
98359,XAUGBPm_20260818023442_2,XAUGBPm,PULLBACK,BUY,-1,2026.08.18 02:34:42,2026.08.18 14:53:25,738,3246.535,3228.694,-17841.0,-12082.1,1.497,0.76,SL_HIT,3263.95668,3272.59255,3259.9266,0,0.758,0.08,3269.71393,0.55,0,1.0,0.9772,0,0,0,0,0.0,0,0.625,0.44,1,0.625,0.293,0.135,0.312,0.15,0.0,3263.95668,0.7,1.279,1,2,0.0,0,15539,0.498,1.0,6,0.55,0.083,0.493,0.715,0.887,0.371,0,0.2775,583.0,9730.8
98137,XAUGBPm_20260817051922_2,XAUGBPm,PULLBACK,BUY,-1,2026.08.17 05:19:22,2026.08.18 14:58:47,2019,3242.343,3227.352,-14991.0,-10422.9,1.494,3.152,SL_HIT,3242.32872,3247.8125,3238.83905,1,0.052,0.148,3242.32872,0.45,0,0.55,0.755,0,0,0,0,0.0,0,0.718,0.389,1,0.718,0.226,0.053,0.06,0.15,0.0,3238.83905,0.6,0.9,1,2,0.427,0,15519,0.48,2.24,6,0.55,0.083,0.493,0.715,0.887,0.371,0,0.2775,421.0,9730.8
98101,XAUGBPm_20260817030001_2,XAUGBPm,PULLBACK,BUY,-1,2026.08.17 03:00:01,2026.08.18 14:58:57,2158,3242.989,3226.734,-16255.0,-11277.96,1.496,2.852,SL_HIT,3243.39293,3254.3971,3237.4676,1,0.043,0.828,3243.39293,0.5,0,0.45,0.51,0,0,0,0,0.0,0,0.692,0.405,1,0.692,0.153,0.171,0.121,0.25,0.0,3237.4676,0.6,0.932,1,1,0.416,0,15517,0.432,2.03,6,0.55,0.083,0.493,0.715,0.887,0.371,0,0.2775,421.0,9730.8
98015,XAUGBPm_20260814180444_2,XAUGBPm,PULLBACK,BUY,-1,2026.08.14 18:04:44,2026.08.18 14:59:06,5574,3238.029,3223.537,-14492.0,-10353.88,1.499,3.736,SL_HIT,3238.47102,3240.47425,3235.89545,1,0.191,0.348,3238.47102,0.4,0,0.8,0.79,0,0,0,0,0.0,0,0.771,0.455,1,0.771,0.237,0.199,0.189,0.25,0.0,0.0,0.0,1.034,1,1,0.4,0,15509,0.575,2.63,6,0.55,0.083,0.493,0.715,0.887,0.371,0,0.2775,420.0,9730.8
97969,XAUGBPm_20260814140001_2,XAUGBPm,PULLBACK,BUY,-1,2026.08.14 14:00:01,2026.08.18 15:19:04,5839,3235.643,3218.164,-17479.0,-12208.78,1.497,3.288,SL_HIT,3234.0699,3243.673,3227.4216,1,0.013,0.752,3234.0699,0.55,0,0.975,0.825,0,0,0,0,0.0,0,0.673,0.386,1,0.673,0.247,0.0,0.074,0.0,0.0,3227.4216,0.6,1.011,1,2,0.378,0,15505,0.613,2.31,6,0.45,0.133,0.457,0.675,0.799,0.31,0,-0.4418,420.0,11105.9
98438,XAUGBPm_20260818153017_4,XAUGBPm,SWEEP_REVERSAL,BUY,0,2026.08.18 15:30:17,2026.08.18 15:31:40,1,3217.754,3219.116,1362.0,921.83,0.101,0.363,TRAIL_STOP,3246.6474,3252.1942,3242.6854,0,1.733,0.021,3246.6474,0.3,0,0.31,-0.4418,0,1,0,-1,0.0,6,0.65,0.37,1,0.799,0.133,0.457,0.675,0.45,0.0,3246.6474,0.711,0.892,1,2,0.0,0,15552,0.542,2.64,6,0.45,0.133,0.457,0.675,0.799,0.31,0,-0.4418,420.0,11105.9
98442,XAUGBPm_20260818160001_5,XAUGBPm,MEAN_REVERSION,BUY,0,2026.08.18 16:00:02,2026.08.18 16:00:10,0,3223.882,3223.492,-390.0,-264.12,0.028,0.011,SL_HIT,3246.83867,3251.79605,3226.0177,0,1.865,0.565,3246.83867,0.65,2,0.75,-0.72,2,0,0,-1,0.0,0,0.501,0.363,1,0.501,0.216,0.0,0.203,0.0,0.0,3246.83867,0.729,1.204,1,1,0.47,0,15553,0.545,2.75,0,0.0,0.216,0.0,0.203,0.501,0.75,0,-0.72,420.0,10676.4
98445,XAUGBPm_20260818160002_7,XAUGBPm,ANCHORED_PULLBACK,BUY,0,2026.08.18 16:00:02,2026.08.18 16:00:10,0,3224.144,3223.492,-652.0,-441.55,0.048,0.0,SL_HIT,3246.83867,3251.79605,3226.0177,0,1.865,0.565,3246.83867,0.65,2,0.75,-0.72,2,0,0,-1,0.0,0,0.501,0.363,1,0.501,0.216,0.0,0.203,0.0,0.0,3246.83867,0.729,1.204,1,1,0.47,0,15553,0.35,23.82,0,0.0,0.216,0.0,0.203,0.501,0.75,0,-0.72,420.0,10676.4
98446,XAUGBPm_20260818160002_7,XAUGBPm,ANCHORED_PULLBACK,BUY,1,2026.08.18 16:00:02,2026.08.18 16:00:12,0,3224.144,3223.226,-918.0,-621.67,0.075,0.0,SL_HIT,3246.83867,3251.79605,3226.0177,0,1.865,0.565,3246.83867,0.65,2,0.75,-0.72,2,0,0,-1,0.0,0,0.501,0.363,1,0.501,0.216,0.0,0.203,0.0,0.0,3246.83867,0.729,1.204,1,1,0.47,0,15553,0.35,23.82,0,0.0,0.216,0.0,0.203,0.501,0.75,0,-0.72,420.0,10676.4
98439,XAUGBPm_20260818153017_4,XAUGBPm,SWEEP_REVERSAL,BUY,1,2026.08.18 15:30:17,2026.08.18 16:00:17,30,3217.754,3222.981,5227.0,3539.49,0.101,0.614,TRAIL_STOP,3246.6474,3252.1942,3242.6854,0,1.733,0.021,3246.6474,0.3,0,0.31,-0.4418,0,1,0,-1,0.0,6,0.65,0.37,1,0.799,0.133,0.457,0.675,0.45,0.0,3246.6474,0.711,0.892,1,2,0.0,0,15552,0.542,2.64,0,0.0,0.216,0.0,0.203,0.501,0.75,0,-0.72,420.0,10676.4
98443,XAUGBPm_20260818160001_5,XAUGBPm,MEAN_REVERSION,BUY,1,2026.08.18 16:00:02,2026.08.18 16:00:17,0,3223.882,3222.981,-901.0,-686.01,0.072,0.009,SL_HIT,3246.83867,3251.79605,3226.0177,0,1.865,0.565,3246.83867,0.65,2,0.75,-0.72,2,0,0,-1,0.0,0,0.501,0.363,1,0.501,0.216,0.0,0.203,0.0,0.0,3246.83867,0.729,1.204,1,1,0.47,0,15553,0.545,2.75,0,0.0,0.216,0.0,0.203,0.501,0.75,0,-0.72,420.0,10676.4
98444,XAUGBPm_20260818160002_7,XAUGBPm,ANCHORED_PULLBACK,BUY,-1,2026.08.18 16:00:02,2026.08.18 16:00:17,0,3224.001,3222.981,-1020.0,-787.59,0.083,0.0,SL_HIT,3246.83867,3251.79605,3226.0177,0,1.865,0.565,3246.83867,0.65,2,0.75,-0.72,2,0,0,-1,0.0,0,0.501,0.363,1,0.501,0.216,0.0,0.203,0.0,0.0,3246.83867,0.729,1.204,1,1,0.47,0,15553,0.35,23.82,0,0.0,0.216,0.0,0.203,0.501,0.75,0,-0.72,420.0,10676.4
98454,XAUGBPm_20260818173020_4,XAUGBPm,SWEEP_REVERSAL,BUY,0,2026.08.18 17:30:20,2026.08.18 17:30:40,0,3224.388,3223.817,-571.0,-386.43,0.05,0.0,SL_HIT,3244.85572,3251.79605,3224.03475,0,0.04,0.611,3244.85572,0.7,0,0.825,-0.58,0,0,0,-1,0.0,0,0.537,0.396,1,0.537,0.174,0.088,0.118,0.25,0.0,3244.85572,0.737,0.927,1,1,0.47,0,15554,0.196,2.0,0,0.25,0.174,0.088,0.118,0.537,0.825,0,-0.58,421.0,10422.1
98455,XAUGBPm_20260818173020_4,XAUGBPm,SWEEP_REVERSAL,BUY,1,2026.08.18 17:30:20,2026.08.18 17:30:52,0,3224.388,3223.275,-1113.0,-753.17,0.091,0.0,SL_HIT,3244.85572,3251.79605,3224.03475,0,0.04,0.611,3244.85572,0.7,0,0.825,-0.58,0,0,0,-1,0.0,0,0.537,0.396,1,0.537,0.174,0.088,0.118,0.25,0.0,3244.85572,0.737,0.927,1,1,0.47,0,15554,0.196,2.0,0,0.25,0.174,0.088,0.118,0.537,0.825,0,-0.58,421.0,10422.1
98459,XAUGBPm_20260818180004_5,XAUGBPm,MEAN_REVERSION,BUY,0,2026.08.18 18:00:04,2026.08.18 18:00:10,0,3219.427,3218.623,-804.0,-544.09,0.065,0.0,SL_HIT,3224.91403,3233.7455,3214.12,1,0.046,1.835,3224.91403,0.5,0,0.9,-0.615,0,0,0,-1,0.0,0,0.695,0.384,1,0.695,0.185,0.088,0.279,0.25,0.0,3224.91403,0.722,1.168,1,1,0.47,0,15555,0.638,1.0,0,0.25,0.185,0.088,0.279,0.695,0.9,1,-0.615,420.0,10436.3
98460,XAUGBPm_20260818180004_5,XAUGBPm,MEAN_REVERSION,BUY,1,2026.08.18 18:00:04,2026.08.18 18:02:52,2,3219.427,3218.508,-919.0,-621.91,0.125,0.004,SL_HIT,3224.91403,3233.7455,3214.12,1,0.046,1.835,3224.91403,0.5,0,0.9,-0.615,0,0,0,-1,0.0,0,0.695,0.384,1,0.695,0.185,0.088,0.279,0.25,0.0,3224.91403,0.722,1.168,1,1,0.47,0,15555,0.638,1.0,0,0.25,0.185,0.088,0.279,0.695,0.9,1,-0.615,420.0,10436.3
98441,XAUGBPm_20260818160001_5,XAUGBPm,MEAN_REVERSION,BUY,-1,2026.08.18 16:00:01,2026.08.18 19:44:19,224,3223.882,3215.312,-8570.0,-5801.29,0.796,0.349,SL_HIT,3246.83867,3251.79605,3226.0177,0,1.865,0.565,3246.83867,0.65,2,0.75,-0.72,2,0,0,-1,0.0,0,0.501,0.363,1,0.501,0.216,0.0,0.203,0.0,0.0,3246.83867,0.729,1.204,1,1,0.47,0,15553,0.545,2.75,0,0.4,0.195,0.304,0.422,0.727,0.65,0,-0.65,420.0,10497.0
98453,XAUGBPm_20260818173020_4,XAUGBPm,SWEEP_REVERSAL,BUY,-1,2026.08.18 17:30:20,2026.08.18 19:44:29,134,3224.388,3213.915,-10473.0,-7089.33,0.943,0.119,SL_HIT,3244.85572,3251.79605,3224.03475,0,0.04,0.611,3244.85572,0.7,0,0.825,-0.58,0,0,0,-1,0.0,0,0.537,0.396,1,0.537,0.174,0.088,0.118,0.25,0.0,3244.85572,0.737,0.927,1,1,0.47,0,15554,0.196,2.0,0,0.4,0.195,0.304,0.427,0.727,0.65,0,-0.65,420.0,10497.0
98465,XAUGBPm_20260818194428_4,XAUGBPm,SWEEP_REVERSAL,BUY,0,2026.08.18 19:44:29,2026.08.18 19:44:36,0,3214.622,3213.82,-802.0,-542.89,0.078,0.0,SL_HIT,3223.0534,3226.0312,3217.5232,0,0.565,0.246,3223.0534,0.5,0,0.65,-0.65,0,0,0,-1,0.0,0,0.727,0.493,1,0.727,0.195,0.304,0.427,0.4,0.0,3223.0534,0.724,1.301,1,1,0.47,0,15556,0.319,0.81,0,0.4,0.195,0.304,0.427,0.727,0.65,0,-0.65,420.0,10497.0
98458,XAUGBPm_20260818180004_5,XAUGBPm,MEAN_REVERSION,BUY,-1,2026.08.18 18:00:04,2026.08.18 19:44:57,104,3219.427,3213.428,-5999.0,-4060.57,0.561,0.172,SL_HIT,3224.91403,3233.7455,3214.12,1,0.046,1.835,3224.91403,0.5,0,0.9,-0.615,0,0,0,-1,0.0,0,0.695,0.384,1,0.695,0.185,0.088,0.279,0.25,0.0,3224.91403,0.722,1.168,1,1,0.47,0,15555,0.638,1.0,0,0.4,0.195,0.304,0.427,0.727,0.65,0,-0.65,420.0,10497.0
98466,XAUGBPm_20260818194428_4,XAUGBPm,SWEEP_REVERSAL,BUY,1,2026.08.18 19:44:29,2026.08.18 19:44:57,0,3214.622,3213.428,-1194.0,-808.19,0.1,0.0,SL_HIT,3223.0534,3226.0312,3217.5232,0,0.565,0.246,3223.0534,0.5,0,0.65,-0.65,0,0,0,-1,0.0,0,0.727,0.493,1,0.727,0.195,0.304,0.427,0.4,0.0,3223.0534,0.724,1.301,1,1,0.47,0,15556,0.319,0.81,0,0.4,0.195,0.304,0.427,0.727,0.65,0,-0.65,420.0,10497.0
98437,XAUGBPm_20260818153017_4,XAUGBPm,SWEEP_REVERSAL,BUY,-1,2026.08.18 15:30:17,2026.08.18 19:57:18,267,3217.754,3206.562,-11192.0,-7573.96,0.997,0.887,SL_HIT,3246.6474,3252.1942,3242.6854,0,1.733,0.021,3246.6474,0.3,0,0.31,-0.4418,0,1,0,-1,0.0,6,0.65,0.37,1,0.799,0.133,0.457,0.675,0.45,0.0,3246.6474,0.711,0.892,1,2,0.0,0,15552,0.542,2.64,0,0.4,0.195,0.304,0.427,0.727,0.65,0,-0.65,420.0,10497.0
98473,XAUGBPm_20260818200004_5,XAUGBPm,MEAN_REVERSION,BUY,0,2026.08.18 20:00:04,2026.08.18 20:15:12,15,3210.78,3208.667,-2113.0,-1429.59,0.251,0.111,SL_HIT,3224.83975,3226.5013,3216.532,0,0.544,0.139,3224.83975,0.45,0,1.0,-0.86,2,0,0,-1,0.0,0,0.585,0.405,1,0.585,0.258,0.053,0.302,0.15,0.0,3217.6397,0.55,1.263,1,2,0.48,0,15557,0.578,0.81,0,0.15,0.258,0.053,0.325,0.585,1.0,0,-0.86,420.0,10946.4
98474,XAUGBPm_20260818200004_5,XAUGBPm,MEAN_REVERSION,BUY,1,2026.08.18 20:00:05,2026.08.18 20:15:30,15,3210.78,3208.024,-2756.0,-1864.63,0.251,0.111,SL_HIT,3224.83975,3226.5013,3216.532,0,0.544,0.139,3224.83975,0.45,0,1.0,-0.86,2,0,0,-1,0.0,0,0.585,0.405,1,0.585,0.258,0.053,0.302,0.15,0.0,3217.6397,0.55,1.263,1,2,0.48,0,15557,0.578,0.81,0,0.15,0.258,0.053,0.325,0.585,1.0,0,-0.86,420.0,10946.4
98464,XAUGBPm_20260818194428_4,XAUGBPm,SWEEP_REVERSAL,BUY,-1,2026.08.18 19:44:28,2026.08.18 20:21:23,36,3214.983,3204.472,-10511.0,-6866.58,0.987,0.065,SL_HIT,3223.0534,3226.0312,3217.5232,0,0.565,0.246,3223.0534,0.5,0,0.65,-0.65,0,0,0,-1,0.0,0,0.727,0.493,1,0.727,0.195,0.304,0.427,0.4,0.0,3223.0534,0.724,1.301,1,1,0.47,0,15556,0.319,0.81,0,0.15,0.258,0.053,0.348,0.585,1.0,0,-0.86,420.0,10946.4
98472,XAUGBPm_20260818200004_5,XAUGBPm,MEAN_REVERSION,BUY,-1,2026.08.18 20:00:04,2026.08.18 20:43:54,43,3210.959,3202.132,-8827.0,-5851.37,0.796,0.095,SL_HIT,3224.83975,3226.5013,3216.532,0,0.544,0.139,3224.83975,0.45,0,1.0,-0.86,2,0,0,-1,0.0,0,0.585,0.405,1,0.585,0.258,0.053,0.302,0.15,0.0,3217.6397,0.55,1.263,1,2,0.48,0,15557,0.578,0.81,0,0.15,0.258,0.053,0.348,0.585,1.0,0,-0.86,419.0,10946.4
98480,XAUGBPm_20260818220156_5,XAUGBPm,MEAN_REVERSION,BUY,0,2026.08.18 22:01:56,2026.08.18 22:05:00,3,3203.595,3207.455,3860.0,2611.81,0.038,0.411,TRAIL_STOP,3224.83975,3226.5013,3216.532,0,0.544,0.139,3224.83975,0.45,0,1.0,-0.86,2,0,0,-1,0.0,0,0.585,0.413,1,0.585,0.258,0.053,0.348,0.15,0.0,3217.6397,0.55,1.332,1,2,0.48,0,15557,0.581,1.65,0,0.0,0.269,0.071,0.222,0.675,1.0,0,-0.895,582.0,11138.7
98481,XAUGBPm_20260818220156_5,XAUGBPm,MEAN_REVERSION,BUY,1,2026.08.18 22:01:56,2026.08.18 22:06:00,4,3203.595,3207.889,4294.0,2905.51,0.038,0.494,TRAIL_STOP,3224.83975,3226.5013,3216.532,0,0.544,0.139,3224.83975,0.45,0,1.0,-0.86,2,0,0,-1,0.0,0,0.585,0.413,1,0.585,0.258,0.053,0.348,0.15,0.0,3217.6397,0.55,1.332,1,2,0.48,0,15557,0.581,1.65,0,0.0,0.269,0.071,0.227,0.675,1.0,0,-0.895,479.0,11138.7
98485,XAUGBPm_20260818234429_4,XAUGBPm,SWEEP_REVERSAL,BUY,0,2026.08.18 23:44:30,2026.08.18 23:45:10,0,3200.117,3199.448,-669.0,-452.65,0.062,0.0,SL_HIT,3218.464,3221.218,3205.7956,0,0.663,0.222,3209.6512,0.7,0,1.0,-0.93,2,0,0,-1,0.0,0,0.539,0.435,1,0.539,0.279,0.053,0.339,0.15,0.0,3209.6512,0.737,1.318,1,2,0.48,0,15559,0.167,0.9,0,0.15,0.279,0.053,0.339,0.539,1.0,0,-0.93,404.0,11209.6
98486,XAUGBPm_20260818234429_4,XAUGBPm,SWEEP_REVERSAL,BUY,1,2026.08.18 23:44:30,2026.08.18 23:47:12,2,3200.117,3199.897,-220.0,-148.87,0.071,0.074,SL_HIT,3218.464,3221.218,3205.7956,0,0.663,0.222,3209.6512,0.7,0,1.0,-0.93,2,0,0,-1,0.0,0,0.539,0.435,1,0.539,0.279,0.053,0.339,0.15,0.0,3209.6512,0.737,1.318,1,2,0.48,0,15559,0.167,0.9,0,0.15,0.279,0.053,0.339,0.539,1.0,0,-0.93,404.0,11209.6
98484,XAUGBPm_20260818234429_4,XAUGBPm,SWEEP_REVERSAL,BUY,-1,2026.08.18 23:44:30,2026.08.19 00:32:10,47,3200.003,3210.11,10107.0,6493.37,0.061,0.892,TP_HIT,3218.464,3221.218,3205.7956,0,0.663,0.222,3209.6512,0.7,0,1.0,-0.93,2,0,0,-1,0.0,0,0.539,0.435,1,0.539,0.279,0.053,0.339,0.15,0.0,3209.6512,0.737,1.318,1,2,0.48,0,15559,0.167,0.9,0,0.15,0.29,0.053,0.219,0.624,1.0,1,-0.965,420.0,11166.0
98479,XAUGBPm_20260818220156_5,XAUGBPm,MEAN_REVERSION,BUY,-1,2026.08.18 22:01:56,2026.08.19 01:38:24,216,3203.595,3218.082,14487.0,9529.74,0.621,1.311,TP_HIT,3224.83975,3226.5013,3216.532,0,0.544,0.139,3224.83975,0.45,0,1.0,-0.86,2,0,0,-1,0.0,0,0.585,0.413,1,0.585,0.258,0.053,0.348,0.15,0.0,3217.6397,0.55,1.332,1,2,0.48,0,15557,0.581,1.65,0,0.25,0.247,0.189,0.379,0.641,0.8,0,-0.825,421.0,11572.9
98492,XAUGBPm_20260819020000_7,XAUGBPm,ANCHORED_PULLBACK,BUY,0,2026.08.19 02:00:00,2026.08.19 02:00:10,0,3219.997,3219.395,-602.0,-407.29,0.055,0.0,SL_HIT,3208.10025,3209.8845,3200.3685,0,0.804,0.339,3208.10025,0.4,0,1.0,-1.0,0,0,0,0,0.0,2,0.98,0.577,2,0.552,1.0,0.0,0.25,0.0,0.1199,3208.10025,0.74,1.725,1,1,0.0,0,15562,0.842,5.57,0,0.0,0.3,0.0,0.216,0.582,1.0,0,-1.0,421.0,12800.0
98493,XAUGBPm_20260819020000_7,XAUGBPm,ANCHORED_PULLBACK,BUY,1,2026.08.19 02:00:00,2026.08.19 02:02:12,2,3219.997,3218.773,-1224.0,-828.12,0.088,0.0,SL_HIT,3208.10025,3209.8845,3200.3685,0,0.804,0.339,3208.10025,0.4,0,1.0,-1.0,0,0,0,0,0.0,2,0.98,0.577,2,0.552,1.0,0.0,0.25,0.0,0.1199,3208.10025,0.74,1.725,1,1,0.0,0,15562,0.842,5.57,0,0.0,0.3,0.0,0.216,0.582,1.0,0,-1.0,421.0,12800.0
98491,XAUGBPm_20260819020000_7,XAUGBPm,ANCHORED_PULLBACK,BUY,-1,2026.08.19 02:00:00,2026.08.19 02:47:41,47,3219.997,3215.323,-4674.0,-3164.84,0.353,0.129,SL_HIT,3208.10025,3209.8845,3200.3685,0,0.804,0.339,3208.10025,0.4,0,1.0,-1.0,0,0,0,0,0.0,2,0.98,0.577,2,0.552,1.0,0.0,0.25,0.0,0.1199,3208.10025,0.74,1.725,1,1,0.0,0,15562,0.842,5.57,0,0.0,0.3,0.0,0.28,0.582,1.0,0,-1.0,420.0,12800.0
98498,XAUGBPm_20260819045032_5,XAUGBPm,MEAN_REVERSION,BUY,0,2026.08.19 04:50:32,2026.08.19 04:51:11,0,3209.525,3208.779,-746.0,-505.06,0.048,0.0,SL_HIT,3217.30042,3221.649,3206.7396,1,0.028,0.264,3208.60327,0.6,0,1.0,-1.0,2,0,0,-1,0.0,0,0.599,0.403,1,0.599,0.3,0.053,0.127,0.15,0.0,3217.30042,0.7,1.001,1,1,0.49,0,15564,0.57,0.8,0,0.15,0.3,0.053,0.127,0.599,1.0,1,-1.0,420.0,12777.8
98499,XAUGBPm_20260819045032_5,XAUGBPm,MEAN_REVERSION,BUY,1,2026.08.19 04:50:32,2026.08.19 04:52:03,1,3209.525,3208.109,-1416.0,-958.65,0.099,0.0,SL_HIT,3217.30042,3221.649,3206.7396,1,0.028,0.264,3208.60327,0.6,0,1.0,-1.0,2,0,0,-1,0.0,0,0.599,0.403,1,0.599,0.3,0.053,0.127,0.15,0.0,3217.30042,0.7,1.001,1,1,0.49,0,15564,0.57,0.8,0,0.15,0.3,0.053,0.127,0.599,1.0,1,-1.0,420.0,12777.8
98506,XAUGBPm_20260819060000_3,XAUGBPm,TREND_CONTINUATION,BUY,0,2026.08.19 06:00:00,2026.08.19 06:21:47,21,3201.275,3207.265,5990.0,4059.12,0.144,0.677,TRAIL_STOP,3216.91028,3221.649,3207.95935,0,1.404,0.616,3216.91028,0.65,2,0.31,0.2666,0,0,0,-1,0.0,2,0.829,0.473,1,0.741,0.78,0.088,0.342,0.25,0.1184,3216.91028,0.736,1.714,1,1,0.49,0,15566,0.523,1.25,0,0.25,0.08,0.088,0.363,0.763,0.31,0,0.2666,419.0,10681.1
98507,XAUGBPm_20260819060000_3,XAUGBPm,TREND_CONTINUATION,BUY,1,2026.08.19 06:00:00,2026.08.19 06:22:23,22,3201.275,3206.355,5080.0,3442.54,0.144,0.677,TRAIL_STOP,3216.91028,3221.649,3207.95935,0,1.404,0.616,3216.91028,0.65,2,0.31,0.2666,0,0,0,-1,0.0,2,0.829,0.473,1,0.741,0.78,0.088,0.342,0.25,0.1184,3216.91028,0.736,1.714,1,1,0.49,0,15566,0.523,1.25,0,0.25,0.08,0.088,0.319,0.763,0.31,0,0.2666,419.0,10681.1
98503,XAUGBPm_20260819054439_4,XAUGBPm,SWEEP_REVERSAL,BUY,0,2026.08.19 05:44:39,2026.08.19 06:55:09,70,3206.187,3207.961,1774.0,1202.01,0.534,0.192,TRAIL_STOP,3217.30042,3221.649,3209.2245,0,0.421,0.607,3216.05798,0.5,0,0.529,-0.7294,2,0,0,-1,0.0,0,0.693,0.447,1,0.693,0.219,0.0,0.22,0.0,0.0,3216.05798,0.71,1.23,1,1,0.49,0,15565,0.112,0.85,0,0.25,0.08,0.088,0.347,0.763,0.31,1,0.2666,419.0,10681.1
98511,XAUGBPm_20260819064743_2,XAUGBPm,PULLBACK,BUY,0,2026.08.19 06:47:43,2026.08.19 06:55:09,7,3205.77,3207.961,2191.0,1484.56,0.139,0.245,TRAIL_STOP,3216.91028,3221.649,3207.95935,0,1.404,0.616,3216.91028,0.65,2,0.31,0.2666,0,0,0,-1,0.0,0,0.763,0.394,1,0.763,0.08,0.088,0.284,0.25,0.0,3216.91028,0.736,1.177,1,1,0.49,0,15566,0.215,2.62,0,0.25,0.08,0.088,0.347,0.763,0.31,1,0.2666,419.0,10681.1
98514,XAUGBPm_20260819065032_5,XAUGBPm,MEAN_REVERSION,BUY,0,2026.08.19 06:50:32,2026.08.19 06:55:09,4,3206.469,3207.961,1492.0,1010.93,0.059,0.179,TRAIL_STOP,3216.91028,3221.649,3207.95935,0,1.404,0.616,3216.91028,0.65,2,0.31,0.2666,0,0,0,-1,0.0,0,0.763,0.4,1,0.763,0.08,0.088,0.319,0.25,0.0,3216.91028,0.736,1.229,1,1,0.49,0,15566,0.701,1.27,0,0.25,0.08,0.088,0.347,0.763,0.31,1,0.2666,419.0,10681.1
98504,XAUGBPm_20260819054439_4,XAUGBPm,SWEEP_REVERSAL,BUY,1,2026.08.19 05:44:39,2026.08.19 06:58:13,73,3206.187,3208.04,1853.0,1255.47,0.534,0.243,TRAIL_STOP,3217.30042,3221.649,3209.2245,0,0.421,0.607,3216.05798,0.5,0,0.529,-0.7294,2,0,0,-1,0.0,0,0.693,0.447,1,0.693,0.219,0.0,0.22,0.0,0.0,3216.05798,0.71,1.23,1,1,0.49,0,15565,0.112,0.85,0,0.25,0.08,0.088,0.347,0.763,0.31,1,0.2666,419.0,10681.1
98512,XAUGBPm_20260819064743_2,XAUGBPm,PULLBACK,BUY,1,2026.08.19 06:47:43,2026.08.19 06:58:13,10,3205.77,3208.04,2270.0,1538.0,0.139,0.314,TRAIL_STOP,3216.91028,3221.649,3207.95935,0,1.404,0.616,3216.91028,0.65,2,0.31,0.2666,0,0,0,-1,0.0,0,0.763,0.394,1,0.763,0.08,0.088,0.284,0.25,0.0,3216.91028,0.736,1.177,1,1,0.49,0,15566,0.215,2.62,0,0.25,0.08,0.088,0.347,0.763,0.31,1,0.2666,419.0,10681.1
98515,XAUGBPm_20260819065032_5,XAUGBPm,MEAN_REVERSION,BUY,1,2026.08.19 06:50:32,2026.08.19 06:58:13,7,3206.469,3208.04,1571.0,1064.41,0.059,0.248,TRAIL_STOP,3216.91028,3221.649,3207.95935,0,1.404,0.616,3216.91028,0.65,2,0.31,0.2666,0,0,0,-1,0.0,0,0.763,0.4,1,0.763,0.08,0.088,0.319,0.25,0.0,3216.91028,0.736,1.229,1,1,0.49,0,15566,0.701,1.27,0,0.25,0.08,0.088,0.347,0.763,0.31,1,0.2666,419.0,10681.1
98523,XAUGBPm_20260819070019_1,XAUGBPm,BREAKOUT_RETEST,BUY,0,2026.08.19 07:00:19,2026.08.19 07:00:25,0,3209.542,3209.397,-145.0,-206.68,0.032,0.022,SL_HIT,3204.3984,3211.1272,3200.7752,1,0.388,0.223,3204.3984,0.5,0,0.39,0.6096,0,0,0,-1,0.0,0,0.718,0.421,1,0.718,0.183,0.053,0.248,0.15,0.0,3204.3984,0.748,1.182,1,1,0.49,0,15567,0.337,1.53,0,0.15,0.183,0.053,0.248,0.718,0.39,1,0.6096,419.0,10161.1
98524,XAUGBPm_20260819070019_1,XAUGBPm,BREAKOUT_RETEST,BUY,1,2026.08.19 07:00:19,2026.08.19 07:01:26,1,3209.702,3209.042,-660.0,-447.22,0.054,0.029,SL_HIT,3204.3984,3211.1272,3200.7752,1,0.388,0.223,3204.3984,0.5,0,0.39,0.6096,0,0,0,-1,0.0,0,0.718,0.421,1,0.718,0.183,0.053,0.248,0.15,0.0,3204.3984,0.748,1.182,1,1,0.49,0,15567,0.337,1.53,0,0.15,0.183,0.053,0.241,0.718,0.39,1,0.6096,419.0,10161.1
98502,XAUGBPm_20260819054439_4,XAUGBPm,SWEEP_REVERSAL,BUY,-1,2026.08.19 05:44:39,2026.08.19 07:32:05,107,3206.187,3216.477,10290.0,6971.89,0.534,0.851,TP_HIT,3217.30042,3221.649,3209.2245,0,0.421,0.607,3216.05798,0.5,0,0.529,-0.7294,2,0,0,-1,0.0,0,0.693,0.447,1,0.693,0.219,0.0,0.22,0.0,0.0,3216.05798,0.71,1.23,1,1,0.49,0,15565,0.112,0.85,0,0.15,0.183,0.053,0.19,0.718,0.39,0,0.6096,420.0,10161.1
98522,XAUGBPm_20260819070019_1,XAUGBPm,BREAKOUT_RETEST,BUY,-1,2026.08.19 07:00:19,2026.08.19 07:32:06,31,3209.542,3216.733,7191.0,4872.19,0.152,0.696,TP_HIT,3204.3984,3211.1272,3200.7752,1,0.388,0.223,3204.3984,0.5,0,0.39,0.6096,0,0,0,-1,0.0,0,0.718,0.421,1,0.718,0.183,0.053,0.248,0.15,0.0,3204.3984,0.748,1.182,1,1,0.49,0,15567,0.337,1.53,0,0.15,0.183,0.053,0.19,0.718,0.39,0,0.6096,420.0,10161.1
98505,XAUGBPm_20260819060000_3,XAUGBPm,TREND_CONTINUATION,BUY,-1,2026.08.19 06:00:00,2026.08.19 07:32:14,92,3201.275,3217.5,16225.0,10993.57,0.144,1.502,TP_HIT,3216.91028,3221.649,3207.95935,0,1.404,0.616,3216.91028,0.65,2,0.31,0.2666,0,0,0,-1,0.0,2,0.829,0.473,1,0.741,0.78,0.088,0.342,0.25,0.1184,3216.91028,0.736,1.714,1,1,0.49,0,15566,0.523,1.25,0,0.15,0.183,0.053,0.226,0.718,0.39,0,0.6096,420.0,10161.1
98510,XAUGBPm_20260819064743_2,XAUGBPm,PULLBACK,BUY,-1,2026.08.19 06:47:43,2026.08.19 07:32:14,44,3205.77,3217.5,11730.0,7947.9,0.139,1.082,TP_HIT,3216.91028,3221.649,3207.95935,0,1.404,0.616,3216.91028,0.65,2,0.31,0.2666,0,0,0,-1,0.0,0,0.763,0.394,1,0.763,0.08,0.088,0.284,0.25,0.0,3216.91028,0.736,1.177,1,1,0.49,0,15566,0.215,2.62,0,0.15,0.183,0.053,0.226,0.718,0.39,0,0.6096,420.0,10161.1
98513,XAUGBPm_20260819065032_5,XAUGBPm,MEAN_REVERSION,BUY,-1,2026.08.19 06:50:32,2026.08.19 07:32:14,41,3206.469,3217.5,11031.0,7474.27,0.059,1.016,TP_HIT,3216.91028,3221.649,3207.95935,0,1.404,0.616,3216.91028,0.65,2,0.31,0.2666,0,0,0,-1,0.0,0,0.763,0.4,1,0.763,0.08,0.088,0.319,0.25,0.0,3216.91028,0.736,1.229,1,1,0.49,0,15566,0.701,1.27,0,0.15,0.183,0.053,0.226,0.718,0.39,0,0.6096,420.0,10161.1
98497,XAUGBPm_20260819045032_5,XAUGBPm,MEAN_REVERSION,BUY,-1,2026.08.19 04:50:32,2026.08.19 07:32:14,161,3209.525,3217.75,8225.0,5573.01,0.766,0.635,TP_HIT,3217.30042,3221.649,3206.7396,1,0.028,0.264,3208.60327,0.6,0,1.0,-1.0,2,0,0,-1,0.0,0,0.599,0.403,1,0.599,0.3,0.053,0.127,0.15,0.0,3217.30042,0.7,1.001,1,1,0.49,0,15564,0.57,0.8,0,0.15,0.183,0.053,0.226,0.718,0.39,0,0.6096,420.0,10161.1
98534,XAUGBPm_20260819080000_3,XAUGBPm,TREND_CONTINUATION,BUY,0,2026.08.19 08:00:00,2026.08.19 08:00:19,0,3212.899,3212.63,269.0,21.69,0.088,0.004,TRAIL_STOP,3204.10072,3211.3686,3200.70905,0,0.705,0.401,3205.06977,0.55,0,0.44,0.4985,0,0,0,-1,0.0,0,0.708,0.457,1,0.708,0.15,0.064,0.141,0.0,0.0293,3205.06977,0.751,1.112,1,1,0.496,0,15568,0.343,2.08,0,0.0,0.15,0.064,0.141,0.725,0.44,0,0.4985,419.0,10511.4
98537,XAUGBPm_20260819080001_0,XAUGBPm,BREAKOUT,BUY,0,2026.08.19 08:00:01,2026.08.19 08:00:19,0,3212.396,3212.63,234.0,158.58,0.02,0.062,TRAIL_STOP,3204.10072,3211.3686,3200.70905,0,0.705,0.401,3205.06977,0.55,0,0.44,0.4985,0,0,0,-1,0.0,0,0.725,0.471,1,0.725,0.15,0.064,0.199,0.0,0.0,3205.06977,0.751,1.199,1,1,0.496,0,15568,0.4,3.25,0,0.0,0.15,0.064,0.141,0.725,0.44,0,0.4985,419.0,10511.4
98535,XAUGBPm_20260819080000_3,XAUGBPm,TREND_CONTINUATION,BUY,1,2026.08.19 08:00:00,2026.08.19 08:00:59,0,3212.598,3213.108,510.0,590.34,0.059,0.147,TRAIL_STOP,3204.10072,3211.3686,3200.70905,0,0.705,0.401,3205.06977,0.55,0,0.44,0.4985,0,0,0,-1,0.0,0,0.708,0.457,1,0.708,0.15,0.064,0.141,0.0,0.0293,3205.06977,0.751,1.112,1,1,0.496,0,15568,0.343,2.08,0,0.0,0.15,0.064,0.141,0.725,0.44,0,0.4985,419.0,10511.4
98538,XAUGBPm_20260819080001_0,XAUGBPm,BREAKOUT,BUY,1,2026.08.19 08:00:01,2026.08.19 08:00:59,0,3212.396,3213.108,712.0,482.57,0.023,0.178,TRAIL_STOP,3204.10072,3211.3686,3200.70905,0,0.705,0.401,3205.06977,0.55,0,0.44,0.4985,0,0,0,-1,0.0,0,0.725,0.471,1,0.725,0.15,0.064,0.199,0.0,0.0,3205.06977,0.751,1.199,1,1,0.496,0,15568,0.4,3.25,0,0.0,0.15,0.064,0.141,0.725,0.44,0,0.4985,419.0,10511.4
98544,XAUGBPm_20260819084744_2,XAUGBPm,PULLBACK,BUY,0,2026.08.19 08:47:44,2026.08.19 08:48:36,0,3216.597,3216.024,-573.0,-388.54,0.058,0.0,SL_HIT,3204.10072,3211.3686,3200.70905,0,0.705,0.401,3205.06977,0.55,0,0.44,0.4985,0,0,0,-1,0.0,0,0.725,0.471,1,0.725,0.15,0.064,0.197,0.0,0.0,3205.06977,0.751,1.196,1,1,0.496,0,15568,0.295,2.0,0,0.0,0.15,0.064,0.197,0.725,0.44,0,0.4985,419.0,10511.4
98545,XAUGBPm_20260819084744_2,XAUGBPm,PULLBACK,BUY,1,2026.08.19 08:47:44,2026.08.19 08:50:09,2,3216.597,3215.479,-1118.0,-758.08,0.094,0.0,SL_HIT,3204.10072,3211.3686,3200.70905,0,0.705,0.401,3205.06977,0.55,0,0.44,0.4985,0,0,0,-1,0.0,0,0.725,0.471,1,0.725,0.15,0.064,0.197,0.0,0.0,3205.06977,0.751,1.196,1,1,0.496,0,15568,0.295,2.0,0,0.0,0.15,0.064,0.197,0.725,0.44,0,0.4985,419.0,10511.4
98549,XAUGBPm_20260819091908_1,XAUGBPm,BREAKOUT_RETEST,BUY,0,2026.08.19 09:19:08,2026.08.19 09:19:49,0,3212.213,3212.365,152.0,103.01,0.044,0.055,TRAIL_STOP,3204.10072,3213.3067,3200.70905,1,0.825,0.176,3205.06977,0.65,1,0.435,0.48,0,0,0,-1,0.0,4,0.606,0.464,1,0.688,0.144,0.134,0.251,0.15,0.0,3205.06977,0.751,1.486,1,1,0.496,0,15569,0.356,1.01,4,0.15,0.144,0.134,0.212,0.688,0.435,1,0.48,419.0,10458.5
98550,XAUGBPm_20260819091908_1,XAUGBPm,BREAKOUT_RETEST,BUY,1,2026.08.19 09:19:08,2026.08.19 09:20:19,1,3212.213,3212.112,-101.0,-68.45,0.044,0.087,SL_HIT,3204.10072,3213.3067,3200.70905,1,0.825,0.176,3205.06977,0.65,1,0.435,0.48,0,0,0,-1,0.0,4,0.606,0.464,1,0.688,0.144,0.134,0.251,0.15,0.0,3205.06977,0.751,1.486,1,1,0.496,0,15569,0.356,1.01,4,0.15,0.144,0.134,0.251,0.688,0.435,1,0.48,419.0,10458.5
98548,XAUGBPm_20260819091908_1,XAUGBPm,BREAKOUT_RETEST,BUY,-1,2026.08.19 09:19:08,2026.08.19 10:17:44,58,3212.213,3220.084,7871.0,5337.01,0.044,0.739,TP_HIT,3204.10072,3213.3067,3200.70905,1,0.825,0.176,3205.06977,0.65,1,0.435,0.48,0,0,0,-1,0.0,4,0.606,0.464,1,0.688,0.144,0.134,0.251,0.15,0.0,3205.06977,0.751,1.486,1,1,0.496,0,15569,0.356,1.01,0,0.15,0.112,0.053,0.353,0.732,0.209,0,-0.3744,420.0,10482.4
98555,XAUGBPm_20260819120000_0,XAUGBPm,BREAKOUT,BUY,0,2026.08.19 12:00:00,2026.08.19 12:00:15,0,3220.81,3220.168,-642.0,-332.75,0.071,0.0,SL_HIT,3214.6065,3220.944,3210.804,1,0.003,0.175,3214.6065,0.6,0,0.323,0.4503,0,0,0,0,0.0,2,1.0,0.547,2,0.713,0.835,0.053,0.118,0.15,0.4846,3214.6065,0.745,1.438,1,1,0.505,0,15572,0.334,3.47,0,0.15,0.135,0.053,0.118,0.758,0.323,1,0.4503,420.0,9496.5
98558,XAUGBPm_20260819120001_2,XAUGBPm,PULLBACK,BUY,0,2026.08.19 12:00:01,2026.08.19 12:00:21,0,3220.697,3219.991,-706.0,-478.45,0.059,0.0,SL_HIT,3214.6065,3220.944,3210.804,1,0.003,0.175,3214.6065,0.6,0,0.323,0.4503,0,0,0,0,0.0,0,0.758,0.434,1,0.758,0.135,0.053,0.118,0.15,0.0,3214.6065,0.745,0.988,1,1,0.505,0,15572,0.396,4.34,0,0.15,0.135,0.053,0.243,0.758,0.323,1,0.4503,420.0,9496.5
98563,XAUGBPm_20260819120023_1,XAUGBPm,BREAKOUT_RETEST,BUY,0,2026.08.19 12:00:23,2026.08.19 12:00:49,0,3220.178,3220.041,-137.0,-92.85,0.038,0.035,SL_HIT,3214.6065,3220.944,3210.804,1,0.003,0.175,3214.6065,0.6,0,0.323,0.4503,0,0,0,0,0.0,0,0.758,0.456,1,0.758,0.135,0.053,0.243,0.15,0.0,3214.6065,0.745,1.174,1,1,0.505,0,15572,0.306,1.03,0,0.15,0.135,0.053,0.243,0.758,0.323,1,0.4503,420.0,9496.5
98556,XAUGBPm_20260819120000_0,XAUGBPm,BREAKOUT,BUY,1,2026.08.19 12:00:00,2026.08.19 12:01:13,1,3220.659,3219.663,-996.0,-773.35,0.101,0.0,SL_HIT,3214.6065,3220.944,3210.804,1,0.003,0.175,3214.6065,0.6,0,0.323,0.4503,0,0,0,0,0.0,2,1.0,0.547,2,0.713,0.835,0.053,0.118,0.15,0.4846,3214.6065,0.745,1.438,1,1,0.505,0,15572,0.334,3.47,0,0.15,0.135,0.053,0.243,0.758,0.323,1,0.4503,420.0,9496.5
98559,XAUGBPm_20260819120001_2,XAUGBPm,PULLBACK,BUY,1,2026.08.19 12:00:01,2026.08.19 12:01:16,1,3220.697,3219.532,-1165.0,-789.58,0.109,0.0,SL_HIT,3214.6065,3220.944,3210.804,1,0.003,0.175,3214.6065,0.6,0,0.323,0.4503,0,0,0,0,0.0,0,0.758,0.434,1,0.758,0.135,0.053,0.118,0.15,0.0,3214.6065,0.745,0.988,1,1,0.505,0,15572,0.396,4.34,0,0.15,0.135,0.053,0.243,0.758,0.323,1,0.4503,420.0,9496.5
98564,XAUGBPm_20260819120023_1,XAUGBPm,BREAKOUT_RETEST,BUY,1,2026.08.19 12:00:23,2026.08.19 12:01:16,0,3220.178,3219.532,-646.0,-437.83,0.054,0.025,SL_HIT,3214.6065,3220.944,3210.804,1,0.003,0.175,3214.6065,0.6,0,0.323,0.4503,0,0,0,0,0.0,0,0.758,0.456,1,0.758,0.135,0.053,0.243,0.15,0.0,3214.6065,0.745,1.174,1,1,0.505,0,15572,0.306,1.03,0,0.15,0.135,0.053,0.243,0.758,0.323,1,0.4503,420.0,9496.5
98562,XAUGBPm_20260819120023_1,XAUGBPm,BREAKOUT_RETEST,BUY,-1,2026.08.19 12:00:23,2026.08.19 12:33:40,33,3220.178,3226.523,6345.0,4303.72,0.208,0.658,TP_HIT,3214.6065,3220.944,3210.804,1,0.003,0.175,3214.6065,0.6,0,0.323,0.4503,0,0,0,0,0.0,0,0.758,0.456,1,0.758,0.135,0.053,0.243,0.15,0.0,3214.6065,0.745,1.174,1,1,0.505,0,15572,0.306,1.03,0,0.15,0.135,0.053,0.322,0.758,0.323,0,0.4503,420.0,9496.5
98536,XAUGBPm_20260819080001_0,XAUGBPm,BREAKOUT,BUY,-1,2026.08.19 08:00:01,2026.08.19 12:37:06,277,3212.525,3238.828,26303.0,17946.4,0.244,2.49,TP_HIT,3204.10072,3211.3686,3200.70905,0,0.705,0.401,3205.06977,0.55,0,0.44,0.4985,0,0,0,-1,0.0,0,0.725,0.471,1,0.725,0.15,0.064,0.199,0.0,0.0,3205.06977,0.751,1.199,1,1,0.496,0,15568,0.4,3.25,0,0.15,0.135,0.053,0.322,0.758,0.323,0,0.4503,420.0,9496.5
98533,XAUGBPm_20260819080000_3,XAUGBPm,TREND_CONTINUATION,BUY,-1,2026.08.19 08:00:00,2026.08.19 12:37:07,277,3212.899,3239.255,26356.0,17894.93,0.28,2.495,TP_HIT,3204.10072,3211.3686,3200.70905,0,0.705,0.401,3205.06977,0.55,0,0.44,0.4985,0,0,0,-1,0.0,0,0.708,0.457,1,0.708,0.15,0.064,0.141,0.0,0.0293,3205.06977,0.751,1.112,1,1,0.496,0,15568,0.343,2.08,0,0.15,0.135,0.053,0.322,0.758,0.323,0,0.4503,420.0,9496.5
98554,XAUGBPm_20260819120000_0,XAUGBPm,BREAKOUT,BUY,-1,2026.08.19 12:00:00,2026.08.19 12:37:30,37,3220.916,3244.675,23759.0,16208.99,0.286,2.486,TP_HIT,3214.6065,3220.944,3210.804,1,0.003,0.175,3214.6065,0.6,0,0.323,0.4503,0,0,0,0,0.0,2,1.0,0.547,2,0.713,0.835,0.053,0.118,0.15,0.4846,3214.6065,0.745,1.438,1,1,0.505,0,15572,0.334,3.47,0,0.15,0.135,0.053,0.322,0.758,0.323,0,0.4503,421.0,9496.5
98543,XAUGBPm_20260819084744_2,XAUGBPm,PULLBACK,BUY,-1,2026.08.19 08:47:44,2026.08.19 12:38:41,230,3216.597,3248.154,31557.0,21430.04,0.461,2.99,TP_HIT,3204.10072,3211.3686,3200.70905,0,0.705,0.401,3205.06977,0.55,0,0.44,0.4985,0,0,0,-1,0.0,0,0.725,0.471,1,0.725,0.15,0.064,0.197,0.0,0.0,3205.06977,0.751,1.196,1,1,0.496,0,15568,0.295,2.0,0,0.15,0.135,0.053,0.322,0.758,0.323,0,0.4503,421.0,9496.5
98557,XAUGBPm_20260819120001_2,XAUGBPm,PULLBACK,BUY,-1,2026.08.19 12:00:01,2026.08.19 12:38:49,38,3220.697,3249.281,28584.0,19410.54,0.263,2.996,TP_HIT,3214.6065,3220.944,3210.804,1,0.003,0.175,3214.6065,0.6,0,0.323,0.4503,0,0,0,0,0.0,0,0.758,0.434,1,0.758,0.135,0.053,0.118,0.15,0.0,3214.6065,0.745,0.988,1,1,0.505,0,15572,0.396,4.34,0,0.15,0.135,0.053,0.322,0.758,0.323,0,0.4503,421.0,9496.5
98577,XAUGBPm_20260819130609_3,XAUGBPm,TREND_CONTINUATION,BUY,1,2026.08.19 13:06:09,2026.08.19 13:20:57,14,3254.612,3273.002,18390.0,12704.99,0.132,1.95,TRAIL_STOP,3221.18622,3249.4979,3211.749,0,1.151,0.495,3248.14972,0.7,0,0.75,0.72,2,0,0,1,0.0,0,0.481,0.44,1,0.481,0.216,0.0,0.234,0.0,0.0,3248.14972,0.72,1.251,1,1,0.505,0,15573,0.47,2.08,0,0.0,0.216,0.0,0.266,0.481,0.75,0,0.72,422.0,12338.6
98576,XAUGBPm_20260819130609_3,XAUGBPm,TREND_CONTINUATION,BUY,0,2026.08.19 13:06:09,2026.08.19 13:36:03,29,3254.612,3269.363,14751.0,10041.3,0.132,1.95,TRAIL_STOP,3221.18622,3249.4979,3211.749,0,1.151,0.495,3248.14972,0.7,0,0.75,0.72,2,0,0,1,0.0,0,0.481,0.44,1,0.481,0.216,0.0,0.234,0.0,0.0,3248.14972,0.72,1.251,1,1,0.505,0,15573,0.47,2.08,0,0.0,0.216,0.0,0.266,0.481,0.75,0,0.72,422.0,12338.6
98581,XAUGBPm_20260819140000_0,XAUGBPm,BREAKOUT,BUY,0,2026.08.19 14:00:00,2026.08.19 14:00:14,0,3275.214,3274.695,-519.0,-247.84,0.031,0.066,SL_HIT,3273.96052,3278.673,3244.11485,1,0.052,2.354,3264.53557,0.55,0,0.825,0.755,2,0,0,1,0.0,0,0.456,0.436,1,0.456,0.226,0.0,0.114,0.0,0.0,3264.53557,0.737,1.071,1,1,0.505,0,15574,0.356,1.67,0,0.0,0.226,0.0,0.114,0.456,0.825,1,0.755,422.0,13645.1
98584,XAUGBPm_20260819140001_2,XAUGBPm,PULLBACK,BUY,0,2026.08.19 14:00:01,2026.08.19 14:00:14,0,3275.213,3274.695,-518.0,-428.96,0.029,0.066,SL_HIT,3273.96052,3278.673,3244.11485,1,0.052,2.354,3264.53557,0.55,0,0.825,0.755,2,0,0,1,0.0,0,0.456,0.436,1,0.456,0.226,0.0,0.114,0.0,0.0,3264.53557,0.737,1.071,1,1,0.505,0,15574,0.574,2.0,0,0.0,0.226,0.0,0.114,0.456,0.825,1,0.755,422.0,13645.1
98589,XAUGBPm_20260819140023_1,XAUGBPm,BREAKOUT_RETEST,BUY,0,2026.08.19 14:00:23,2026.08.19 14:00:23,0,3275.695,3274.627,-1068.0,-727.09,0.07,0.0,SL_HIT,3273.96052,3278.673,3244.11485,1,0.052,2.354,3264.53557,0.55,0,0.825,0.755,2,0,0,1,0.0,0,0.456,0.436,1,0.456,0.226,0.0,0.114,0.0,0.0,3264.53557,0.737,1.071,1,1,0.505,0,15574,0.529,5.05,0,0.0,0.226,0.0,0.114,0.456,0.825,1,0.755,422.0,13645.1
98582,XAUGBPm_20260819140000_0,XAUGBPm,BREAKOUT,BUY,1,2026.08.19 14:00:00,2026.08.19 14:00:25,0,3275.059,3274.021,-1038.0,-712.79,0.072,0.077,SL_HIT,3273.96052,3278.673,3244.11485,1,0.052,2.354,3264.53557,0.55,0,0.825,0.755,2,0,0,1,0.0,0,0.456,0.436,1,0.456,0.226,0.0,0.114,0.0,0.0,3264.53557,0.737,1.071,1,1,0.505,0,15574,0.356,1.67,0,0.0,0.226,0.0,0.114,0.456,0.825,1,0.755,422.0,13645.1
98585,XAUGBPm_20260819140001_2,XAUGBPm,PULLBACK,BUY,1,2026.08.19 14:00:01,2026.08.19 14:00:25,0,3275.325,3274.021,-1304.0,-986.46,0.091,0.058,SL_HIT,3273.96052,3278.673,3244.11485,1,0.052,2.354,3264.53557,0.55,0,0.825,0.755,2,0,0,1,0.0,0,0.456,0.436,1,0.456,0.226,0.0,0.114,0.0,0.0,3264.53557,0.737,1.071,1,1,0.505,0,15574,0.574,2.0,0,0.0,0.226,0.0,0.114,0.456,0.825,1,0.755,422.0,13645.1
98590,XAUGBPm_20260819140023_1,XAUGBPm,BREAKOUT_RETEST,BUY,1,2026.08.19 14:00:23,2026.08.19 14:00:26,0,3275.695,3273.912,-1783.0,-1213.9,0.123,0.0,SL_HIT,3273.96052,3278.673,3244.11485,1,0.052,2.354,3264.53557,0.55,0,0.825,0.755,2,0,0,1,0.0,0,0.456,0.436,1,0.456,0.226,0.0,0.114,0.0,0.0,3264.53557,0.737,1.071,1,1,0.505,0,15574,0.529,5.05,0,0.0,0.226,0.0,0.114,0.456,0.825,1,0.755,422.0,13645.1
98596,XAUGBPm_20260819140046_7,XAUGBPm,ANCHORED_PULLBACK,BUY,0,2026.08.19 14:00:46,2026.08.19 14:00:47,0,3272.799,3271.759,-1040.0,-708.11,0.068,0.0,SL_HIT,3273.96052,3278.673,3244.11485,1,0.052,2.354,3264.53557,0.55,0,0.825,0.755,2,0,0,1,0.0,0,0.456,0.441,1,0.456,0.226,0.0,0.145,0.0,0.0,3264.53557,0.737,1.118,1,1,0.505,0,15574,0.478,0.83,0,0.0,0.226,0.0,0.145,0.456,0.825,1,0.755,422.0,13645.1
98597,XAUGBPm_20260819140046_7,XAUGBPm,ANCHORED_PULLBACK,BUY,1,2026.08.19 14:00:46,2026.08.19 14:01:29,0,3272.799,3272.21,-589.0,-401.04,0.084,0.047,SL_HIT,3273.96052,3278.673,3244.11485,1,0.052,2.354,3264.53557,0.55,0,0.825,0.755,2,0,0,1,0.0,0,0.456,0.441,1,0.456,0.226,0.0,0.145,0.0,0.0,3264.53557,0.737,1.118,1,1,0.505,0,15574,0.478,0.83,0,0.0,0.226,0.0,0.145,0.456,0.825,1,0.755,422.0,13645.1
98595,XAUGBPm_20260819140046_7,XAUGBPm,ANCHORED_PULLBACK,BUY,-1,2026.08.19 14:00:46,2026.08.19 14:06:58,6,3272.799,3278.787,5988.0,4077.02,0.084,0.43,TP_HIT,3273.96052,3278.673,3244.11485,1,0.052,2.354,3264.53557,0.55,0,0.825,0.755,2,0,0,1,0.0,0,0.456,0.441,1,0.456,0.226,0.0,0.145,0.0,0.0,3264.53557,0.737,1.118,1,1,0.505,0,15574,0.478,0.83,0,0.0,0.226,0.0,0.166,0.456,0.825,0,0.755,422.0,13645.1
98575,XAUGBPm_20260819130609_3,XAUGBPm,TREND_CONTINUATION,BUY,-1,2026.08.19 13:06:09,2026.08.19 14:16:36,70,3254.745,3285.601,30856.0,21103.66,0.143,2.5,TP_HIT,3221.18622,3249.4979,3211.749,0,1.151,0.495,3248.14972,0.7,0,0.75,0.72,2,0,0,1,0.0,0,0.481,0.44,1,0.481,0.216,0.0,0.234,0.0,0.0,3248.14972,0.72,1.251,1,1,0.505,0,15573,0.47,2.08,0,0.0,0.226,0.0,0.166,0.456,0.825,0,0.755,422.0,13645.1
98588,XAUGBPm_20260819140023_1,XAUGBPm,BREAKOUT_RETEST,BUY,-1,2026.08.19 14:00:23,2026.08.19 14:31:52,31,3275.695,3296.432,20737.0,14123.14,0.297,1.511,TP_HIT,3273.96052,3278.673,3244.11485,1,0.052,2.354,3264.53557,0.55,0,0.825,0.755,2,0,0,1,0.0,0,0.456,0.436,1,0.456,0.226,0.0,0.114,0.0,0.0,3264.53557,0.737,1.071,1,1,0.505,0,15574,0.529,5.05,0,0.0,0.226,0.0,0.166,0.456,0.825,0,0.755,423.0,13645.1
98604,XAUGBPm_20260819150609_3,XAUGBPm,TREND_CONTINUATION,BUY,0,2026.08.19 15:06:09,2026.08.19 15:06:18,0,3296.408,3295.75,-658.0,-447.72,0.041,0.0,SL_HIT,3274.32115,3288.8703,3243.1444,0,0.179,3.79,3274.32115,0.55,0,0.9,0.615,0,0,0,1,0.0,0,0.536,0.289,0,0.536,0.185,0.088,0.271,0.25,0.0,3274.32115,0.729,1.157,1,1,0.505,0,15575,0.466,2.08,0,0.25,0.185,0.088,0.271,0.536,0.9,0,0.615,424.0,14963.7
98605,XAUGBPm_20260819150609_3,XAUGBPm,TREND_CONTINUATION,BUY,1,2026.08.19 15:06:09,2026.08.19 15:07:05,0,3296.408,3295.893,-515.0,-350.45,0.094,0.062,SL_HIT,3274.32115,3288.8703,3243.1444,0,0.179,3.79,3274.32115,0.55,0,0.9,0.615,0,0,0,1,0.0,0,0.536,0.289,0,0.536,0.185,0.088,0.271,0.25,0.0,3274.32115,0.729,1.157,1,1,0.505,0,15575,0.466,2.08,0,0.25,0.185,0.088,0.271,0.536,0.9,0,0.615,424.0,14963.7
98609,XAUGBPm_20260819160000_0,XAUGBPm,BREAKOUT,BUY,0,2026.08.19 16:00:00,2026.08.19 16:00:18,0,3302.97,3302.443,-527.0,-358.54,0.027,0.003,SL_HIT,3275.56247,3294.6823,3243.6961,0,0.408,4.33,3275.56247,0.6,0,0.975,0.825,0,0,0,1,0.0,2,1.0,0.545,2,0.47,0.947,0.0,0.211,0.0,0.3736,3294.6823,0.55,1.666,1,1,0.362,0,15576,0.629,4.93,0,0.0,0.247,0.0,0.211,0.523,0.975,0,0.825,424.0,14081.1
98612,XAUGBPm_20260819160001_2,XAUGBPm,PULLBACK,BUY,0,2026.08.19 16:00:01,2026.08.19 16:00:18,0,3303.046,3302.443,-603.0,-410.24,0.033,0.0,SL_HIT,3275.56247,3294.6823,3243.6961,0,0.408,4.33,3275.56247,0.6,0,0.975,0.825,0,0,0,1,0.0,0,0.523,0.373,1,0.523,0.247,0.0,0.211,0.0,0.0,3294.6823,0.55,1.216,1,1,0.362,0,15576,0.46,6.07,0,0.0,0.247,0.0,0.211,0.523,0.975,0,0.825,424.0,14081.1
98617,XAUGBPm_20260819160048_7,XAUGBPm,ANCHORED_PULLBACK,BUY,0,2026.08.19 16:00:48,2026.08.19 16:01:24,0,3303.679,3304.479,800.0,544.25,0.047,0.098,TRAIL_STOP,3275.56247,3294.6823,3243.6961,0,0.408,4.33,3275.56247,0.6,0,0.975,0.825,0,0,0,1,0.0,0,0.523,0.373,1,0.523,0.247,0.0,0.211,0.0,0.0,3294.6823,0.55,1.216,1,1,0.362,0,15576,0.253,2.11,0,0.0,0.247,0.0,0.211,0.523,0.975,0,0.825,424.0,14081.1
98610,XAUGBPm_20260819160000_0,XAUGBPm,BREAKOUT,BUY,1,2026.08.19 16:00:00,2026.08.19 16:01:52,1,3302.97,3303.744,774.0,526.53,0.045,0.156,TRAIL_STOP,3275.56247,3294.6823,3243.6961,0,0.408,4.33,3275.56247,0.6,0,0.975,0.825,0,0,0,1,0.0,2,1.0,0.545,2,0.47,0.947,0.0,0.211,0.0,0.3736,3294.6823,0.55,1.666,1,1,0.362,0,15576,0.629,4.93,0,0.0,0.247,0.0,0.211,0.523,0.975,0,0.825,424.0,14081.1
98613,XAUGBPm_20260819160001_2,XAUGBPm,PULLBACK,BUY,1,2026.08.19 16:00:01,2026.08.19 16:01:52,1,3303.046,3303.744,698.0,474.83,0.05,0.151,TRAIL_STOP,3275.56247,3294.6823,3243.6961,0,0.408,4.33,3275.56247,0.6,0,0.975,0.825,0,0,0,1,0.0,0,0.523,0.373,1,0.523,0.247,0.0,0.211,0.0,0.0,3294.6823,0.55,1.216,1,1,0.362,0,15576,0.46,6.07,0,0.0,0.247,0.0,0.211,0.523,0.975,0,0.825,424.0,14081.1
98618,XAUGBPm_20260819160048_7,XAUGBPm,ANCHORED_PULLBACK,BUY,1,2026.08.19 16:00:48,2026.08.19 16:01:52,1,3303.679,3303.744,65.0,44.22,0.047,0.106,TRAIL_STOP,3275.56247,3294.6823,3243.6961,0,0.408,4.33,3275.56247,0.6,0,0.975,0.825,0,0,0,1,0.0,0,0.523,0.373,1,0.523,0.247,0.0,0.211,0.0,0.0,3294.6823,0.55,1.216,1,1,0.362,0,15576,0.253,2.11,0,0.0,0.247,0.0,0.211,0.523,0.975,0,0.825,424.0,14081.1
98624,XAUGBPm_20260819170609_3,XAUGBPm,TREND_CONTINUATION,BUY,0,2026.08.19 17:06:09,2026.08.19 17:07:12,1,3304.109,3303.851,-258.0,-175.53,0.066,0.021,SL_HIT,3275.3874,3297.7968,3260.8872,0,0.355,0.922,3275.3874,0.7,0,1.0,0.86,0,0,0,1,0.0,0,0.554,0.451,1,0.554,0.258,0.125,0.163,0.0,0.0,3295.1604,0.55,1.145,1,1,0.362,0,15577,0.576,2.08,0,0.0,0.258,0.125,0.163,0.554,1.0,0,0.86,424.0,13957.8
98625,XAUGBPm_20260819170609_3,XAUGBPm,TREND_CONTINUATION,BUY,1,2026.08.19 17:06:09,2026.08.19 17:07:20,1,3304.109,3303.1,-1009.0,-613.63,0.066,0.021,SL_HIT,3275.3874,3297.7968,3260.8872,0,0.355,0.922,3275.3874,0.7,0,1.0,0.86,0,0,0,1,0.0,0,0.554,0.451,1,0.554,0.258,0.125,0.163,0.0,0.0,3295.1604,0.55,1.145,1,1,0.362,0,15577,0.576,2.08,0,0.0,0.258,0.125,0.163,0.554,1.0,0,0.86,424.0,13957.8
98629,XAUGBPm_20260819180000_0,XAUGBPm,BREAKOUT,BUY,0,2026.08.19 18:00:00,2026.08.19 18:00:09,0,3301.851,3300.942,-909.0,-617.77,0.055,0.0,SL_HIT,3301.492,3305.706,3292.2212,1,0.013,1.56,3294.7496,0.4,0,1.0,0.72,2,0,0,1,0.0,0,0.682,0.398,1,0.682,0.216,0.088,0.1,0.25,0.0,3294.7496,0.734,0.9,1,1,0.362,0,15578,0.4,4.31,0,0.25,0.216,0.088,0.1,0.682,1.0,1,0.72,424.0,13927.6
98632,XAUGBPm_20260819180002_1,XAUGBPm,BREAKOUT_RETEST,BUY,0,2026.08.19 18:00:02,2026.08.19 18:00:09,0,3302.009,3300.942,-1067.0,-725.15,0.066,0.0,SL_HIT,3301.492,3305.706,3292.2212,1,0.013,1.56,3294.7496,0.4,0,1.0,0.72,2,0,0,1,0.0,0,0.682,0.398,1,0.682,0.216,0.088,0.1,0.25,0.0,3294.7496,0.734,0.9,1,1,0.362,0,15578,0.584,2.6,0,0.25,0.216,0.088,0.1,0.682,1.0,1,0.72,424.0,13927.6
98635,XAUGBPm_20260819180004_2,XAUGBPm,PULLBACK,BUY,0,2026.08.19 18:00:04,2026.08.19 18:00:09,0,3301.871,3300.942,-929.0,-631.36,0.056,0.0,SL_HIT,3301.492,3305.706,3292.2212,1,0.013,1.56,3294.7496,0.4,0,1.0,0.72,2,0,0,1,0.0,0,0.682,0.398,1,0.682,0.216,0.088,0.1,0.25,0.0,3294.7496,0.734,0.9,1,1,0.362,0,15578,0.614,5.16,0,0.25,0.216,0.088,0.1,0.682,1.0,1,0.72,424.0,13927.6
98630,XAUGBPm_20260819180000_0,XAUGBPm,BREAKOUT,BUY,1,2026.08.19 18:00:00,2026.08.19 18:02:03,2,3301.851,3302.127,276.0,187.63,0.105,0.11,TRAIL_STOP,3301.492,3305.706,3292.2212,1,0.013,1.56,3294.7496,0.4,0,1.0,0.72,2,0,0,1,0.0,0,0.682,0.398,1,0.682,0.216,0.088,0.1,0.25,0.0,3294.7496,0.734,0.9,1,1,0.362,0,15578,0.4,4.31,0,0.25,0.216,0.088,0.1,0.682,1.0,1,0.72,424.0,13927.6
98633,XAUGBPm_20260819180002_1,XAUGBPm,BREAKOUT_RETEST,BUY,1,2026.08.19 18:00:02,2026.08.19 18:02:03,2,3302.009,3302.127,118.0,80.22,0.117,0.099,TRAIL_STOP,3301.492,3305.706,3292.2212,1,0.013,1.56,3294.7496,0.4,0,1.0,0.72,2,0,0,1,0.0,0,0.682,0.398,1,0.682,0.216,0.088,0.1,0.25,0.0,3294.7496,0.734,0.9,1,1,0.362,0,15578,0.584,2.6,0,0.25,0.216,0.088,0.1,0.682,1.0,1,0.72,424.0,13927.6
98636,XAUGBPm_20260819180004_2,XAUGBPm,PULLBACK,BUY,1,2026.08.19 18:00:04,2026.08.19 18:02:03,1,3301.871,3302.127,256.0,174.04,0.107,0.109,TRAIL_STOP,3301.492,3305.706,3292.2212,1,0.013,1.56,3294.7496,0.4,0,1.0,0.72,2,0,0,1,0.0,0,0.682,0.398,1,0.682,0.216,0.088,0.1,0.25,0.0,3294.7496,0.734,0.9,1,1,0.362,0,15578,0.614,5.16,0,0.25,0.216,0.088,0.1,0.682,1.0,1,0.72,424.0,13927.6
98631,XAUGBPm_20260819180002_1,XAUGBPm,BREAKOUT_RETEST,BUY,-1,2026.08.19 18:00:02,2026.08.19 18:15:48,15,3302.009,3297.715,-4294.0,-2919.79,0.298,0.291,SL_HIT,3301.492,3305.706,3292.2212,1,0.013,1.56,3294.7496,0.4,0,1.0,0.72,2,0,0,1,0.0,0,0.682,0.398,1,0.682,0.216,0.088,0.1,0.25,0.0,3294.7496,0.734,0.9,1,1,0.362,0,15578,0.584,2.6,0,0.25,0.216,0.088,0.331,0.682,1.0,1,0.72,424.0,13927.6
98611,XAUGBPm_20260819160001_2,XAUGBPm,PULLBACK,BUY,-1,2026.08.19 16:00:01,2026.08.19 18:18:11,138,3303.046,3295.983,-7063.0,-4802.63,0.493,0.214,SL_HIT,3275.56247,3294.6823,3243.6961,0,0.408,4.33,3275.56247,0.6,0,0.975,0.825,0,0,0,1,0.0,0,0.523,0.373,1,0.523,0.247,0.0,0.211,0.0,0.0,3294.6823,0.55,1.216,1,1,0.362,0,15576,0.46,6.07,0,0.25,0.216,0.088,0.231,0.682,1.0,1,0.72,424.0,13927.6
98608,XAUGBPm_20260819160000_0,XAUGBPm,BREAKOUT,BUY,-1,2026.08.19 16:00:00,2026.08.19 18:26:43,146,3302.97,3295.727,-7243.0,-4922.23,0.505,0.22,SL_HIT,3275.56247,3294.6823,3243.6961,0,0.408,4.33,3275.56247,0.6,0,0.975,0.825,0,0,0,1,0.0,2,1.0,0.545,2,0.47,0.947,0.0,0.211,0.0,0.3736,3294.6823,0.55,1.666,1,1,0.362,0,15576,0.629,4.93,0,0.25,0.216,0.088,0.231,0.682,1.0,1,0.72,424.0,13927.6
98628,XAUGBPm_20260819180000_0,XAUGBPm,BREAKOUT,BUY,-1,2026.08.19 18:00:00,2026.08.19 18:27:30,27,3301.851,3293.574,-8277.0,-5624.93,0.579,0.302,SL_HIT,3301.492,3305.706,3292.2212,1,0.013,1.56,3294.7496,0.4,0,1.0,0.72,2,0,0,1,0.0,0,0.682,0.398,1,0.682,0.216,0.088,0.1,0.25,0.0,3294.7496,0.734,0.9,1,1,0.362,0,15578,0.4,4.31,0,0.25,0.216,0.088,0.281,0.682,1.0,1,0.72,424.0,13927.6
98634,XAUGBPm_20260819180004_2,XAUGBPm,PULLBACK,BUY,-1,2026.08.19 18:00:04,2026.08.19 18:27:30,27,3301.871,3293.574,-8297.0,-5638.52,0.58,0.301,SL_HIT,3301.492,3305.706,3292.2212,1,0.013,1.56,3294.7496,0.4,0,1.0,0.72,2,0,0,1,0.0,0,0.682,0.398,1,0.682,0.216,0.088,0.1,0.25,0.0,3294.7496,0.734,0.9,1,1,0.362,0,15578,0.614,5.16,0,0.25,0.216,0.088,0.281,0.682,1.0,1,0.72,424.0,13927.6
98616,XAUGBPm_20260819160048_7,XAUGBPm,ANCHORED_PULLBACK,BUY,-1,2026.08.19 16:00:48,2026.08.19 18:31:37,150,3303.817,3290.003,-13814.0,-9295.3,0.927,0.16,SL_HIT,3275.56247,3294.6823,3243.6961,0,0.408,4.33,3275.56247,0.6,0,0.975,0.825,0,0,0,1,0.0,0,0.523,0.373,1,0.523,0.247,0.0,0.211,0.0,0.0,3294.6823,0.55,1.216,1,1,0.362,0,15576,0.253,2.11,0,0.25,0.216,0.088,0.37,0.682,1.0,0,0.72,483.0,13927.6
98650,XAUGBPm_20260819190107_7,XAUGBPm,ANCHORED_PULLBACK,BUY,0,2026.08.19 19:01:08,2026.08.19 19:01:09,0,3305.714,3304.553,-1161.0,-790.02,0.07,0.0,SL_HIT,3301.60268,3305.25285,3296.3302,0,0.056,0.169,3301.60268,0.55,0,0.8,0.755,0,0,0,1,0.0,0,0.752,0.431,1,0.752,0.226,0.204,0.441,0.4,0.0,3296.3302,0.6,1.321,1,1,0.362,0,15579,0.393,2.89,0,0.4,0.226,0.204,0.391,0.752,0.8,1,0.755,424.0,14411.1
98651,XAUGBPm_20260819190107_7,XAUGBPm,ANCHORED_PULLBACK,BUY,1,2026.08.19 19:01:08,2026.08.19 19:01:27,0,3305.714,3303.847,-1867.0,-1270.22,0.122,0.0,SL_HIT,3301.60268,3305.25285,3296.3302,0,0.056,0.169,3301.60268,0.55,0,0.8,0.755,0,0,0,1,0.0,0,0.752,0.431,1,0.752,0.226,0.204,0.441,0.4,0.0,3296.3302,0.6,1.321,1,1,0.362,0,15579,0.393,2.89,0,0.4,0.226,0.204,0.335,0.752,0.8,1,0.755,424.0,14411.1
98655,XAUGBPm_20260819190610_3,XAUGBPm,TREND_CONTINUATION,BUY,0,2026.08.19 19:06:10,2026.08.19 19:06:49,0,3306.01,3305.226,-784.0,-533.31,0.072,0.0,SL_HIT,3301.60268,3305.25285,3296.3302,0,0.056,0.169,3301.60268,0.55,0,0.8,0.755,0,0,0,1,0.0,0,0.752,0.431,1,0.752,0.226,0.204,0.441,0.4,0.0,3301.1971,0.55,1.321,1,1,0.362,0,15579,0.489,2.08,0,0.4,0.226,0.204,0.391,0.752,0.8,1,0.755,424.0,14411.1
98656,XAUGBPm_20260819190610_3,XAUGBPm,TREND_CONTINUATION,BUY,1,2026.08.19 19:06:10,2026.08.19 19:07:01,0,3306.01,3304.386,-1624.0,-1104.7,0.102,0.0,SL_HIT,3301.60268,3305.25285,3296.3302,0,0.056,0.169,3301.60268,0.55,0,0.8,0.755,0,0,0,1,0.0,0,0.752,0.431,1,0.752,0.226,0.204,0.441,0.4,0.0,3301.1971,0.55,1.321,1,1,0.362,0,15579,0.489,2.08,0,0.4,0.226,0.204,0.335,0.752,0.8,1,0.755,424.0,14411.1
98580,XAUGBPm_20260819140000_0,XAUGBPm,BREAKOUT,BUY,-1,2026.08.19 14:00:00,2026.08.19 19:08:49,308,3275.198,3309.412,34214.0,23266.78,0.26,2.495,TP_HIT,3273.96052,3278.673,3244.11485,1,0.052,2.354,3264.53557,0.55,0,0.825,0.755,2,0,0,1,0.0,0,0.456,0.436,1,0.456,0.226,0.0,0.114,0.0,0.0,3264.53557,0.737,1.071,1,1,0.505,0,15574,0.356,1.67,0,0.4,0.226,0.204,0.441,0.752,0.8,0,0.755,483.0,14411.1
98661,XAUGBPm_20260819200000_0,XAUGBPm,BREAKOUT,BUY,0,2026.08.19 20:00:00,2026.08.19 20:00:02,0,3315.397,3314.731,-666.0,-601.49,0.036,0.0,SL_HIT,3300.91523,3306.77805,3296.35525,0,0.789,0.52,3302.21808,0.4,0,1.0,0.965,0,0,0,1,0.0,2,0.996,0.632,2,0.687,0.99,0.129,0.26,0.0,0.1034,3302.21808,0.736,1.739,1,2,0.0,0,15580,0.658,2.81,0,0.0,0.29,0.129,0.26,0.716,1.0,0,0.965,425.0,14508.1
98665,XAUGBPm_20260819200004_2,XAUGBPm,PULLBACK,BUY,0,2026.08.19 20:00:04,2026.08.19 20:00:21,0,3315.513,3314.91,-603.0,-410.28,0.048,0.0,SL_HIT,3300.91523,3306.77805,3296.35525,0,0.789,0.52,3302.21808,0.4,0,1.0,0.965,0,0,0,1,0.0,0,0.716,0.51,2,0.716,0.29,0.129,0.26,0.0,0.0,3302.21808,0.736,1.289,1,2,0.0,0,15580,0.514,3.34,0,0.0,0.29,0.129,0.26,0.716,1.0,0,0.965,425.0,14508.1
98662,XAUGBPm_20260819200000_0,XAUGBPm,BREAKOUT,BUY,1,2026.08.19 20:00:00,2026.08.19 20:00:43,0,3315.615,3314.179,-1436.0,-884.49,0.097,0.0,SL_HIT,3300.91523,3306.77805,3296.35525,0,0.789,0.52,3302.21808,0.4,0,1.0,0.965,0,0,0,1,0.0,2,0.996,0.632,2,0.687,0.99,0.129,0.26,0.0,0.1034,3302.21808,0.736,1.739,1,2,0.0,0,15580,0.658,2.81,0,0.0,0.29,0.129,0.256,0.716,1.0,0,0.965,425.0,14508.1
98666,XAUGBPm_20260819200004_2,XAUGBPm,PULLBACK,BUY,1,2026.08.19 20:00:04,2026.08.19 20:00:43,0,3315.513,3314.179,-1334.0,-981.1,0.09,0.0,SL_HIT,3300.91523,3306.77805,3296.35525,0,0.789,0.52,3302.21808,0.4,0,1.0,0.965,0,0,0,1,0.0,0,0.716,0.51,2,0.716,0.29,0.129,0.26,0.0,0.0,3302.21808,0.736,1.289,1,2,0.0,0,15580,0.514,3.34,0,0.0,0.29,0.129,0.256,0.716,1.0,0,0.965,425.0,14508.1
98583,XAUGBPm_20260819140001_2,XAUGBPm,PULLBACK,BUY,-1,2026.08.19 14:00:01,2026.08.19 20:19:19,379,3275.227,3316.172,40945.0,27857.44,0.262,2.997,TP_HIT,3273.96052,3278.673,3244.11485,1,0.052,2.354,3264.53557,0.55,0,0.825,0.755,2,0,0,1,0.0,0,0.456,0.436,1,0.456,0.226,0.0,0.114,0.0,0.0,3264.53557,0.737,1.071,1,1,0.505,0,15574,0.574,2.0,0,0.0,0.29,0.129,0.26,0.716,1.0,0,0.965,425.0,14508.1
98672,XAUGBPm_20260819220059_2,XAUGBPm,PULLBACK,BUY,0,2026.08.19 22:01:00,2026.08.19 22:01:08,0,3324.264,3326.183,1919.0,1305.64,0.0,0.183,TRAIL_STOP,3300.91523,3306.77805,3296.35525,0,0.789,0.52,3302.21808,0.4,0,1.0,0.965,0,0,0,1,0.0,0,0.716,0.51,2,0.716,0.29,0.129,0.26,0.0,0.0,3302.21808,0.736,1.289,1,2,0.0,0,15580,0.514,2.0,0,0.0,0.3,0.0,0.265,0.657,1.0,0,1.0,485.0,14787.4
98675,XAUGBPm_20260819220100_7,XAUGBPm,ANCHORED_PULLBACK,BUY,0,2026.08.19 22:01:00,2026.08.19 22:01:08,0,3326.249,3326.183,-66.0,-44.91,0.0,0.046,SL_HIT,3301.56277,3311.4812,3289.841,0,1.037,0.427,3301.56277,0.6,0,1.0,1.0,0,0,0,1,0.0,2,1.0,0.514,2,0.631,1.0,0.0,0.265,0.0,0.7586,3310.57953,0.55,1.747,1,2,0.0,0,15581,0.749,10.15,0,0.0,0.3,0.0,0.265,0.657,1.0,0,1.0,485.0,14787.4
98673,XAUGBPm_20260819220059_2,XAUGBPm,PULLBACK,BUY,1,2026.08.19 22:01:00,2026.08.19 22:01:41,0,3324.264,3325.3,1036.0,704.98,0.0,0.183,TRAIL_STOP,3300.91523,3306.77805,3296.35525,0,0.789,0.52,3302.21808,0.4,0,1.0,0.965,0,0,0,1,0.0,0,0.716,0.51,2,0.716,0.29,0.129,0.26,0.0,0.0,3302.21808,0.736,1.289,1,2,0.0,0,15580,0.514,2.0,0,0.0,0.3,0.0,0.265,0.657,1.0,0,1.0,484.0,14787.4
98676,XAUGBPm_20260819220100_7,XAUGBPm,ANCHORED_PULLBACK,BUY,1,2026.08.19 22:01:00,2026.08.19 22:01:41,0,3326.249,3325.3,-949.0,-645.82,0.053,0.036,SL_HIT,3301.56277,3311.4812,3289.841,0,1.037,0.427,3301.56277,0.6,0,1.0,1.0,0,0,0,1,0.0,2,1.0,0.514,2,0.631,1.0,0.0,0.265,0.0,0.7586,3310.57953,0.55,1.747,1,2,0.0,0,15581,0.749,10.15,0,0.0,0.3,0.0,0.265,0.657,1.0,0,1.0,484.0,14787.4
98674,XAUGBPm_20260819220100_7,XAUGBPm,ANCHORED_PULLBACK,BUY,-1,2026.08.19 22:01:00,2026.08.19 22:02:47,1,3326.249,3323.28,-2969.0,-2020.29,0.19,0.046,SL_HIT,3301.56277,3311.4812,3289.841,0,1.037,0.427,3301.56277,0.6,0,1.0,1.0,0,0,0,1,0.0,2,1.0,0.514,2,0.631,1.0,0.0,0.265,0.0,0.7586,3310.57953,0.55,1.747,1,2,0.0,0,15581,0.749,10.15,0,0.0,0.3,0.0,0.195,0.657,1.0,0,1.0,426.0,14787.4
98683,XAUGBPm_20260819230043_1,XAUGBPm,BREAKOUT_RETEST,BUY,0,2026.08.19 23:00:43,2026.08.19 23:02:26,1,3322.734,3324.211,1477.0,1004.71,0.022,0.146,TRAIL_STOP,3322.28863,3326.924,3300.9659,1,0.034,0.221,3300.03883,0.7,1,1.0,1.0,2,0,0,1,0.0,0,0.49,0.368,1,0.49,0.3,0.053,0.06,0.15,0.0,3326.924,0.6,0.9,1,2,0.0,0,15582,0.6,1.06,0,0.15,0.3,0.053,0.259,0.49,1.0,1,1.0,426.0,14506.4
98684,XAUGBPm_20260819230043_1,XAUGBPm,BREAKOUT_RETEST,BUY,1,2026.08.19 23:00:43,2026.08.19 23:02:38,1,3322.734,3323.463,729.0,495.88,0.022,0.146,TRAIL_STOP,3322.28863,3326.924,3300.9659,1,0.034,0.221,3300.03883,0.7,1,1.0,1.0,2,0,0,1,0.0,0,0.49,0.368,1,0.49,0.3,0.053,0.06,0.15,0.0,3326.924,0.6,0.9,1,2,0.0,0,15582,0.6,1.06,0,0.15,0.3,0.053,0.259,0.49,1.0,1,1.0,426.0,14506.4
98688,XAUGBPm_20260819230618_3,XAUGBPm,TREND_CONTINUATION,BUY,0,2026.08.19 23:06:18,2026.08.19 23:06:24,0,3324.55,3323.706,-844.0,-574.17,0.049,0.0,SL_HIT,3322.28863,3326.924,3300.9659,1,0.034,0.221,3300.03883,0.7,1,1.0,1.0,2,0,0,1,0.0,0,0.49,0.403,1,0.49,0.3,0.053,0.259,0.15,0.0,3300.03883,0.732,1.199,1,2,0.0,0,15582,0.576,2.08,0,0.15,0.3,0.053,0.259,0.49,1.0,1,1.0,426.0,14506.4
98689,XAUGBPm_20260819230618_3,XAUGBPm,TREND_CONTINUATION,BUY,1,2026.08.19 23:06:18,2026.08.19 23:08:59,2,3324.55,3323.259,-1291.0,-878.22,0.081,0.003,SL_HIT,3322.28863,3326.924,3300.9659,1,0.034,0.221,3300.03883,0.7,1,1.0,1.0,2,0,0,1,0.0,0,0.49,0.403,1,0.49,0.3,0.053,0.259,0.15,0.0,3300.03883,0.732,1.199,1,2,0.0,0,15582,0.576,2.08,0,0.15,0.3,0.053,0.259,0.49,1.0,1,1.0,426.0,14506.4
98682,XAUGBPm_20260819230043_1,XAUGBPm,BREAKOUT_RETEST,BUY,-1,2026.08.19 23:00:43,2026.08.19 23:40:17,39,3322.734,3318.346,-4388.0,-2984.39,0.295,0.146,SL_HIT,3322.28863,3326.924,3300.9659,1,0.034,0.221,3300.03883,0.7,1,1.0,1.0,2,0,0,1,0.0,0,0.49,0.368,1,0.49,0.3,0.053,0.06,0.15,0.0,3326.924,0.6,0.9,1,2,0.0,0,15582,0.6,1.06,0,0.15,0.3,0.053,0.356,0.49,1.0,1,1.0,425.0,14506.4
98694,XAUGBPm_20260820000029_0,XAUGBPm,BREAKOUT,BUY,0,2026.08.20 00:00:29,2026.08.20 00:00:40,0,3318.18,3317.556,-624.0,-424.39,0.037,0.016,SL_HIT,3321.4943,3324.5108,3311.2382,1,0.216,0.049,3321.4943,0.55,0,0.8,0.825,0,0,0,1,0.0,0,0.623,0.397,1,0.623,0.247,0.14,0.431,0.4,0.0,3311.2382,0.6,1.306,1,1,0.411,0,15583,0.339,4.56,0,0.4,0.247,0.14,0.431,0.623,0.8,1,0.825,425.0,14527.4
98695,XAUGBPm_20260820000029_0,XAUGBPm,BREAKOUT,BUY,1,2026.08.20 00:00:29,2026.08.20 00:01:29,1,3318.18,3318.644,464.0,315.61,0.073,0.122,TRAIL_STOP,3321.4943,3324.5108,3311.2382,1,0.216,0.049,3321.4943,0.55,0,0.8,0.825,0,0,0,1,0.0,0,0.623,0.397,1,0.623,0.247,0.14,0.431,0.4,0.0,3311.2382,0.6,1.306,1,1,0.411,0,15583,0.339,4.56,0,0.4,0.247,0.14,0.386,0.623,0.8,1,0.825,425.0,14527.4
98699,XAUGBPm_20260820000221_2,XAUGBPm,PULLBACK,BUY,0,2026.08.20 00:02:21,2026.08.20 00:02:39,0,3318.019,3318.199,180.0,122.43,0.014,0.054,TRAIL_STOP,3321.4943,3324.5108,3311.2382,1,0.216,0.049,3321.4943,0.55,0,0.8,0.825,0,0,0,1,0.0,0,0.623,0.397,1,0.623,0.247,0.14,0.431,0.4,0.0,3311.2382,0.6,1.306,1,1,0.411,0,15583,0.564,5.43,0,0.4,0.247,0.14,0.431,0.623,0.8,1,0.825,425.0,14527.4
98700,XAUGBPm_20260820000221_2,XAUGBPm,PULLBACK,BUY,1,2026.08.20 00:02:21,2026.08.20 00:03:14,0,3318.019,3318.857,838.0,569.98,0.022,0.157,TRAIL_STOP,3321.4943,3324.5108,3311.2382,1,0.216,0.049,3321.4943,0.55,0,0.8,0.825,0,0,0,1,0.0,0,0.623,0.397,1,0.623,0.247,0.14,0.431,0.4,0.0,3311.2382,0.6,1.306,1,1,0.411,0,15583,0.564,5.43,0,0.4,0.247,0.14,0.386,0.623,0.8,1,0.825,425.0,14527.4
98693,XAUGBPm_20260820000029_0,XAUGBPm,BREAKOUT,BUY,-1,2026.08.20 00:00:29,2026.08.20 01:01:57,61,3318.18,3309.945,-8235.0,-5598.69,0.548,0.32,SL_HIT,3321.4943,3324.5108,3311.2382,1,0.216,0.049,3321.4943,0.55,0,0.8,0.825,0,0,0,1,0.0,0,0.623,0.397,1,0.623,0.247,0.14,0.431,0.4,0.0,3311.2382,0.6,1.306,1,1,0.411,0,15583,0.339,4.56,0,0.4,0.247,0.224,0.429,0.667,0.8,0,0.825,425.0,14947.6
98698,XAUGBPm_20260820000221_2,XAUGBPm,PULLBACK,BUY,-1,2026.08.20 00:02:21,2026.08.20 01:01:57,59,3318.232,3309.945,-8287.0,-5489.23,0.552,0.317,SL_HIT,3321.4943,3324.5108,3311.2382,1,0.216,0.049,3321.4943,0.55,0,0.8,0.825,0,0,0,1,0.0,0,0.623,0.397,1,0.623,0.247,0.14,0.431,0.4,0.0,3311.2382,0.6,1.306,1,1,0.411,0,15583,0.564,5.43,0,0.4,0.247,0.224,0.429,0.667,0.8,0,0.825,425.0,14947.6
98687,XAUGBPm_20260819230618_3,XAUGBPm,TREND_CONTINUATION,BUY,-1,2026.08.19 23:06:18,2026.08.20 01:02:33,116,3324.55,3307.14,-17410.0,-12650.19,1.194,0.003,SL_HIT,3322.28863,3326.924,3300.9659,1,0.034,0.221,3300.03883,0.7,1,1.0,1.0,2,0,0,1,0.0,0,0.49,0.403,1,0.49,0.3,0.053,0.259,0.15,0.0,3300.03883,0.732,1.199,1,2,0.0,0,15582,0.576,2.08,0,0.4,0.247,0.224,0.429,0.667,0.8,0,0.825,425.0,14947.6
98707,XAUGBPm_20260820010157_4,XAUGBPm,SWEEP_REVERSAL,BUY,1,2026.08.20 01:01:57,2026.08.20 01:06:18,4,3310.084,3303.956,-6128.0,-4035.06,0.406,0.044,SL_HIT,3321.87383,3323.8162,3316.0467,0,0.534,0.037,3321.87383,0.5,0,0.8,0.825,0,0,0,1,0.0,0,0.667,0.414,1,0.667,0.247,0.224,0.429,0.4,0.0,3321.87383,0.727,1.303,1,1,0.411,0,15584,0.279,0.82,0,0.4,0.247,0.224,0.429,0.667,0.8,0,0.825,425.0,14947.6
98706,XAUGBPm_20260820010157_4,XAUGBPm,SWEEP_REVERSAL,BUY,0,2026.08.20 01:01:57,2026.08.20 01:35:20,33,3310.084,3306.465,-3619.0,-2462.11,0.422,0.034,SL_HIT,3321.87383,3323.8162,3316.0467,0,0.534,0.037,3321.87383,0.5,0,0.8,0.825,0,0,0,1,0.0,0,0.667,0.414,1,0.667,0.247,0.224,0.429,0.4,0.0,3321.87383,0.727,1.303,1,1,0.411,0,15584,0.279,0.82,0,0.4,0.247,0.224,0.429,0.667,0.8,0,0.825,424.0,14947.6
98711,XAUGBPm_20260820010650_3,XAUGBPm,TREND_CONTINUATION,BUY,0,2026.08.20 01:06:50,2026.08.20 01:35:20,28,3304.238,3306.465,2227.0,1423.83,0.031,0.4,TRAIL_STOP,3321.87383,3323.8162,3316.0467,0,0.534,0.037,3321.87383,0.5,0,0.8,0.825,0,0,0,1,0.0,0,0.667,0.414,1,0.667,0.247,0.224,0.429,0.4,0.0,3321.87383,0.727,1.303,1,1,0.411,0,15584,0.491,1.01,0,0.4,0.247,0.224,0.429,0.667,0.8,0,0.825,424.0,14947.6
98714,XAUGBPm_20260820011756_5,XAUGBPm,MEAN_REVERSION,BUY,0,2026.08.20 01:17:56,2026.08.20 01:35:20,17,3306.473,3306.465,-8.0,-5.44,0.104,0.25,SL_HIT,3321.87383,3323.8162,3316.0467,0,0.534,0.037,3321.87383,0.5,0,0.8,0.825,0,0,0,1,0.0,0,0.667,0.414,1,0.667,0.247,0.224,0.429,0.4,0.0,3321.87383,0.727,1.303,1,1,0.411,0,15584,0.616,1.32,0,0.4,0.247,0.224,0.429,0.667,0.8,0,0.825,424.0,14947.6
98712,XAUGBPm_20260820010650_3,XAUGBPm,TREND_CONTINUATION,BUY,1,2026.08.20 01:06:50,2026.08.20 01:36:04,29,3304.372,3305.548,1176.0,800.01,0.04,0.391,TRAIL_STOP,3321.87383,3323.8162,3316.0467,0,0.534,0.037,3321.87383,0.5,0,0.8,0.825,0,0,0,1,0.0,0,0.667,0.414,1,0.667,0.247,0.224,0.429,0.4,0.0,3321.87383,0.727,1.303,1,1,0.411,0,15584,0.491,1.01,0,0.4,0.247,0.224,0.429,0.667,0.8,0,0.825,424.0,14947.6
98715,XAUGBPm_20260820011756_5,XAUGBPm,MEAN_REVERSION,BUY,1,2026.08.20 01:17:56,2026.08.20 01:36:04,18,3306.473,3305.548,-925.0,-629.31,0.104,0.25,SL_HIT,3321.87383,3323.8162,3316.0467,0,0.534,0.037,3321.87383,0.5,0,0.8,0.825,0,0,0,1,0.0,0,0.667,0.414,1,0.667,0.247,0.224,0.429,0.4,0.0,3321.87383,0.727,1.303,1,1,0.411,0,15584,0.616,1.32,0,0.4,0.247,0.224,0.429,0.667,0.8,0,0.825,424.0,14947.6
98660,XAUGBPm_20260819200000_0,XAUGBPm,BREAKOUT,BUY,-1,2026.08.19 20:00:00,2026.08.20 01:39:43,339,3315.397,3302.481,-12916.0,-9601.47,0.879,0.795,SL_HIT,3300.91523,3306.77805,3296.35525,0,0.789,0.52,3302.21808,0.4,0,1.0,0.965,0,0,0,1,0.0,2,0.996,0.632,2,0.687,0.99,0.129,0.26,0.0,0.1034,3302.21808,0.736,1.739,1,2,0.0,0,15580,0.658,2.81,0,0.4,0.247,0.224,0.429,0.667,0.8,0,0.825,424.0,14947.6
98664,XAUGBPm_20260819200004_2,XAUGBPm,PULLBACK,BUY,-1,2026.08.19 20:00:04,2026.08.20 01:39:43,339,3315.513,3302.481,-13032.0,-9680.39,0.887,0.787,SL_HIT,3300.91523,3306.77805,3296.35525,0,0.789,0.52,3302.21808,0.4,0,1.0,0.965,0,0,0,1,0.0,0,0.716,0.51,2,0.716,0.29,0.129,0.26,0.0,0.0,3302.21808,0.736,1.289,1,2,0.0,0,15580,0.514,3.34,0,0.4,0.247,0.224,0.429,0.667,0.8,0,0.825,424.0,14947.6
98671,XAUGBPm_20260819220059_2,XAUGBPm,PULLBACK,BUY,-1,2026.08.19 22:00:59,2026.08.20 01:39:43,218,3324.264,3302.481,-21783.0,-15634.28,1.49,0.183,SL_HIT,3300.91523,3306.77805,3296.35525,0,0.789,0.52,3302.21808,0.4,0,1.0,0.965,0,0,0,1,0.0,0,0.716,0.51,2,0.716,0.29,0.129,0.26,0.0,0.0,3302.21808,0.736,1.289,1,2,0.0,0,15580,0.514,2.0,0,0.4,0.247,0.224,0.429,0.667,0.8,0,0.825,424.0,14947.6
98725,XAUGBPm_20260820030002_1,XAUGBPm,BREAKOUT_RETEST,BUY,0,2026.08.20 03:00:02,2026.08.20 03:02:31,2,3301.325,3303.834,2509.0,1706.77,0.03,0.194,TRAIL_STOP,3301.3762,3316.3198,3296.395,1,0.044,0.135,3305.6458,0.7,0,1.0,0.825,2,0,0,1,0.0,0,0.606,0.365,1,0.606,0.247,0.222,0.16,0.4,0.0,3316.3198,0.6,0.9,1,1,0.411,0,15586,0.584,2.53,0,0.4,0.247,0.222,0.222,0.606,1.0,1,0.825,424.0,15957.9
98728,XAUGBPm_20260820030009_2,XAUGBPm,PULLBACK,BUY,0,2026.08.20 03:00:09,2026.08.20 03:02:31,2,3301.607,3303.834,2227.0,1514.94,0.048,0.176,TRAIL_STOP,3301.3762,3316.3198,3296.395,1,0.044,0.135,3305.6458,0.7,0,1.0,0.825,2,0,0,1,0.0,0,0.606,0.365,1,0.606,0.247,0.222,0.16,0.4,0.0,3296.395,0.6,0.9,1,1,0.411,0,15586,0.615,7.5,0,0.4,0.247,0.222,0.222,0.606,1.0,1,0.825,424.0,15957.9
98726,XAUGBPm_20260820030002_1,XAUGBPm,BREAKOUT_RETEST,BUY,1,2026.08.20 03:00:02,2026.08.20 03:03:21,3,3301.325,3302.958,1633.0,1187.76,0.03,0.194,TRAIL_STOP,3301.3762,3316.3198,3296.395,1,0.044,0.135,3305.6458,0.7,0,1.0,0.825,2,0,0,1,0.0,0,0.606,0.365,1,0.606,0.247,0.222,0.16,0.4,0.0,3316.3198,0.6,0.9,1,1,0.411,0,15586,0.584,2.53,0,0.4,0.247,0.222,0.221,0.606,1.0,1,0.825,424.0,15957.9
98729,XAUGBPm_20260820030009_2,XAUGBPm,PULLBACK,BUY,1,2026.08.20 03:00:09,2026.08.20 03:03:21,3,3301.607,3302.958,1351.0,919.05,0.048,0.176,TRAIL_STOP,3301.3762,3316.3198,3296.395,1,0.044,0.135,3305.6458,0.7,0,1.0,0.825,2,0,0,1,0.0,0,0.606,0.365,1,0.606,0.247,0.222,0.16,0.4,0.0,3296.395,0.6,0.9,1,1,0.411,0,15586,0.615,7.5,0,0.4,0.247,0.222,0.221,0.606,1.0,1,0.825,424.0,15957.9
98735,XAUGBPm_20260820030654_3,XAUGBPm,TREND_CONTINUATION,BUY,0,2026.08.20 03:06:54,2026.08.20 03:07:52,0,3305.245,3304.423,-822.0,-559.21,0.042,0.0,SL_HIT,3301.3762,3316.3198,3296.395,1,0.044,0.135,3305.6458,0.7,0,1.0,0.825,2,0,0,1,0.0,0,0.606,0.375,1,0.606,0.247,0.222,0.222,0.4,0.0,3296.395,0.6,0.993,1,1,0.411,0,15586,0.549,2.08,0,0.4,0.247,0.222,0.222,0.606,1.0,1,0.825,424.0,15957.9
98736,XAUGBPm_20260820030654_3,XAUGBPm,TREND_CONTINUATION,BUY,1,2026.08.20 03:06:54,2026.08.20 03:08:33,1,3305.245,3303.466,-1779.0,-1210.38,0.104,0.0,SL_HIT,3301.3762,3316.3198,3296.395,1,0.044,0.135,3305.6458,0.7,0,1.0,0.825,2,0,0,1,0.0,0,0.606,0.375,1,0.606,0.247,0.222,0.222,0.4,0.0,3296.395,0.6,0.993,1,1,0.411,0,15586,0.549,2.08,0,0.4,0.247,0.222,0.221,0.606,1.0,1,0.825,424.0,15957.9
98740,XAUGBPm_20260820031756_5,XAUGBPm,MEAN_REVERSION,BUY,0,2026.08.20 03:17:56,2026.08.20 03:18:00,0,3301.49,3300.275,-1215.0,-826.78,0.068,0.0,SL_HIT,3301.3762,3316.3198,3296.395,1,0.044,0.135,3305.6458,0.7,0,1.0,0.825,2,0,0,1,0.0,0,0.606,0.365,1,0.606,0.247,0.222,0.16,0.4,0.0,3316.3198,0.6,0.9,1,1,0.411,0,15586,0.577,2.43,0,0.4,0.247,0.222,0.335,0.606,1.0,1,0.825,424.0,15957.9
98741,XAUGBPm_20260820031756_5,XAUGBPm,MEAN_REVERSION,BUY,1,2026.08.20 03:17:56,2026.08.20 03:18:44,0,3301.49,3299.429,-2061.0,-1402.46,0.12,0.0,SL_HIT,3301.3762,3316.3198,3296.395,1,0.044,0.135,3305.6458,0.7,0,1.0,0.825,2,0,0,1,0.0,0,0.606,0.365,1,0.606,0.247,0.222,0.16,0.4,0.0,3316.3198,0.6,0.9,1,1,0.411,0,15586,0.577,2.43,0,0.4,0.247,0.222,0.335,0.606,1.0,1,0.825,424.0,15957.9
98745,XAUGBPm_20260820040348_0,XAUGBPm,BREAKOUT,BUY,0,2026.08.20 04:03:48,2026.08.20 04:04:38,0,3302.731,3302.672,-59.0,-40.16,0.032,0.034,SL_HIT,3303.6649,3310.9348,3296.395,1,0.035,0.438,3303.6649,0.55,0,0.535,0.56,0,0,0,1,0.0,0,0.796,0.397,1,0.796,0.168,0.088,0.102,0.25,0.0,3296.395,0.6,0.903,1,1,0.393,0,15587,0.26,1.03,0,0.25,0.168,0.088,0.102,0.796,0.535,1,0.56,424.0,13114.9
98746,XAUGBPm_20260820040348_0,XAUGBPm,BREAKOUT,BUY,1,2026.08.20 04:03:48,2026.08.20 04:04:39,0,3302.731,3301.925,-806.0,-548.63,0.052,0.034,SL_HIT,3303.6649,3310.9348,3296.395,1,0.035,0.438,3303.6649,0.55,0,0.535,0.56,0,0,0,1,0.0,0,0.796,0.397,1,0.796,0.168,0.088,0.102,0.25,0.0,3296.395,0.6,0.903,1,1,0.393,0,15587,0.26,1.03,0,0.25,0.168,0.088,0.102,0.796,0.535,1,0.56,424.0,13114.9
98649,XAUGBPm_20260819190107_7,XAUGBPm,ANCHORED_PULLBACK,BUY,-1,2026.08.19 19:01:08,2026.08.20 04:38:40,577,3305.714,3295.838,-9876.0,-7535.59,0.676,1.472,SL_HIT,3301.60268,3305.25285,3296.3302,0,0.056,0.169,3301.60268,0.55,0,0.8,0.755,0,0,0,1,0.0,0,0.752,0.431,1,0.752,0.226,0.204,0.441,0.4,0.0,3296.3302,0.6,1.321,1,1,0.362,0,15579,0.393,2.89,0,0.25,0.168,0.088,0.37,0.796,0.535,0,0.56,423.0,13114.9
98744,XAUGBPm_20260820040348_0,XAUGBPm,BREAKOUT,BUY,-1,2026.08.20 04:03:48,2026.08.20 05:14:10,70,3303.006,3295.413,-7593.0,-4979.09,0.567,0.028,SL_HIT,3303.6649,3310.9348,3296.395,1,0.035,0.438,3303.6649,0.55,0,0.535,0.56,0,0,0,1,0.0,0,0.796,0.397,1,0.796,0.168,0.088,0.102,0.25,0.0,3296.395,0.6,0.903,1,1,0.393,0,15587,0.26,1.03,0,0.25,0.153,0.246,0.348,0.709,0.45,0,-0.51,424.0,11914.5
98724,XAUGBPm_20260820030002_1,XAUGBPm,BREAKOUT_RETEST,BUY,-1,2026.08.20 03:00:02,2026.08.20 05:23:24,143,3301.325,3295.194,-6131.0,-4171.62,0.38,0.3,SL_HIT,3301.3762,3316.3198,3296.395,1,0.044,0.135,3305.6458,0.7,0,1.0,0.825,2,0,0,1,0.0,0,0.606,0.365,1,0.606,0.247,0.222,0.16,0.4,0.0,3316.3198,0.6,0.9,1,1,0.411,0,15586,0.584,2.53,0,0.25,0.153,0.246,0.348,0.709,0.45,0,-0.51,424.0,11914.5
98727,XAUGBPm_20260820030009_2,XAUGBPm,PULLBACK,BUY,-1,2026.08.20 03:00:09,2026.08.20 05:23:24,143,3301.607,3295.194,-6413.0,-4363.5,0.398,0.282,SL_HIT,3301.3762,3316.3198,3296.395,1,0.044,0.135,3305.6458,0.7,0,1.0,0.825,2,0,0,1,0.0,0,0.606,0.365,1,0.606,0.247,0.222,0.16,0.4,0.0,3296.395,0.6,0.9,1,1,0.411,0,15586,0.615,7.5,0,0.25,0.153,0.246,0.348,0.709,0.45,0,-0.51,424.0,11914.5
98739,XAUGBPm_20260820031756_5,XAUGBPm,MEAN_REVERSION,BUY,-1,2026.08.20 03:17:56,2026.08.20 05:23:24,125,3301.49,3295.194,-6296.0,-4283.89,0.39,0.29,SL_HIT,3301.3762,3316.3198,3296.395,1,0.044,0.135,3305.6458,0.7,0,1.0,0.825,2,0,0,1,0.0,0,0.606,0.365,1,0.606,0.247,0.222,0.16,0.4,0.0,3316.3198,0.6,0.9,1,1,0.411,0,15586,0.577,2.43,0,0.25,0.153,0.246,0.348,0.709,0.45,0,-0.51,424.0,11914.5
98705,XAUGBPm_20260820010157_4,XAUGBPm,SWEEP_REVERSAL,BUY,-1,2026.08.20 01:01:57,2026.08.20 05:28:15,266,3310.092,3295.139,-14953.0,-10167.53,0.997,0.033,SL_HIT,3321.87383,3323.8162,3316.0467,0,0.534,0.037,3321.87383,0.5,0,0.8,0.825,0,0,0,1,0.0,0,0.667,0.414,1,0.667,0.247,0.224,0.429,0.4,0.0,3321.87383,0.727,1.303,1,1,0.411,0,15584,0.279,0.82,0,0.25,0.153,0.246,0.348,0.709,0.45,0,-0.51,424.0,11914.5
98713,XAUGBPm_20260820011756_5,XAUGBPm,MEAN_REVERSION,BUY,-1,2026.08.20 01:17:56,2026.08.20 05:30:00,252,3306.473,3294.321,-12152.0,-8266.34,0.799,0.25,SL_HIT,3321.87383,3323.8162,3316.0467,0,0.534,0.037,3321.87383,0.5,0,0.8,0.825,0,0,0,1,0.0,0,0.667,0.414,1,0.667,0.247,0.224,0.429,0.4,0.0,3321.87383,0.727,1.303,1,1,0.411,0,15584,0.616,1.32,0,0.25,0.153,0.246,0.348,0.709,0.45,0,-0.51,424.0,11914.5
98757,XAUGBPm_20260820053001_5,XAUGBPm,MEAN_REVERSION,BUY,0,2026.08.20 05:30:01,2026.08.20 05:55:06,25,3294.604,3292.256,-2348.0,-1526.07,0.244,0.189,SL_HIT,3301.92493,3307.0754,3300.52025,0,0.22,1.085,3305.67072,0.35,0,0.45,-0.51,0,0,0,1,0.0,0,0.709,0.498,1,0.709,0.153,0.246,0.348,0.25,0.0,3301.92493,0.7,1.271,1,1,0.393,0,15588,0.687,0.81,0,0.25,0.153,0.246,0.348,0.709,0.45,0,-0.51,424.0,11914.5
98760,XAUGBPm_20260820053803_4,XAUGBPm,SWEEP_REVERSAL,BUY,0,2026.08.20 05:38:04,2026.08.20 05:55:06,17,3292.587,3292.256,-331.0,-119.01,0.075,0.198,SL_HIT,3301.92493,3307.0754,3300.52025,0,0.22,1.085,3305.67072,0.35,0,0.45,-0.51,0,0,0,1,0.0,0,0.709,0.498,1,0.709,0.153,0.246,0.348,0.25,0.0,3301.92493,0.7,1.271,1,1,0.393,0,15588,0.261,0.81,0,0.25,0.153,0.246,0.348,0.709,0.45,0,-0.51,424.0,11914.5
98758,XAUGBPm_20260820053001_5,XAUGBPm,MEAN_REVERSION,BUY,1,2026.08.20 05:30:01,2026.08.20 05:56:53,26,3294.5,3292.344,-2156.0,-1388.33,0.235,0.197,SL_HIT,3301.92493,3307.0754,3300.52025,0,0.22,1.085,3305.67072,0.35,0,0.45,-0.51,0,0,0,1,0.0,0,0.709,0.498,1,0.709,0.153,0.246,0.348,0.25,0.0,3301.92493,0.7,1.271,1,1,0.393,0,15588,0.687,0.81,0,0.25,0.153,0.246,0.348,0.709,0.45,0,-0.51,423.0,11914.5
98761,XAUGBPm_20260820053803_4,XAUGBPm,SWEEP_REVERSAL,BUY,1,2026.08.20 05:38:04,2026.08.20 05:56:53,18,3292.431,3292.344,-87.0,-66.66,0.061,0.211,SL_HIT,3301.92493,3307.0754,3300.52025,0,0.22,1.085,3305.67072,0.35,0,0.45,-0.51,0,0,0,1,0.0,0,0.709,0.498,1,0.709,0.153,0.246,0.348,0.25,0.0,3301.92493,0.7,1.271,1,1,0.393,0,15588,0.261,0.81,0,0.25,0.153,0.246,0.348,0.709,0.45,0,-0.51,423.0,11914.5
98756,XAUGBPm_20260820053001_5,XAUGBPm,MEAN_REVERSION,BUY,-1,2026.08.20 05:30:01,2026.08.20 06:15:32,45,3294.604,3302.471,7867.0,5352.9,0.244,0.65,TP_HIT,3301.92493,3307.0754,3300.52025,0,0.22,1.085,3305.67072,0.35,0,0.45,-0.51,0,0,0,1,0.0,0,0.709,0.498,1,0.709,0.153,0.246,0.348,0.25,0.0,3301.92493,0.7,1.271,1,1,0.393,0,15588,0.687,0.81,0,0.15,0.216,0.053,0.065,0.774,0.75,1,-0.72,424.0,10529.1
98759,XAUGBPm_20260820053803_4,XAUGBPm,SWEEP_REVERSAL,BUY,-1,2026.08.20 05:38:03,2026.08.20 06:15:32,37,3292.713,3302.471,9758.0,6725.32,0.085,0.808,TP_HIT,3301.92493,3307.0754,3300.52025,0,0.22,1.085,3305.67072,0.35,0,0.45,-0.51,0,0,0,1,0.0,0,0.709,0.498,1,0.709,0.153,0.246,0.348,0.25,0.0,3301.92493,0.7,1.271,1,1,0.393,0,15588,0.261,0.81,0,0.15,0.216,0.053,0.065,0.774,0.75,1,-0.72,424.0,10529.1
98769,XAUGBPm_20260820073001_5,XAUGBPm,MEAN_REVERSION,BUY,0,2026.08.20 07:30:02,2026.08.20 07:30:27,0,3294.04,3293.51,-530.0,-432.93,0.059,0.0,SL_HIT,3302.14842,3305.39135,3297.4642,0,0.068,0.207,3300.70712,0.55,0,0.55,-0.58,0,0,0,1,0.0,0,0.776,0.383,1,0.776,0.174,0.14,0.346,0.4,0.0,3300.70712,0.754,1.18,1,1,0.393,0,15590,0.673,0.85,0,0.4,0.174,0.14,0.346,0.776,0.55,0,-0.58,423.0,10479.4
98770,XAUGBPm_20260820073001_5,XAUGBPm,MEAN_REVERSION,BUY,1,2026.08.20 07:30:02,2026.08.20 07:32:11,2,3294.146,3293.547,-599.0,-407.84,0.097,0.04,SL_HIT,3302.14842,3305.39135,3297.4642,0,0.068,0.207,3300.70712,0.55,0,0.55,-0.58,0,0,0,1,0.0,0,0.776,0.383,1,0.776,0.174,0.14,0.346,0.4,0.0,3300.70712,0.754,1.18,1,1,0.393,0,15590,0.673,0.85,0,0.4,0.174,0.14,0.346,0.776,0.55,0,-0.58,423.0,10479.4
98774,XAUGBPm_20260820093039_5,XAUGBPm,MEAN_REVERSION,BUY,0,2026.08.20 09:30:39,2026.08.20 09:31:06,0,3289.515,3290.184,669.0,456.35,0.033,0.1,TRAIL_STOP,3295.95838,3299.29385,3292.01645,0,0.17,0.056,3295.95838,0.6,0,0.975,-0.65,0,0,0,1,0.0,0,0.793,0.447,1,0.793,0.195,0.231,0.415,0.4,0.0,3295.95838,0.753,1.283,1,2,0.377,0,15592,0.693,0.8,0,0.4,0.195,0.231,0.415,0.793,0.975,0,-0.65,422.0,10717.5
98775,XAUGBPm_20260820093039_5,XAUGBPm,MEAN_REVERSION,BUY,1,2026.08.20 09:30:39,2026.08.20 09:32:02,1,3289.515,3289.951,436.0,297.41,0.033,0.139,TRAIL_STOP,3295.95838,3299.29385,3292.01645,0,0.17,0.056,3295.95838,0.6,0,0.975,-0.65,0,0,0,1,0.0,0,0.793,0.447,1,0.793,0.195,0.231,0.415,0.4,0.0,3295.95838,0.753,1.283,1,2,0.377,0,15592,0.693,0.8,0,0.4,0.195,0.231,0.415,0.793,0.975,0,-0.65,422.0,10717.5
98654,XAUGBPm_20260819190610_3,XAUGBPm,TREND_CONTINUATION,BUY,-1,2026.08.19 19:06:10,2026.08.20 09:34:13,868,3306.118,3288.762,-17356.0,-12580.61,1.196,1.444,SL_HIT,3301.60268,3305.25285,3296.3302,0,0.056,0.169,3301.60268,0.55,0,0.8,0.755,0,0,0,1,0.0,0,0.752,0.431,1,0.752,0.226,0.204,0.441,0.4,0.0,3301.1971,0.55,1.321,1,1,0.362,0,15579,0.489,2.08,0,0.4,0.195,0.231,0.415,0.793,0.975,0,-0.65,422.0,10717.5
98623,XAUGBPm_20260819170609_3,XAUGBPm,TREND_CONTINUATION,BUY,-1,2026.08.19 17:06:09,2026.08.20 09:39:01,992,3304.109,3287.342,-16767.0,-12250.21,1.2,1.635,SL_HIT,3275.3874,3297.7968,3260.8872,0,0.355,0.922,3275.3874,0.7,0,1.0,0.86,0,0,0,1,0.0,0,0.554,0.451,1,0.554,0.258,0.125,0.163,0.0,0.0,3295.1604,0.55,1.145,1,1,0.362,0,15577,0.576,2.08,0,0.4,0.195,0.231,0.415,0.793,0.975,0,-0.65,422.0,10717.5
98780,XAUGBPm_20260820093851_4,XAUGBPm,SWEEP_REVERSAL,BUY,0,2026.08.20 09:38:51,2026.08.20 09:39:04,0,3287.784,3287.232,-552.0,-376.52,0.041,0.0,SL_HIT,3295.95838,3299.29385,3292.01645,0,0.17,0.056,3295.95838,0.6,0,0.975,-0.65,0,0,0,1,0.0,0,0.793,0.447,1,0.793,0.195,0.231,0.415,0.4,0.0,3295.95838,0.753,1.283,1,2,0.377,0,15592,0.29,0.8,0,0.4,0.195,0.231,0.415,0.793,0.975,0,-0.65,422.0,10717.5
98781,XAUGBPm_20260820093851_4,XAUGBPm,SWEEP_REVERSAL,BUY,1,2026.08.20 09:38:52,2026.08.20 09:41:02,2,3287.784,3288.897,1113.0,759.12,0.052,0.195,TRAIL_STOP,3295.95838,3299.29385,3292.01645,0,0.17,0.056,3295.95838,0.6,0,0.975,-0.65,0,0,0,1,0.0,0,0.793,0.447,1,0.793,0.195,0.231,0.415,0.4,0.0,3295.95838,0.753,1.283,1,2,0.377,0,15592,0.29,0.8,0,0.4,0.195,0.231,0.415,0.793,0.975,0,-0.65,422.0,10717.5
98710,XAUGBPm_20260820010650_3,XAUGBPm,TREND_CONTINUATION,BUY,-1,2026.08.20 01:06:50,2026.08.20 09:51:15,524,3304.238,3286.293,-17945.0,-12244.14,1.192,0.4,SL_HIT,3321.87383,3323.8162,3316.0467,0,0.534,0.037,3321.87383,0.5,0,0.8,0.825,0,0,0,1,0.0,0,0.667,0.414,1,0.667,0.247,0.224,0.429,0.4,0.0,3321.87383,0.727,1.303,1,1,0.411,0,15584,0.491,1.01,0,0.4,0.195,0.231,0.415,0.793,0.975,0,-0.65,422.0,10717.5
98734,XAUGBPm_20260820030654_3,XAUGBPm,TREND_CONTINUATION,BUY,-1,2026.08.20 03:06:54,2026.08.20 09:51:23,404,3305.245,3286.087,-19158.0,-13071.41,1.195,0.054,SL_HIT,3301.3762,3316.3198,3296.395,1,0.044,0.135,3305.6458,0.7,0,1.0,0.825,2,0,0,1,0.0,0,0.606,0.375,1,0.606,0.247,0.222,0.222,0.4,0.0,3296.395,0.6,0.993,1,1,0.411,0,15586,0.549,2.08,0,0.4,0.195,0.231,0.415,0.793,0.975,0,-0.65,422.0,10717.5
98768,XAUGBPm_20260820073001_5,XAUGBPm,MEAN_REVERSION,BUY,-1,2026.08.20 07:30:01,2026.08.20 09:52:33,142,3294.04,3285.632,-8408.0,-5737.07,0.79,0.55,SL_HIT,3302.14842,3305.39135,3297.4642,0,0.068,0.207,3300.70712,0.55,0,0.55,-0.58,0,0,0,1,0.0,0,0.776,0.383,1,0.776,0.174,0.14,0.346,0.4,0.0,3300.70712,0.754,1.18,1,1,0.393,0,15590,0.673,0.85,0,0.4,0.195,0.231,0.415,0.793,0.975,0,-0.65,422.0,10717.5
98788,XAUGBPm_20260820113040_5,XAUGBPm,MEAN_REVERSION,BUY,-1,2026.08.20 11:30:40,2026.08.20 11:45:34,14,3289.082,3280.946,-8136.0,-5545.09,0.733,0.002,SL_HIT,3296.43037,3298.5185,3289.33075,0,0.102,0.436,3296.43037,0.55,0,1.0,-0.895,0,0,0,1,0.0,0,0.608,0.436,1,0.608,0.269,0.098,0.119,0.0,0.0,3296.43037,0.746,1.078,1,2,0.377,0,15594,0.594,0.97,0,0.0,0.269,0.098,0.295,0.608,1.0,0,-0.895,422.0,9975.6
98789,XAUGBPm_20260820113040_5,XAUGBPm,MEAN_REVERSION,BUY,0,2026.08.20 11:30:40,2026.08.20 11:45:34,14,3289.082,3280.946,-8136.0,-5545.09,0.733,0.002,SL_HIT,3296.43037,3298.5185,3289.33075,0,0.102,0.436,3296.43037,0.55,0,1.0,-0.895,0,0,0,1,0.0,0,0.608,0.436,1,0.608,0.269,0.098,0.119,0.0,0.0,3296.43037,0.746,1.078,1,2,0.377,0,15594,0.594,0.97,0,0.0,0.269,0.098,0.295,0.608,1.0,0,-0.895,422.0,9975.6
98790,XAUGBPm_20260820113040_5,XAUGBPm,MEAN_REVERSION,BUY,1,2026.08.20 11:30:40,2026.08.20 11:45:34,14,3289.082,3280.946,-8136.0,-5545.09,0.733,0.002,SL_HIT,3296.43037,3298.5185,3289.33075,0,0.102,0.436,3296.43037,0.55,0,1.0,-0.895,0,0,0,1,0.0,0,0.608,0.436,1,0.608,0.269,0.098,0.119,0.0,0.0,3296.43037,0.746,1.078,1,2,0.377,0,15594,0.594,0.97,0,0.0,0.269,0.098,0.295,0.608,1.0,0,-0.895,422.0,9975.6
98773,XAUGBPm_20260820093039_5,XAUGBPm,MEAN_REVERSION,BUY,-1,2026.08.20 09:30:39,2026.08.20 11:45:34,134,3289.515,3280.791,-8724.0,-5945.84,0.723,0.223,SL_HIT,3295.95838,3299.29385,3292.01645,0,0.17,0.056,3295.95838,0.6,0,0.975,-0.65,0,0,0,1,0.0,0,0.793,0.447,1,0.793,0.195,0.231,0.415,0.4,0.0,3295.95838,0.753,1.283,1,2,0.377,0,15592,0.693,0.8,0,0.0,0.269,0.098,0.295,0.608,1.0,0,-0.895,481.0,9975.6
98603,XAUGBPm_20260819150609_3,XAUGBPm,TREND_CONTINUATION,BUY,-1,2026.08.19 15:06:09,2026.08.20 11:46:52,1240,3296.548,3278.522,-18026.0,-13005.75,1.197,2.03,SL_HIT,3274.32115,3288.8703,3243.1444,0,0.179,3.79,3274.32115,0.55,0,0.9,0.615,0,0,0,1,0.0,0,0.536,0.289,0,0.536,0.185,0.088,0.271,0.25,0.0,3274.32115,0.729,1.157,1,1,0.505,0,15575,0.466,2.08,0,0.0,0.269,0.098,0.295,0.608,1.0,0,-0.895,422.0,9975.6
98779,XAUGBPm_20260820093851_4,XAUGBPm,SWEEP_REVERSAL,BUY,-1,2026.08.20 09:38:51,2026.08.20 11:48:12,129,3287.784,3276.924,-10860.0,-7401.47,1.0,0.385,SL_HIT,3295.95838,3299.29385,3292.01645,0,0.17,0.056,3295.95838,0.6,0,0.975,-0.65,0,0,0,1,0.0,0,0.793,0.447,1,0.793,0.195,0.231,0.415,0.4,0.0,3295.95838,0.753,1.283,1,2,0.377,0,15592,0.29,0.8,0,0.0,0.269,0.098,0.295,0.608,1.0,0,-0.895,422.0,9975.6
98791,XAUGBPm_20260820114533_4,XAUGBPm,SWEEP_REVERSAL,BUY,-1,2026.08.20 11:45:34,2026.08.20 12:01:14,15,3282.187,3272.143,-10044.0,-6845.94,0.995,0.0,SL_HIT,3296.43037,3298.5185,3289.33075,0,0.102,0.436,3296.43037,0.55,0,1.0,-0.895,0,0,0,1,0.0,0,0.608,0.467,1,0.608,0.269,0.098,0.295,0.0,0.0,3289.74838,0.55,1.342,1,2,0.377,0,15594,0.141,0.8,0,0.15,0.279,0.053,0.33,0.723,1.0,0,-0.93,421.0,10196.1
98792,XAUGBPm_20260820114533_4,XAUGBPm,SWEEP_REVERSAL,BUY,0,2026.08.20 11:45:34,2026.08.20 12:01:14,15,3282.187,3272.143,-10044.0,-6845.94,0.995,0.0,SL_HIT,3296.43037,3298.5185,3289.33075,0,0.102,0.436,3296.43037,0.55,0,1.0,-0.895,0,0,0,1,0.0,0,0.608,0.467,1,0.608,0.269,0.098,0.295,0.0,0.0,3289.74838,0.55,1.342,1,2,0.377,0,15594,0.141,0.8,0,0.15,0.279,0.053,0.33,0.723,1.0,0,-0.93,421.0,10196.1
98796,XAUGBPm_20260820114533_4,XAUGBPm,SWEEP_REVERSAL,BUY,1,2026.08.20 11:45:34,2026.08.20 12:01:14,15,3282.187,3272.143,-10044.0,-6327.93,0.995,0.0,SL_HIT,3296.43037,3298.5185,3289.33075,0,0.102,0.436,3296.43037,0.55,0,1.0,-0.895,0,0,0,1,0.0,0,0.608,0.467,1,0.608,0.269,0.098,0.295,0.0,0.0,3289.74838,0.55,1.342,1,2,0.377,0,15594,0.141,0.8,0,0.15,0.279,0.053,0.33,0.723,1.0,0,-0.93,421.0,10196.1
98804,XAUGBPm_20260820134533_4,XAUGBPm,SWEEP_REVERSAL,BUY,0,2026.08.20 13:45:33,2026.08.20 13:47:07,1,3290.034,3286.722,-3312.0,-2258.49,0.298,0.025,SL_HIT,3290.24645,3295.347,3273.4875,1,0.688,0.146,3269.84425,0.75,2,1.0,-0.965,2,0,1,0,0.0,6,0.65,0.343,0,0.504,0.29,0.457,0.45,0.45,0.0,3295.347,0.6,0.554,1,1,0.367,0,15596,0.535,1.82,6,0.45,0.29,0.457,0.506,0.504,1.0,1,-0.965,422.0,10745.8
98805,XAUGBPm_20260820134533_4,XAUGBPm,SWEEP_REVERSAL,BUY,1,2026.08.20 13:45:33,2026.08.20 13:47:07,1,3290.034,3286.722,-3312.0,-2336.22,0.298,0.025,SL_HIT,3290.24645,3295.347,3273.4875,1,0.688,0.146,3269.84425,0.75,2,1.0,-0.965,2,0,1,0,0.0,6,0.65,0.343,0,0.504,0.29,0.457,0.45,0.45,0.0,3295.347,0.6,0.554,1,1,0.367,0,15596,0.535,1.82,6,0.45,0.29,0.457,0.506,0.504,1.0,1,-0.965,422.0,10745.8
98803,XAUGBPm_20260820134533_4,XAUGBPm,SWEEP_REVERSAL,BUY,-1,2026.08.20 13:45:33,2026.08.20 13:47:33,2,3289.908,3286.57,-3338.0,-2361.58,0.298,0.036,SL_HIT,3290.24645,3295.347,3273.4875,1,0.688,0.146,3269.84425,0.75,2,1.0,-0.965,2,0,1,0,0.0,6,0.65,0.343,0,0.504,0.29,0.457,0.45,0.45,0.0,3295.347,0.6,0.554,1,1,0.367,0,15596,0.535,1.82,6,0.45,0.29,0.457,0.583,0.504,1.0,1,-0.965,422.0,10745.8
98810,XAUGBPm_20260820150000_0,XAUGBPm,BREAKOUT,BUY,0,2026.08.20 15:00:00,2026.08.20 15:00:02,0,3313.135,3312.216,-919.0,-626.4,0.061,0.0,SL_HIT,3279.01737,3291.83375,3268.53125,0,1.794,0.087,3279.01737,0.5,0,1.0,-0.825,0,0,0,1,0.0,2,1.0,0.555,2,0.622,0.947,0.241,0.438,0.4,0.2226,3279.01737,0.745,1.767,1,1,0.367,0,15598,0.639,1.32,0,0.4,0.247,0.241,0.438,0.652,1.0,0,-0.825,424.0,12286.1
98811,XAUGBPm_20260820150000_0,XAUGBPm,BREAKOUT,BUY,1,2026.08.20 15:00:00,2026.08.20 15:00:45,0,3313.135,3312.713,-422.0,-287.69,0.093,0.058,SL_HIT,3279.01737,3291.83375,3268.53125,0,1.794,0.087,3279.01737,0.5,0,1.0,-0.825,0,0,0,1,0.0,2,1.0,0.555,2,0.622,0.947,0.241,0.438,0.4,0.2226,3279.01737,0.745,1.767,1,1,0.367,0,15598,0.639,1.32,0,0.4,0.247,0.241,0.438,0.652,1.0,0,-0.825,424.0,12286.1
98815,XAUGBPm_20260820160000_7,XAUGBPm,ANCHORED_PULLBACK,BUY,0,2026.08.20 16:00:00,2026.08.20 16:00:03,0,3316.171,3315.5,-671.0,-457.53,0.044,0.0,SL_HIT,3321.41087,3329.298,3278.8204,1,0.459,0.563,3321.41087,0.8,1,0.132,0.0,2,0,0,0,0.0,0,0.278,0.316,0,0.278,0.3,0.193,0.304,0.55,2.2008,3321.41087,0.757,1.025,1,1,0.336,0,15599,0.517,1.06,0,0.25,0.0,0.088,0.184,0.578,0.132,1,0.0,424.0,12347.6
98816,XAUGBPm_20260820160000_7,XAUGBPm,ANCHORED_PULLBACK,BUY,1,2026.08.20 16:00:00,2026.08.20 16:03:25,3,3316.171,3317.332,1161.0,791.49,0.055,0.184,TRAIL_STOP,3321.41087,3329.298,3278.8204,1,0.459,0.563,3321.41087,0.8,1,0.132,0.0,2,0,0,0,0.0,0,0.278,0.316,0,0.278,0.3,0.193,0.304,0.55,2.2008,3321.41087,0.757,1.025,1,1,0.336,0,15599,0.517,1.06,0,0.25,0.0,0.088,0.201,0.578,0.132,1,0.0,424.0,12347.6
98814,XAUGBPm_20260820160000_7,XAUGBPm,ANCHORED_PULLBACK,BUY,-1,2026.08.20 16:00:00,2026.08.20 16:12:09,12,3316.171,3311.216,-4955.0,-3377.82,0.389,0.184,SL_HIT,3321.41087,3329.298,3278.8204,1,0.459,0.563,3321.41087,0.8,1,0.132,0.0,2,0,0,0,0.0,0,0.278,0.316,0,0.278,0.3,0.193,0.304,0.55,2.2008,3321.41087,0.757,1.025,1,1,0.336,0,15599,0.517,1.06,0,0.25,0.0,0.088,0.269,0.578,0.132,1,0.0,424.0,12347.6
98821,XAUGBPm_20260820170052_1,XAUGBPm,BREAKOUT_RETEST,BUY,0,2026.08.20 17:00:52,2026.08.20 17:01:17,0,3310.146,3309.736,-410.0,-279.46,0.027,0.021,SL_HIT,3288.4555,3318.758,3276.598,1,0.059,0.353,3322.7105,0.8,0,0.45,0.51,0,0,0,0,0.0,0,0.539,0.395,1,0.539,0.153,0.088,0.114,0.25,0.0,3318.758,0.6,0.92,1,1,0.336,0,15600,0.344,2.39,0,0.25,0.153,0.088,0.114,0.539,0.45,1,0.51,424.0,12791.9
98822,XAUGBPm_20260820170052_1,XAUGBPm,BREAKOUT_RETEST,BUY,1,2026.08.20 17:00:52,2026.08.20 17:02:18,1,3310.146,3309.93,-216.0,-147.22,0.052,0.078,SL_HIT,3288.4555,3318.758,3276.598,1,0.059,0.353,3322.7105,0.8,0,0.45,0.51,0,0,0,0,0.0,0,0.539,0.395,1,0.539,0.153,0.088,0.114,0.25,0.0,3318.758,0.6,0.92,1,1,0.336,0,15600,0.344,2.39,0,0.25,0.153,0.088,0.114,0.539,0.45,1,0.51,424.0,12791.9
98826,XAUGBPm_20260820172903_0,XAUGBPm,BREAKOUT,BUY,0,2026.08.20 17:29:03,2026.08.20 17:29:07,0,3314.005,3313.748,-257.0,-175.11,0.021,0.023,SL_HIT,3288.4555,3318.758,3276.598,1,0.059,0.353,3322.7105,0.8,0,0.45,0.51,0,0,0,0,0.0,0,0.539,0.419,1,0.539,0.153,0.088,0.254,0.25,0.0,3318.758,0.6,1.131,1,1,0.336,0,15600,0.24,1.01,0,0.25,0.153,0.088,0.173,0.539,0.45,1,0.51,424.0,12791.9
98827,XAUGBPm_20260820172903_0,XAUGBPm,BREAKOUT,BUY,1,2026.08.20 17:29:03,2026.08.20 17:29:24,0,3314.005,3313.038,-967.0,-658.89,0.066,0.023,SL_HIT,3288.4555,3318.758,3276.598,1,0.059,0.353,3322.7105,0.8,0,0.45,0.51,0,0,0,0,0.0,0,0.539,0.419,1,0.539,0.153,0.088,0.254,0.25,0.0,3318.758,0.6,1.131,1,1,0.336,0,15600,0.24,1.01,0,0.25,0.153,0.088,0.254,0.539,0.45,1,0.51,424.0,12791.9
98831,XAUGBPm_20260820174510_2,XAUGBPm,PULLBACK,BUY,0,2026.08.20 17:45:10,2026.08.20 17:45:24,0,3315.889,3315.322,-567.0,-386.28,0.032,0.0,SL_HIT,3288.4555,3318.758,3276.598,1,0.059,0.353,3322.7105,0.8,0,0.45,0.51,0,0,0,0,0.0,0,0.539,0.405,1,0.539,0.153,0.088,0.173,0.25,0.0,3322.7105,0.75,1.01,1,1,0.336,0,15600,0.432,1.01,0,0.25,0.153,0.088,0.173,0.539,0.45,1,0.51,424.0,12791.9
98832,XAUGBPm_20260820174510_2,XAUGBPm,PULLBACK,BUY,1,2026.08.20 17:45:10,2026.08.20 17:49:31,4,3315.889,3316.031,142.0,96.75,0.044,0.103,TRAIL_STOP,3288.4555,3318.758,3276.598,1,0.059,0.353,3322.7105,0.8,0,0.45,0.51,0,0,0,0,0.0,0,0.539,0.405,1,0.539,0.153,0.088,0.173,0.25,0.0,3322.7105,0.75,1.01,1,1,0.336,0,15600,0.432,1.01,0,0.25,0.153,0.088,0.173,0.539,0.45,1,0.51,424.0,12791.9
98836,XAUGBPm_20260820180000_7,XAUGBPm,ANCHORED_PULLBACK,BUY,0,2026.08.20 18:00:00,2026.08.20 18:01:03,1,3316.885,3316.728,-157.0,-106.98,0.031,0.032,SL_HIT,3315.38767,3325.0179,3305.75745,1,0.083,0.911,3321.80782,0.45,0,0.5,0.545,0,0,0,0,0.0,5,1.0,0.419,1,0.467,0.164,0.493,0.625,0.55,-1.7737,3321.80782,0.741,0.758,1,1,0.336,0,15601,0.507,0.93,0,0.25,0.164,0.088,0.205,0.767,0.5,1,0.545,424.0,12910.6
98837,XAUGBPm_20260820180000_7,XAUGBPm,ANCHORED_PULLBACK,BUY,1,2026.08.20 18:00:00,2026.08.20 18:01:32,1,3316.885,3316.095,-790.0,-538.29,0.056,0.03,SL_HIT,3315.38767,3325.0179,3305.75745,1,0.083,0.911,3321.80782,0.45,0,0.5,0.545,0,0,0,0,0.0,5,1.0,0.419,1,0.467,0.164,0.493,0.625,0.55,-1.7737,3321.80782,0.741,0.758,1,1,0.336,0,15601,0.507,0.93,0,0.25,0.164,0.088,0.127,0.767,0.5,1,0.545,424.0,12910.6
98841,XAUGBPm_20260820181229_3,XAUGBPm,TREND_CONTINUATION,BUY,0,2026.08.20 18:12:29,2026.08.20 18:12:30,0,3312.684,3311.655,-1029.0,-700.91,0.066,0.0,SL_HIT,3315.38767,3325.0179,3305.75745,1,0.083,0.911,3321.80782,0.45,0,0.5,0.545,0,0,0,0,0.0,0,0.767,0.443,1,0.767,0.164,0.088,0.253,0.25,0.0,3305.75745,0.6,1.129,1,1,0.336,0,15601,0.365,1.03,0,0.25,0.164,0.088,0.177,0.767,0.5,1,0.545,424.0,12910.6
98835,XAUGBPm_20260820180000_7,XAUGBPm,ANCHORED_PULLBACK,BUY,-1,2026.08.20 18:00:00,2026.08.20 18:12:30,12,3316.885,3311.402,-5483.0,-3734.77,0.405,0.113,SL_HIT,3315.38767,3325.0179,3305.75745,1,0.083,0.911,3321.80782,0.45,0,0.5,0.545,0,0,0,0,0.0,5,1.0,0.419,1,0.467,0.164,0.493,0.625,0.55,-1.7737,3321.80782,0.741,0.758,1,1,0.336,0,15601,0.507,0.93,0,0.25,0.164,0.088,0.177,0.767,0.5,1,0.545,424.0,12910.6
98842,XAUGBPm_20260820181229_3,XAUGBPm,TREND_CONTINUATION,BUY,1,2026.08.20 18:12:29,2026.08.20 18:12:32,0,3312.684,3310.985,-1699.0,-1157.27,0.121,0.0,SL_HIT,3315.38767,3325.0179,3305.75745,1,0.083,0.911,3321.80782,0.45,0,0.5,0.545,0,0,0,0,0.0,0,0.767,0.443,1,0.767,0.164,0.088,0.253,0.25,0.0,3305.75745,0.6,1.129,1,1,0.336,0,15601,0.365,1.03,0,0.25,0.164,0.088,0.177,0.767,0.5,1,0.545,424.0,12910.6
98820,XAUGBPm_20260820170052_1,XAUGBPm,BREAKOUT_RETEST,BUY,-1,2026.08.20 17:00:52,2026.08.20 18:37:24,96,3309.995,3319.185,9190.0,6157.37,0.166,0.717,TP_HIT,3288.4555,3318.758,3276.598,1,0.059,0.353,3322.7105,0.8,0,0.45,0.51,0,0,0,0,0.0,0,0.539,0.395,1,0.539,0.153,0.088,0.114,0.25,0.0,3318.758,0.6,0.92,1,1,0.336,0,15600,0.344,2.39,0,0.25,0.164,0.088,0.278,0.767,0.5,1,0.545,425.0,12910.6
98825,XAUGBPm_20260820172903_0,XAUGBPm,BREAKOUT,BUY,-1,2026.08.20 17:29:03,2026.08.20 18:37:24,68,3313.899,3319.185,5286.0,3528.62,0.327,0.412,TP_HIT,3288.4555,3318.758,3276.598,1,0.059,0.353,3322.7105,0.8,0,0.45,0.51,0,0,0,0,0.0,0,0.539,0.419,1,0.539,0.153,0.088,0.254,0.25,0.0,3318.758,0.6,1.131,1,1,0.336,0,15600,0.24,1.01,0,0.25,0.164,0.088,0.278,0.767,0.5,1,0.545,425.0,12910.6
98849,XAUGBPm_20260820190053_1,XAUGBPm,BREAKOUT_RETEST,BUY,0,2026.08.20 19:00:53,2026.08.20 19:01:30,0,3318.242,3317.797,-445.0,-303.22,0.044,0.006,SL_HIT,3316.194,3324.306,3310.578,1,0.045,0.719,3321.186,0.55,0,0.55,0.755,0,0,0,0,0.0,0,0.716,0.491,1,0.716,0.226,0.134,0.019,0.0,0.0,3324.306,0.6,0.928,1,1,0.336,0,15602,0.435,1.66,0,0.0,0.226,0.134,0.019,0.716,0.55,1,0.755,425.0,13064.9
98850,XAUGBPm_20260820190053_1,XAUGBPm,BREAKOUT_RETEST,BUY,1,2026.08.20 19:00:53,2026.08.20 19:02:22,1,3318.242,3317.091,-1151.0,-784.27,0.078,0.006,SL_HIT,3316.194,3324.306,3310.578,1,0.045,0.719,3321.186,0.55,0,0.55,0.755,0,0,0,0,0.0,0,0.716,0.491,1,0.716,0.226,0.134,0.019,0.0,0.0,3324.306,0.6,0.928,1,1,0.336,0,15602,0.435,1.66,0,0.0,0.226,0.134,0.019,0.716,0.55,1,0.755,424.0,13064.9
98830,XAUGBPm_20260820174510_2,XAUGBPm,PULLBACK,BUY,-1,2026.08.20 17:45:10,2026.08.20 19:38:11,113,3315.889,3323.151,7262.0,4948.76,0.482,0.558,TP_HIT,3288.4555,3318.758,3276.598,1,0.059,0.353,3322.7105,0.8,0,0.45,0.51,0,0,0,0,0.0,0,0.539,0.405,1,0.539,0.153,0.088,0.173,0.25,0.0,3322.7105,0.75,1.01,1,1,0.336,0,15600,0.432,1.01,0,0.0,0.226,0.134,0.186,0.716,0.55,1,0.755,425.0,13064.9
98854,XAUGBPm_20260820193753_0,XAUGBPm,BREAKOUT,BUY,0,2026.08.20 19:37:53,2026.08.20 19:38:29,0,3321.428,3322.713,1285.0,875.64,0.034,0.136,TRAIL_STOP,3316.194,3324.306,3310.578,1,0.045,0.719,3321.186,0.55,0,0.55,0.755,0,0,0,0,0.0,0,0.716,0.518,2,0.716,0.226,0.134,0.17,0.0,0.0,3316.194,0.7,1.155,1,1,0.336,0,15602,0.294,1.67,0,0.0,0.226,0.134,0.19,0.716,0.55,1,0.755,425.0,13064.9
98855,XAUGBPm_20260820193753_0,XAUGBPm,BREAKOUT,BUY,1,2026.08.20 19:37:53,2026.08.20 19:38:40,0,3321.428,3321.966,538.0,366.6,0.034,0.136,TRAIL_STOP,3316.194,3324.306,3310.578,1,0.045,0.719,3321.186,0.55,0,0.55,0.755,0,0,0,0,0.0,0,0.716,0.518,2,0.716,0.226,0.134,0.17,0.0,0.0,3316.194,0.7,1.155,1,1,0.336,0,15602,0.294,1.67,0,0.0,0.226,0.134,0.19,0.716,0.55,1,0.755,425.0,13064.9
98860,XAUGBPm_20260820194612_2,XAUGBPm,PULLBACK,BUY,0,2026.08.20 19:46:12,2026.08.20 19:46:18,0,3323.002,3322.164,-838.0,-571.03,0.055,0.0,SL_HIT,3316.194,3324.306,3310.578,1,0.045,0.719,3321.186,0.55,0,0.55,0.755,0,0,0,0,0.0,0,0.716,0.521,2,0.716,0.226,0.134,0.19,0.0,0.0,3316.194,0.7,1.184,1,1,0.336,0,15602,0.513,2.0,0,0.0,0.226,0.134,0.19,0.716,0.55,1,0.755,425.0,13064.9
98861,XAUGBPm_20260820194612_2,XAUGBPm,PULLBACK,BUY,1,2026.08.20 19:46:12,2026.08.20 19:46:50,0,3323.002,3321.48,-1522.0,-1037.11,0.107,0.0,SL_HIT,3316.194,3324.306,3310.578,1,0.045,0.719,3321.186,0.55,0,0.55,0.755,0,0,0,0,0.0,0,0.716,0.521,2,0.716,0.226,0.134,0.19,0.0,0.0,3316.194,0.7,1.184,1,1,0.336,0,15602,0.513,2.0,0,0.0,0.226,0.134,0.17,0.716,0.55,1,0.755,425.0,13064.9
98848,XAUGBPm_20260820190053_1,XAUGBPm,BREAKOUT_RETEST,BUY,-1,2026.08.20 19:00:53,2026.08.20 19:54:08,53,3318.242,3324.836,6594.0,4493.88,0.088,0.493,TP_HIT,3316.194,3324.306,3310.578,1,0.045,0.719,3321.186,0.55,0,0.55,0.755,0,0,0,0,0.0,0,0.716,0.491,1,0.716,0.226,0.134,0.019,0.0,0.0,3324.306,0.6,0.928,1,1,0.336,0,15602,0.435,1.66,0,0.0,0.226,0.134,0.216,0.716,0.55,0,0.755,425.0,13064.9
98866,XAUGBPm_20260820201229_3,XAUGBPm,TREND_CONTINUATION,BUY,0,2026.08.20 20:12:29,2026.08.20 20:13:07,0,3319.591,3319.11,-481.0,-327.8,0.04,0.011,SL_HIT,3308.95005,3317.6617,3307.4127,0,0.429,0.125,3308.95005,0.5,0,0.6,0.79,0,0,0,1,0.0,0,0.601,0.378,1,0.601,0.237,0.053,0.219,0.15,0.0,3308.95005,0.752,1.138,1,1,0.0,0,15603,0.406,2.08,0,0.15,0.237,0.053,0.219,0.601,0.6,0,0.79,425.0,12968.4
98867,XAUGBPm_20260820201229_3,XAUGBPm,TREND_CONTINUATION,BUY,1,2026.08.20 20:12:29,2026.08.20 20:13:44,1,3319.591,3318.434,-1157.0,-788.48,0.078,0.002,SL_HIT,3308.95005,3317.6617,3307.4127,0,0.429,0.125,3308.95005,0.5,0,0.6,0.79,0,0,0,1,0.0,0,0.601,0.378,1,0.601,0.237,0.053,0.219,0.15,0.0,3308.95005,0.752,1.138,1,1,0.0,0,15603,0.406,2.08,0,0.15,0.237,0.053,0.18,0.601,0.6,0,0.79,425.0,12968.4
98871,XAUGBPm_20260820220932_5,XAUGBPm,MEAN_REVERSION,BUY,0,2026.08.20 22:09:32,2026.08.20 22:10:34,1,3314.526,3313.512,-1014.0,-691.26,0.069,0.0,SL_HIT,3317.32837,3323.0695,3313.35375,1,0.027,0.248,3310.26237,0.55,0,0.65,0.825,0,0,0,0,0.0,0,0.727,0.488,1,0.727,0.247,0.178,0.248,0.15,0.0,3323.0695,0.6,1.182,1,1,0.0,0,15604,0.663,0.87,0,0.15,0.247,0.178,0.248,0.727,0.65,1,0.825,424.0,12848.1
98875,XAUGBPm_20260820221042_4,XAUGBPm,SWEEP_REVERSAL,BUY,0,2026.08.20 22:10:42,2026.08.20 22:12:44,2,3313.739,3314.33,591.0,402.86,0.067,0.087,TRAIL_STOP,3317.32837,3323.0695,3313.35375,0,0.027,0.248,3310.26237,0.55,0,0.65,0.825,0,0,0,0,0.0,0,0.727,0.499,1,0.727,0.247,0.178,0.308,0.15,0.0,3317.32837,0.7,1.271,1,1,0.0,0,15604,0.214,0.93,0,0.15,0.247,0.178,0.093,0.727,0.65,1,0.825,424.0,12848.1
98878,XAUGBPm_20260820221229_3,XAUGBPm,TREND_CONTINUATION,BUY,0,2026.08.20 22:12:29,2026.08.20 22:12:44,0,3315.113,3314.33,-783.0,-533.78,0.051,0.0,SL_HIT,3317.32837,3323.0695,3313.35375,1,0.027,0.248,3310.26237,0.55,0,0.65,0.825,0,0,0,0,0.0,0,0.727,0.461,1,0.727,0.247,0.178,0.093,0.15,0.0,3310.26237,0.741,0.95,1,1,0.0,0,15604,0.453,2.08,0,0.15,0.247,0.178,0.093,0.727,0.65,1,0.825,424.0,12848.1
98872,XAUGBPm_20260820220932_5,XAUGBPm,MEAN_REVERSION,BUY,1,2026.08.20 22:09:32,2026.08.20 22:13:42,4,3314.526,3313.674,-852.0,-580.86,0.128,0.025,SL_HIT,3317.32837,3323.0695,3313.35375,1,0.027,0.248,3310.26237,0.55,0,0.65,0.825,0,0,0,0,0.0,0,0.727,0.488,1,0.727,0.247,0.178,0.248,0.15,0.0,3323.0695,0.6,1.182,1,1,0.0,0,15604,0.663,0.87,0,0.15,0.247,0.178,0.248,0.727,0.65,1,0.825,424.0,12848.1
98876,XAUGBPm_20260820221042_4,XAUGBPm,SWEEP_REVERSAL,BUY,1,2026.08.20 22:10:42,2026.08.20 22:13:42,3,3313.739,3313.674,-65.0,-44.31,0.067,0.087,SL_HIT,3317.32837,3323.0695,3313.35375,0,0.027,0.248,3310.26237,0.55,0,0.65,0.825,0,0,0,0,0.0,0,0.727,0.499,1,0.727,0.247,0.178,0.308,0.15,0.0,3317.32837,0.7,1.271,1,1,0.0,0,15604,0.214,0.93,0,0.15,0.247,0.178,0.248,0.727,0.65,1,0.825,424.0,12848.1
98879,XAUGBPm_20260820221229_3,XAUGBPm,TREND_CONTINUATION,BUY,1,2026.08.20 22:12:29,2026.08.20 22:13:55,1,3315.113,3313.6,-1513.0,-1031.5,0.112,0.0,SL_HIT,3317.32837,3323.0695,3313.35375,1,0.027,0.248,3310.26237,0.55,0,0.65,0.825,0,0,0,0,0.0,0,0.727,0.461,1,0.727,0.247,0.178,0.093,0.15,0.0,3310.26237,0.741,0.95,1,1,0.0,0,15604,0.453,2.08,0,0.15,0.247,0.178,0.248,0.727,0.65,1,0.825,424.0,12848.1
98874,XAUGBPm_20260820221042_4,XAUGBPm,SWEEP_REVERSAL,BUY,-1,2026.08.20 22:10:42,2026.08.20 22:55:41,44,3313.739,3317.76,4021.0,2741.36,0.067,0.303,TP_HIT,3317.32837,3323.0695,3313.35375,0,0.027,0.248,3310.26237,0.55,0,0.65,0.825,0,0,0,0,0.0,0,0.727,0.499,1,0.727,0.247,0.178,0.308,0.15,0.0,3317.32837,0.7,1.271,1,1,0.0,0,15604,0.214,0.93,0,0.15,0.247,0.178,0.06,0.727,0.65,1,0.825,424.0,12848.1
98887,XAUGBPm_20260820230103_1,XAUGBPm,BREAKOUT_RETEST,BUY,0,2026.08.20 23:01:03,2026.08.20 23:03:01,1,3317.749,3319.247,1498.0,1021.43,0.053,0.155,TRAIL_STOP,3317.65495,3321.0565,3313.4975,1,0.004,0.353,3317.65495,0.5,0,0.7,0.685,0,0,0,0,0.0,0,0.788,0.468,1,0.788,0.206,0.248,0.1,0.25,0.0,3313.4975,0.6,0.9,1,1,0.0,0,15605,0.482,1.47,0,0.25,0.206,0.248,0.237,0.788,0.7,1,0.685,424.0,12703.2
98888,XAUGBPm_20260820230103_1,XAUGBPm,BREAKOUT_RETEST,BUY,1,2026.08.20 23:01:03,2026.08.20 23:07:29,6,3317.749,3320.413,2664.0,1816.48,0.053,0.305,TRAIL_STOP,3317.65495,3321.0565,3313.4975,1,0.004,0.353,3317.65495,0.5,0,0.7,0.685,0,0,0,0,0.0,0,0.788,0.468,1,0.788,0.206,0.248,0.1,0.25,0.0,3313.4975,0.6,0.9,1,1,0.0,0,15605,0.482,1.47,0,0.25,0.206,0.248,0.289,0.788,0.7,1,0.685,424.0,12703.2
98892,XAUGBPm_20260820234046_0,XAUGBPm,BREAKOUT,BUY,0,2026.08.20 23:40:46,2026.08.20 23:55:25,14,3317.696,3318.063,367.0,250.31,0.153,0.113,TRAIL_STOP,3317.65495,3321.0565,3313.4975,1,0.004,0.353,3317.65495,0.5,0,0.7,0.685,0,0,0,0,0.0,0,0.788,0.48,1,0.788,0.206,0.248,0.167,0.25,0.0,0.0,0.0,1.001,1,1,0.0,0,15605,0.33,1.67,0,0.25,0.206,0.248,0.192,0.788,0.7,1,0.685,424.0,12703.2
98895,XAUGBPm_20260820234744_2,XAUGBPm,PULLBACK,BUY,0,2026.08.20 23:47:44,2026.08.20 23:55:25,7,3317.736,3318.063,327.0,223.03,0.059,0.11,TRAIL_STOP,3317.65495,3321.0565,3313.4975,1,0.004,0.353,3317.65495,0.5,0,0.7,0.685,0,0,0,0,0.0,0,0.788,0.468,1,0.788,0.206,0.248,0.1,0.25,0.0,3313.4975,0.6,0.9,1,1,0.0,0,15605,0.539,1.05,0,0.25,0.206,0.248,0.192,0.788,0.7,1,0.685,424.0,12703.2
98893,XAUGBPm_20260820234046_0,XAUGBPm,BREAKOUT,BUY,1,2026.08.20 23:40:46,2026.08.20 23:58:09,17,3317.696,3317.471,-225.0,-153.48,0.153,0.113,SL_HIT,3317.65495,3321.0565,3313.4975,1,0.004,0.353,3317.65495,0.5,0,0.7,0.685,0,0,0,0,0.0,0,0.788,0.48,1,0.788,0.206,0.248,0.167,0.25,0.0,0.0,0.0,1.001,1,1,0.0,0,15605,0.33,1.67,0,0.25,0.206,0.248,0.1,0.788,0.7,1,0.685,424.0,12703.2
98896,XAUGBPm_20260820234744_2,XAUGBPm,PULLBACK,BUY,1,2026.08.20 23:47:44,2026.08.20 23:58:09,10,3317.736,3317.471,-265.0,-180.77,0.059,0.11,SL_HIT,3317.65495,3321.0565,3313.4975,1,0.004,0.353,3317.65495,0.5,0,0.7,0.685,0,0,0,0,0.0,0,0.788,0.468,1,0.788,0.206,0.248,0.1,0.25,0.0,3313.4975,0.6,0.9,1,1,0.0,0,15605,0.539,1.05,0,0.25,0.206,0.248,0.1,0.788,0.7,1,0.685,424.0,12703.2
98886,XAUGBPm_20260820230103_1,XAUGBPm,BREAKOUT_RETEST,BUY,-1,2026.08.20 23:01:03,2026.08.21 00:12:57,71,3317.749,3312.58,-5169.0,-3798.53,0.395,0.451,SL_HIT,3317.65495,3321.0565,3313.4975,1,0.004,0.353,3317.65495,0.5,0,0.7,0.685,0,0,0,0,0.0,0,0.788,0.468,1,0.788,0.206,0.248,0.1,0.25,0.0,3313.4975,0.6,0.9,1,1,0.0,0,15605,0.482,1.47,0,0.0,0.269,0.142,0.29,0.642,0.75,0,0.895,424.0,12729.2
98894,XAUGBPm_20260820234744_2,XAUGBPm,PULLBACK,BUY,-1,2026.08.20 23:47:44,2026.08.21 00:12:57,25,3317.736,3312.58,-5156.0,-3789.66,0.394,0.11,SL_HIT,3317.65495,3321.0565,3313.4975,1,0.004,0.353,3317.65495,0.5,0,0.7,0.685,0,0,0,0,0.0,0,0.788,0.468,1,0.788,0.206,0.248,0.1,0.25,0.0,3313.4975,0.6,0.9,1,1,0.0,0,15605,0.539,1.05,0,0.0,0.269,0.142,0.29,0.642,0.75,0,0.895,424.0,12729.2
98904,XAUGBPm_20260821005351_5,XAUGBPm,MEAN_REVERSION,BUY,0,2026.08.21 00:53:51,2026.08.21 00:54:36,0,3306.923,3307.138,215.0,146.62,0.012,0.056,TRAIL_STOP,3317.9613,3323.0426,3316.4668,0,0.01,0.339,3322.1459,0.55,0,0.75,0.895,0,0,0,0,0.0,0,0.642,0.424,1,0.642,0.269,0.142,0.29,0.0,0.0,3314.6475,0.65,0.547,1,2,0.0,0,15606,0.603,0.8,0,0.0,0.269,0.142,0.29,0.642,0.75,0,0.895,423.0,12729.2
98905,XAUGBPm_20260821005351_5,XAUGBPm,MEAN_REVERSION,BUY,1,2026.08.21 00:53:52,2026.08.21 00:59:08,5,3306.923,3306.616,-307.0,-209.36,0.026,0.073,SL_HIT,3317.9613,3323.0426,3316.4668,0,0.01,0.339,3322.1459,0.55,0,0.75,0.895,0,0,0,0,0.0,0,0.642,0.424,1,0.642,0.269,0.142,0.29,0.0,0.0,3314.6475,0.65,0.547,1,2,0.0,0,15606,0.603,0.8,0,0.0,0.269,0.142,0.29,0.642,0.75,0,0.895,423.0,12729.2
98909,XAUGBPm_20260821010220_4,XAUGBPm,SWEEP_REVERSAL,BUY,0,2026.08.21 01:02:21,2026.08.21 01:02:25,0,3310.85,3310.01,-840.0,-572.85,0.057,0.0,SL_HIT,3314.56265,3323.474,3311.5922,0,0.57,0.371,3307.77305,0.7,0,1.0,0.755,0,0,0,0,0.0,0,0.647,0.456,1,0.647,0.226,0.211,0.297,0.25,0.0,3314.56265,0.7,1.195,1,2,0.0,0,15607,0.242,1.05,0,0.25,0.226,0.211,0.297,0.647,1.0,0,0.755,424.0,12784.9
98913,XAUGBPm_20260821010252_3,XAUGBPm,TREND_CONTINUATION,BUY,0,2026.08.21 01:02:52,2026.08.21 01:03:00,0,3312.058,3311.194,-864.0,-589.17,0.057,0.0,SL_HIT,3314.56265,3323.474,3311.5922,1,0.57,0.371,3307.77305,0.7,0,1.0,0.755,0,0,0,0,0.0,0,0.647,0.462,1,0.647,0.226,0.211,0.33,0.25,0.0,3307.77305,0.736,1.244,1,2,0.0,0,15607,0.568,2.08,0,0.25,0.226,0.211,0.301,0.647,1.0,0,0.755,424.0,12784.9
98910,XAUGBPm_20260821010220_4,XAUGBPm,SWEEP_REVERSAL,BUY,1,2026.08.21 01:02:21,2026.08.21 01:03:05,0,3310.85,3310.497,-353.0,-240.73,0.093,0.07,SL_HIT,3314.56265,3323.474,3311.5922,0,0.57,0.371,3307.77305,0.7,0,1.0,0.755,0,0,0,0,0.0,0,0.647,0.456,1,0.647,0.226,0.211,0.297,0.25,0.0,3314.56265,0.7,1.195,1,2,0.0,0,15607,0.242,1.05,0,0.25,0.226,0.211,0.297,0.647,1.0,0,0.755,424.0,12784.9
98914,XAUGBPm_20260821010252_3,XAUGBPm,TREND_CONTINUATION,BUY,1,2026.08.21 01:02:52,2026.08.21 01:03:05,0,3312.058,3310.497,-1561.0,-1064.55,0.112,0.0,SL_HIT,3314.56265,3323.474,3311.5922,1,0.57,0.371,3307.77305,0.7,0,1.0,0.755,0,0,0,0,0.0,0,0.647,0.462,1,0.647,0.226,0.211,0.33,0.25,0.0,3307.77305,0.736,1.244,1,2,0.0,0,15607,0.568,2.08,0,0.25,0.226,0.211,0.297,0.647,1.0,0,0.755,424.0,12784.9
98903,XAUGBPm_20260821005351_5,XAUGBPm,MEAN_REVERSION,BUY,-1,2026.08.21 00:53:51,2026.08.21 01:15:36,21,3306.923,3315.071,8148.0,5556.73,0.072,0.631,TP_HIT,3317.9613,3323.0426,3316.4668,0,0.01,0.339,3322.1459,0.55,0,0.75,0.895,0,0,0,0,0.0,0,0.642,0.424,1,0.642,0.269,0.142,0.29,0.0,0.0,3314.6475,0.65,0.547,1,2,0.0,0,15606,0.603,0.8,0,0.25,0.226,0.211,0.15,0.647,1.0,1,0.755,424.0,12784.9
98908,XAUGBPm_20260821010220_4,XAUGBPm,SWEEP_REVERSAL,BUY,-1,2026.08.21 01:02:20,2026.08.21 01:15:36,13,3310.85,3315.071,4221.0,2878.62,0.192,0.321,TP_HIT,3314.56265,3323.474,3311.5922,0,0.57,0.371,3307.77305,0.7,0,1.0,0.755,0,0,0,0,0.0,0,0.647,0.456,1,0.647,0.226,0.211,0.297,0.25,0.0,3314.56265,0.7,1.195,1,2,0.0,0,15607,0.242,1.05,0,0.25,0.226,0.211,0.15,0.647,1.0,1,0.755,424.0,12784.9
98870,XAUGBPm_20260820220932_5,XAUGBPm,MEAN_REVERSION,BUY,-1,2026.08.20 22:09:32,2026.08.21 01:33:19,203,3314.526,3323.586,9060.0,5910.6,0.663,0.696,TP_HIT,3317.32837,3323.0695,3313.35375,1,0.027,0.248,3310.26237,0.55,0,0.65,0.825,0,0,0,0,0.0,0,0.727,0.488,1,0.727,0.247,0.178,0.248,0.15,0.0,3323.0695,0.6,1.182,1,1,0.0,0,15604,0.663,0.87,0,0.25,0.226,0.211,0.347,0.647,1.0,0,0.755,424.0,12784.9
98840,XAUGBPm_20260820181229_3,XAUGBPm,TREND_CONTINUATION,BUY,-1,2026.08.20 18:12:29,2026.08.21 01:35:55,443,3312.684,3328.772,16088.0,10706.44,0.517,1.234,TP_HIT,3315.38767,3325.0179,3305.75745,1,0.083,0.911,3321.80782,0.45,0,0.5,0.545,0,0,0,0,0.0,0,0.767,0.443,1,0.767,0.164,0.088,0.253,0.25,0.0,3305.75745,0.6,1.129,1,1,0.336,0,15601,0.365,1.03,0,0.25,0.226,0.211,0.347,0.647,1.0,0,0.755,483.0,12784.9
98920,XAUGBPm_20260821011255_1,XAUGBPm,BREAKOUT_RETEST,BUY,1,2026.08.21 01:12:56,2026.08.21 01:39:37,26,3312.717,3317.566,4849.0,3231.14,0.055,1.268,TRAIL_STOP,3314.56265,3323.474,3311.5922,1,0.57,0.371,3307.77305,0.7,0,1.0,0.755,0,0,0,0,0.0,0,0.647,0.462,1,0.647,0.226,0.211,0.33,0.25,0.0,3307.77305,0.736,1.244,1,2,0.0,0,15607,0.606,4.46,0,0.25,0.226,0.211,0.134,0.647,1.0,1,0.755,424.0,12784.9
98919,XAUGBPm_20260821011255_1,XAUGBPm,BREAKOUT_RETEST,BUY,0,2026.08.21 01:12:55,2026.08.21 01:40:56,28,3312.717,3316.319,3602.0,2457.28,0.055,1.268,TRAIL_STOP,3314.56265,3323.474,3311.5922,1,0.57,0.371,3307.77305,0.7,0,1.0,0.755,0,0,0,0,0.0,0,0.647,0.462,1,0.647,0.226,0.211,0.33,0.25,0.0,3307.77305,0.736,1.244,1,2,0.0,0,15607,0.606,4.46,0,0.25,0.226,0.211,0.212,0.647,1.0,1,0.755,424.0,12784.9
98927,XAUGBPm_20260821014046_0,XAUGBPm,BREAKOUT,BUY,0,2026.08.21 01:40:46,2026.08.21 02:00:06,19,3317.209,3320.009,2800.0,1910.22,0.149,0.38,TRAIL_STOP,3314.56265,3323.474,3311.5922,1,0.57,0.371,3307.77305,0.7,0,1.0,0.755,0,0,0,0,0.0,0,0.647,0.419,1,0.647,0.226,0.211,0.107,0.25,0.0,3311.5922,0.6,0.911,1,2,0.0,0,15607,0.405,1.67,0,0.25,0.153,0.22,0.261,0.754,0.45,1,-0.51,424.0,13852.0
98931,XAUGBPm_20260821014744_2,XAUGBPm,PULLBACK,BUY,0,2026.08.21 01:47:44,2026.08.21 02:00:06,12,3320.58,3320.009,-571.0,-389.58,0.309,0.117,SL_HIT,3314.56265,3323.474,3311.5922,1,0.57,0.371,3307.77305,0.7,0,1.0,0.755,0,0,0,0,0.0,0,0.647,0.45,1,0.647,0.226,0.211,0.287,0.25,0.0,3314.56265,0.7,1.18,1,2,0.0,0,15607,0.631,1.33,0,0.25,0.153,0.22,0.261,0.754,0.45,1,-0.51,424.0,13852.0
98928,XAUGBPm_20260821014046_0,XAUGBPm,BREAKOUT,BUY,1,2026.08.21 01:40:46,2026.08.21 02:00:38,19,3317.209,3319.246,2037.0,1389.68,0.149,0.38,TRAIL_STOP,3314.56265,3323.474,3311.5922,1,0.57,0.371,3307.77305,0.7,0,1.0,0.755,0,0,0,0,0.0,0,0.647,0.419,1,0.647,0.226,0.211,0.107,0.25,0.0,3311.5922,0.6,0.911,1,2,0.0,0,15607,0.405,1.67,0,0.25,0.153,0.22,0.238,0.754,0.45,1,-0.51,424.0,13852.0
98932,XAUGBPm_20260821014744_2,XAUGBPm,PULLBACK,BUY,1,2026.08.21 01:47:44,2026.08.21 02:00:38,12,3320.58,3319.246,-1334.0,-910.15,0.309,0.117,SL_HIT,3314.56265,3323.474,3311.5922,1,0.57,0.371,3307.77305,0.7,0,1.0,0.755,0,0,0,0,0.0,0,0.647,0.45,1,0.647,0.226,0.211,0.287,0.25,0.0,3314.56265,0.7,1.18,1,2,0.0,0,15607,0.631,1.33,0,0.25,0.153,0.22,0.238,0.754,0.45,1,-0.51,424.0,13852.0
98930,XAUGBPm_20260821014744_2,XAUGBPm,PULLBACK,BUY,-1,2026.08.21 01:47:44,2026.08.21 02:10:50,23,3320.58,3313.674,-6906.0,-4711.41,0.531,0.117,SL_HIT,3314.56265,3323.474,3311.5922,1,0.57,0.371,3307.77305,0.7,0,1.0,0.755,0,0,0,0,0.0,0,0.647,0.45,1,0.647,0.226,0.211,0.287,0.25,0.0,3314.56265,0.7,1.18,1,2,0.0,0,15607,0.631,1.33,0,0.25,0.153,0.22,0.31,0.754,0.45,1,-0.51,424.0,13852.0
98918,XAUGBPm_20260821011255_1,XAUGBPm,BREAKOUT_RETEST,BUY,-1,2026.08.21 01:12:55,2026.08.21 04:21:32,188,3312.717,3329.886,17169.0,11713.04,0.104,1.331,TP_HIT,3314.56265,3323.474,3311.5922,1,0.57,0.371,3307.77305,0.7,0,1.0,0.755,0,0,0,0,0.0,0,0.647,0.462,1,0.647,0.226,0.211,0.33,0.25,0.0,3307.77305,0.736,1.244,1,2,0.0,0,15607,0.606,4.46,0,0.15,0.112,0.174,0.354,0.817,0.14,0,0.375,425.0,13198.6
98948,XAUGBPm_20260821060019_7,XAUGBPm,ANCHORED_PULLBACK,BUY,-1,2026.08.21 06:00:19,2026.08.21 06:02:31,2,3335.34,3333.198,-2142.0,-1461.44,0.147,0.142,SL_HIT,3322.27362,3329.3205,3316.508,0,0.849,0.01,3322.27362,0.5,0,0.675,0.685,0,0,0,1,0.0,0,0.751,0.521,2,0.751,0.206,0.213,0.335,0.15,0.0,3322.27362,0.736,1.313,1,2,0.0,0,15612,0.246,11.35,0,0.15,0.206,0.213,0.322,0.751,0.675,0,0.685,425.0,12217.4
98949,XAUGBPm_20260821060019_7,XAUGBPm,ANCHORED_PULLBACK,BUY,0,2026.08.21 06:00:19,2026.08.21 06:02:31,2,3335.34,3333.198,-2142.0,-1461.44,0.147,0.142,SL_HIT,3322.27362,3329.3205,3316.508,0,0.849,0.01,3322.27362,0.5,0,0.675,0.685,0,0,0,1,0.0,0,0.751,0.521,2,0.751,0.206,0.213,0.335,0.15,0.0,3322.27362,0.736,1.313,1,2,0.0,0,15612,0.246,11.35,0,0.15,0.206,0.213,0.322,0.751,0.675,0,0.685,425.0,12217.4
98950,XAUGBPm_20260821060019_7,XAUGBPm,ANCHORED_PULLBACK,BUY,1,2026.08.21 06:00:20,2026.08.21 06:02:31,2,3335.34,3333.198,-2142.0,-1461.44,0.147,0.142,SL_HIT,3322.27362,3329.3205,3316.508,0,0.849,0.01,3322.27362,0.5,0,0.675,0.685,0,0,0,1,0.0,0,0.751,0.521,2,0.751,0.206,0.213,0.335,0.15,0.0,3322.27362,0.736,1.313,1,2,0.0,0,15612,0.246,11.35,0,0.15,0.206,0.213,0.322,0.751,0.675,0,0.685,425.0,12217.4
98809,XAUGBPm_20260820150000_0,XAUGBPm,BREAKOUT,BUY,-1,2026.08.20 15:00:00,2026.08.21 06:35:39,935,3313.135,3343.867,30732.0,20701.65,0.716,2.49,TP_HIT,3279.01737,3291.83375,3268.53125,0,1.794,0.087,3279.01737,0.5,0,1.0,-0.825,0,0,0,1,0.0,2,1.0,0.555,2,0.622,0.947,0.241,0.438,0.4,0.2226,3279.01737,0.745,1.767,1,1,0.367,0,15598,0.639,1.32,0,0.15,0.206,0.213,0.349,0.751,0.675,0,0.685,426.0,12217.4
98912,XAUGBPm_20260821010252_3,XAUGBPm,TREND_CONTINUATION,BUY,-1,2026.08.21 01:02:52,2026.08.21 06:35:42,332,3312.058,3344.079,32021.0,21853.69,0.286,2.496,TP_HIT,3314.56265,3323.474,3311.5922,1,0.57,0.371,3307.77305,0.7,0,1.0,0.755,0,0,0,0,0.0,0,0.647,0.462,1,0.647,0.226,0.211,0.33,0.25,0.0,3307.77305,0.736,1.244,1,2,0.0,0,15607,0.568,2.08,0,0.15,0.206,0.213,0.349,0.751,0.675,0,0.685,426.0,12217.4
98940,XAUGBPm_20260821060000_0,XAUGBPm,BREAKOUT,BUY,0,2026.08.21 06:00:00,2026.08.21 06:50:11,50,3335.629,3345.442,9813.0,6696.64,0.347,0.884,TRAIL_STOP,3322.27362,3329.3205,3316.508,0,0.849,0.01,3322.27362,0.5,0,0.675,0.685,0,0,0,1,0.0,0,0.735,0.517,2,0.735,0.206,0.213,0.335,0.15,0.0298,3322.27362,0.736,1.313,1,2,0.0,0,15612,0.432,2.64,0,0.15,0.206,0.213,0.349,0.751,0.675,0,0.685,426.0,12217.4
98943,XAUGBPm_20260821060000_2,XAUGBPm,PULLBACK,BUY,0,2026.08.21 06:00:00,2026.08.21 06:50:11,50,3335.64,3345.442,9802.0,6689.13,0.348,0.883,TRAIL_STOP,3322.27362,3329.3205,3316.508,0,0.849,0.01,3322.27362,0.5,0,0.675,0.685,0,0,0,1,0.0,0,0.751,0.521,2,0.751,0.206,0.213,0.335,0.15,0.0,3322.27362,0.736,1.313,1,2,0.0,0,15612,0.394,3.65,0,0.15,0.206,0.213,0.349,0.751,0.675,0,0.685,426.0,12217.4
98946,XAUGBPm_20260821060001_3,XAUGBPm,TREND_CONTINUATION,BUY,0,2026.08.21 06:00:01,2026.08.21 06:50:11,50,3336.037,3345.442,9405.0,6319.26,0.381,0.851,TRAIL_STOP,3322.27362,3329.3205,3316.508,0,0.849,0.01,3322.27362,0.5,0,0.675,0.685,0,0,0,1,0.0,0,0.751,0.521,2,0.751,0.206,0.213,0.335,0.15,0.0,3322.27362,0.736,1.313,1,2,0.0,0,15612,0.465,2.08,0,0.15,0.206,0.213,0.349,0.751,0.675,0,0.685,426.0,12217.4
98941,XAUGBPm_20260821060000_0,XAUGBPm,BREAKOUT,BUY,1,2026.08.21 06:00:00,2026.08.21 06:51:10,51,3335.629,3345.124,9495.0,6552.4,0.347,0.884,TRAIL_STOP,3322.27362,3329.3205,3316.508,0,0.849,0.01,3322.27362,0.5,0,0.675,0.685,0,0,0,1,0.0,0,0.735,0.517,2,0.735,0.206,0.213,0.335,0.15,0.0298,3322.27362,0.736,1.313,1,2,0.0,0,15612,0.432,2.64,0,0.15,0.206,0.213,0.349,0.751,0.675,0,0.685,426.0,12217.4
98944,XAUGBPm_20260821060000_2,XAUGBPm,PULLBACK,BUY,1,2026.08.21 06:00:00,2026.08.21 06:51:10,51,3335.64,3345.124,9484.0,6471.88,0.348,0.883,TRAIL_STOP,3322.27362,3329.3205,3316.508,0,0.849,0.01,3322.27362,0.5,0,0.675,0.685,0,0,0,1,0.0,0,0.751,0.521,2,0.751,0.206,0.213,0.335,0.15,0.0,3322.27362,0.736,1.313,1,2,0.0,0,15612,0.394,3.65,0,0.15,0.206,0.213,0.349,0.751,0.675,0,0.685,426.0,12217.4
98947,XAUGBPm_20260821060001_3,XAUGBPm,TREND_CONTINUATION,BUY,1,2026.08.21 06:00:01,2026.08.21 06:51:10,51,3336.182,3345.124,8942.0,6208.48,0.393,0.839,TRAIL_STOP,3322.27362,3329.3205,3316.508,0,0.849,0.01,3322.27362,0.5,0,0.675,0.685,0,0,0,1,0.0,0,0.751,0.521,2,0.751,0.206,0.213,0.335,0.15,0.0,3322.27362,0.736,1.313,1,2,0.0,0,15612,0.465,2.08,0,0.15,0.206,0.213,0.349,0.751,0.675,0,0.685,426.0,12217.4
98877,XAUGBPm_20260820221229_3,XAUGBPm,TREND_CONTINUATION,BUY,-1,2026.08.20 22:12:29,2026.08.21 07:47:39,575,3315.113,3347.359,32246.0,21722.18,0.709,2.5,TP_HIT,3317.32837,3323.0695,3313.35375,1,0.027,0.248,3310.26237,0.55,0,0.65,0.825,0,0,0,0,0.0,0,0.727,0.461,1,0.727,0.247,0.178,0.093,0.15,0.0,3310.26237,0.741,0.95,1,1,0.0,0,15604,0.453,2.08,0,0.15,0.216,0.053,0.245,0.563,0.75,0,0.72,426.0,11821.0
98964,XAUGBPm_20260821080000_0,XAUGBPm,BREAKOUT,BUY,0,2026.08.21 08:00:00,2026.08.21 08:00:09,0,3346.345,3345.766,-579.0,-394.89,0.049,0.0,SL_HIT,3344.7,3346.8144,3328.4896,1,0.096,0.152,3344.7,0.65,0,0.825,0.755,2,0,0,1,0.0,2,1.0,0.54,2,0.223,0.926,0.157,0.304,0.45,0.2236,3328.4896,0.6,1.537,1,1,0.0,0,15614,0.483,1.67,0,0.15,0.226,0.053,0.184,0.523,0.825,1,0.755,426.0,11392.8
98967,XAUGBPm_20260821080000_1,XAUGBPm,BREAKOUT_RETEST,BUY,0,2026.08.21 08:00:00,2026.08.21 08:00:09,0,3346.21,3345.766,-444.0,-375.79,0.026,0.0,SL_HIT,3344.7,3346.8144,3328.4896,1,0.096,0.152,3344.7,0.65,0,0.825,0.755,2,0,0,1,0.0,0,0.523,0.413,1,0.523,0.226,0.053,0.184,0.15,0.0,3328.4896,0.6,1.087,1,1,0.0,0,15614,0.522,2.98,0,0.15,0.226,0.053,0.184,0.523,0.825,1,0.755,426.0,11392.8
98970,XAUGBPm_20260821080001_2,XAUGBPm,PULLBACK,BUY,0,2026.08.21 08:00:01,2026.08.21 08:00:09,0,3346.461,3345.766,-695.0,-474.0,0.048,0.0,SL_HIT,3344.7,3346.8144,3328.4896,1,0.096,0.152,3344.7,0.65,0,0.825,0.755,2,0,0,1,0.0,0,0.523,0.413,1,0.523,0.226,0.053,0.184,0.15,0.0,3328.4896,0.6,1.087,1,1,0.0,0,15614,0.569,2.0,0,0.15,0.226,0.053,0.184,0.523,0.825,1,0.755,426.0,11392.8
98973,XAUGBPm_20260821080003_3,XAUGBPm,TREND_CONTINUATION,BUY,0,2026.08.21 08:00:03,2026.08.21 08:00:09,0,3346.641,3345.766,-875.0,-596.77,0.063,0.0,SL_HIT,3344.7,3346.8144,3328.4896,1,0.096,0.152,3344.7,0.65,0,0.825,0.755,2,0,0,1,0.0,0,0.523,0.413,1,0.523,0.226,0.053,0.184,0.15,0.0,3328.4896,0.6,1.087,1,1,0.0,0,15614,0.492,2.08,0,0.15,0.226,0.053,0.184,0.523,0.825,1,0.755,426.0,11392.8
98965,XAUGBPm_20260821080000_0,XAUGBPm,BREAKOUT,BUY,1,2026.08.21 08:00:00,2026.08.21 08:00:10,0,3346.345,3345.156,-1189.0,-810.91,0.095,0.0,SL_HIT,3344.7,3346.8144,3328.4896,1,0.096,0.152,3344.7,0.65,0,0.825,0.755,2,0,0,1,0.0,2,1.0,0.54,2,0.223,0.926,0.157,0.304,0.45,0.2236,3328.4896,0.6,1.537,1,1,0.0,0,15614,0.483,1.67,0,0.15,0.226,0.053,0.06,0.523,0.825,1,0.755,426.0,11392.8
98968,XAUGBPm_20260821080000_1,XAUGBPm,BREAKOUT_RETEST,BUY,1,2026.08.21 08:00:00,2026.08.21 08:00:10,0,3346.317,3345.156,-1161.0,-791.81,0.092,0.0,SL_HIT,3344.7,3346.8144,3328.4896,1,0.096,0.152,3344.7,0.65,0,0.825,0.755,2,0,0,1,0.0,0,0.523,0.413,1,0.523,0.226,0.053,0.184,0.15,0.0,3328.4896,0.6,1.087,1,1,0.0,0,15614,0.522,2.98,0,0.15,0.226,0.053,0.06,0.523,0.825,1,0.755,426.0,11392.8
98971,XAUGBPm_20260821080001_2,XAUGBPm,PULLBACK,BUY,1,2026.08.21 08:00:01,2026.08.21 08:00:10,0,3346.461,3345.156,-1305.0,-890.02,0.105,0.0,SL_HIT,3344.7,3346.8144,3328.4896,1,0.096,0.152,3344.7,0.65,0,0.825,0.755,2,0,0,1,0.0,0,0.523,0.413,1,0.523,0.226,0.053,0.184,0.15,0.0,3328.4896,0.6,1.087,1,1,0.0,0,15614,0.569,2.0,0,0.15,0.226,0.053,0.06,0.523,0.825,1,0.755,426.0,11392.8
98974,XAUGBPm_20260821080003_3,XAUGBPm,TREND_CONTINUATION,BUY,1,2026.08.21 08:00:04,2026.08.21 08:00:10,0,3346.641,3345.156,-1485.0,-1012.78,0.121,0.0,SL_HIT,3344.7,3346.8144,3328.4896,1,0.096,0.152,3344.7,0.65,0,0.825,0.755,2,0,0,1,0.0,0,0.523,0.413,1,0.523,0.226,0.053,0.184,0.15,0.0,3328.4896,0.6,1.087,1,1,0.0,0,15614,0.492,2.08,0,0.15,0.226,0.053,0.06,0.523,0.825,1,0.755,426.0,11392.8
98891,XAUGBPm_20260820234046_0,XAUGBPm,BREAKOUT,BUY,-1,2026.08.20 23:40:46,2026.08.21 08:17:23,516,3317.696,3349.613,31917.0,21494.57,0.92,2.487,TP_HIT,3317.65495,3321.0565,3313.4975,1,0.004,0.353,3317.65495,0.5,0,0.7,0.685,0,0,0,0,0.0,0,0.788,0.48,1,0.788,0.206,0.248,0.167,0.25,0.0,0.0,0.0,1.001,1,1,0.0,0,15605,0.33,1.67,0,0.15,0.226,0.053,0.332,0.523,0.825,0,0.755,426.0,11392.8
98926,XAUGBPm_20260821014046_0,XAUGBPm,BREAKOUT,BUY,-1,2026.08.21 01:40:46,2026.08.21 08:17:23,396,3317.346,3349.613,32267.0,22098.88,0.466,2.498,TP_HIT,3314.56265,3323.474,3311.5922,1,0.57,0.371,3307.77305,0.7,0,1.0,0.755,0,0,0,0,0.0,0,0.647,0.419,1,0.647,0.226,0.211,0.107,0.25,0.0,3311.5922,0.6,0.911,1,2,0.0,0,15607,0.405,1.67,0,0.15,0.226,0.053,0.332,0.523,0.825,0,0.755,426.0,11392.8
98865,XAUGBPm_20260820201229_3,XAUGBPm,TREND_CONTINUATION,BUY,-1,2026.08.20 20:12:29,2026.08.21 08:19:48,727,3319.591,3352.264,32673.0,22010.96,1.047,2.494,TP_HIT,3308.95005,3317.6617,3307.4127,0,0.429,0.125,3308.95005,0.5,0,0.6,0.79,0,0,0,1,0.0,0,0.601,0.378,1,0.601,0.237,0.053,0.219,0.15,0.0,3308.95005,0.752,1.138,1,1,0.0,0,15603,0.406,2.08,0,0.15,0.226,0.053,0.332,0.523,0.825,0,0.755,427.0,11392.8
98853,XAUGBPm_20260820193753_0,XAUGBPm,BREAKOUT,BUY,-1,2026.08.20 19:37:53,2026.08.21 08:21:33,763,3321.428,3354.264,32836.0,22119.17,1.18,2.5,TP_HIT,3316.194,3324.306,3310.578,1,0.045,0.719,3321.186,0.55,0,0.55,0.755,0,0,0,0,0.0,0,0.716,0.518,2,0.716,0.226,0.134,0.17,0.0,0.0,3316.194,0.7,1.155,1,1,0.336,0,15602,0.294,1.67,0,0.15,0.226,0.053,0.332,0.523,0.825,0,0.755,427.0,11392.8
98966,XAUGBPm_20260821080000_1,XAUGBPm,BREAKOUT_RETEST,BUY,-1,2026.08.21 08:00:00,2026.08.21 08:24:14,24,3346.21,3356.47,10260.0,6997.42,0.272,0.889,TP_HIT,3344.7,3346.8144,3328.4896,1,0.096,0.152,3344.7,0.65,0,0.825,0.755,2,0,0,1,0.0,0,0.523,0.413,1,0.523,0.226,0.053,0.184,0.15,0.0,3328.4896,0.6,1.087,1,1,0.0,0,15614,0.522,2.98,0,0.15,0.226,0.053,0.332,0.523,0.825,0,0.755,427.0,11392.8
98859,XAUGBPm_20260820194612_2,XAUGBPm,PULLBACK,BUY,-1,2026.08.20 19:46:12,2026.08.21 09:12:02,805,3323.153,3362.467,39314.0,26704.9,1.312,2.999,TP_HIT,3316.194,3324.306,3310.578,1,0.045,0.719,3321.186,0.55,0,0.55,0.755,0,0,0,0,0.0,0,0.716,0.521,2,0.716,0.226,0.134,0.19,0.0,0.0,3316.194,0.7,1.184,1,1,0.336,0,15602,0.513,2.0,0,0.25,0.185,0.198,0.283,0.512,0.9,0,0.615,426.0,11754.4
98990,XAUGBPm_20260821100000_0,XAUGBPm,BREAKOUT,BUY,0,2026.08.21 10:00:00,2026.08.21 10:00:23,0,3356.068,3356.091,23.0,107.87,0.056,0.034,TRAIL_STOP,3354.74507,3365.993,3341.7667,1,0.07,0.36,3344.36238,0.7,0,0.975,0.825,0,0,0,1,0.0,3,1.0,0.599,2,0.348,0.648,0.257,0.188,0.3,-0.0113,3344.36238,0.739,1.602,1,1,0.0,0,15616,0.492,1.67,0,0.0,0.247,0.152,0.068,0.648,0.975,1,0.825,426.0,11913.7
98993,XAUGBPm_20260821100000_1,XAUGBPm,BREAKOUT_RETEST,BUY,0,2026.08.21 10:00:00,2026.08.21 10:00:23,0,3356.094,3356.091,-3.0,-2.05,0.048,0.032,SL_HIT,3354.74507,3365.993,3341.7667,1,0.07,0.36,3344.36238,0.7,0,0.975,0.825,0,0,0,1,0.0,0,0.648,0.486,1,0.648,0.247,0.152,0.068,0.0,0.0,3344.36238,0.739,1.002,1,1,0.0,0,15616,0.61,6.28,0,0.0,0.247,0.152,0.068,0.648,0.975,1,0.825,426.0,11913.7
98996,XAUGBPm_20260821100001_2,XAUGBPm,PULLBACK,BUY,0,2026.08.21 10:00:01,2026.08.21 10:00:23,0,3355.831,3356.091,260.0,177.51,0.026,0.054,TRAIL_STOP,3354.74507,3365.993,3341.7667,1,0.07,0.36,3344.36238,0.7,0,0.975,0.825,0,0,0,1,0.0,0,0.648,0.474,1,0.648,0.247,0.152,0.0,0.0,0.0,3344.36238,0.739,0.9,1,1,0.0,0,15616,0.635,2.0,0,0.0,0.247,0.152,0.068,0.648,0.975,1,0.825,426.0,11913.7
98999,XAUGBPm_20260821100006_3,XAUGBPm,TREND_CONTINUATION,BUY,0,2026.08.21 10:00:06,2026.08.21 10:00:23,0,3355.95,3356.091,141.0,96.26,0.027,0.055,TRAIL_STOP,3354.74507,3365.993,3341.7667,1,0.07,0.36,3344.36238,0.7,0,0.975,0.825,0,0,0,1,0.0,0,0.648,0.474,1,0.648,0.247,0.152,0.0,0.0,0.0,3344.36238,0.739,0.9,1,1,0.0,0,15616,0.57,2.08,0,0.0,0.247,0.152,0.068,0.648,0.975,1,0.825,426.0,11913.7
98991,XAUGBPm_20260821100000_0,XAUGBPm,BREAKOUT,BUY,1,2026.08.21 10:00:00,2026.08.21 10:02:50,2,3355.933,3358.377,2444.0,1669.02,0.044,0.308,TRAIL_STOP,3354.74507,3365.993,3341.7667,1,0.07,0.36,3344.36238,0.7,0,0.975,0.825,0,0,0,1,0.0,3,1.0,0.599,2,0.348,0.648,0.257,0.188,0.3,-0.0113,3344.36238,0.739,1.602,1,1,0.0,0,15616,0.492,1.67,0,0.0,0.247,0.152,0.25,0.648,0.975,1,0.825,426.0,11913.7
98994,XAUGBPm_20260821100000_1,XAUGBPm,BREAKOUT_RETEST,BUY,1,2026.08.21 10:00:00,2026.08.21 10:02:50,2,3356.094,3358.377,2283.0,1559.07,0.048,0.287,TRAIL_STOP,3354.74507,3365.993,3341.7667,1,0.07,0.36,3344.36238,0.7,0,0.975,0.825,0,0,0,1,0.0,0,0.648,0.486,1,0.648,0.247,0.152,0.068,0.0,0.0,3344.36238,0.739,1.002,1,1,0.0,0,15616,0.61,6.28,0,0.0,0.247,0.152,0.25,0.648,0.975,1,0.825,426.0,11913.7
98997,XAUGBPm_20260821100001_2,XAUGBPm,PULLBACK,BUY,1,2026.08.21 10:00:01,2026.08.21 10:02:50,2,3355.831,3358.377,2546.0,1738.68,0.026,0.309,TRAIL_STOP,3354.74507,3365.993,3341.7667,1,0.07,0.36,3344.36238,0.7,0,0.975,0.825,0,0,0,1,0.0,0,0.648,0.474,1,0.648,0.247,0.152,0.0,0.0,0.0,3344.36238,0.739,0.9,1,1,0.0,0,15616,0.635,2.0,0,0.0,0.247,0.152,0.25,0.648,0.975,1,0.825,426.0,11913.7
99000,XAUGBPm_20260821100006_3,XAUGBPm,TREND_CONTINUATION,BUY,1,2026.08.21 10:00:06,2026.08.21 10:02:50,2,3355.95,3358.377,2427.0,1657.41,0.027,0.307,TRAIL_STOP,3354.74507,3365.993,3341.7667,1,0.07,0.36,3344.36238,0.7,0,0.975,0.825,0,0,0,1,0.0,0,0.648,0.474,1,0.648,0.247,0.152,0.0,0.0,0.0,3344.36238,0.739,0.9,1,1,0.0,0,15616,0.57,2.08,0,0.0,0.247,0.152,0.25,0.648,0.975,1,0.825,426.0,11913.7
98992,XAUGBPm_20260821100000_1,XAUGBPm,BREAKOUT_RETEST,BUY,-1,2026.08.21 10:00:00,2026.08.21 10:13:19,13,3356.094,3352.517,-3577.0,-2442.61,0.291,0.295,SL_HIT,3354.74507,3365.993,3341.7667,1,0.07,0.36,3344.36238,0.7,0,0.975,0.825,0,0,0,1,0.0,0,0.648,0.486,1,0.648,0.247,0.152,0.068,0.0,0.0,3344.36238,0.739,1.002,1,1,0.0,0,15616,0.61,6.28,0,0.0,0.247,0.152,0.162,0.648,0.975,1,0.825,426.0,11913.7
99011,XAUGBPm_20260821110000_7,XAUGBPm,ANCHORED_PULLBACK,BUY,0,2026.08.21 11:00:00,2026.08.21 11:00:04,0,3362.02,3361.26,-760.0,-518.67,0.051,0.0,SL_HIT,3354.99315,3365.993,3346.5815,1,0.463,0.285,3356.28725,0.75,0,0.7,0.86,0,0,0,1,0.0,0,0.649,0.386,1,0.649,0.258,0.157,0.665,0.45,-0.3978,3356.28725,0.74,1.177,1,1,0.0,0,15617,0.555,0.87,0,0.15,0.258,0.053,0.245,0.661,0.7,1,0.86,427.0,12103.5
99012,XAUGBPm_20260821110000_7,XAUGBPm,ANCHORED_PULLBACK,BUY,1,2026.08.21 11:00:00,2026.08.21 11:01:03,1,3362.02,3360.985,-1035.0,-833.97,0.075,0.007,SL_HIT,3354.99315,3365.993,3346.5815,1,0.463,0.285,3356.28725,0.75,0,0.7,0.86,0,0,0,1,0.0,0,0.649,0.386,1,0.649,0.258,0.157,0.665,0.45,-0.3978,3356.28725,0.74,1.177,1,1,0.0,0,15617,0.555,0.87,0,0.15,0.258,0.053,0.245,0.661,0.7,1,0.86,427.0,12103.5
99010,XAUGBPm_20260821110000_7,XAUGBPm,ANCHORED_PULLBACK,BUY,-1,2026.08.21 11:00:00,2026.08.21 11:03:49,3,3362.319,3366.101,3782.0,2785.04,0.119,0.301,TP_HIT,3354.99315,3365.993,3346.5815,1,0.463,0.285,3356.28725,0.75,0,0.7,0.86,0,0,0,1,0.0,0,0.649,0.386,1,0.649,0.258,0.157,0.665,0.45,-0.3978,3356.28725,0.74,1.177,1,1,0.0,0,15617,0.555,0.87,0,0.15,0.258,0.053,0.348,0.661,0.7,0,0.86,427.0,12103.5
98939,XAUGBPm_20260821060000_0,XAUGBPm,BREAKOUT,BUY,-1,2026.08.21 06:00:00,2026.08.21 11:03:50,303,3335.629,3366.246,30617.0,20894.11,0.347,2.494,TP_HIT,3322.27362,3329.3205,3316.508,0,0.849,0.01,3322.27362,0.5,0,0.675,0.685,0,0,0,1,0.0,0,0.735,0.517,2,0.735,0.206,0.213,0.335,0.15,0.0298,3322.27362,0.736,1.313,1,2,0.0,0,15612,0.432,2.64,0,0.15,0.258,0.053,0.348,0.661,0.7,0,0.86,427.0,12103.5
98945,XAUGBPm_20260821060001_3,XAUGBPm,TREND_CONTINUATION,BUY,-1,2026.08.21 06:00:01,2026.08.21 11:03:50,303,3335.79,3366.397,30607.0,20718.73,0.361,2.493,TP_HIT,3322.27362,3329.3205,3316.508,0,0.849,0.01,3322.27362,0.5,0,0.675,0.685,0,0,0,1,0.0,0,0.751,0.521,2,0.751,0.206,0.213,0.335,0.15,0.0,3322.27362,0.736,1.313,1,2,0.0,0,15612,0.465,2.08,0,0.15,0.258,0.053,0.348,0.661,0.7,0,0.86,427.0,12103.5
99019,XAUGBPm_20260821120000_0,XAUGBPm,BREAKOUT,BUY,0,2026.08.21 12:00:00,2026.08.21 12:00:07,0,3366.376,3366.772,396.0,270.43,0.039,0.069,TRAIL_STOP,3356.11285,3365.0068,3352.6921,0,0.021,0.316,3356.11285,0.45,0,0.75,0.895,0,0,0,1,0.0,0,0.57,0.433,1,0.57,0.269,0.134,0.427,0.0,-0.583,3356.11285,0.741,1.09,1,2,0.0,0,15618,0.433,1.67,0,0.0,0.269,0.134,0.184,0.626,0.75,0,0.895,427.0,12173.4
99022,XAUGBPm_20260821120001_2,XAUGBPm,PULLBACK,BUY,0,2026.08.21 12:00:01,2026.08.21 12:00:07,0,3366.451,3366.772,321.0,140.68,0.007,0.063,TRAIL_STOP,3356.11285,3365.0068,3352.6921,0,0.021,0.316,3356.11285,0.45,0,0.75,0.895,0,0,0,1,0.0,0,0.626,0.447,1,0.626,0.269,0.134,0.127,0.0,0.0,3356.11285,0.741,1.09,1,2,0.0,0,15618,0.417,2.0,0,0.0,0.269,0.134,0.184,0.626,0.75,0,0.895,427.0,12173.4
99025,XAUGBPm_20260821120006_3,XAUGBPm,TREND_CONTINUATION,BUY,0,2026.08.21 12:00:06,2026.08.21 12:00:23,0,3367.639,3366.492,-1147.0,-783.34,0.083,0.0,SL_HIT,3356.11285,3365.0068,3352.6921,0,0.021,0.316,3356.11285,0.45,0,0.75,0.895,0,0,0,1,0.0,0,0.626,0.457,1,0.626,0.269,0.134,0.184,0.0,0.0,3356.11285,0.741,1.176,1,2,0.0,0,15618,0.494,2.08,0,0.0,0.269,0.134,0.184,0.626,0.75,0,0.895,427.0,12173.4
99020,XAUGBPm_20260821120000_0,XAUGBPm,BREAKOUT,BUY,1,2026.08.21 12:00:00,2026.08.21 12:00:38,0,3366.376,3366.192,-184.0,-210.34,0.039,0.087,SL_HIT,3356.11285,3365.0068,3352.6921,0,0.021,0.316,3356.11285,0.45,0,0.75,0.895,0,0,0,1,0.0,0,0.57,0.433,1,0.57,0.269,0.134,0.427,0.0,-0.583,3356.11285,0.741,1.09,1,2,0.0,0,15618,0.433,1.67,0,0.0,0.269,0.134,0.127,0.626,0.75,0,0.895,486.0,12173.4
99023,XAUGBPm_20260821120001_2,XAUGBPm,PULLBACK,BUY,1,2026.08.21 12:00:01,2026.08.21 12:00:38,0,3366.566,3366.192,-374.0,-342.83,0.018,0.061,SL_HIT,3356.11285,3365.0068,3352.6921,0,0.021,0.316,3356.11285,0.45,0,0.75,0.895,0,0,0,1,0.0,0,0.626,0.447,1,0.626,0.269,0.134,0.127,0.0,0.0,3356.11285,0.741,1.09,1,2,0.0,0,15618,0.417,2.0,0,0.0,0.269,0.134,0.127,0.626,0.75,0,0.895,486.0,12173.4
99026,XAUGBPm_20260821120006_3,XAUGBPm,TREND_CONTINUATION,BUY,1,2026.08.21 12:00:06,2026.08.21 12:00:38,0,3367.639,3366.192,-1447.0,-988.2,0.107,0.0,SL_HIT,3356.11285,3365.0068,3352.6921,0,0.021,0.316,3356.11285,0.45,0,0.75,0.895,0,0,0,1,0.0,0,0.626,0.457,1,0.626,0.269,0.134,0.184,0.0,0.0,3356.11285,0.741,1.176,1,2,0.0,0,15618,0.494,2.08,0,0.0,0.269,0.134,0.127,0.626,0.75,0,0.895,486.0,12173.4
99033,XAUGBPm_20260821120940_1,XAUGBPm,BREAKOUT_RETEST,BUY,-1,2026.08.21 12:09:40,2026.08.21 12:21:18,11,3363.298,3355.245,-8053.0,-5335.95,0.653,0.131,SL_HIT,3356.11285,3365.0068,3352.6921,1,0.021,0.316,3356.11285,0.45,0,0.75,0.895,0,0,0,1,0.0,0,0.626,0.461,1,0.626,0.269,0.134,0.205,0.0,0.0,3356.11285,0.741,1.207,1,2,0.0,0,15618,0.519,1.04,0,0.0,0.269,0.134,0.002,0.626,0.75,1,0.895,426.0,12173.4
99034,XAUGBPm_20260821120940_1,XAUGBPm,BREAKOUT_RETEST,BUY,0,2026.08.21 12:09:40,2026.08.21 12:21:19,11,3363.059,3355.012,-8047.0,-5495.1,0.652,0.151,SL_HIT,3356.11285,3365.0068,3352.6921,1,0.021,0.316,3356.11285,0.45,0,0.75,0.895,0,0,0,1,0.0,0,0.626,0.461,1,0.626,0.269,0.134,0.205,0.0,0.0,3356.11285,0.741,1.207,1,2,0.0,0,15618,0.519,1.04,0,0.0,0.269,0.134,0.002,0.626,0.75,1,0.895,426.0,12173.4
99035,XAUGBPm_20260821120940_1,XAUGBPm,BREAKOUT_RETEST,BUY,1,2026.08.21 12:09:40,2026.08.21 12:21:19,11,3363.059,3355.012,-8047.0,-5495.1,0.652,0.151,SL_HIT,3356.11285,3365.0068,3352.6921,1,0.021,0.316,3356.11285,0.45,0,0.75,0.895,0,0,0,1,0.0,0,0.626,0.461,1,0.626,0.269,0.134,0.205,0.0,0.0,3356.11285,0.741,1.207,1,2,0.0,0,15618,0.519,1.04,0,0.0,0.269,0.134,0.002,0.626,0.75,1,0.895,426.0,12173.4
99024,XAUGBPm_20260821120006_3,XAUGBPm,TREND_CONTINUATION,BUY,-1,2026.08.21 12:00:06,2026.08.21 12:35:11,35,3367.639,3352.926,-14713.0,-10040.37,1.199,0.103,SL_HIT,3356.11285,3365.0068,3352.6921,0,0.021,0.316,3356.11285,0.45,0,0.75,0.895,0,0,0,1,0.0,0,0.626,0.457,1,0.626,0.269,0.134,0.184,0.0,0.0,3356.11285,0.741,1.176,1,2,0.0,0,15618,0.494,2.08,0,0.0,0.269,0.134,0.14,0.626,0.75,1,0.895,485.0,12173.4
99021,XAUGBPm_20260821120001_2,XAUGBPm,PULLBACK,BUY,-1,2026.08.21 12:00:01,2026.08.21 12:39:26,39,3366.576,3348.262,-18314.0,-12402.53,1.492,0.19,SL_HIT,3356.11285,3365.0068,3352.6921,0,0.021,0.316,3356.11285,0.45,0,0.75,0.895,0,0,0,1,0.0,0,0.626,0.447,1,0.626,0.269,0.134,0.127,0.0,0.0,3356.11285,0.741,1.09,1,2,0.0,0,15618,0.417,2.0,0,0.0,0.269,0.134,0.279,0.626,0.75,0,0.895,426.0,12173.4
99018,XAUGBPm_20260821120000_0,XAUGBPm,BREAKOUT,BUY,-1,2026.08.21 12:00:00,2026.08.21 12:39:26,39,3366.376,3348.11,-18266.0,-12455.04,1.488,0.206,SL_HIT,3356.11285,3365.0068,3352.6921,0,0.021,0.316,3356.11285,0.45,0,0.75,0.895,0,0,0,1,0.0,0,0.57,0.433,1,0.57,0.269,0.134,0.427,0.0,-0.583,3356.11285,0.741,1.09,1,2,0.0,0,15618,0.433,1.67,0,0.0,0.269,0.134,0.279,0.626,0.75,0,0.895,426.0,12173.4
98942,XAUGBPm_20260821060000_2,XAUGBPm,PULLBACK,BUY,-1,2026.08.21 06:00:00,2026.08.21 14:25:21,505,3335.64,3372.335,36695.0,25021.22,0.348,2.995,TP_HIT,3322.27362,3329.3205,3316.508,0,0.849,0.01,3322.27362,0.5,0,0.675,0.685,0,0,0,1,0.0,0,0.751,0.521,2,0.751,0.206,0.213,0.335,0.15,0.0,3322.27362,0.736,1.313,1,2,0.0,0,15612,0.394,3.65,6,0.55,0.237,0.595,0.701,0.776,0.8,0,0.79,428.0,13770.4
98963,XAUGBPm_20260821080000_0,XAUGBPm,BREAKOUT,BUY,-1,2026.08.21 08:00:00,2026.08.21 14:27:42,387,3346.216,3374.725,28509.0,19347.64,0.272,2.437,TP_HIT,3344.7,3346.8144,3328.4896,1,0.096,0.152,3344.7,0.65,0,0.825,0.755,2,0,0,1,0.0,2,1.0,0.54,2,0.223,0.926,0.157,0.304,0.45,0.2236,3328.4896,0.6,1.537,1,1,0.0,0,15614,0.483,1.67,6,0.55,0.237,0.595,0.701,0.776,0.8,0,0.79,428.0,13770.4
98972,XAUGBPm_20260821080003_3,XAUGBPm,TREND_CONTINUATION,BUY,-1,2026.08.21 08:00:03,2026.08.21 14:27:45,387,3346.641,3375.246,28605.0,19500.89,0.31,2.498,TP_HIT,3344.7,3346.8144,3328.4896,1,0.096,0.152,3344.7,0.65,0,0.825,0.755,2,0,0,1,0.0,0,0.523,0.413,1,0.523,0.226,0.053,0.184,0.15,0.0,3328.4896,0.6,1.087,1,1,0.0,0,15614,0.492,2.08,6,0.55,0.237,0.595,0.701,0.776,0.8,0,0.79,428.0,13770.4
99043,XAUGBPm_20260821140303_4,XAUGBPm,SWEEP_REVERSAL,BUY,0,2026.08.21 14:03:03,2026.08.21 14:32:13,29,3363.18,3373.613,10433.0,7023.24,0.192,0.998,TRAIL_STOP,3361.35175,3366.8287,3355.8748,1,0.021,0.421,3361.35175,0.45,0,0.8,0.79,0,0,1,1,0.0,6,0.75,0.358,1,0.776,0.237,0.595,0.488,0.55,0.0,3355.8748,0.6,0.552,1,2,0.0,0,15620,0.603,2.0,6,0.55,0.237,0.595,0.701,0.776,0.8,0,0.79,428.0,13770.4
99044,XAUGBPm_20260821140303_4,XAUGBPm,SWEEP_REVERSAL,BUY,1,2026.08.21 14:03:03,2026.08.21 14:32:33,29,3363.306,3372.345,9039.0,6158.81,0.201,0.989,TRAIL_STOP,3361.35175,3366.8287,3355.8748,1,0.021,0.421,3361.35175,0.45,0,0.8,0.79,0,0,1,1,0.0,6,0.75,0.358,1,0.776,0.237,0.595,0.488,0.55,0.0,3355.8748,0.6,0.552,1,2,0.0,0,15620,0.603,2.0,6,0.55,0.237,0.595,0.701,0.776,0.8,0,0.79,428.0,13770.4
98969,XAUGBPm_20260821080001_2,XAUGBPm,PULLBACK,BUY,-1,2026.08.21 08:00:01,2026.08.21 15:25:06,445,3346.461,3380.73,34269.0,23348.5,0.294,2.99,TP_HIT,3344.7,3346.8144,3328.4896,1,0.096,0.152,3344.7,0.65,0,0.825,0.755,2,0,0,1,0.0,0,0.523,0.413,1,0.523,0.226,0.053,0.184,0.15,0.0,3328.4896,0.6,1.087,1,1,0.0,0,15614,0.569,2.0,6,0.45,0.3,0.583,0.658,0.666,1.0,0,1.0,488.0,14374.3
99052,XAUGBPm_20260821160000_0,XAUGBPm,BREAKOUT,BUY,0,2026.08.21 16:00:00,2026.08.21 16:00:30,0,3382.996,3382.549,-447.0,-304.93,0.059,0.0,SL_HIT,3363.96332,3372.4069,3355.51975,0,1.333,0.011,3363.96332,0.45,0,1.0,1.0,0,0,0,1,0.0,2,1.0,0.603,2,0.694,1.0,0.168,0.323,0.15,0.438,3363.96332,0.757,1.745,1,1,0.0,0,15622,0.651,1.74,0,0.15,0.3,0.168,0.323,0.699,1.0,0,1.0,429.0,13953.4
99055,XAUGBPm_20260821160001_2,XAUGBPm,PULLBACK,BUY,0,2026.08.21 16:00:01,2026.08.21 16:00:30,0,3382.729,3382.549,-180.0,-122.79,0.04,0.008,SL_HIT,3363.96332,3372.4069,3355.51975,0,1.333,0.011,3363.96332,0.45,0,1.0,1.0,0,0,0,1,0.0,0,0.699,0.475,1,0.699,0.3,0.168,0.323,0.15,0.0,3363.96332,0.757,1.295,1,1,0.0,0,15622,0.509,2.0,0,0.15,0.3,0.168,0.323,0.699,1.0,0,1.0,429.0,13953.4
99058,XAUGBPm_20260821160003_3,XAUGBPm,TREND_CONTINUATION,BUY,0,2026.08.21 16:00:03,2026.08.21 16:00:30,0,3382.864,3382.549,-315.0,-214.88,0.049,0.0,SL_HIT,3363.96332,3372.4069,3355.51975,0,1.333,0.011,3363.96332,0.45,0,1.0,1.0,0,0,0,1,0.0,0,0.699,0.475,1,0.699,0.3,0.168,0.323,0.15,0.0,3363.96332,0.757,1.295,1,1,0.0,0,15622,0.597,2.08,0,0.15,0.3,0.168,0.323,0.699,1.0,0,1.0,429.0,13953.4
99061,XAUGBPm_20260821160007_7,XAUGBPm,ANCHORED_PULLBACK,BUY,0,2026.08.21 16:00:07,2026.08.21 16:00:30,0,3382.959,3382.549,-410.0,-279.69,0.056,0.0,SL_HIT,3363.96332,3372.4069,3355.51975,0,1.333,0.011,3363.96332,0.45,0,1.0,1.0,0,0,0,1,0.0,0,0.699,0.475,1,0.699,0.3,0.168,0.323,0.15,0.0,3363.96332,0.757,1.295,1,1,0.0,0,15622,0.483,3.42,0,0.15,0.3,0.168,0.323,0.699,1.0,0,1.0,429.0,13953.4
99053,XAUGBPm_20260821160000_0,XAUGBPm,BREAKOUT,BUY,1,2026.08.21 16:00:00,2026.08.21 16:00:39,0,3382.996,3381.769,-1227.0,-837.0,0.078,0.0,SL_HIT,3363.96332,3372.4069,3355.51975,0,1.333,0.011,3363.96332,0.45,0,1.0,1.0,0,0,0,1,0.0,2,1.0,0.603,2,0.694,1.0,0.168,0.323,0.15,0.438,3363.96332,0.757,1.745,1,1,0.0,0,15622,0.651,1.74,0,0.15,0.3,0.168,0.278,0.699,1.0,0,1.0,429.0,13953.4
99056,XAUGBPm_20260821160001_2,XAUGBPm,PULLBACK,BUY,1,2026.08.21 16:00:01,2026.08.21 16:00:39,0,3382.729,3381.769,-960.0,-654.87,0.059,0.017,SL_HIT,3363.96332,3372.4069,3355.51975,0,1.333,0.011,3363.96332,0.45,0,1.0,1.0,0,0,0,1,0.0,0,0.699,0.475,1,0.699,0.3,0.168,0.323,0.15,0.0,3363.96332,0.757,1.295,1,1,0.0,0,15622,0.509,2.0,0,0.15,0.3,0.168,0.278,0.699,1.0,0,1.0,429.0,13953.4
99059,XAUGBPm_20260821160003_3,XAUGBPm,TREND_CONTINUATION,BUY,1,2026.08.21 16:00:03,2026.08.21 16:00:39,0,3382.864,3381.769,-1095.0,-746.96,0.069,0.007,SL_HIT,3363.96332,3372.4069,3355.51975,0,1.333,0.011,3363.96332,0.45,0,1.0,1.0,0,0,0,1,0.0,0,0.699,0.475,1,0.699,0.3,0.168,0.323,0.15,0.0,3363.96332,0.757,1.295,1,1,0.0,0,15622,0.597,2.08,0,0.15,0.3,0.168,0.278,0.699,1.0,0,1.0,429.0,13953.4
99062,XAUGBPm_20260821160007_7,XAUGBPm,ANCHORED_PULLBACK,BUY,1,2026.08.21 16:00:08,2026.08.21 16:00:39,0,3382.959,3381.769,-1190.0,-811.76,0.075,0.008,SL_HIT,3363.96332,3372.4069,3355.51975,0,1.333,0.011,3363.96332,0.45,0,1.0,1.0,0,0,0,1,0.0,0,0.699,0.475,1,0.699,0.3,0.168,0.323,0.15,0.0,3363.96332,0.757,1.295,1,1,0.0,0,15622,0.483,3.42,0,0.15,0.3,0.168,0.278,0.699,1.0,0,1.0,429.0,13953.4
98989,XAUGBPm_20260821100000_0,XAUGBPm,BREAKOUT,BUY,-1,2026.08.21 10:00:00,2026.08.21 16:21:09,381,3356.068,3385.875,29807.0,20335.97,0.833,2.49,TP_HIT,3354.74507,3365.993,3341.7667,1,0.07,0.36,3344.36238,0.7,0,0.975,0.825,0,0,0,1,0.0,3,1.0,0.599,2,0.348,0.648,0.257,0.188,0.3,-0.0113,3344.36238,0.739,1.602,1,1,0.0,0,15616,0.492,1.67,0,0.15,0.3,0.168,0.323,0.699,1.0,0,1.0,487.0,13953.4
98998,XAUGBPm_20260821100006_3,XAUGBPm,TREND_CONTINUATION,BUY,-1,2026.08.21 10:00:06,2026.08.21 16:21:09,381,3355.95,3385.875,29925.0,20416.48,0.824,2.5,TP_HIT,3354.74507,3365.993,3341.7667,1,0.07,0.36,3344.36238,0.7,0,0.975,0.825,0,0,0,1,0.0,0,0.648,0.474,1,0.648,0.247,0.152,0.0,0.0,0.0,3344.36238,0.739,0.9,1,1,0.0,0,15616,0.57,2.08,0,0.15,0.3,0.168,0.323,0.699,1.0,0,1.0,487.0,13953.4
99042,XAUGBPm_20260821140303_4,XAUGBPm,SWEEP_REVERSAL,BUY,-1,2026.08.21 14:03:03,2026.08.21 16:51:34,168,3363.18,3390.802,27622.0,18839.86,0.192,1.998,TP_HIT,3361.35175,3366.8287,3355.8748,1,0.021,0.421,3361.35175,0.45,0,0.8,0.79,0,0,1,1,0.0,6,0.75,0.358,1,0.776,0.237,0.595,0.488,0.55,0.0,3355.8748,0.6,0.552,1,2,0.0,0,15620,0.603,2.0,0,0.15,0.3,0.168,0.323,0.699,1.0,0,1.0,429.0,13953.4
98995,XAUGBPm_20260821100001_2,XAUGBPm,PULLBACK,BUY,-1,2026.08.21 10:00:01,2026.08.21 16:54:00,413,3355.831,3391.716,35885.0,24475.01,0.814,3.0,TP_HIT,3354.74507,3365.993,3341.7667,1,0.07,0.36,3344.36238,0.7,0,0.975,0.825,0,0,0,1,0.0,0,0.648,0.474,1,0.648,0.247,0.152,0.0,0.0,0.0,3344.36238,0.739,0.9,1,1,0.0,0,15616,0.635,2.0,0,0.15,0.3,0.168,0.323,0.699,1.0,0,1.0,429.0,13953.4
99076,XAUGBPm_20260821180000_1,XAUGBPm,BREAKOUT_RETEST,BUY,0,2026.08.21 18:00:00,2026.08.21 18:00:15,0,3385.803,3384.795,-1008.0,-614.26,0.063,0.0,SL_HIT,3383.2762,3389.8254,3367.371,1,0.016,0.379,3364.5642,0.6,0,1.0,1.0,0,0,0,1,0.0,3,1.0,0.588,2,0.264,1.0,0.242,0.177,0.3,0.0596,3389.8254,0.6,1.585,1,1,0.0,0,15624,0.876,1.04,0,0.0,0.3,0.137,0.057,0.564,1.0,1,1.0,429.0,14231.8
99080,XAUGBPm_20260821180057_0,XAUGBPm,BREAKOUT,BUY,0,2026.08.21 18:00:57,2026.08.21 18:01:10,0,3386.186,3386.016,-170.0,-116.03,0.02,0.023,SL_HIT,3383.2762,3389.8254,3367.371,1,0.016,0.379,3364.5642,0.6,0,1.0,1.0,0,0,0,1,0.0,0,0.564,0.454,1,0.564,0.3,0.137,0.057,0.0,0.0,3364.5642,0.735,0.985,1,1,0.0,0,15624,0.413,1.67,0,0.0,0.3,0.137,0.057,0.564,1.0,1,1.0,429.0,14231.8
99083,XAUGBPm_20260821180057_2,XAUGBPm,PULLBACK,BUY,0,2026.08.21 18:00:57,2026.08.21 18:01:10,0,3386.334,3386.016,-318.0,-217.04,0.021,0.013,SL_HIT,3383.2762,3389.8254,3367.371,1,0.016,0.379,3364.5642,0.6,0,1.0,1.0,0,0,0,1,0.0,0,0.564,0.454,1,0.564,0.3,0.137,0.057,0.0,0.0,3364.5642,0.735,0.985,1,1,0.0,0,15624,0.653,2.0,0,0.0,0.3,0.137,0.057,0.564,1.0,1,1.0,429.0,14231.8
99086,XAUGBPm_20260821180058_3,XAUGBPm,TREND_CONTINUATION,BUY,0,2026.08.21 18:00:58,2026.08.21 18:01:10,0,3386.463,3386.016,-447.0,-305.09,0.021,0.012,SL_HIT,3383.2762,3389.8254,3367.371,1,0.016,0.379,3364.5642,0.6,0,1.0,1.0,0,0,0,1,0.0,0,0.564,0.454,1,0.564,0.3,0.137,0.057,0.0,0.0,3364.5642,0.735,0.985,1,1,0.0,0,15624,0.591,2.08,0,0.0,0.3,0.137,0.057,0.564,1.0,1,1.0,429.0,14231.8
99077,XAUGBPm_20260821180000_1,XAUGBPm,BREAKOUT_RETEST,BUY,1,2026.08.21 18:00:00,2026.08.21 18:06:35,6,3385.695,3386.91,1215.0,829.36,0.063,0.181,TRAIL_STOP,3383.2762,3389.8254,3367.371,1,0.016,0.379,3364.5642,0.6,0,1.0,1.0,0,0,0,1,0.0,3,1.0,0.588,2,0.264,1.0,0.242,0.177,0.3,0.0596,3389.8254,0.6,1.585,1,1,0.0,0,15624,0.876,1.04,0,0.0,0.3,0.137,0.139,0.564,1.0,1,1.0,429.0,14231.8
99081,XAUGBPm_20260821180057_0,XAUGBPm,BREAKOUT,BUY,1,2026.08.21 18:00:57,2026.08.21 18:06:35,5,3386.186,3386.91,724.0,494.2,0.051,0.146,TRAIL_STOP,3383.2762,3389.8254,3367.371,1,0.016,0.379,3364.5642,0.6,0,1.0,1.0,0,0,0,1,0.0,0,0.564,0.454,1,0.564,0.3,0.137,0.057,0.0,0.0,3364.5642,0.735,0.985,1,1,0.0,0,15624,0.413,1.67,0,0.0,0.3,0.137,0.139,0.564,1.0,1,1.0,429.0,14231.8
99084,XAUGBPm_20260821180057_2,XAUGBPm,PULLBACK,BUY,1,2026.08.21 18:00:57,2026.08.21 18:06:35,5,3386.334,3386.91,576.0,393.18,0.062,0.136,TRAIL_STOP,3383.2762,3389.8254,3367.371,1,0.016,0.379,3364.5642,0.6,0,1.0,1.0,0,0,0,1,0.0,0,0.564,0.454,1,0.564,0.3,0.137,0.057,0.0,0.0,3364.5642,0.735,0.985,1,1,0.0,0,15624,0.653,2.0,0,0.0,0.3,0.137,0.139,0.564,1.0,1,1.0,429.0,14231.8
99087,XAUGBPm_20260821180058_3,XAUGBPm,TREND_CONTINUATION,BUY,1,2026.08.21 18:00:58,2026.08.21 18:06:35,5,3386.463,3386.91,447.0,305.12,0.071,0.127,TRAIL_STOP,3383.2762,3389.8254,3367.371,1,0.016,0.379,3364.5642,0.6,0,1.0,1.0,0,0,0,1,0.0,0,0.564,0.454,1,0.564,0.3,0.137,0.057,0.0,0.0,3364.5642,0.735,0.985,1,1,0.0,0,15624,0.591,2.08,0,0.0,0.3,0.137,0.139,0.564,1.0,1,1.0,429.0,14231.8
99096,XAUGBPm_20260821200001_1,XAUGBPm,BREAKOUT_RETEST,BUY,0,2026.08.21 20:00:01,2026.08.21 20:15:44,15,3383.269,3382.622,-647.0,-441.53,0.123,0.02,SL_HIT,3385.45837,3388.25295,3381.86535,1,0.116,0.248,3385.45837,0.4,0,0.8,0.825,0,0,0,1,0.0,0,0.763,0.383,1,0.763,0.247,0.14,0.259,0.4,0.0,3388.25295,0.6,1.049,1,2,0.0,0,15626,0.509,1.33,0,0.4,0.247,0.14,0.307,0.763,0.8,1,0.825,428.0,13178.9
99097,XAUGBPm_20260821200001_1,XAUGBPm,BREAKOUT_RETEST,BUY,1,2026.08.21 20:00:01,2026.08.21 20:16:38,16,3383.269,3381.849,-1420.0,-968.99,0.123,0.02,SL_HIT,3385.45837,3388.25295,3381.86535,1,0.116,0.248,3385.45837,0.4,0,0.8,0.825,0,0,0,1,0.0,0,0.763,0.383,1,0.763,0.247,0.14,0.259,0.4,0.0,3388.25295,0.6,1.049,1,2,0.0,0,15626,0.509,1.33,0,0.4,0.247,0.14,0.368,0.763,0.8,0,0.825,428.0,13178.9
99075,XAUGBPm_20260821180000_1,XAUGBPm,BREAKOUT_RETEST,BUY,-1,2026.08.21 18:00:00,2026.08.21 20:16:57,136,3385.803,3381.497,-4306.0,-2938.35,0.292,0.296,SL_HIT,3383.2762,3389.8254,3367.371,1,0.016,0.379,3364.5642,0.6,0,1.0,1.0,0,0,0,1,0.0,3,1.0,0.588,2,0.264,1.0,0.242,0.177,0.3,0.0596,3389.8254,0.6,1.585,1,1,0.0,0,15624,0.876,1.04,0,0.4,0.247,0.14,0.368,0.763,0.8,0,0.825,428.0,13178.9
99095,XAUGBPm_20260821200001_1,XAUGBPm,BREAKOUT_RETEST,BUY,-1,2026.08.21 20:00:01,2026.08.21 20:19:02,19,3383.408,3379.323,-4085.0,-2692.69,0.3,0.01,SL_HIT,3385.45837,3388.25295,3381.86535,1,0.116,0.248,3385.45837,0.4,0,0.8,0.825,0,0,0,1,0.0,0,0.763,0.383,1,0.763,0.247,0.14,0.259,0.4,0.0,3388.25295,0.6,1.049,1,2,0.0,0,15626,0.509,1.33,0,0.4,0.247,0.14,0.437,0.763,0.8,0,0.825,428.0,13178.9
99103,XAUGBPm_20260821203817_5,XAUGBPm,MEAN_REVERSION,BUY,0,2026.08.21 20:38:17,2026.08.21 20:38:36,0,3377.277,3377.257,-20.0,-13.64,0.024,0.038,SL_HIT,3385.45837,3388.25295,3381.86535,0,0.116,0.248,3385.45837,0.4,0,0.8,0.825,0,0,0,1,0.0,0,0.763,0.414,1,0.763,0.247,0.14,0.437,0.4,0.0,3385.45837,0.727,1.315,1,2,0.0,0,15626,0.655,0.8,0,0.4,0.247,0.14,0.437,0.763,0.8,0,0.825,428.0,13178.9
99104,XAUGBPm_20260821203817_5,XAUGBPm,MEAN_REVERSION,BUY,1,2026.08.21 20:38:17,2026.08.21 20:42:30,4,3377.277,3377.724,447.0,304.92,0.03,0.125,TRAIL_STOP,3385.45837,3388.25295,3381.86535,0,0.116,0.248,3385.45837,0.4,0,0.8,0.825,0,0,0,1,0.0,0,0.763,0.414,1,0.763,0.247,0.14,0.437,0.4,0.0,3385.45837,0.727,1.315,1,2,0.0,0,15626,0.655,0.8,0,0.4,0.247,0.14,0.437,0.763,0.8,0,0.825,428.0,13178.9
99060,XAUGBPm_20260821160007_7,XAUGBPm,ANCHORED_PULLBACK,BUY,-1,2026.08.21 16:00:07,2026.08.21 20:48:29,288,3382.959,3374.881,-8078.0,-5510.77,0.568,0.894,SL_HIT,3363.96332,3372.4069,3355.51975,0,1.333,0.011,3363.96332,0.45,0,1.0,1.0,0,0,0,1,0.0,0,0.699,0.475,1,0.699,0.3,0.168,0.323,0.15,0.0,3363.96332,0.757,1.295,1,1,0.0,0,15622,0.483,3.42,0,0.4,0.247,0.14,0.437,0.763,0.8,0,0.825,428.0,13178.9
99109,XAUGBPm_20260821204829_4,XAUGBPm,SWEEP_REVERSAL,BUY,0,2026.08.21 20:48:29,2026.08.21 20:48:32,0,3375.126,3374.288,-838.0,-571.68,0.052,0.0,SL_HIT,3385.45837,3388.25295,3381.86535,0,0.116,0.248,3385.45837,0.4,0,0.8,0.825,0,0,0,1,0.0,0,0.763,0.414,1,0.763,0.247,0.14,0.437,0.4,0.0,3385.45837,0.727,1.315,1,2,0.0,0,15626,0.259,0.8,0,0.4,0.247,0.14,0.437,0.763,0.8,0,0.825,428.0,13178.9
99110,XAUGBPm_20260821204829_4,XAUGBPm,SWEEP_REVERSAL,BUY,1,2026.08.21 20:48:29,2026.08.21 20:50:46,2,3375.126,3375.206,80.0,54.57,0.099,0.102,TRAIL_STOP,3385.45837,3388.25295,3381.86535,0,0.116,0.248,3385.45837,0.4,0,0.8,0.825,0,0,0,1,0.0,0,0.763,0.414,1,0.763,0.247,0.14,0.437,0.4,0.0,3385.45837,0.727,1.315,1,2,0.0,0,15626,0.259,0.8,0,0.4,0.247,0.14,0.437,0.763,0.8,0,0.825,428.0,13178.9
99102,XAUGBPm_20260821203817_5,XAUGBPm,MEAN_REVERSION,BUY,-1,2026.08.21 20:38:17,2026.08.23 22:10:33,2972,3377.425,3385.981,8556.0,5665.39,0.314,0.639,TP_HIT,3385.45837,3388.25295,3381.86535,0,0.116,0.248,3385.45837,0.4,0,0.8,0.825,0,0,0,1,0.0,0,0.763,0.414,1,0.763,0.247,0.14,0.437,0.4,0.0,3385.45837,0.727,1.315,1,2,0.0,0,15626,0.655,0.8,0,0.4,0.247,0.231,0.16,0.746,1.0,1,0.825,487.0,12836.1
99108,XAUGBPm_20260821204829_4,XAUGBPm,SWEEP_REVERSAL,BUY,-1,2026.08.21 20:48:29,2026.08.23 22:10:33,2962,3375.309,3385.981,10672.0,7132.74,0.154,0.799,TP_HIT,3385.45837,3388.25295,3381.86535,0,0.116,0.248,3385.45837,0.4,0,0.8,0.825,0,0,0,1,0.0,0,0.763,0.414,1,0.763,0.247,0.14,0.437,0.4,0.0,3385.45837,0.727,1.315,1,2,0.0,0,15626,0.259,0.8,0,0.4,0.247,0.231,0.16,0.746,1.0,1,0.825,487.0,12836.1
99115,XAUGBPm_20260823220501_6,XAUGBPm,NAKED_POC,BUY,1,2026.08.23 22:05:01,2026.08.23 22:17:15,12,3380.312,3382.291,1979.0,1350.1,0.17,0.467,TRAIL_STOP,3386.02355,3389.9005,3381.0389,0,0.46,0.114,3386.02355,0.4,0,1.0,0.825,0,0,0,1,0.0,0,0.746,0.323,0,0.746,0.247,0.231,0.371,0.4,0.0,3386.02355,0.731,0.229,1,2,0.414,0,15627,0.749,1.05,0,0.4,0.247,0.231,0.329,0.746,1.0,1,0.825,429.0,12836.1
99116,XAUGBPm_20260823220801_1,XAUGBPm,BREAKOUT_RETEST,BUY,-1,2026.08.23 22:08:01,2026.08.23 22:21:00,12,3382.074,3386.512,4438.0,3027.63,0.117,0.337,TP_HIT,3386.02355,3389.9005,3381.0389,1,0.46,0.114,3386.02355,0.4,0,1.0,0.825,0,0,0,1,0.0,0,0.746,0.316,0,0.746,0.247,0.231,0.415,0.4,0.0,3386.02355,0.731,0.168,1,2,0.414,0,15627,0.569,1.15,0,0.4,0.247,0.231,0.16,0.746,1.0,1,0.825,429.0,12836.1
99117,XAUGBPm_20260823220801_1,XAUGBPm,BREAKOUT_RETEST,BUY,0,2026.08.23 22:08:01,2026.08.23 22:21:00,12,3382.074,3386.512,4438.0,3027.63,0.117,0.337,TP_HIT,3386.02355,3389.9005,3381.0389,1,0.46,0.114,3386.02355,0.4,0,1.0,0.825,0,0,0,1,0.0,0,0.746,0.316,0,0.746,0.247,0.231,0.415,0.4,0.0,3386.02355,0.731,0.168,1,2,0.414,0,15627,0.569,1.15,0,0.4,0.247,0.231,0.16,0.746,1.0,1,0.825,429.0,12836.1
99118,XAUGBPm_20260823220801_1,XAUGBPm,BREAKOUT_RETEST,BUY,1,2026.08.23 22:08:01,2026.08.23 22:21:00,12,3382.074,3386.512,4438.0,3027.63,0.117,0.337,TP_HIT,3386.02355,3389.9005,3381.0389,1,0.46,0.114,3386.02355,0.4,0,1.0,0.825,0,0,0,1,0.0,0,0.746,0.316,0,0.746,0.247,0.231,0.415,0.4,0.0,3386.02355,0.731,0.168,1,2,0.414,0,15627,0.569,1.15,0,0.4,0.247,0.231,0.16,0.746,1.0,1,0.825,429.0,12836.1
99114,XAUGBPm_20260823220501_6,XAUGBPm,NAKED_POC,BUY,0,2026.08.23 22:05:01,2026.08.23 22:22:58,17,3380.312,3383.397,3085.0,2104.59,0.17,0.483,TRAIL_STOP,3386.02355,3389.9005,3381.0389,0,0.46,0.114,3386.02355,0.4,0,1.0,0.825,0,0,0,1,0.0,0,0.746,0.323,0,0.746,0.247,0.231,0.371,0.4,0.0,3386.02355,0.731,0.229,1,2,0.414,0,15627,0.749,1.05,0,0.4,0.247,0.231,0.254,0.746,1.0,1,0.825,429.0,12836.1
99127,XAUGBPm_20260823230551_5,XAUGBPm,MEAN_REVERSION,BUY,0,2026.08.23 23:05:51,2026.08.23 23:07:20,1,3376.28,3376.449,169.0,115.28,0.04,0.052,TRAIL_STOP,3386.24998,3389.17755,3379.9766,0,0.647,0.004,3386.24998,0.55,0,1.0,0.825,0,0,0,1,0.0,0,0.685,0.271,0,0.685,0.247,0.14,0.394,0.4,0.0,3386.24998,0.724,0.345,1,2,0.414,0,15628,0.581,1.0,0,0.4,0.247,0.14,0.394,0.685,1.0,0,0.825,428.0,13011.9
99130,XAUGBPm_20260823230606_4,XAUGBPm,SWEEP_REVERSAL,BUY,0,2026.08.23 23:06:06,2026.08.23 23:07:20,1,3376.189,3376.449,260.0,177.36,0.0,0.059,TRAIL_STOP,3386.24998,3389.17755,3379.9766,0,0.647,0.004,3386.24998,0.55,0,1.0,0.825,0,0,0,1,0.0,0,0.685,0.271,0,0.685,0.247,0.14,0.397,0.4,0.0,3386.24998,0.724,0.349,1,2,0.414,0,15628,0.223,0.81,0,0.4,0.247,0.14,0.394,0.685,1.0,0,0.825,428.0,13011.9
99128,XAUGBPm_20260823230551_5,XAUGBPm,MEAN_REVERSION,BUY,1,2026.08.23 23:05:51,2026.08.23 23:14:48,8,3376.28,3377.007,727.0,495.93,0.04,0.148,TRAIL_STOP,3386.24998,3389.17755,3379.9766,0,0.647,0.004,3386.24998,0.55,0,1.0,0.825,0,0,0,1,0.0,0,0.685,0.271,0,0.685,0.247,0.14,0.394,0.4,0.0,3386.24998,0.724,0.345,1,2,0.414,0,15628,0.581,1.0,0,0.4,0.247,0.14,0.34,0.685,1.0,0,0.825,428.0,13011.9
99131,XAUGBPm_20260823230606_4,XAUGBPm,SWEEP_REVERSAL,BUY,1,2026.08.23 23:06:06,2026.08.23 23:14:48,8,3376.189,3377.007,818.0,558.01,0.018,0.155,TRAIL_STOP,3386.24998,3389.17755,3379.9766,0,0.647,0.004,3386.24998,0.55,0,1.0,0.825,0,0,0,1,0.0,0,0.685,0.271,0,0.685,0.247,0.14,0.397,0.4,0.0,3386.24998,0.724,0.349,1,2,0.414,0,15628,0.223,0.81,0,0.4,0.247,0.14,0.34,0.685,1.0,0,0.825,428.0,13011.9
99126,XAUGBPm_20260823230551_5,XAUGBPm,MEAN_REVERSION,BUY,-1,2026.08.23 23:05:51,2026.08.23 23:56:21,50,3376.28,3386.725,10445.0,7129.08,0.04,0.789,TP_HIT,3386.24998,3389.17755,3379.9766,0,0.647,0.004,3386.24998,0.55,0,1.0,0.825,0,0,0,1,0.0,0,0.685,0.271,0,0.685,0.247,0.14,0.394,0.4,0.0,3386.24998,0.724,0.345,1,2,0.414,0,15628,0.581,1.0,0,0.4,0.247,0.14,0.204,0.685,1.0,1,0.825,429.0,13011.9
99129,XAUGBPm_20260823230606_4,XAUGBPm,SWEEP_REVERSAL,BUY,-1,2026.08.23 23:06:06,2026.08.23 23:56:21,50,3376.189,3386.725,10536.0,7191.19,0.0,0.796,TP_HIT,3386.24998,3389.17755,3379.9766,0,0.647,0.004,3386.24998,0.55,0,1.0,0.825,0,0,0,1,0.0,0,0.685,0.271,0,0.685,0.247,0.14,0.397,0.4,0.0,3386.24998,0.724,0.349,1,2,0.414,0,15628,0.223,0.81,0,0.4,0.247,0.14,0.204,0.685,1.0,1,0.825,429.0,13011.9
99140,XAUGBPm_20260823235621_2,XAUGBPm,PULLBACK,BUY,1,2026.08.23 23:56:21,2026.08.24 00:17:04,20,3387.014,3393.112,6098.0,4245.62,0.285,0.921,TRAIL_STOP,3386.24998,3389.17755,3379.9766,1,0.647,0.004,3386.24998,0.55,0,1.0,0.825,0,0,0,1,0.0,0,0.685,0.287,0,0.685,0.247,0.14,0.204,0.4,0.0,3379.9766,0.6,0.483,1,2,0.414,0,15628,0.596,2.0,0,0.4,0.247,0.244,0.38,0.735,0.8,0,0.825,429.0,12871.9
99143,XAUGBPm_20260823235638_3,XAUGBPm,TREND_CONTINUATION,BUY,1,2026.08.23 23:56:38,2026.08.24 00:17:04,20,3387.25,3393.112,5862.0,4001.9,0.303,0.902,TRAIL_STOP,3386.24998,3389.17755,3379.9766,1,0.647,0.004,3386.24998,0.55,0,1.0,0.825,0,0,0,1,0.0,0,0.685,0.283,0,0.685,0.247,0.14,0.16,0.4,0.0,3379.9766,0.6,0.45,1,2,0.414,0,15628,0.522,2.08,0,0.4,0.247,0.244,0.38,0.735,0.8,0,0.825,429.0,12871.9
99139,XAUGBPm_20260823235621_2,XAUGBPm,PULLBACK,BUY,0,2026.08.23 23:56:21,2026.08.24 00:20:58,24,3387.154,3389.613,2459.0,1774.0,0.296,0.91,TRAIL_STOP,3386.24998,3389.17755,3379.9766,1,0.647,0.004,3386.24998,0.55,0,1.0,0.825,0,0,0,1,0.0,0,0.685,0.287,0,0.685,0.247,0.14,0.204,0.4,0.0,3379.9766,0.6,0.483,1,2,0.414,0,15628,0.596,2.0,0,0.4,0.247,0.244,0.38,0.735,0.8,0,0.825,429.0,12871.9
99142,XAUGBPm_20260823235638_3,XAUGBPm,TREND_CONTINUATION,BUY,0,2026.08.23 23:56:38,2026.08.24 00:21:00,24,3387.25,3388.465,1215.0,829.3,0.303,0.902,TRAIL_STOP,3386.24998,3389.17755,3379.9766,1,0.647,0.004,3386.24998,0.55,0,1.0,0.825,0,0,0,1,0.0,0,0.685,0.283,0,0.685,0.247,0.14,0.16,0.4,0.0,3379.9766,0.6,0.45,1,2,0.414,0,15628,0.522,2.08,0,0.4,0.247,0.244,0.38,0.735,0.8,0,0.825,429.0,12871.9
99148,XAUGBPm_20260824002108_1,XAUGBPm,BREAKOUT_RETEST,BUY,-1,2026.08.24 00:21:08,2026.08.24 00:21:44,0,3387.096,3383.108,-3988.0,-2638.93,0.299,0.0,SL_HIT,3383.1589,3387.1816,3377.6734,1,0.054,0.059,3383.1589,0.65,0,0.8,0.825,0,0,0,1,0.0,0,0.735,0.408,1,0.735,0.247,0.244,0.271,0.4,0.0,3377.6734,0.6,1.067,1,2,0.408,0,15629,0.517,1.36,0,0.4,0.247,0.244,0.16,0.735,0.8,1,0.825,428.0,12871.9
99149,XAUGBPm_20260824002108_1,XAUGBPm,BREAKOUT_RETEST,BUY,0,2026.08.24 00:21:08,2026.08.24 00:21:44,0,3386.974,3383.108,-3866.0,-2638.93,0.29,0.0,SL_HIT,3383.1589,3387.1816,3377.6734,1,0.054,0.059,3383.1589,0.65,0,0.8,0.825,0,0,0,1,0.0,0,0.735,0.408,1,0.735,0.247,0.244,0.271,0.4,0.0,3377.6734,0.6,1.067,1,2,0.408,0,15629,0.517,1.36,0,0.4,0.247,0.244,0.16,0.735,0.8,1,0.825,428.0,12871.9
99150,XAUGBPm_20260824002108_1,XAUGBPm,BREAKOUT_RETEST,BUY,1,2026.08.24 00:21:08,2026.08.24 00:21:44,0,3386.974,3383.108,-3866.0,-2563.16,0.29,0.0,SL_HIT,3383.1589,3387.1816,3377.6734,1,0.054,0.059,3383.1589,0.65,0,0.8,0.825,0,0,0,1,0.0,0,0.735,0.408,1,0.735,0.247,0.244,0.271,0.4,0.0,3377.6734,0.6,1.067,1,2,0.408,0,15629,0.517,1.36,0,0.4,0.247,0.244,0.16,0.735,0.8,1,0.825,428.0,12871.9
99141,XAUGBPm_20260823235638_3,XAUGBPm,TREND_CONTINUATION,BUY,-1,2026.08.23 23:56:38,2026.08.24 00:26:30,29,3387.25,3371.522,-15728.0,-10736.72,1.197,0.902,SL_HIT,3386.24998,3389.17755,3379.9766,1,0.647,0.004,3386.24998,0.55,0,1.0,0.825,0,0,0,1,0.0,0,0.685,0.283,0,0.685,0.247,0.14,0.16,0.4,0.0,3379.9766,0.6,0.45,1,2,0.414,0,15628,0.522,2.08,0,0.4,0.247,0.244,0.421,0.735,0.8,0,0.825,486.0,12871.9
99085,XAUGBPm_20260821180058_3,XAUGBPm,TREND_CONTINUATION,BUY,-1,2026.08.21 18:00:58,2026.08.24 00:26:40,3265,3386.463,3369.34,-17123.0,-11961.32,1.196,0.88,SL_HIT,3383.2762,3389.8254,3367.371,1,0.016,0.379,3364.5642,0.6,0,1.0,1.0,0,0,0,1,0.0,0,0.564,0.454,1,0.564,0.3,0.137,0.057,0.0,0.0,3364.5642,0.735,0.985,1,1,0.0,0,15624,0.591,2.08,0,0.4,0.247,0.244,0.421,0.735,0.8,0,0.825,427.0,12871.9
99138,XAUGBPm_20260823235621_2,XAUGBPm,PULLBACK,BUY,-1,2026.08.23 23:56:21,2026.08.24 00:26:56,30,3387.154,3367.62,-19534.0,-13333.71,1.491,0.91,SL_HIT,3386.24998,3389.17755,3379.9766,1,0.647,0.004,3386.24998,0.55,0,1.0,0.825,0,0,0,1,0.0,0,0.685,0.287,0,0.685,0.247,0.14,0.204,0.4,0.0,3379.9766,0.6,0.483,1,2,0.414,0,15628,0.596,2.0,0,0.4,0.247,0.244,0.421,0.735,0.8,0,0.825,427.0,12871.9
99057,XAUGBPm_20260821160003_3,XAUGBPm,TREND_CONTINUATION,BUY,-1,2026.08.21 16:00:03,2026.08.24 00:27:20,3387,3382.864,3366.017,-16847.0,-11772.07,1.198,1.156,SL_HIT,3363.96332,3372.4069,3355.51975,0,1.333,0.011,3363.96332,0.45,0,1.0,1.0,0,0,0,1,0.0,0,0.699,0.475,1,0.699,0.3,0.168,0.323,0.15,0.0,3363.96332,0.757,1.295,1,1,0.0,0,15622,0.597,2.08,0,0.4,0.247,0.244,0.421,0.735,0.8,0,0.825,486.0,12871.9
99159,XAUGBPm_20260824020000_0,XAUGBPm,BREAKOUT,BUY,0,2026.08.24 02:00:00,2026.08.24 02:00:09,0,3394.176,3393.118,-1058.0,-803.22,0.062,0.0,SL_HIT,3383.00778,3390.57925,3375.4363,0,0.493,0.295,3383.00778,0.45,0,1.0,0.825,0,0,0,1,0.0,2,0.963,0.627,2,0.751,0.947,0.231,0.302,0.15,0.1126,3383.00778,0.734,1.714,1,2,0.408,0,15631,0.657,4.21,0,0.15,0.247,0.231,0.302,0.751,1.0,0,0.825,429.0,14946.0
99162,XAUGBPm_20260824020000_2,XAUGBPm,PULLBACK,BUY,0,2026.08.24 02:00:01,2026.08.24 02:00:09,0,3394.177,3393.118,-1059.0,-702.22,0.062,0.0,SL_HIT,3383.00778,3390.57925,3375.4363,0,0.493,0.295,3383.00778,0.45,0,1.0,0.825,0,0,0,1,0.0,0,0.751,0.522,2,0.751,0.247,0.231,0.302,0.15,0.0,3383.00778,0.734,1.264,1,2,0.408,0,15631,0.505,5.08,0,0.15,0.247,0.231,0.302,0.751,1.0,0,0.825,429.0,14946.0
99165,XAUGBPm_20260824020001_3,XAUGBPm,TREND_CONTINUATION,BUY,0,2026.08.24 02:00:01,2026.08.24 02:00:09,0,3394.341,3393.118,-1223.0,-739.75,0.073,0.0,SL_HIT,3383.00778,3390.57925,3375.4363,0,0.493,0.295,3383.00778,0.45,0,1.0,0.825,0,0,0,1,0.0,0,0.751,0.522,2,0.751,0.247,0.231,0.302,0.15,0.0,3383.00778,0.734,1.264,1,2,0.408,0,15631,0.593,2.08,0,0.15,0.247,0.231,0.302,0.751,1.0,0,0.825,429.0,14946.0
99160,XAUGBPm_20260824020000_0,XAUGBPm,BREAKOUT,BUY,1,2026.08.24 02:00:00,2026.08.24 02:00:34,0,3394.295,3392.412,-1883.0,-1285.0,0.109,0.0,SL_HIT,3383.00778,3390.57925,3375.4363,0,0.493,0.295,3383.00778,0.45,0,1.0,0.825,0,0,0,1,0.0,2,0.963,0.627,2,0.751,0.947,0.231,0.302,0.15,0.1126,3383.00778,0.734,1.714,1,2,0.408,0,15631,0.657,4.21,0,0.15,0.247,0.231,0.302,0.751,1.0,0,0.825,429.0,14946.0
99163,XAUGBPm_20260824020000_2,XAUGBPm,PULLBACK,BUY,1,2026.08.24 02:00:01,2026.08.24 02:00:34,0,3394.147,3392.412,-1735.0,-1284.31,0.099,0.0,SL_HIT,3383.00778,3390.57925,3375.4363,0,0.493,0.295,3383.00778,0.45,0,1.0,0.825,0,0,0,1,0.0,0,0.751,0.522,2,0.751,0.247,0.231,0.302,0.15,0.0,3383.00778,0.734,1.264,1,2,0.408,0,15631,0.505,5.08,0,0.15,0.247,0.231,0.302,0.751,1.0,0,0.825,429.0,14946.0
99166,XAUGBPm_20260824020001_3,XAUGBPm,TREND_CONTINUATION,BUY,1,2026.08.24 02:00:02,2026.08.24 02:00:34,0,3394.202,3392.412,-1790.0,-1117.8,0.102,0.0,SL_HIT,3383.00778,3390.57925,3375.4363,0,0.493,0.295,3383.00778,0.45,0,1.0,0.825,0,0,0,1,0.0,0,0.751,0.522,2,0.751,0.247,0.231,0.302,0.15,0.0,3383.00778,0.734,1.264,1,2,0.408,0,15631,0.593,2.08,0,0.15,0.247,0.231,0.302,0.751,1.0,0,0.825,429.0,14946.0
99174,XAUGBPm_20260824020034_7,XAUGBPm,ANCHORED_PULLBACK,BUY,0,2026.08.24 02:00:34,2026.08.24 02:00:35,0,3392.515,3391.019,-1496.0,-800.47,0.092,0.0,SL_HIT,3383.00778,3390.57925,3375.4363,0,0.493,0.295,3383.00778,0.45,0,1.0,0.825,0,0,0,1,0.0,0,0.751,0.522,2,0.751,0.247,0.231,0.302,0.15,0.0,3383.00778,0.734,1.264,1,2,0.408,0,15631,0.257,1.92,0,0.15,0.247,0.231,0.286,0.751,1.0,0,0.825,429.0,14946.0
99175,XAUGBPm_20260824020034_7,XAUGBPm,ANCHORED_PULLBACK,BUY,1,2026.08.24 02:00:34,2026.08.24 02:01:17,0,3392.192,3392.294,102.0,69.6,0.088,0.098,TRAIL_STOP,3383.00778,3390.57925,3375.4363,0,0.493,0.295,3383.00778,0.45,0,1.0,0.825,0,0,0,1,0.0,0,0.751,0.522,2,0.751,0.247,0.231,0.302,0.15,0.0,3383.00778,0.734,1.264,1,2,0.408,0,15631,0.257,1.92,0,0.15,0.247,0.231,0.302,0.751,1.0,0,0.825,429.0,14946.0
99113,XAUGBPm_20260823220501_6,XAUGBPm,NAKED_POC,BUY,-1,2026.08.23 22:05:01,2026.08.24 02:08:54,243,3380.312,3399.687,19375.0,13221.02,1.166,1.499,TP_HIT,3386.02355,3389.9005,3381.0389,0,0.46,0.114,3386.02355,0.4,0,1.0,0.825,0,0,0,1,0.0,0,0.746,0.323,0,0.746,0.247,0.231,0.371,0.4,0.0,3386.02355,0.731,0.229,1,2,0.414,0,15627,0.749,1.05,0,0.15,0.247,0.231,0.33,0.751,1.0,0,0.825,430.0,14946.0
99180,XAUGBPm_20260824040000_0,XAUGBPm,BREAKOUT,BUY,0,2026.08.24 04:00:00,2026.08.24 04:00:30,0,3401.675,3401.256,-419.0,-285.88,0.048,0.009,SL_HIT,3382.62738,3404.52345,3379.1701,1,0.318,1.707,3387.23708,0.55,0,0.667,0.6794,0,0,0,1,0.0,2,1.0,0.592,2,0.541,0.904,0.254,0.198,0.3,0.1543,3396.45647,0.55,1.467,1,1,0.375,0,15633,0.448,5.98,0,0.0,0.204,0.149,0.078,0.541,0.667,1,0.6794,430.0,14933.9
99183,XAUGBPm_20260824040002_1,XAUGBPm,BREAKOUT_RETEST,BUY,0,2026.08.24 04:00:02,2026.08.24 04:00:30,0,3401.792,3401.256,-536.0,-365.71,0.056,0.002,SL_HIT,3382.62738,3404.52345,3379.1701,1,0.318,1.707,3387.23708,0.55,0,0.667,0.6794,0,0,0,1,0.0,0,0.541,0.47,1,0.541,0.204,0.149,0.078,0.0,0.0,3396.45647,0.55,1.017,1,1,0.375,0,15633,0.469,2.48,0,0.0,0.204,0.149,0.078,0.541,0.667,1,0.6794,430.0,14933.9
99186,XAUGBPm_20260824040005_2,XAUGBPm,PULLBACK,BUY,0,2026.08.24 04:00:05,2026.08.24 04:00:30,0,3401.674,3401.256,-418.0,-285.2,0.048,0.009,SL_HIT,3382.62738,3404.52345,3379.1701,1,0.318,1.707,3387.23708,0.55,0,0.667,0.6794,0,0,0,1,0.0,0,0.541,0.47,1,0.541,0.204,0.149,0.078,0.0,0.0,3396.45647,0.55,1.017,1,1,0.375,0,15633,0.529,7.13,0,0.0,0.204,0.149,0.078,0.541,0.667,1,0.6794,430.0,14933.9
99189,XAUGBPm_20260824040007_3,XAUGBPm,TREND_CONTINUATION,BUY,0,2026.08.24 04:00:07,2026.08.24 04:00:30,0,3401.71,3401.256,-454.0,-208.1,0.05,0.007,SL_HIT,3382.62738,3404.52345,3379.1701,1,0.318,1.707,3387.23708,0.55,0,0.667,0.6794,0,0,0,1,0.0,0,0.541,0.47,1,0.541,0.204,0.149,0.078,0.0,0.0,3396.45647,0.55,1.017,1,1,0.375,0,15633,0.446,2.08,0,0.0,0.204,0.149,0.078,0.541,0.667,1,0.6794,430.0,14933.9
99181,XAUGBPm_20260824040000_0,XAUGBPm,BREAKOUT,BUY,1,2026.08.24 04:00:00,2026.08.24 04:00:46,0,3401.675,3400.342,-1333.0,-909.5,0.08,0.009,SL_HIT,3382.62738,3404.52345,3379.1701,1,0.318,1.707,3387.23708,0.55,0,0.667,0.6794,0,0,0,1,0.0,2,1.0,0.592,2,0.541,0.904,0.254,0.198,0.3,0.1543,3396.45647,0.55,1.467,1,1,0.375,0,15633,0.448,5.98,0,0.0,0.204,0.149,0.078,0.541,0.667,1,0.6794,430.0,14933.9
99184,XAUGBPm_20260824040002_1,XAUGBPm,BREAKOUT_RETEST,BUY,1,2026.08.24 04:00:02,2026.08.24 04:00:46,0,3401.792,3400.342,-1450.0,-989.33,0.088,0.002,SL_HIT,3382.62738,3404.52345,3379.1701,1,0.318,1.707,3387.23708,0.55,0,0.667,0.6794,0,0,0,1,0.0,0,0.541,0.47,1,0.541,0.204,0.149,0.078,0.0,0.0,3396.45647,0.55,1.017,1,1,0.375,0,15633,0.469,2.48,0,0.0,0.204,0.149,0.078,0.541,0.667,1,0.6794,430.0,14933.9
99187,XAUGBPm_20260824040005_2,XAUGBPm,PULLBACK,BUY,1,2026.08.24 04:00:05,2026.08.24 04:00:46,0,3401.674,3400.342,-1332.0,-908.82,0.08,0.009,SL_HIT,3382.62738,3404.52345,3379.1701,1,0.318,1.707,3387.23708,0.55,0,0.667,0.6794,0,0,0,1,0.0,0,0.541,0.47,1,0.541,0.204,0.149,0.078,0.0,0.0,3396.45647,0.55,1.017,1,1,0.375,0,15633,0.529,7.13,0,0.0,0.204,0.149,0.078,0.541,0.667,1,0.6794,430.0,14933.9
99190,XAUGBPm_20260824040007_3,XAUGBPm,TREND_CONTINUATION,BUY,1,2026.08.24 04:00:07,2026.08.24 04:00:46,0,3401.561,3400.342,-1219.0,-831.72,0.073,0.017,SL_HIT,3382.62738,3404.52345,3379.1701,1,0.318,1.707,3387.23708,0.55,0,0.667,0.6794,0,0,0,1,0.0,0,0.541,0.47,1,0.541,0.204,0.149,0.078,0.0,0.0,3396.45647,0.55,1.017,1,1,0.375,0,15633,0.446,2.08,0,0.0,0.204,0.149,0.078,0.541,0.667,1,0.6794,430.0,14933.9
99179,XAUGBPm_20260824040000_0,XAUGBPm,BREAKOUT,BUY,-1,2026.08.24 04:00:00,2026.08.24 04:07:01,7,3401.635,3395.266,-6369.0,-4372.12,0.417,0.035,SL_HIT,3382.62738,3404.52345,3379.1701,1,0.318,1.707,3387.23708,0.55,0,0.667,0.6794,0,0,0,1,0.0,2,1.0,0.592,2,0.541,0.904,0.254,0.198,0.3,0.1543,3396.45647,0.55,1.467,1,1,0.375,0,15633,0.448,5.98,0,0.0,0.204,0.149,0.125,0.541,0.667,1,0.6794,429.0,14933.9
99182,XAUGBPm_20260824040002_1,XAUGBPm,BREAKOUT_RETEST,BUY,-1,2026.08.24 04:00:02,2026.08.24 04:07:01,6,3401.792,3395.266,-6526.0,-4451.94,0.427,0.024,SL_HIT,3382.62738,3404.52345,3379.1701,1,0.318,1.707,3387.23708,0.55,0,0.667,0.6794,0,0,0,1,0.0,0,0.541,0.47,1,0.541,0.204,0.149,0.078,0.0,0.0,3396.45647,0.55,1.017,1,1,0.375,0,15633,0.469,2.48,0,0.0,0.204,0.149,0.125,0.541,0.667,1,0.6794,429.0,14933.9
99185,XAUGBPm_20260824040005_2,XAUGBPm,PULLBACK,BUY,-1,2026.08.24 04:00:05,2026.08.24 04:07:01,6,3401.674,3395.266,-6408.0,-4371.44,0.42,0.032,SL_HIT,3382.62738,3404.52345,3379.1701,1,0.318,1.707,3387.23708,0.55,0,0.667,0.6794,0,0,0,1,0.0,0,0.541,0.47,1,0.541,0.204,0.149,0.078,0.0,0.0,3396.45647,0.55,1.017,1,1,0.375,0,15633,0.529,7.13,0,0.0,0.204,0.149,0.125,0.541,0.667,1,0.6794,429.0,14933.9
99205,XAUGBPm_20260824060002_1,XAUGBPm,BREAKOUT_RETEST,BUY,-1,2026.08.24 06:00:02,2026.08.24 06:09:06,9,3401.512,3409.308,7796.0,5317.85,0.112,0.555,TP_HIT,3399.5976,3404.2308,3394.9644,1,0.052,0.573,3399.5976,0.45,0,0.55,0.755,0,0,0,1,0.0,0,0.793,0.417,1,0.793,0.226,0.0,0.019,0.0,0.0,3394.9644,0.6,0.929,1,1,0.375,0,15635,0.413,1.88,0,0.0,0.226,0.0,0.219,0.793,0.55,0,0.755,430.0,13825.5
99206,XAUGBPm_20260824060002_1,XAUGBPm,BREAKOUT_RETEST,BUY,0,2026.08.24 06:00:02,2026.08.24 06:09:06,9,3401.512,3409.308,7796.0,5317.85,0.112,0.555,TP_HIT,3399.5976,3404.2308,3394.9644,1,0.052,0.573,3399.5976,0.45,0,0.55,0.755,0,0,0,1,0.0,0,0.793,0.417,1,0.793,0.226,0.0,0.019,0.0,0.0,3394.9644,0.6,0.929,1,1,0.375,0,15635,0.413,1.88,0,0.0,0.226,0.0,0.219,0.793,0.55,0,0.755,430.0,13825.5
99207,XAUGBPm_20260824060002_1,XAUGBPm,BREAKOUT_RETEST,BUY,1,2026.08.24 06:00:02,2026.08.24 06:09:06,9,3401.512,3409.308,7796.0,5231.9,0.112,0.555,TP_HIT,3399.5976,3404.2308,3394.9644,1,0.052,0.573,3399.5976,0.45,0,0.55,0.755,0,0,0,1,0.0,0,0.793,0.417,1,0.793,0.226,0.0,0.019,0.0,0.0,3394.9644,0.6,0.929,1,1,0.375,0,15635,0.413,1.88,0,0.0,0.226,0.0,0.219,0.793,0.55,0,0.755,430.0,13825.5
99203,XAUGBPm_20260824060000_0,XAUGBPm,BREAKOUT,BUY,0,2026.08.24 06:00:00,2026.08.24 06:26:25,26,3401.938,3405.385,3447.0,2430.07,0.143,0.992,TRAIL_STOP,3399.5976,3404.2308,3394.9644,1,0.052,0.573,3399.5976,0.45,0,0.55,0.755,0,0,0,1,0.0,0,0.793,0.435,1,0.793,0.226,0.0,0.121,0.0,0.0,3394.9644,0.6,1.082,1,1,0.375,0,15635,0.274,1.67,0,0.0,0.226,0.0,0.224,0.793,0.55,0,0.755,430.0,13825.5
99204,XAUGBPm_20260824060000_0,XAUGBPm,BREAKOUT,BUY,1,2026.08.24 06:00:00,2026.08.24 06:26:25,26,3401.822,3405.385,3563.0,2430.07,0.135,1.0,TRAIL_STOP,3399.5976,3404.2308,3394.9644,1,0.052,0.573,3399.5976,0.45,0,0.55,0.755,0,0,0,1,0.0,0,0.793,0.435,1,0.793,0.226,0.0,0.121,0.0,0.0,3394.9644,0.6,1.082,1,1,0.375,0,15635,0.274,1.67,0,0.0,0.226,0.0,0.224,0.793,0.55,0,0.755,430.0,13825.5
99209,XAUGBPm_20260824060005_2,XAUGBPm,PULLBACK,BUY,0,2026.08.24 06:00:05,2026.08.24 06:26:25,26,3400.671,3405.385,4714.0,3134.61,0.051,1.084,TRAIL_STOP,3399.5976,3404.2308,3394.9644,1,0.052,0.573,3399.5976,0.45,0,0.55,0.755,0,0,0,1,0.0,0,0.793,0.417,1,0.793,0.226,0.0,0.019,0.0,0.0,3394.9644,0.6,0.929,1,1,0.375,0,15635,0.487,2.0,0,0.0,0.226,0.0,0.224,0.793,0.55,0,0.755,430.0,13825.5
99210,XAUGBPm_20260824060005_2,XAUGBPm,PULLBACK,BUY,1,2026.08.24 06:00:05,2026.08.24 06:26:25,26,3400.789,3405.385,4596.0,3020.03,0.06,1.075,TRAIL_STOP,3399.5976,3404.2308,3394.9644,1,0.052,0.573,3399.5976,0.45,0,0.55,0.755,0,0,0,1,0.0,0,0.793,0.417,1,0.793,0.226,0.0,0.019,0.0,0.0,3394.9644,0.6,0.929,1,1,0.375,0,15635,0.487,2.0,0,0.0,0.226,0.0,0.224,0.793,0.55,0,0.755,430.0,13825.5
99212,XAUGBPm_20260824060007_3,XAUGBPm,TREND_CONTINUATION,BUY,0,2026.08.24 06:00:07,2026.08.24 06:26:25,26,3400.964,3405.385,4421.0,2812.01,0.047,1.062,TRAIL_STOP,3399.5976,3404.2308,3394.9644,1,0.052,0.573,3399.5976,0.45,0,0.55,0.755,0,0,0,1,0.0,0,0.793,0.417,1,0.793,0.226,0.0,0.019,0.0,0.0,3394.9644,0.6,0.929,1,1,0.375,0,15635,0.397,2.08,0,0.0,0.226,0.0,0.224,0.793,0.55,0,0.755,430.0,13825.5
99213,XAUGBPm_20260824060007_3,XAUGBPm,TREND_CONTINUATION,BUY,1,2026.08.24 06:00:07,2026.08.24 06:26:25,26,3401.262,3405.385,4123.0,2723.35,0.068,1.041,TRAIL_STOP,3399.5976,3404.2308,3394.9644,1,0.052,0.573,3399.5976,0.45,0,0.55,0.755,0,0,0,1,0.0,0,0.793,0.417,1,0.793,0.226,0.0,0.019,0.0,0.0,3394.9644,0.6,0.929,1,1,0.375,0,15635,0.397,2.08,0,0.0,0.226,0.0,0.224,0.793,0.55,0,0.755,430.0,13825.5
99215,XAUGBPm_20260824060257_7,XAUGBPm,ANCHORED_PULLBACK,BUY,0,2026.08.24 06:02:57,2026.08.24 06:26:25,23,3404.717,3405.385,668.0,455.6,0.108,0.791,TRAIL_STOP,3399.5976,3404.2308,3394.9644,0,0.052,0.573,3399.5976,0.45,0,0.55,0.755,0,0,0,1,0.0,0,0.793,0.455,1,0.793,0.226,0.0,0.237,0.0,0.0,3399.5976,0.735,1.255,1,1,0.375,0,15635,0.303,2.44,0,0.0,0.226,0.0,0.224,0.793,0.55,0,0.755,430.0,13825.5
99216,XAUGBPm_20260824060257_7,XAUGBPm,ANCHORED_PULLBACK,BUY,1,2026.08.24 06:02:57,2026.08.24 06:26:25,23,3404.717,3405.385,668.0,455.6,0.108,0.791,TRAIL_STOP,3399.5976,3404.2308,3394.9644,0,0.052,0.573,3399.5976,0.45,0,0.55,0.755,0,0,0,1,0.0,0,0.793,0.455,1,0.793,0.226,0.0,0.237,0.0,0.0,3399.5976,0.735,1.255,1,1,0.375,0,15635,0.303,2.44,0,0.0,0.226,0.0,0.224,0.793,0.55,0,0.755,430.0,13825.5
99229,XAUGBPm_20260824080000_0,XAUGBPm,BREAKOUT,BUY,0,2026.08.24 08:00:00,2026.08.24 08:00:07,0,3405.536,3405.389,-147.0,-188.84,0.026,0.037,SL_HIT,3399.65342,3406.8252,3395.7917,1,0.294,0.506,3399.65342,0.5,0,0.65,0.825,0,0,0,1,0.0,0,0.693,0.467,1,0.693,0.247,0.093,0.125,0.0,0.0,3399.65342,0.731,1.088,1,1,0.363,0,15637,0.312,6.19,0,0.0,0.247,0.093,0.125,0.693,0.65,1,0.825,431.0,13797.0
99232,XAUGBPm_20260824080002_1,XAUGBPm,BREAKOUT_RETEST,BUY,0,2026.08.24 08:00:02,2026.08.24 08:00:07,0,3405.512,3405.389,-123.0,-83.85,0.012,0.03,SL_HIT,3399.65342,3406.8252,3395.7917,1,0.294,0.506,3399.65342,0.5,0,0.65,0.825,0,0,0,1,0.0,0,0.693,0.467,1,0.693,0.247,0.093,0.125,0.0,0.0,3399.65342,0.731,1.088,1,1,0.363,0,15637,0.474,1.22,0,0.0,0.247,0.093,0.125,0.693,0.65,1,0.825,431.0,13797.0
99235,XAUGBPm_20260824080005_2,XAUGBPm,PULLBACK,BUY,0,2026.08.24 08:00:05,2026.08.24 08:00:07,0,3406.114,3405.249,-865.0,-589.7,0.035,0.0,SL_HIT,3399.65342,3406.8252,3395.7917,1,0.294,0.506,3399.65342,0.5,0,0.65,0.825,0,0,0,1,0.0,0,0.693,0.466,1,0.693,0.247,0.093,0.122,0.0,0.0,3399.65342,0.731,1.083,1,1,0.363,0,15637,0.536,6.29,0,0.0,0.247,0.093,0.125,0.693,0.65,1,0.825,430.0,13797.0
99240,XAUGBPm_20260824080007_3,XAUGBPm,TREND_CONTINUATION,BUY,0,2026.08.24 08:00:07,2026.08.24 08:00:14,0,3405.819,3404.969,-850.0,-579.46,0.052,0.0,SL_HIT,3399.65342,3406.8252,3395.7917,1,0.294,0.506,3399.65342,0.5,0,0.65,0.825,0,0,0,1,0.0,0,0.693,0.467,1,0.693,0.247,0.093,0.125,0.0,0.0,3399.65342,0.731,1.088,1,1,0.363,0,15637,0.454,2.08,0,0.0,0.247,0.093,0.125,0.693,0.65,1,0.825,430.0,13797.0
99230,XAUGBPm_20260824080000_0,XAUGBPm,BREAKOUT,BUY,1,2026.08.24 08:00:00,2026.08.24 08:00:18,0,3405.666,3404.662,-1004.0,-684.43,0.064,0.028,SL_HIT,3399.65342,3406.8252,3395.7917,1,0.294,0.506,3399.65342,0.5,0,0.65,0.825,0,0,0,1,0.0,0,0.693,0.467,1,0.693,0.247,0.093,0.125,0.0,0.0,3399.65342,0.731,1.088,1,1,0.363,0,15637,0.312,6.19,0,0.0,0.247,0.093,0.125,0.693,0.65,1,0.825,430.0,13797.0
99233,XAUGBPm_20260824080002_1,XAUGBPm,BREAKOUT_RETEST,BUY,1,2026.08.24 08:00:02,2026.08.24 08:00:18,0,3405.512,3404.662,-850.0,-672.84,0.052,0.032,SL_HIT,3399.65342,3406.8252,3395.7917,1,0.294,0.506,3399.65342,0.5,0,0.65,0.825,0,0,0,1,0.0,0,0.693,0.467,1,0.693,0.247,0.093,0.125,0.0,0.0,3399.65342,0.731,1.088,1,1,0.363,0,15637,0.474,1.22,0,0.0,0.247,0.093,0.125,0.693,0.65,1,0.825,430.0,13797.0
99236,XAUGBPm_20260824080005_2,XAUGBPm,PULLBACK,BUY,1,2026.08.24 08:00:05,2026.08.24 08:00:23,0,3406.114,3404.481,-1633.0,-981.64,0.108,0.0,SL_HIT,3399.65342,3406.8252,3395.7917,1,0.294,0.506,3399.65342,0.5,0,0.65,0.825,0,0,0,1,0.0,0,0.693,0.466,1,0.693,0.247,0.093,0.122,0.0,0.0,3399.65342,0.731,1.083,1,1,0.363,0,15637,0.536,6.29,0,0.0,0.247,0.093,0.108,0.693,0.65,1,0.825,430.0,13797.0
99241,XAUGBPm_20260824080007_3,XAUGBPm,TREND_CONTINUATION,BUY,1,2026.08.24 08:00:07,2026.08.24 08:00:23,0,3405.819,3404.098,-1721.0,-1173.2,0.107,0.0,SL_HIT,3399.65342,3406.8252,3395.7917,1,0.294,0.506,3399.65342,0.5,0,0.65,0.825,0,0,0,1,0.0,0,0.693,0.467,1,0.693,0.247,0.093,0.125,0.0,0.0,3399.65342,0.731,1.088,1,1,0.363,0,15637,0.454,2.08,0,0.0,0.247,0.093,0.108,0.693,0.65,1,0.825,489.0,13797.0
99249,XAUGBPm_20260824080604_7,XAUGBPm,ANCHORED_PULLBACK,BUY,0,2026.08.24 08:06:04,2026.08.24 08:06:14,0,3401.353,3402.039,686.0,467.63,0.042,0.092,TRAIL_STOP,3399.65342,3406.8252,3395.7917,1,0.294,0.506,3399.65342,0.5,0,0.65,0.825,0,0,0,1,0.0,0,0.693,0.452,1,0.693,0.247,0.093,0.038,0.0,0.0,3395.7917,0.6,0.957,1,1,0.363,0,15637,0.51,0.84,0,0.0,0.247,0.093,0.125,0.693,0.65,1,0.825,430.0,13797.0
99250,XAUGBPm_20260824080604_7,XAUGBPm,ANCHORED_PULLBACK,BUY,1,2026.08.24 08:06:04,2026.08.24 08:06:18,0,3401.353,3401.292,-61.0,-41.59,0.042,0.092,SL_HIT,3399.65342,3406.8252,3395.7917,1,0.294,0.506,3399.65342,0.5,0,0.65,0.825,0,0,0,1,0.0,0,0.693,0.452,1,0.693,0.247,0.093,0.038,0.0,0.0,3395.7917,0.6,0.957,1,1,0.363,0,15637,0.51,0.84,0,0.0,0.247,0.093,0.038,0.693,0.65,1,0.825,430.0,13797.0
99228,XAUGBPm_20260824080000_0,XAUGBPm,BREAKOUT,BUY,-1,2026.08.24 08:00:00,2026.08.24 08:16:28,16,3405.384,3399.709,-5675.0,-3971.13,0.403,0.07,SL_HIT,3399.65342,3406.8252,3395.7917,1,0.294,0.506,3399.65342,0.5,0,0.65,0.825,0,0,0,1,0.0,0,0.693,0.467,1,0.693,0.247,0.093,0.125,0.0,0.0,3399.65342,0.731,1.088,1,1,0.363,0,15637,0.312,6.19,0,0.0,0.247,0.093,0.0,0.693,0.65,1,0.825,430.0,13797.0
99231,XAUGBPm_20260824080002_1,XAUGBPm,BREAKOUT_RETEST,BUY,-1,2026.08.24 08:00:02,2026.08.24 08:16:28,16,3405.651,3399.709,-5942.0,-3954.77,0.423,0.051,SL_HIT,3399.65342,3406.8252,3395.7917,1,0.294,0.506,3399.65342,0.5,0,0.65,0.825,0,0,0,1,0.0,0,0.693,0.467,1,0.693,0.247,0.093,0.125,0.0,0.0,3399.65342,0.731,1.088,1,1,0.363,0,15637,0.474,1.22,0,0.0,0.247,0.093,0.0,0.693,0.65,1,0.825,430.0,13797.0
99234,XAUGBPm_20260824080005_2,XAUGBPm,PULLBACK,BUY,-1,2026.08.24 08:00:05,2026.08.24 08:16:43,16,3406.114,3399.48,-6634.0,-4521.14,0.475,0.017,SL_HIT,3399.65342,3406.8252,3395.7917,1,0.294,0.506,3399.65342,0.5,0,0.65,0.825,0,0,0,1,0.0,0,0.693,0.466,1,0.693,0.247,0.093,0.122,0.0,0.0,3399.65342,0.731,1.083,1,1,0.363,0,15637,0.536,6.29,0,0.0,0.247,0.093,0.0,0.693,0.65,1,0.825,430.0,13797.0
99257,XAUGBPm_20260824082945_5,XAUGBPm,MEAN_REVERSION,BUY,0,2026.08.24 08:29:45,2026.08.24 08:29:57,0,3398.147,3397.563,-584.0,-289.58,0.043,0.0,SL_HIT,3399.65342,3406.8252,3395.7917,1,0.294,0.506,3399.65342,0.5,0,0.65,0.825,0,0,0,1,0.0,0,0.693,0.459,1,0.693,0.247,0.093,0.08,0.0,0.0,3406.8252,0.6,1.02,1,1,0.363,0,15637,0.641,0.81,0,0.0,0.247,0.093,0.08,0.693,0.65,1,0.825,430.0,13797.0
99258,XAUGBPm_20260824082945_5,XAUGBPm,MEAN_REVERSION,BUY,1,2026.08.24 08:29:45,2026.08.24 08:30:42,0,3397.988,3398.384,396.0,269.83,0.078,0.125,TRAIL_STOP,3399.65342,3406.8252,3395.7917,1,0.294,0.506,3399.65342,0.5,0,0.65,0.825,0,0,0,1,0.0,0,0.693,0.459,1,0.693,0.247,0.093,0.08,0.0,0.0,3406.8252,0.6,1.02,1,1,0.363,0,15637,0.641,0.81,0,0.0,0.247,0.093,0.05,0.693,0.65,1,0.825,430.0,13797.0
99248,XAUGBPm_20260824080604_7,XAUGBPm,ANCHORED_PULLBACK,BUY,-1,2026.08.24 08:06:04,2026.08.24 08:43:22,37,3401.353,3406.875,5522.0,3763.91,0.322,0.392,TP_HIT,3399.65342,3406.8252,3395.7917,1,0.294,0.506,3399.65342,0.5,0,0.65,0.825,0,0,0,1,0.0,0,0.693,0.452,1,0.693,0.247,0.093,0.038,0.0,0.0,3395.7917,0.6,0.957,1,1,0.363,0,15637,0.51,0.84,0,0.0,0.247,0.093,0.112,0.693,0.65,0,0.825,431.0,13797.0
99256,XAUGBPm_20260824082945_5,XAUGBPm,MEAN_REVERSION,BUY,-1,2026.08.24 08:29:45,2026.08.24 08:43:32,13,3398.298,3407.381,9083.0,6293.57,0.101,0.648,TP_HIT,3399.65342,3406.8252,3395.7917,1,0.294,0.506,3399.65342,0.5,0,0.65,0.825,0,0,0,1,0.0,0,0.693,0.459,1,0.693,0.247,0.093,0.08,0.0,0.0,3406.8252,0.6,1.02,1,1,0.363,0,15637,0.641,0.81,0,0.0,0.247,0.093,0.112,0.693,0.65,0,0.825,431.0,13797.0
99264,XAUGBPm_20260824100001_0,XAUGBPm,BREAKOUT,BUY,0,2026.08.24 10:00:01,2026.08.24 10:00:27,0,3407.843,3408.574,731.0,498.32,0.031,0.103,TRAIL_STOP,3406.2546,3408.7276,3400.814,1,0.075,0.353,3406.2546,0.4,0,0.75,0.72,0,0,0,1,0.0,0,0.715,0.465,1,0.715,0.216,0.237,0.138,0.25,0.0,3400.814,0.6,0.957,1,1,0.363,0,15639,0.341,1.67,0,0.25,0.216,0.237,0.235,0.715,0.75,1,0.72,431.0,13874.4
99267,XAUGBPm_20260824100003_1,XAUGBPm,BREAKOUT_RETEST,BUY,0,2026.08.24 10:00:03,2026.08.24 10:00:27,0,3407.844,3408.574,730.0,400.83,0.009,0.103,TRAIL_STOP,3406.2546,3408.7276,3400.814,1,0.075,0.353,3406.2546,0.4,0,0.75,0.72,0,0,0,1,0.0,0,0.715,0.465,1,0.715,0.216,0.237,0.138,0.25,0.0,3400.814,0.6,0.957,1,1,0.363,0,15639,0.504,1.24,0,0.25,0.216,0.237,0.235,0.715,0.75,1,0.72,431.0,13874.4
99270,XAUGBPm_20260824100005_2,XAUGBPm,PULLBACK,BUY,0,2026.08.24 10:00:05,2026.08.24 10:00:27,0,3408.33,3408.574,244.0,166.33,0.022,0.068,TRAIL_STOP,3406.2546,3408.7276,3400.814,1,0.075,0.353,3406.2546,0.4,0,0.75,0.72,0,0,0,1,0.0,0,0.715,0.482,1,0.715,0.216,0.237,0.235,0.25,0.0,3400.814,0.6,1.103,1,1,0.363,0,15639,0.56,2.0,0,0.25,0.216,0.237,0.235,0.715,0.75,1,0.72,431.0,13874.4
99273,XAUGBPm_20260824100007_3,XAUGBPm,TREND_CONTINUATION,BUY,0,2026.08.24 10:00:07,2026.08.24 10:00:27,0,3409.133,3408.574,-559.0,-381.09,0.038,0.01,SL_HIT,3406.2546,3408.7276,3400.814,1,0.075,0.353,3406.2546,0.4,0,0.75,0.72,0,0,0,1,0.0,0,0.715,0.482,1,0.715,0.216,0.237,0.235,0.25,0.0,3400.814,0.6,1.103,1,1,0.363,0,15639,0.483,2.08,0,0.25,0.216,0.237,0.235,0.715,0.75,1,0.72,431.0,13874.4
99265,XAUGBPm_20260824100001_0,XAUGBPm,BREAKOUT,BUY,1,2026.08.24 10:00:01,2026.08.24 10:01:26,1,3407.843,3407.793,-50.0,-34.09,0.022,0.103,SL_HIT,3406.2546,3408.7276,3400.814,1,0.075,0.353,3406.2546,0.4,0,0.75,0.72,0,0,0,1,0.0,0,0.715,0.465,1,0.715,0.216,0.237,0.138,0.25,0.0,3400.814,0.6,0.957,1,1,0.363,0,15639,0.341,1.67,0,0.25,0.216,0.237,0.235,0.715,0.75,1,0.72,431.0,13874.4
99268,XAUGBPm_20260824100003_1,XAUGBPm,BREAKOUT_RETEST,BUY,1,2026.08.24 10:00:03,2026.08.24 10:01:26,1,3407.986,3407.793,-193.0,-131.57,0.019,0.093,SL_HIT,3406.2546,3408.7276,3400.814,1,0.075,0.353,3406.2546,0.4,0,0.75,0.72,0,0,0,1,0.0,0,0.715,0.465,1,0.715,0.216,0.237,0.138,0.25,0.0,3400.814,0.6,0.957,1,1,0.363,0,15639,0.504,1.24,0,0.25,0.216,0.237,0.235,0.715,0.75,1,0.72,431.0,13874.4
99271,XAUGBPm_20260824100005_2,XAUGBPm,PULLBACK,BUY,1,2026.08.24 10:00:05,2026.08.24 10:01:26,1,3408.33,3407.793,-537.0,-366.09,0.028,0.068,SL_HIT,3406.2546,3408.7276,3400.814,1,0.075,0.353,3406.2546,0.4,0,0.75,0.72,0,0,0,1,0.0,0,0.715,0.482,1,0.715,0.216,0.237,0.235,0.25,0.0,3400.814,0.6,1.103,1,1,0.363,0,15639,0.56,2.0,0,0.25,0.216,0.237,0.235,0.715,0.75,1,0.72,431.0,13874.4
99274,XAUGBPm_20260824100007_3,XAUGBPm,TREND_CONTINUATION,BUY,1,2026.08.24 10:00:07,2026.08.24 10:01:26,1,3409.133,3407.793,-1340.0,-913.52,0.086,0.002,SL_HIT,3406.2546,3408.7276,3400.814,1,0.075,0.353,3406.2546,0.4,0,0.75,0.72,0,0,0,1,0.0,0,0.715,0.482,1,0.715,0.216,0.237,0.235,0.25,0.0,3400.814,0.6,1.103,1,1,0.363,0,15639,0.483,2.08,0,0.25,0.216,0.237,0.235,0.715,0.75,1,0.72,431.0,13874.4
99284,XAUGBPm_20260824100606_7,XAUGBPm,ANCHORED_PULLBACK,BUY,0,2026.08.24 10:06:06,2026.08.24 10:06:42,0,3409.593,3408.782,-811.0,-552.79,0.044,0.0,SL_HIT,3406.2546,3408.7276,3400.814,0,0.075,0.353,3406.2546,0.4,0,0.75,0.72,0,0,0,1,0.0,0,0.715,0.494,1,0.715,0.216,0.237,0.304,0.25,0.0,3400.814,0.6,1.207,1,1,0.363,0,15639,0.482,3.63,0,0.25,0.216,0.237,0.304,0.715,0.75,0,0.72,431.0,13874.4
99285,XAUGBPm_20260824100606_7,XAUGBPm,ANCHORED_PULLBACK,BUY,1,2026.08.24 10:06:06,2026.08.24 10:06:51,0,3409.593,3407.95,-1643.0,-1119.89,0.101,0.0,SL_HIT,3406.2546,3408.7276,3400.814,0,0.075,0.353,3406.2546,0.4,0,0.75,0.72,0,0,0,1,0.0,0,0.715,0.494,1,0.715,0.216,0.237,0.304,0.25,0.0,3400.814,0.6,1.207,1,1,0.363,0,15639,0.482,3.63,0,0.25,0.216,0.237,0.235,0.715,0.75,1,0.72,431.0,13874.4
99266,XAUGBPm_20260824100003_1,XAUGBPm,BREAKOUT_RETEST,BUY,-1,2026.08.24 10:00:03,2026.08.24 11:35:02,94,3407.844,3412.993,5149.0,3510.0,0.273,0.36,TP_HIT,3406.2546,3408.7276,3400.814,1,0.075,0.353,3406.2546,0.4,0,0.75,0.72,0,0,0,1,0.0,0,0.715,0.465,1,0.715,0.216,0.237,0.138,0.25,0.0,3400.814,0.6,0.957,1,1,0.363,0,15639,0.504,1.24,0,0.15,0.279,0.191,0.318,0.644,0.8,0,0.93,490.0,13890.1
99051,XAUGBPm_20260821160000_0,XAUGBPm,BREAKOUT,BUY,-1,2026.08.21 16:00:00,2026.08.24 11:35:08,4055,3382.996,3417.882,34886.0,23512.18,1.265,2.487,TP_HIT,3363.96332,3372.4069,3355.51975,0,1.333,0.011,3363.96332,0.45,0,1.0,1.0,0,0,0,1,0.0,2,1.0,0.603,2,0.694,1.0,0.168,0.323,0.15,0.438,3363.96332,0.757,1.745,1,1,0.0,0,15622,0.651,1.74,0,0.15,0.279,0.191,0.318,0.644,0.8,0,0.93,490.0,13890.1
99079,XAUGBPm_20260821180057_0,XAUGBPm,BREAKOUT,BUY,-1,2026.08.21 18:00:57,2026.08.24 11:38:09,3937,3386.186,3421.768,35582.0,23989.37,1.465,2.499,TP_HIT,3383.2762,3389.8254,3367.371,1,0.016,0.379,3364.5642,0.6,0,1.0,1.0,0,0,0,1,0.0,0,0.564,0.454,1,0.564,0.3,0.137,0.057,0.0,0.0,3364.5642,0.735,0.985,1,1,0.0,0,15624,0.413,1.67,0,0.15,0.279,0.191,0.318,0.644,0.8,0,0.93,432.0,13890.1
99173,XAUGBPm_20260824020034_7,XAUGBPm,ANCHORED_PULLBACK,BUY,-1,2026.08.24 02:00:34,2026.08.24 11:38:09,577,3393.102,3422.695,29593.0,20578.38,0.151,1.969,TP_HIT,3383.00778,3390.57925,3375.4363,0,0.493,0.295,3383.00778,0.45,0,1.0,0.825,0,0,0,1,0.0,0,0.751,0.522,2,0.751,0.247,0.231,0.302,0.15,0.0,3383.00778,0.734,1.264,1,2,0.408,0,15631,0.257,1.92,0,0.15,0.279,0.191,0.318,0.644,0.8,0,0.93,432.0,13890.1
99293,XAUGBPm_20260824120001_0,XAUGBPm,BREAKOUT,BUY,0,2026.08.24 12:00:01,2026.08.24 12:15:03,15,3414.806,3415.05,244.0,74.99,0.319,0.169,TRAIL_STOP,3405.63368,3411.67245,3399.5949,0,0.454,0.177,3405.63368,0.45,0,1.0,0.965,0,0,0,1,0.0,0,0.738,0.438,1,0.738,0.29,0.053,0.291,0.15,0.0,3405.63368,0.708,1.247,1,1,0.0,0,15641,0.509,4.68,0,0.15,0.29,0.053,0.291,0.738,1.0,0,0.965,431.0,14564.3
99296,XAUGBPm_20260824120005_2,XAUGBPm,PULLBACK,BUY,0,2026.08.24 12:00:05,2026.08.24 12:15:03,14,3414.713,3415.05,337.0,229.74,0.313,0.175,TRAIL_STOP,3405.63368,3411.67245,3399.5949,0,0.454,0.177,3405.63368,0.45,0,1.0,0.965,0,0,0,1,0.0,0,0.738,0.44,1,0.738,0.29,0.053,0.304,0.15,0.0,3405.63368,0.708,1.267,1,1,0.0,0,15641,0.497,5.89,0,0.15,0.29,0.053,0.291,0.738,1.0,0,0.965,431.0,14564.3
99299,XAUGBPm_20260824120008_3,XAUGBPm,TREND_CONTINUATION,BUY,0,2026.08.24 12:00:08,2026.08.24 12:15:03,14,3414.659,3415.05,391.0,266.55,0.309,0.179,TRAIL_STOP,3405.63368,3411.67245,3399.5949,0,0.454,0.177,3405.63368,0.45,0,1.0,0.965,0,0,0,1,0.0,0,0.738,0.44,1,0.738,0.29,0.053,0.304,0.15,0.0,3405.63368,0.708,1.267,1,1,0.0,0,15641,0.583,2.08,0,0.15,0.29,0.053,0.291,0.738,1.0,0,0.965,431.0,14564.3
99302,XAUGBPm_20260824120205_1,XAUGBPm,BREAKOUT_RETEST,BUY,0,2026.08.24 12:02:05,2026.08.24 12:15:03,12,3411.578,3415.05,3472.0,2366.95,0.097,0.391,TRAIL_STOP,3405.63368,3411.67245,3399.5949,1,0.454,0.177,3405.63368,0.45,0,1.0,0.965,0,0,0,1,0.0,0,0.738,0.431,1,0.738,0.29,0.053,0.255,0.15,0.0,3405.63368,0.708,1.192,1,1,0.0,0,15641,0.616,1.53,0,0.15,0.29,0.053,0.291,0.738,1.0,0,0.965,431.0,14564.3
99294,XAUGBPm_20260824120001_0,XAUGBPm,BREAKOUT,BUY,1,2026.08.24 12:00:01,2026.08.24 12:16:08,16,3414.94,3414.399,-541.0,-368.81,0.328,0.16,SL_HIT,3405.63368,3411.67245,3399.5949,0,0.454,0.177,3405.63368,0.45,0,1.0,0.965,0,0,0,1,0.0,0,0.738,0.438,1,0.738,0.29,0.053,0.291,0.15,0.0,3405.63368,0.708,1.247,1,1,0.0,0,15641,0.509,4.68,0,0.15,0.29,0.053,0.291,0.738,1.0,0,0.965,431.0,14564.3
99297,XAUGBPm_20260824120005_2,XAUGBPm,PULLBACK,BUY,1,2026.08.24 12:00:05,2026.08.24 12:16:08,16,3414.713,3414.399,-314.0,-214.06,0.313,0.175,SL_HIT,3405.63368,3411.67245,3399.5949,0,0.454,0.177,3405.63368,0.45,0,1.0,0.965,0,0,0,1,0.0,0,0.738,0.44,1,0.738,0.29,0.053,0.304,0.15,0.0,3405.63368,0.708,1.267,1,1,0.0,0,15641,0.497,5.89,0,0.15,0.29,0.053,0.291,0.738,1.0,0,0.965,431.0,14564.3
99300,XAUGBPm_20260824120008_3,XAUGBPm,TREND_CONTINUATION,BUY,1,2026.08.24 12:00:08,2026.08.24 12:16:08,16,3414.659,3414.399,-260.0,-177.25,0.309,0.179,SL_HIT,3405.63368,3411.67245,3399.5949,0,0.454,0.177,3405.63368,0.45,0,1.0,0.965,0,0,0,1,0.0,0,0.738,0.44,1,0.738,0.29,0.053,0.304,0.15,0.0,3405.63368,0.708,1.267,1,1,0.0,0,15641,0.583,2.08,0,0.15,0.29,0.053,0.291,0.738,1.0,0,0.965,431.0,14564.3
99303,XAUGBPm_20260824120205_1,XAUGBPm,BREAKOUT_RETEST,BUY,1,2026.08.24 12:02:05,2026.08.24 12:16:08,14,3411.578,3414.399,2821.0,1922.98,0.097,0.391,TRAIL_STOP,3405.63368,3411.67245,3399.5949,1,0.454,0.177,3405.63368,0.45,0,1.0,0.965,0,0,0,1,0.0,0,0.738,0.431,1,0.738,0.29,0.053,0.255,0.15,0.0,3405.63368,0.708,1.192,1,1,0.0,0,15641,0.616,1.53,0,0.15,0.29,0.053,0.291,0.738,1.0,0,0.965,431.0,14564.3
99292,XAUGBPm_20260824120001_0,XAUGBPm,BREAKOUT,BUY,-1,2026.08.24 12:00:01,2026.08.24 12:32:57,32,3415.077,3407.272,-7805.0,-5137.13,0.531,0.158,SL_HIT,3405.63368,3411.67245,3399.5949,0,0.454,0.177,3405.63368,0.45,0,1.0,0.965,0,0,0,1,0.0,0,0.738,0.438,1,0.738,0.29,0.053,0.291,0.15,0.0,3405.63368,0.708,1.247,1,1,0.0,0,15641,0.509,4.68,0,0.15,0.29,0.053,0.06,0.738,1.0,1,0.965,592.0,14564.3
99295,XAUGBPm_20260824120005_2,XAUGBPm,PULLBACK,BUY,-1,2026.08.24 12:00:05,2026.08.24 12:32:57,32,3414.713,3407.272,-7441.0,-5073.72,0.506,0.183,SL_HIT,3405.63368,3411.67245,3399.5949,0,0.454,0.177,3405.63368,0.45,0,1.0,0.965,0,0,0,1,0.0,0,0.738,0.44,1,0.738,0.29,0.053,0.304,0.15,0.0,3405.63368,0.708,1.267,1,1,0.0,0,15641,0.497,5.89,0,0.15,0.29,0.053,0.06,0.738,1.0,1,0.965,592.0,14564.3
99301,XAUGBPm_20260824120205_1,XAUGBPm,BREAKOUT_RETEST,BUY,-1,2026.08.24 12:02:05,2026.08.24 12:32:57,30,3411.444,3407.037,-4407.0,-3096.33,0.286,0.407,SL_HIT,3405.63368,3411.67245,3399.5949,1,0.454,0.177,3405.63368,0.45,0,1.0,0.965,0,0,0,1,0.0,0,0.738,0.431,1,0.738,0.29,0.053,0.255,0.15,0.0,3405.63368,0.708,1.192,1,1,0.0,0,15641,0.616,1.53,0,0.15,0.29,0.053,0.06,0.738,1.0,1,0.965,592.0,14564.3
99054,XAUGBPm_20260821160001_2,XAUGBPm,PULLBACK,BUY,-1,2026.08.21 16:00:01,2026.08.24 13:05:38,4145,3382.729,3424.649,41920.0,28324.77,1.246,2.996,TP_HIT,3363.96332,3372.4069,3355.51975,0,1.333,0.011,3363.96332,0.45,0,1.0,1.0,0,0,0,1,0.0,0,0.699,0.475,1,0.699,0.3,0.168,0.323,0.15,0.0,3363.96332,0.757,1.295,1,1,0.0,0,15622,0.509,2.0,0,0.15,0.3,0.198,0.351,0.607,1.0,0,1.0,432.0,14845.1
99082,XAUGBPm_20260821180057_2,XAUGBPm,PULLBACK,BUY,-1,2026.08.21 18:00:57,2026.08.24 13:34:32,4053,3386.334,3429.082,42748.0,28884.91,1.475,2.995,TP_HIT,3383.2762,3389.8254,3367.371,1,0.016,0.379,3364.5642,0.6,0,1.0,1.0,0,0,0,1,0.0,0,0.564,0.454,1,0.564,0.3,0.137,0.057,0.0,0.0,3364.5642,0.735,0.985,1,1,0.0,0,15624,0.653,2.0,0,0.15,0.3,0.198,0.351,0.607,1.0,0,1.0,432.0,14845.1
99318,XAUGBPm_20260824150000_0,XAUGBPm,BREAKOUT,BUY,0,2026.08.24 15:00:00,2026.08.24 15:00:07,0,3425.773,3424.826,-947.0,-645.65,0.066,0.0,SL_HIT,3420.45563,3426.35805,3413.24155,1,0.266,0.3,3420.45563,0.5,0,0.8,0.825,0,0,0,1,0.0,0,0.505,0.354,1,0.505,0.247,0.31,0.609,0.55,-0.1887,3420.45563,0.752,1.034,1,1,0.0,0,15644,0.328,1.67,0,0.25,0.247,0.205,0.148,0.731,0.8,1,0.825,432.0,13904.7
99321,XAUGBPm_20260824150001_1,XAUGBPm,BREAKOUT_RETEST,BUY,0,2026.08.24 15:00:01,2026.08.24 15:00:07,0,3425.748,3424.826,-922.0,-628.61,0.065,0.0,SL_HIT,3420.45563,3426.35805,3413.24155,1,0.266,0.3,3420.45563,0.5,0,0.8,0.825,0,0,0,1,0.0,0,0.731,0.456,1,0.731,0.247,0.205,0.189,0.25,0.0,3420.45563,0.752,1.034,1,1,0.0,0,15644,0.531,1.54,0,0.25,0.247,0.205,0.148,0.731,0.8,1,0.825,432.0,13904.7
99324,XAUGBPm_20260824150002_2,XAUGBPm,PULLBACK,BUY,0,2026.08.24 15:00:02,2026.08.24 15:00:07,0,3425.636,3424.826,-810.0,-552.25,0.057,0.0,SL_HIT,3420.45563,3426.35805,3413.24155,1,0.266,0.3,3420.45563,0.5,0,0.8,0.825,0,0,0,1,0.0,0,0.731,0.456,1,0.731,0.247,0.205,0.189,0.25,0.0,3420.45563,0.752,1.034,1,1,0.0,0,15644,0.578,2.0,0,0.25,0.247,0.205,0.148,0.731,0.8,1,0.825,432.0,13904.7
99327,XAUGBPm_20260824150004_3,XAUGBPm,TREND_CONTINUATION,BUY,0,2026.08.24 15:00:04,2026.08.24 15:00:20,0,3425.762,3424.749,-1013.0,-690.65,0.08,0.0,SL_HIT,3420.45563,3426.35805,3413.24155,1,0.266,0.3,3420.45563,0.5,0,0.8,0.825,0,0,0,1,0.0,0,0.731,0.456,1,0.731,0.247,0.205,0.189,0.25,0.0,3420.45563,0.752,1.034,1,1,0.0,0,15644,0.503,2.08,0,0.25,0.247,0.205,0.148,0.731,0.8,1,0.825,432.0,13904.7
99319,XAUGBPm_20260824150000_0,XAUGBPm,BREAKOUT,BUY,1,2026.08.24 15:00:00,2026.08.24 15:00:38,0,3425.773,3423.969,-1804.0,-1314.43,0.122,0.0,SL_HIT,3420.45563,3426.35805,3413.24155,1,0.266,0.3,3420.45563,0.5,0,0.8,0.825,0,0,0,1,0.0,0,0.505,0.354,1,0.505,0.247,0.31,0.609,0.55,-0.1887,3420.45563,0.752,1.034,1,1,0.0,0,15644,0.328,1.67,0,0.25,0.247,0.205,0.148,0.731,0.8,1,0.825,432.0,13904.7
99322,XAUGBPm_20260824150001_1,XAUGBPm,BREAKOUT_RETEST,BUY,1,2026.08.24 15:00:01,2026.08.24 15:00:38,0,3425.748,3423.969,-1779.0,-1212.85,0.12,0.0,SL_HIT,3420.45563,3426.35805,3413.24155,1,0.266,0.3,3420.45563,0.5,0,0.8,0.825,0,0,0,1,0.0,0,0.731,0.456,1,0.731,0.247,0.205,0.189,0.25,0.0,3420.45563,0.752,1.034,1,1,0.0,0,15644,0.531,1.54,0,0.25,0.247,0.205,0.148,0.731,0.8,1,0.825,432.0,13904.7
99325,XAUGBPm_20260824150002_2,XAUGBPm,PULLBACK,BUY,1,2026.08.24 15:00:02,2026.08.24 15:00:38,0,3425.636,3423.969,-1667.0,-1136.49,0.112,0.0,SL_HIT,3420.45563,3426.35805,3413.24155,1,0.266,0.3,3420.45563,0.5,0,0.8,0.825,0,0,0,1,0.0,0,0.731,0.456,1,0.731,0.247,0.205,0.189,0.25,0.0,3420.45563,0.752,1.034,1,1,0.0,0,15644,0.578,2.0,0,0.25,0.247,0.205,0.148,0.731,0.8,1,0.825,432.0,13904.7
99328,XAUGBPm_20260824150004_3,XAUGBPm,TREND_CONTINUATION,BUY,1,2026.08.24 15:00:04,2026.08.24 15:00:38,0,3425.762,3423.969,-1793.0,-1142.63,0.121,0.0,SL_HIT,3420.45563,3426.35805,3413.24155,1,0.266,0.3,3420.45563,0.5,0,0.8,0.825,0,0,0,1,0.0,0,0.731,0.456,1,0.731,0.247,0.205,0.189,0.25,0.0,3420.45563,0.752,1.034,1,1,0.0,0,15644,0.503,2.08,0,0.25,0.247,0.205,0.148,0.731,0.8,1,0.825,432.0,13904.7
99320,XAUGBPm_20260824150001_1,XAUGBPm,BREAKOUT_RETEST,BUY,-1,2026.08.24 15:00:01,2026.08.24 15:40:04,40,3425.748,3420.713,-5035.0,-3433.22,0.353,0.262,SL_HIT,3420.45563,3426.35805,3413.24155,1,0.266,0.3,3420.45563,0.5,0,0.8,0.825,0,0,0,1,0.0,0,0.731,0.456,1,0.731,0.247,0.205,0.189,0.25,0.0,3420.45563,0.752,1.034,1,1,0.0,0,15644,0.531,1.54,0,0.25,0.247,0.205,0.107,0.731,0.8,1,0.825,490.0,13904.7
99326,XAUGBPm_20260824150004_3,XAUGBPm,TREND_CONTINUATION,BUY,-1,2026.08.24 15:00:04,2026.08.24 15:49:06,49,3425.762,3409.047,-16715.0,-11394.87,1.183,0.261,SL_HIT,3420.45563,3426.35805,3413.24155,1,0.266,0.3,3420.45563,0.5,0,0.8,0.825,0,0,0,1,0.0,0,0.731,0.456,1,0.731,0.247,0.205,0.189,0.25,0.0,3420.45563,0.752,1.034,1,1,0.0,0,15644,0.503,2.08,0,0.25,0.247,0.205,0.311,0.731,0.8,0,0.825,489.0,13904.7
99340,XAUGBPm_20260824154905_4,XAUGBPm,SWEEP_REVERSAL,BUY,0,2026.08.24 15:49:06,2026.08.24 15:49:09,0,3409.359,3409.291,-68.0,-46.36,0.055,0.035,SL_HIT,3420.45563,3426.35805,3413.24155,0,0.266,0.3,3420.45563,0.5,0,0.8,0.825,0,0,0,1,0.0,0,0.731,0.477,1,0.731,0.247,0.205,0.311,0.25,0.0,3420.45563,0.752,1.217,1,1,0.0,0,15644,0.245,0.8,0,0.25,0.247,0.205,0.311,0.731,0.8,0,0.825,431.0,13904.7
99341,XAUGBPm_20260824154905_4,XAUGBPm,SWEEP_REVERSAL,BUY,1,2026.08.24 15:49:06,2026.08.24 15:49:15,0,3409.359,3408.84,-519.0,-256.33,0.055,0.054,SL_HIT,3420.45563,3426.35805,3413.24155,0,0.266,0.3,3420.45563,0.5,0,0.8,0.825,0,0,0,1,0.0,0,0.731,0.477,1,0.731,0.247,0.205,0.311,0.25,0.0,3420.45563,0.752,1.217,1,1,0.0,0,15644,0.245,0.8,0,0.25,0.247,0.205,0.311,0.731,0.8,0,0.825,489.0,13904.7
99317,XAUGBPm_20260824150000_0,XAUGBPm,BREAKOUT,BUY,-1,2026.08.24 15:00:00,2026.08.24 15:58:00,58,3425.894,3404.9,-20994.0,-14224.74,1.498,0.251,SL_HIT,3420.45563,3426.35805,3413.24155,1,0.266,0.3,3420.45563,0.5,0,0.8,0.825,0,0,0,1,0.0,0,0.505,0.354,1,0.505,0.247,0.31,0.609,0.55,-0.1887,3420.45563,0.752,1.034,1,1,0.0,0,15644,0.328,1.67,0,0.25,0.247,0.205,0.346,0.731,0.8,0,0.825,489.0,13904.7
99323,XAUGBPm_20260824150002_2,XAUGBPm,PULLBACK,BUY,-1,2026.08.24 15:00:02,2026.08.24 15:58:07,58,3425.636,3404.672,-20964.0,-14286.65,1.499,0.27,SL_HIT,3420.45563,3426.35805,3413.24155,1,0.266,0.3,3420.45563,0.5,0,0.8,0.825,0,0,0,1,0.0,0,0.731,0.456,1,0.731,0.247,0.205,0.189,0.25,0.0,3420.45563,0.752,1.034,1,1,0.0,0,15644,0.578,2.0,0,0.25,0.247,0.205,0.346,0.731,0.8,0,0.825,431.0,13904.7
99347,XAUGBPm_20260824172032_3,XAUGBPm,TREND_CONTINUATION,BUY,0,2026.08.24 17:20:32,2026.08.24 17:20:54,0,3404.293,3403.77,-523.0,-356.48,0.031,0.013,SL_HIT,3425.72883,3427.6849,3415.94845,0,1.004,0.034,3420.51263,0.45,0,1.0,0.825,2,0,0,1,0.0,0,0.598,0.357,1,0.598,0.247,0.14,0.446,0.4,0.0,3420.51263,0.744,1.329,1,2,0.0,0,15646,0.544,1.0,0,0.4,0.247,0.14,0.446,0.598,1.0,0,0.825,489.0,13818.7
99348,XAUGBPm_20260824172032_3,XAUGBPm,TREND_CONTINUATION,BUY,1,2026.08.24 17:20:32,2026.08.24 17:20:59,0,3404.293,3402.873,-1420.0,-967.84,0.052,0.013,SL_HIT,3425.72883,3427.6849,3415.94845,0,1.004,0.034,3420.51263,0.45,0,1.0,0.825,2,0,0,1,0.0,0,0.598,0.357,1,0.598,0.247,0.14,0.446,0.4,0.0,3420.51263,0.744,1.329,1,2,0.0,0,15646,0.544,1.0,0,0.4,0.247,0.14,0.446,0.598,1.0,0,0.825,489.0,13818.7
99283,XAUGBPm_20260824100606_7,XAUGBPm,ANCHORED_PULLBACK,BUY,-1,2026.08.24 10:06:06,2026.08.24 17:20:59,434,3409.593,3401.988,-7605.0,-5183.34,0.535,1.492,SL_HIT,3406.2546,3408.7276,3400.814,0,0.075,0.353,3406.2546,0.4,0,0.75,0.72,0,0,0,1,0.0,0,0.715,0.494,1,0.715,0.216,0.237,0.304,0.25,0.0,3400.814,0.6,1.207,1,1,0.363,0,15639,0.482,3.63,0,0.4,0.247,0.14,0.446,0.598,1.0,0,0.825,592.0,13818.7
99298,XAUGBPm_20260824120008_3,XAUGBPm,TREND_CONTINUATION,BUY,-1,2026.08.24 12:00:08,2026.08.24 17:22:05,321,3414.659,3397.123,-17536.0,-11951.05,1.198,1.073,SL_HIT,3405.63368,3411.67245,3399.5949,0,0.454,0.177,3405.63368,0.45,0,1.0,0.965,0,0,0,1,0.0,0,0.738,0.44,1,0.738,0.29,0.053,0.304,0.15,0.0,3405.63368,0.708,1.267,1,1,0.0,0,15641,0.583,2.08,0,0.4,0.247,0.14,0.446,0.598,1.0,0,0.825,430.0,13818.7
99354,XAUGBPm_20260824173815_5,XAUGBPm,MEAN_REVERSION,BUY,0,2026.08.24 17:38:15,2026.08.24 17:45:37,7,3406.2,3403.482,-2718.0,-1852.0,0.192,0.0,SL_HIT,3425.72883,3427.6849,3415.94845,0,1.004,0.034,3420.51263,0.45,0,1.0,0.825,2,0,0,1,0.0,0,0.598,0.354,1,0.598,0.247,0.14,0.429,0.4,0.0,3420.51263,0.744,1.304,1,2,0.0,0,15646,0.571,1.33,0,0.4,0.247,0.14,0.446,0.598,1.0,0,0.825,431.0,13818.7
99355,XAUGBPm_20260824173815_5,XAUGBPm,MEAN_REVERSION,BUY,1,2026.08.24 17:38:15,2026.08.24 17:45:44,7,3406.2,3402.721,-3479.0,-2370.54,0.245,0.0,SL_HIT,3425.72883,3427.6849,3415.94845,0,1.004,0.034,3420.51263,0.45,0,1.0,0.825,2,0,0,1,0.0,0,0.598,0.354,1,0.598,0.247,0.14,0.429,0.4,0.0,3420.51263,0.744,1.304,1,2,0.0,0,15646,0.571,1.33,0,0.4,0.247,0.14,0.446,0.598,1.0,0,0.825,431.0,13818.7
99359,XAUGBPm_20260824174905_4,XAUGBPm,SWEEP_REVERSAL,BUY,0,2026.08.24 17:49:05,2026.08.24 17:49:10,0,3402.056,3401.331,-725.0,-493.95,0.045,0.0,SL_HIT,3425.72883,3427.6849,3415.94845,0,1.004,0.034,3420.51263,0.45,0,1.0,0.825,2,0,0,1,0.0,0,0.598,0.357,1,0.598,0.247,0.14,0.446,0.4,0.0,3420.51263,0.744,1.329,1,2,0.0,0,15646,0.244,1.36,0,0.4,0.247,0.14,0.446,0.598,1.0,0,0.825,430.0,13818.7
99360,XAUGBPm_20260824174905_4,XAUGBPm,SWEEP_REVERSAL,BUY,1,2026.08.24 17:49:05,2026.08.24 17:49:36,0,3402.056,3401.127,-929.0,-633.0,0.069,0.029,SL_HIT,3425.72883,3427.6849,3415.94845,0,1.004,0.034,3420.51263,0.45,0,1.0,0.825,2,0,0,1,0.0,0,0.598,0.357,1,0.598,0.247,0.14,0.446,0.4,0.0,3420.51263,0.744,1.329,1,2,0.0,0,15646,0.244,1.36,0,0.4,0.247,0.14,0.446,0.598,1.0,0,0.825,430.0,13818.7
99339,XAUGBPm_20260824154905_4,XAUGBPm,SWEEP_REVERSAL,BUY,-1,2026.08.24 15:49:05,2026.08.24 18:08:58,139,3409.795,3395.763,-14032.0,-9262.95,0.985,0.667,SL_HIT,3420.45563,3426.35805,3413.24155,0,0.266,0.3,3420.45563,0.5,0,0.8,0.825,0,0,0,1,0.0,0,0.731,0.477,1,0.731,0.247,0.205,0.311,0.25,0.0,3420.45563,0.752,1.217,1,1,0.0,0,15644,0.245,0.8,0,0.15,0.3,0.152,0.33,0.664,1.0,0,1.0,489.0,14167.9
99353,XAUGBPm_20260824173815_5,XAUGBPm,MEAN_REVERSION,BUY,-1,2026.08.24 17:38:15,2026.08.24 18:08:58,30,3406.2,3395.06,-11140.0,-7589.68,0.731,0.0,SL_HIT,3425.72883,3427.6849,3415.94845,0,1.004,0.034,3420.51263,0.45,0,1.0,0.825,2,0,0,1,0.0,0,0.598,0.354,1,0.598,0.247,0.14,0.429,0.4,0.0,3420.51263,0.744,1.304,1,2,0.0,0,15646,0.571,1.33,0,0.15,0.3,0.152,0.33,0.664,1.0,0,1.0,489.0,14167.9
99365,XAUGBPm_20260824180858_2,XAUGBPm,PULLBACK,BUY,0,2026.08.24 18:08:58,2026.08.24 18:09:04,0,3395.986,3395.961,25.0,185.3,0.075,0.043,TRAIL_STOP,3417.52113,3428.12815,3408.54595,0,0.984,0.168,3417.52113,0.6,0,1.0,1.0,0,0,0,1,0.0,0,0.664,0.48,1,0.664,0.3,0.152,0.33,0.15,0.0,3417.52113,0.716,1.305,1,2,0.0,0,15647,0.51,1.01,0,0.15,0.3,0.152,0.33,0.664,1.0,0,1.0,430.0,14167.9
99367,XAUGBPm_20260824180858_2,XAUGBPm,PULLBACK,BUY,1,2026.08.24 18:08:58,2026.08.24 18:09:04,0,3395.689,3395.213,-476.0,-228.92,0.046,0.064,SL_HIT,3417.52113,3428.12815,3408.54595,0,0.984,0.168,3417.52113,0.6,0,1.0,1.0,0,0,0,1,0.0,0,0.664,0.48,1,0.664,0.3,0.152,0.33,0.15,0.0,3417.52113,0.716,1.305,1,2,0.0,0,15647,0.51,1.01,0,0.15,0.3,0.152,0.33,0.664,1.0,0,1.0,489.0,14167.9
99214,XAUGBPm_20260824060257_7,XAUGBPm,ANCHORED_PULLBACK,BUY,-1,2026.08.24 06:02:57,2026.08.24 18:38:32,755,3404.717,3393.504,-11213.0,-7642.22,0.803,1.85,SL_HIT,3399.5976,3404.2308,3394.9644,0,0.052,0.573,3399.5976,0.45,0,0.55,0.755,0,0,0,1,0.0,0,0.793,0.455,1,0.793,0.226,0.0,0.237,0.0,0.0,3399.5976,0.735,1.255,1,1,0.375,0,15635,0.303,2.44,0,0.15,0.3,0.152,0.33,0.664,1.0,0,1.0,430.0,14167.9
99372,XAUGBPm_20260824190000_1,XAUGBPm,BREAKOUT_RETEST,BUY,0,2026.08.24 19:00:00,2026.08.24 19:00:22,0,3401.52,3401.468,-52.0,-118.59,0.019,0.034,SL_HIT,3401.44383,3416.76805,3396.9367,1,0.024,0.349,3401.44383,0.55,0,1.0,0.825,0,0,0,0,0.0,3,1.0,0.516,2,0.285,0.648,0.28,0.22,0.55,0.0172,3416.76805,0.6,1.5,1,2,0.0,0,15648,0.749,2.79,0,0.25,0.247,0.175,0.1,0.585,1.0,1,0.825,430.0,14505.0
99375,XAUGBPm_20260824190000_0,XAUGBPm,BREAKOUT,BUY,0,2026.08.24 19:00:01,2026.08.24 19:00:22,0,3401.968,3401.468,-500.0,-432.78,0.04,0.003,SL_HIT,3401.44383,3416.76805,3396.9367,1,0.024,0.349,3401.44383,0.55,0,1.0,0.825,0,0,0,0,0.0,0,0.585,0.387,1,0.585,0.247,0.175,0.1,0.25,0.0,3396.9367,0.6,0.9,1,2,0.0,0,15648,0.397,6.18,0,0.25,0.247,0.175,0.1,0.585,1.0,1,0.825,430.0,14505.0
99373,XAUGBPm_20260824190000_1,XAUGBPm,BREAKOUT_RETEST,BUY,1,2026.08.24 19:00:00,2026.08.24 19:03:37,3,3401.642,3403.148,1506.0,1026.25,0.02,0.205,TRAIL_STOP,3401.44383,3416.76805,3396.9367,1,0.024,0.349,3401.44383,0.55,0,1.0,0.825,0,0,0,0,0.0,3,1.0,0.516,2,0.285,0.648,0.28,0.22,0.55,0.0172,3416.76805,0.6,1.5,1,2,0.0,0,15648,0.749,2.79,0,0.25,0.247,0.175,0.149,0.585,1.0,1,0.825,430.0,14505.0
99376,XAUGBPm_20260824190000_0,XAUGBPm,BREAKOUT,BUY,1,2026.08.24 19:00:01,2026.08.24 19:03:37,3,3402.103,3403.148,1045.0,712.1,0.051,0.173,TRAIL_STOP,3401.44383,3416.76805,3396.9367,1,0.024,0.349,3401.44383,0.55,0,1.0,0.825,0,0,0,0,0.0,0,0.585,0.387,1,0.585,0.247,0.175,0.1,0.25,0.0,3396.9367,0.6,0.9,1,2,0.0,0,15648,0.397,6.18,0,0.25,0.247,0.175,0.149,0.585,1.0,1,0.825,430.0,14505.0
99382,XAUGBPm_20260824190430_7,XAUGBPm,ANCHORED_PULLBACK,BUY,0,2026.08.24 19:04:30,2026.08.24 19:06:25,1,3403.919,3403.721,-198.0,-134.94,0.047,0.029,SL_HIT,3401.44383,3416.76805,3396.9367,1,0.024,0.349,3401.44383,0.55,0,1.0,0.825,0,0,0,0,0.0,0,0.585,0.396,1,0.585,0.247,0.175,0.149,0.25,0.0,3396.9367,0.6,0.973,1,2,0.0,0,15648,0.43,1.56,0,0.25,0.247,0.175,0.149,0.585,1.0,1,0.825,431.0,14505.0
99383,XAUGBPm_20260824190430_7,XAUGBPm,ANCHORED_PULLBACK,BUY,1,2026.08.24 19:04:30,2026.08.24 19:07:30,3,3403.919,3403.019,-900.0,-613.31,0.053,0.029,SL_HIT,3401.44383,3416.76805,3396.9367,1,0.024,0.349,3401.44383,0.55,0,1.0,0.825,0,0,0,0,0.0,0,0.585,0.396,1,0.585,0.247,0.175,0.149,0.25,0.0,3396.9367,0.6,0.973,1,2,0.0,0,15648,0.43,1.56,0,0.25,0.247,0.175,0.149,0.585,1.0,1,0.825,431.0,14505.0
99387,XAUGBPm_20260824192034_3,XAUGBPm,TREND_CONTINUATION,BUY,0,2026.08.24 19:20:34,2026.08.24 19:21:14,0,3406.764,3407.369,605.0,412.25,0.032,0.079,TRAIL_STOP,3401.44383,3416.76805,3396.9367,1,0.024,0.349,3401.44383,0.55,0,1.0,0.825,0,0,0,0,0.0,0,0.585,0.408,1,0.585,0.247,0.175,0.221,0.25,0.0,3401.44383,0.723,1.082,1,2,0.0,0,15648,0.559,2.08,0,0.25,0.247,0.175,0.221,0.585,1.0,1,0.825,431.0,14505.0
99388,XAUGBPm_20260824192034_3,XAUGBPm,TREND_CONTINUATION,BUY,1,2026.08.24 19:20:35,2026.08.24 19:24:10,3,3406.764,3406.888,124.0,84.49,0.032,0.104,TRAIL_STOP,3401.44383,3416.76805,3396.9367,1,0.024,0.349,3401.44383,0.55,0,1.0,0.825,0,0,0,0,0.0,0,0.585,0.408,1,0.585,0.247,0.175,0.221,0.25,0.0,3401.44383,0.723,1.082,1,2,0.0,0,15648,0.559,2.08,0,0.25,0.247,0.175,0.221,0.585,1.0,1,0.825,431.0,14505.0
99381,XAUGBPm_20260824190430_7,XAUGBPm,ANCHORED_PULLBACK,BUY,-1,2026.08.24 19:04:30,2026.08.24 22:07:24,182,3403.803,3416.787,12984.0,8770.89,0.151,0.886,TP_HIT,3401.44383,3416.76805,3396.9367,1,0.024,0.349,3401.44383,0.55,0,1.0,0.825,0,0,0,0,0.0,0,0.585,0.396,1,0.585,0.247,0.175,0.149,0.25,0.0,3396.9367,0.6,0.973,1,2,0.0,0,15648,0.43,1.56,0,0.4,0.164,0.239,0.425,0.772,0.5,0,-0.545,431.0,14083.1
99371,XAUGBPm_20260824190000_1,XAUGBPm,BREAKOUT_RETEST,BUY,-1,2026.08.24 19:00:00,2026.08.24 22:07:40,187,3401.532,3417.203,15671.0,10689.61,0.012,1.07,TP_HIT,3401.44383,3416.76805,3396.9367,1,0.024,0.349,3401.44383,0.55,0,1.0,0.825,0,0,0,0,0.0,3,1.0,0.516,2,0.285,0.648,0.28,0.22,0.55,0.0172,3416.76805,0.6,1.5,1,2,0.0,0,15648,0.749,2.79,0,0.4,0.164,0.239,0.425,0.772,0.5,0,-0.545,431.0,14083.1
99364,XAUGBPm_20260824180858_2,XAUGBPm,PULLBACK,BUY,-1,2026.08.24 18:08:58,2026.08.24 22:08:25,239,3396.594,3418.109,21515.0,15079.15,0.23,1.509,TP_HIT,3417.52113,3428.12815,3408.54595,0,0.984,0.168,3417.52113,0.6,0,1.0,1.0,0,0,0,1,0.0,0,0.664,0.48,1,0.664,0.3,0.152,0.33,0.15,0.0,3417.52113,0.716,1.305,1,2,0.0,0,15647,0.51,1.01,0,0.4,0.164,0.239,0.425,0.772,0.5,0,-0.545,431.0,14083.1
99346,XAUGBPm_20260824172032_3,XAUGBPm,TREND_CONTINUATION,BUY,-1,2026.08.24 17:20:32,2026.08.24 22:51:23,330,3404.293,3420.981,16688.0,11375.79,0.793,1.196,TP_HIT,3425.72883,3427.6849,3415.94845,0,1.004,0.034,3420.51263,0.45,0,1.0,0.825,2,0,0,1,0.0,0,0.598,0.357,1,0.598,0.247,0.14,0.446,0.4,0.0,3420.51263,0.744,1.329,1,2,0.0,0,15646,0.544,1.0,0,0.4,0.164,0.239,0.425,0.772,0.5,0,-0.545,490.0,14083.1
99358,XAUGBPm_20260824174905_4,XAUGBPm,SWEEP_REVERSAL,BUY,-1,2026.08.24 17:49:05,2026.08.24 22:51:23,302,3402.179,3420.981,18802.0,12900.7,0.64,1.349,TP_HIT,3425.72883,3427.6849,3415.94845,0,1.004,0.034,3420.51263,0.45,0,1.0,0.825,2,0,0,1,0.0,0,0.598,0.357,1,0.598,0.247,0.14,0.446,0.4,0.0,3420.51263,0.744,1.329,1,2,0.0,0,15646,0.244,1.36,0,0.4,0.164,0.239,0.425,0.772,0.5,0,-0.545,490.0,14083.1
99397,XAUGBPm_20260824230558_7,XAUGBPm,ANCHORED_PULLBACK,BUY,0,2026.08.24 23:05:58,2026.08.24 23:06:41,0,3424.403,3423.437,-966.0,-658.58,0.064,0.0,SL_HIT,3400.2259,3413.2496,3394.8632,0,0.804,0.028,3400.2259,0.6,0,0.825,-0.58,0,0,0,0,0.0,0,0.669,0.402,1,0.669,0.174,0.14,0.43,0.4,0.0,3412.4835,0.55,1.306,1,1,0.0,0,15651,0.348,1.23,0,0.4,0.174,0.14,0.43,0.669,0.825,0,-0.58,432.0,13833.6
99398,XAUGBPm_20260824230558_7,XAUGBPm,ANCHORED_PULLBACK,BUY,1,2026.08.24 23:05:58,2026.08.24 23:07:43,1,3424.403,3422.742,-1661.0,-1132.4,0.118,0.0,SL_HIT,3400.2259,3413.2496,3394.8632,0,0.804,0.028,3400.2259,0.6,0,0.825,-0.58,0,0,0,0,0.0,0,0.669,0.402,1,0.669,0.174,0.14,0.43,0.4,0.0,3412.4835,0.55,1.306,1,1,0.0,0,15651,0.348,1.23,0,0.4,0.174,0.14,0.43,0.669,0.825,0,-0.58,432.0,13833.6
99158,XAUGBPm_20260824020000_0,XAUGBPm,BREAKOUT,BUY,-1,2026.08.24 02:00:00,2026.08.24 23:50:15,1310,3394.176,3431.605,37429.0,25516.29,0.223,2.496,TP_HIT,3383.00778,3390.57925,3375.4363,0,0.493,0.295,3383.00778,0.45,0,1.0,0.825,0,0,0,1,0.0,2,0.963,0.627,2,0.751,0.947,0.231,0.302,0.15,0.1126,3383.00778,0.734,1.714,1,2,0.408,0,15631,0.657,4.21,0,0.4,0.174,0.14,0.43,0.669,0.825,0,-0.58,432.0,13833.6
99164,XAUGBPm_20260824020001_3,XAUGBPm,TREND_CONTINUATION,BUY,-1,2026.08.24 02:00:01,2026.08.24 23:50:15,1310,3394.341,3431.743,37402.0,25497.88,0.234,2.493,TP_HIT,3383.00778,3390.57925,3375.4363,0,0.493,0.295,3383.00778,0.45,0,1.0,0.825,0,0,0,1,0.0,0,0.751,0.522,2,0.751,0.247,0.231,0.302,0.15,0.0,3383.00778,0.734,1.264,1,2,0.408,0,15631,0.593,2.08,0,0.4,0.174,0.14,0.43,0.669,0.825,0,-0.58,432.0,13833.6
99211,XAUGBPm_20260824060007_3,XAUGBPm,TREND_CONTINUATION,BUY,-1,2026.08.24 06:00:07,2026.08.25 00:00:26,1080,3400.69,3435.335,34645.0,23165.7,0.532,2.496,TP_HIT,3399.5976,3404.2308,3394.9644,1,0.052,0.573,3399.5976,0.45,0,0.55,0.755,0,0,0,1,0.0,0,0.793,0.417,1,0.793,0.226,0.0,0.019,0.0,0.0,3394.9644,0.6,0.929,1,1,0.375,0,15635,0.397,2.08,0,0.4,0.185,0.14,0.442,0.677,0.9,0,-0.615,491.0,13813.2
99396,XAUGBPm_20260824230558_7,XAUGBPm,ANCHORED_PULLBACK,BUY,-1,2026.08.24 23:05:58,2026.08.25 00:00:28,54,3424.403,3436.015,11612.0,7646.16,0.12,0.828,TP_HIT,3400.2259,3413.2496,3394.8632,0,0.804,0.028,3400.2259,0.6,0,0.825,-0.58,0,0,0,0,0.0,0,0.669,0.402,1,0.669,0.174,0.14,0.43,0.4,0.0,3412.4835,0.55,1.306,1,1,0.0,0,15651,0.348,1.23,0,0.4,0.185,0.14,0.442,0.677,0.9,0,-0.615,491.0,13813.2
99202,XAUGBPm_20260824060000_0,XAUGBPm,BREAKOUT,BUY,-1,2026.08.24 06:00:00,2026.08.25 00:00:28,1080,3401.938,3436.594,34656.0,23359.69,0.623,2.497,TP_HIT,3399.5976,3404.2308,3394.9644,1,0.052,0.573,3399.5976,0.45,0,0.55,0.755,0,0,0,1,0.0,0,0.793,0.435,1,0.793,0.226,0.0,0.121,0.0,0.0,3394.9644,0.6,1.082,1,1,0.375,0,15635,0.274,1.67,0,0.4,0.185,0.14,0.442,0.677,0.9,0,-0.615,491.0,13813.2
99374,XAUGBPm_20260824190000_0,XAUGBPm,BREAKOUT,BUY,-1,2026.08.24 19:00:01,2026.08.25 00:14:46,314,3401.968,3438.307,36339.0,24509.68,0.042,2.497,TP_HIT,3401.44383,3416.76805,3396.9367,1,0.024,0.349,3401.44383,0.55,0,1.0,0.825,0,0,0,0,0.0,0,0.585,0.387,1,0.585,0.247,0.175,0.1,0.25,0.0,3396.9367,0.6,0.9,1,2,0.0,0,15648,0.397,6.18,0,0.4,0.185,0.14,0.442,0.677,0.9,0,-0.615,433.0,13813.2
99161,XAUGBPm_20260824020000_2,XAUGBPm,PULLBACK,BUY,-1,2026.08.24 02:00:00,2026.08.25 00:14:51,1334,3394.177,3439.127,44950.0,30381.82,0.223,3.0,TP_HIT,3383.00778,3390.57925,3375.4363,0,0.493,0.295,3383.00778,0.45,0,1.0,0.825,0,0,0,1,0.0,0,0.751,0.522,2,0.751,0.247,0.231,0.302,0.15,0.0,3383.00778,0.734,1.264,1,2,0.408,0,15631,0.505,5.08,0,0.4,0.185,0.14,0.442,0.677,0.9,0,-0.615,433.0,13813.2
99188,XAUGBPm_20260824040007_3,XAUGBPm,TREND_CONTINUATION,BUY,-1,2026.08.24 04:00:07,2026.08.25 00:14:51,1214,3401.71,3439.127,37417.0,25244.65,0.561,2.498,TP_HIT,3382.62738,3404.52345,3379.1701,1,0.318,1.707,3387.23708,0.55,0,0.667,0.6794,0,0,0,1,0.0,0,0.541,0.47,1,0.541,0.204,0.149,0.078,0.0,0.0,3396.45647,0.55,1.017,1,1,0.375,0,15633,0.446,2.08,0,0.4,0.185,0.14,0.442,0.677,0.9,0,-0.615,433.0,13813.2
99239,XAUGBPm_20260824080007_3,XAUGBPm,TREND_CONTINUATION,BUY,-1,2026.08.24 08:00:07,2026.08.25 00:37:09,997,3406.08,3440.606,34526.0,23450.93,0.924,2.495,TP_HIT,3399.65342,3406.8252,3395.7917,1,0.294,0.506,3399.65342,0.5,0,0.65,0.825,0,0,0,1,0.0,0,0.693,0.467,1,0.693,0.247,0.093,0.125,0.0,0.0,3399.65342,0.731,1.088,1,1,0.363,0,15637,0.454,2.08,0,0.4,0.185,0.14,0.442,0.677,0.9,0,-0.615,491.0,13813.2
99208,XAUGBPm_20260824060005_2,XAUGBPm,PULLBACK,BUY,-1,2026.08.24 06:00:05,2026.08.25 00:38:44,1118,3400.671,3442.199,41528.0,28049.21,0.531,2.993,TP_HIT,3399.5976,3404.2308,3394.9644,1,0.052,0.573,3399.5976,0.45,0,0.55,0.755,0,0,0,1,0.0,0,0.793,0.417,1,0.793,0.226,0.0,0.019,0.0,0.0,3394.9644,0.6,0.929,1,1,0.375,0,15635,0.487,2.0,0,0.4,0.185,0.14,0.442,0.677,0.9,0,-0.615,492.0,13813.2
99263,XAUGBPm_20260824100001_0,XAUGBPm,BREAKOUT,BUY,-1,2026.08.24 10:00:01,2026.08.25 00:38:44,878,3407.843,3442.551,34708.0,23398.28,1.046,2.486,TP_HIT,3406.2546,3408.7276,3400.814,1,0.075,0.353,3406.2546,0.4,0,0.75,0.72,0,0,0,1,0.0,0,0.715,0.465,1,0.715,0.216,0.237,0.138,0.25,0.0,3400.814,0.6,0.957,1,1,0.363,0,15639,0.341,1.67,0,0.4,0.185,0.14,0.442,0.677,0.9,0,-0.615,492.0,13813.2
99386,XAUGBPm_20260824192034_3,XAUGBPm,TREND_CONTINUATION,BUY,-1,2026.08.24 19:20:34,2026.08.25 00:42:08,321,3406.764,3443.065,36301.0,24483.95,0.123,2.499,TP_HIT,3401.44383,3416.76805,3396.9367,1,0.024,0.349,3401.44383,0.55,0,1.0,0.825,0,0,0,0,0.0,0,0.585,0.408,1,0.585,0.247,0.175,0.221,0.25,0.0,3401.44383,0.723,1.082,1,2,0.0,0,15648,0.559,2.08,0,0.4,0.185,0.14,0.442,0.677,0.9,0,-0.615,492.0,13813.2
99420,XAUGBPm_20260825010001_2,XAUGBPm,PULLBACK,BUY,0,2026.08.25 01:00:01,2026.08.25 01:00:02,0,3435.406,3434.633,-773.0,-911.14,0.035,0.039,SL_HIT,3433.94545,3443.329,3427.9741,1,0.011,0.489,3437.35765,0.45,0,0.675,0.685,0,0,0,0,0.0,0,0.718,0.417,1,0.718,0.206,0.0,0.034,0.0,0.0,3427.9741,0.6,0.389,1,2,0.0,0,15653,0.519,2.0,0,0.0,0.206,0.0,0.128,0.718,0.675,1,0.685,491.0,14275.4
99415,XAUGBPm_20260825010000_0,XAUGBPm,BREAKOUT,BUY,1,2026.08.25 01:00:00,2026.08.25 01:00:03,0,3434.43,3433.823,-607.0,-499.22,0.034,0.107,SL_HIT,3433.94545,3443.329,3427.9741,1,0.011,0.489,3437.35765,0.45,0,0.675,0.685,0,0,0,0,0.0,0,0.718,0.416,1,0.718,0.206,0.0,0.034,0.0,0.0,3427.9741,0.6,0.377,1,2,0.0,0,15653,0.307,4.83,0,0.0,0.206,0.0,0.034,0.718,0.675,1,0.685,491.0,14275.4
99418,XAUGBPm_20260825010000_1,XAUGBPm,BREAKOUT_RETEST,BUY,1,2026.08.25 01:00:00,2026.08.25 01:00:03,0,3434.961,3433.823,-1138.0,-778.16,0.071,0.07,SL_HIT,3433.94545,3443.329,3427.9741,1,0.011,0.489,3437.35765,0.45,0,0.675,0.685,0,0,0,0,0.0,0,0.718,0.417,1,0.718,0.206,0.0,0.034,0.0,0.0,3427.9741,0.6,0.383,1,2,0.0,0,15653,0.457,3.92,0,0.0,0.206,0.0,0.034,0.718,0.675,1,0.685,491.0,14275.4
99421,XAUGBPm_20260825010001_2,XAUGBPm,PULLBACK,BUY,1,2026.08.25 01:00:01,2026.08.25 01:00:03,0,3435.969,3433.823,-2146.0,-1668.84,0.142,0.0,SL_HIT,3433.94545,3443.329,3427.9741,1,0.011,0.489,3437.35765,0.45,0,0.675,0.685,0,0,0,0,0.0,0,0.718,0.417,1,0.718,0.206,0.0,0.034,0.0,0.0,3427.9741,0.6,0.389,1,2,0.0,0,15653,0.519,2.0,0,0.0,0.206,0.0,0.034,0.718,0.675,1,0.685,491.0,14275.4
99417,XAUGBPm_20260825010000_1,XAUGBPm,BREAKOUT_RETEST,BUY,0,2026.08.25 01:00:00,2026.08.25 01:00:43,0,3434.914,3430.556,-4358.0,-3003.81,0.297,0.073,SL_HIT,3433.94545,3443.329,3427.9741,1,0.011,0.489,3437.35765,0.45,0,0.675,0.685,0,0,0,0,0.0,0,0.718,0.417,1,0.718,0.206,0.0,0.034,0.0,0.0,3427.9741,0.6,0.383,1,2,0.0,0,15653,0.457,3.92,0,0.0,0.206,0.0,0.023,0.718,0.675,1,0.685,491.0,14275.4
99416,XAUGBPm_20260825010000_1,XAUGBPm,BREAKOUT_RETEST,BUY,-1,2026.08.25 01:00:00,2026.08.25 01:00:44,0,3434.694,3430.336,-4358.0,-3121.78,0.29,0.089,SL_HIT,3433.94545,3443.329,3427.9741,1,0.011,0.489,3437.35765,0.45,0,0.675,0.685,0,0,0,0,0.0,0,0.718,0.417,1,0.718,0.206,0.0,0.034,0.0,0.0,3427.9741,0.6,0.383,1,2,0.0,0,15653,0.457,3.92,0,0.0,0.206,0.0,0.023,0.718,0.675,1,0.685,491.0,14275.4
99413,XAUGBPm_20260825010000_0,XAUGBPm,BREAKOUT,BUY,-1,2026.08.25 01:00:00,2026.08.25 01:01:07,1,3434.43,3427.005,-7425.0,-5063.03,0.509,0.107,SL_HIT,3433.94545,3443.329,3427.9741,1,0.011,0.489,3437.35765,0.45,0,0.675,0.685,0,0,0,0,0.0,0,0.718,0.416,1,0.718,0.206,0.0,0.034,0.0,0.0,3427.9741,0.6,0.377,1,2,0.0,0,15653,0.307,4.83,0,0.0,0.206,0.0,0.198,0.718,0.675,0,0.685,491.0,14275.4
99414,XAUGBPm_20260825010000_0,XAUGBPm,BREAKOUT,BUY,0,2026.08.25 01:00:00,2026.08.25 01:01:07,1,3434.43,3427.005,-7425.0,-5063.03,0.509,0.107,SL_HIT,3433.94545,3443.329,3427.9741,1,0.011,0.489,3437.35765,0.45,0,0.675,0.685,0,0,0,0,0.0,0,0.718,0.416,1,0.718,0.206,0.0,0.034,0.0,0.0,3427.9741,0.6,0.377,1,2,0.0,0,15653,0.307,4.83,0,0.0,0.206,0.0,0.198,0.718,0.675,0,0.685,491.0,14275.4
99431,XAUGBPm_20260825014504_5,XAUGBPm,MEAN_REVERSION,BUY,0,2026.08.25 01:45:04,2026.08.25 01:54:28,9,3425.212,3422.31,-2902.0,-2083.97,0.264,0.265,SL_HIT,3433.94545,3443.329,3427.9741,0,0.011,0.489,3437.35765,0.45,0,0.675,0.685,0,0,0,0,0.0,0,0.718,0.413,1,0.718,0.206,0.0,0.192,0.0,0.0,3416.9602,0.65,0.349,1,2,0.0,0,15653,0.649,0.8,0,0.0,0.206,0.0,0.245,0.718,0.675,0,0.685,432.0,14275.4
99432,XAUGBPm_20260825014504_5,XAUGBPm,MEAN_REVERSION,BUY,1,2026.08.25 01:45:04,2026.08.25 02:03:33,18,3425.367,3413.908,-11459.0,-7810.4,0.788,0.254,SL_HIT,3433.94545,3443.329,3427.9741,0,0.011,0.489,3437.35765,0.45,0,0.675,0.685,0,0,0,0,0.0,0,0.718,0.413,1,0.718,0.206,0.0,0.192,0.0,0.0,3416.9602,0.65,0.349,1,2,0.0,0,15653,0.649,0.8,0,0.4,0.164,0.308,0.451,0.783,0.75,0,0.545,431.0,15266.8
99430,XAUGBPm_20260825014504_5,XAUGBPm,MEAN_REVERSION,BUY,-1,2026.08.25 01:45:04,2026.08.25 02:03:34,18,3425.212,3413.789,-11423.0,-7785.75,0.792,0.265,SL_HIT,3433.94545,3443.329,3427.9741,0,0.011,0.489,3437.35765,0.45,0,0.675,0.685,0,0,0,0,0.0,0,0.718,0.413,1,0.718,0.206,0.0,0.192,0.0,0.0,3416.9602,0.65,0.349,1,2,0.0,0,15653,0.649,0.8,0,0.4,0.164,0.308,0.451,0.783,0.75,0,0.545,431.0,15266.8
99419,XAUGBPm_20260825010001_2,XAUGBPm,PULLBACK,BUY,-1,2026.08.25 01:00:01,2026.08.25 02:03:34,63,3434.98,3413.557,-21423.0,-14891.95,1.493,0.069,SL_HIT,3433.94545,3443.329,3427.9741,1,0.011,0.489,3437.35765,0.45,0,0.675,0.685,0,0,0,0,0.0,0,0.718,0.417,1,0.718,0.206,0.0,0.034,0.0,0.0,3427.9741,0.6,0.389,1,2,0.0,0,15653,0.519,2.0,0,0.4,0.164,0.308,0.451,0.783,0.75,0,0.545,431.0,15266.8
99435,XAUGBPm_20260825020232_4,XAUGBPm,SWEEP_REVERSAL,BUY,0,2026.08.25 02:02:32,2026.08.25 02:25:19,22,3416.034,3413.364,-2670.0,-1820.3,0.926,0.012,SL_HIT,3428.88045,3437.2454,3422.0364,0,0.502,0.096,3428.88045,0.5,0,0.75,0.545,0,0,0,0,0.0,0,0.783,0.505,2,0.783,0.164,0.308,0.432,0.4,0.0,3428.88045,0.738,1.307,1,2,0.0,0,15654,0.323,0.87,0,0.4,0.164,0.308,0.451,0.783,0.75,0,0.545,431.0,15266.8
99441,XAUGBPm_20260825020916_3,XAUGBPm,TREND_CONTINUATION,BUY,0,2026.08.25 02:09:16,2026.08.25 02:25:19,16,3405.355,3413.364,8009.0,5547.07,0.227,0.581,TRAIL_STOP,3428.88045,3437.2454,3422.0364,0,0.502,0.096,3428.88045,0.5,0,0.75,0.545,0,0,0,0,0.0,0,0.783,0.508,2,0.783,0.164,0.308,0.451,0.4,0.0,3428.88045,0.738,1.336,1,2,0.0,0,15654,0.472,1.31,0,0.4,0.164,0.308,0.451,0.783,0.75,0,0.545,431.0,15266.8
99436,XAUGBPm_20260825020232_4,XAUGBPm,SWEEP_REVERSAL,BUY,1,2026.08.25 02:02:32,2026.08.25 02:25:35,23,3416.034,3412.578,-3456.0,-2356.18,0.926,0.012,SL_HIT,3428.88045,3437.2454,3422.0364,0,0.502,0.096,3428.88045,0.5,0,0.75,0.545,0,0,0,0,0.0,0,0.783,0.505,2,0.783,0.164,0.308,0.432,0.4,0.0,3428.88045,0.738,1.307,1,2,0.0,0,15654,0.323,0.87,0,0.4,0.164,0.308,0.451,0.783,0.75,0,0.545,431.0,15266.8
99442,XAUGBPm_20260825020916_3,XAUGBPm,TREND_CONTINUATION,BUY,1,2026.08.25 02:09:16,2026.08.25 02:25:35,16,3405.227,3412.578,7351.0,5011.29,0.219,0.59,TRAIL_STOP,3428.88045,3437.2454,3422.0364,0,0.502,0.096,3428.88045,0.5,0,0.75,0.545,0,0,0,0,0.0,0,0.783,0.508,2,0.783,0.164,0.308,0.451,0.4,0.0,3428.88045,0.738,1.336,1,2,0.0,0,15654,0.472,1.31,0,0.4,0.164,0.308,0.451,0.783,0.75,0,0.545,431.0,15266.8
99434,XAUGBPm_20260825020232_4,XAUGBPm,SWEEP_REVERSAL,BUY,-1,2026.08.25 02:02:32,2026.08.25 02:44:39,42,3416.034,3400.718,-15316.0,-10441.84,0.993,0.012,SL_HIT,3428.88045,3437.2454,3422.0364,0,0.502,0.096,3428.88045,0.5,0,0.75,0.545,0,0,0,0,0.0,0,0.783,0.505,2,0.783,0.164,0.308,0.432,0.4,0.0,3428.88045,0.738,1.307,1,2,0.0,0,15654,0.323,0.87,0,0.4,0.164,0.308,0.451,0.783,0.75,0,0.545,489.0,15266.8
99272,XAUGBPm_20260824100007_3,XAUGBPm,TREND_CONTINUATION,BUY,-1,2026.08.24 10:00:07,2026.08.25 02:51:35,1011,3409.133,3392.415,-16718.0,-11667.88,1.193,2.465,SL_HIT,3406.2546,3408.7276,3400.814,1,0.075,0.353,3406.2546,0.4,0,0.75,0.72,0,0,0,1,0.0,0,0.715,0.482,1,0.715,0.216,0.237,0.235,0.25,0.0,3400.814,0.6,1.103,1,1,0.363,0,15639,0.483,2.08,0,0.4,0.164,0.308,0.451,0.783,0.75,0,0.545,488.0,15266.8
99450,XAUGBPm_20260825030000_0,XAUGBPm,BREAKOUT,BUY,0,2026.08.25 03:00:00,2026.08.25 03:15:09,15,3396.445,3398.777,2332.0,1488.54,0.354,0.339,TRAIL_STOP,3430.77423,3443.329,3409.8496,0,1.81,0.252,3430.77423,0.6,0,0.825,0.755,0,0,0,0,0.0,2,1.0,0.545,2,0.543,0.926,0.053,0.299,0.15,1.1335,3430.77423,0.727,1.709,1,2,0.0,0,15655,0.584,1.44,0,0.15,0.226,0.053,0.322,0.613,0.825,0,0.755,430.0,16118.4
99453,XAUGBPm_20260825030001_2,XAUGBPm,PULLBACK,BUY,0,2026.08.25 03:00:01,2026.08.25 03:15:09,15,3396.558,3398.777,2219.0,1598.27,0.361,0.332,TRAIL_STOP,3430.77423,3443.329,3409.8496,0,1.81,0.252,3430.77423,0.6,0,0.825,0.755,0,0,0,0,0.0,0,0.613,0.396,1,0.613,0.226,0.053,0.299,0.15,0.0,3430.77423,0.727,1.259,1,2,0.0,0,15655,0.414,1.43,0,0.15,0.226,0.053,0.322,0.613,0.825,0,0.755,430.0,16118.4
99451,XAUGBPm_20260825030000_0,XAUGBPm,BREAKOUT,BUY,1,2026.08.25 03:00:00,2026.08.25 03:15:34,15,3396.593,3397.951,1358.0,1020.31,0.363,0.33,TRAIL_STOP,3430.77423,3443.329,3409.8496,0,1.81,0.252,3430.77423,0.6,0,0.825,0.755,0,0,0,0,0.0,2,1.0,0.545,2,0.543,0.926,0.053,0.299,0.15,1.1335,3430.77423,0.727,1.709,1,2,0.0,0,15655,0.584,1.44,0,0.15,0.226,0.053,0.299,0.613,0.825,0,0.755,430.0,16118.4
99454,XAUGBPm_20260825030001_2,XAUGBPm,PULLBACK,BUY,1,2026.08.25 03:00:01,2026.08.25 03:15:34,15,3396.432,3397.951,1519.0,1035.3,0.353,0.34,TRAIL_STOP,3430.77423,3443.329,3409.8496,0,1.81,0.252,3430.77423,0.6,0,0.825,0.755,0,0,0,0,0.0,0,0.613,0.396,1,0.613,0.226,0.053,0.299,0.15,0.0,3430.77423,0.727,1.259,1,2,0.0,0,15655,0.414,1.43,0,0.15,0.226,0.053,0.299,0.613,0.825,0,0.755,430.0,16118.4
99460,XAUGBPm_20260825034505_5,XAUGBPm,MEAN_REVERSION,BUY,0,2026.08.25 03:45:05,2026.08.25 03:45:24,0,3400.259,3399.381,-878.0,-598.39,0.048,0.0,SL_HIT,3430.77423,3443.329,3409.8496,0,1.81,0.252,3430.77423,0.6,0,0.825,0.755,0,0,0,0,0.0,0,0.613,0.399,1,0.613,0.226,0.053,0.322,0.15,0.0,3430.77423,0.727,1.293,1,2,0.0,0,15655,0.597,2.4,0,0.15,0.226,0.053,0.322,0.613,0.825,0,0.755,430.0,16118.4
99461,XAUGBPm_20260825034505_5,XAUGBPm,MEAN_REVERSION,BUY,1,2026.08.25 03:45:05,2026.08.25 03:47:01,1,3400.259,3398.852,-1407.0,-958.9,0.077,0.004,SL_HIT,3430.77423,3443.329,3409.8496,0,1.81,0.252,3430.77423,0.6,0,0.825,0.755,0,0,0,0,0.0,0,0.613,0.399,1,0.613,0.226,0.053,0.322,0.15,0.0,3430.77423,0.727,1.293,1,2,0.0,0,15655,0.597,2.4,0,0.15,0.226,0.053,0.322,0.613,0.825,0,0.755,430.0,16118.4
99465,XAUGBPm_20260825040000_1,XAUGBPm,BREAKOUT_RETEST,BUY,0,2026.08.25 04:00:00,2026.08.25 04:00:11,0,3400.251,3399.407,-844.0,-575.16,0.043,0.0,SL_HIT,3400.08478,3429.37925,3390.31995,1,0.016,0.676,3400.08478,0.7,0,0.9,0.615,0,0,0,0,0.0,2,1.0,0.518,2,0.25,0.885,0.193,0.22,0.55,0.3462,3390.31995,0.6,1.35,1,2,0.0,0,15656,0.781,4.42,0,0.25,0.185,0.088,0.1,0.55,0.9,1,0.615,430.0,16118.6
99466,XAUGBPm_20260825040000_1,XAUGBPm,BREAKOUT_RETEST,BUY,1,2026.08.25 04:00:00,2026.08.25 04:00:25,0,3400.251,3398.557,-1694.0,-1154.44,0.1,0.0,SL_HIT,3400.08478,3429.37925,3390.31995,1,0.016,0.676,3400.08478,0.7,0,0.9,0.615,0,0,0,0,0.0,2,1.0,0.518,2,0.25,0.885,0.193,0.22,0.55,0.3462,3390.31995,0.6,1.35,1,2,0.0,0,15656,0.781,4.42,0,0.25,0.185,0.088,0.28,0.55,0.9,1,0.615,430.0,16118.6
99470,XAUGBPm_20260825040916_3,XAUGBPm,TREND_CONTINUATION,BUY,0,2026.08.25 04:09:16,2026.08.25 04:10:36,1,3402.088,3402.024,-64.0,-43.6,0.019,0.048,SL_HIT,3400.08478,3429.37925,3390.31995,1,0.016,0.676,3400.08478,0.7,0,0.9,0.615,0,0,0,0,0.0,0,0.55,0.414,1,0.55,0.185,0.088,0.19,0.25,0.0,3390.31995,0.6,1.034,1,2,0.0,0,15656,0.504,2.08,0,0.25,0.185,0.088,0.19,0.55,0.9,1,0.615,431.0,16118.6
99471,XAUGBPm_20260825040916_3,XAUGBPm,TREND_CONTINUATION,BUY,1,2026.08.25 04:09:16,2026.08.25 04:15:12,5,3402.088,3402.059,-29.0,-19.76,0.021,0.093,SL_HIT,3400.08478,3429.37925,3390.31995,1,0.016,0.676,3400.08478,0.7,0,0.9,0.615,0,0,0,0,0.0,0,0.55,0.414,1,0.55,0.185,0.088,0.19,0.25,0.0,3390.31995,0.6,1.034,1,2,0.0,0,15656,0.504,2.08,0,0.25,0.185,0.088,0.19,0.55,0.9,1,0.615,431.0,16118.6
99475,XAUGBPm_20260825050004_0,XAUGBPm,BREAKOUT,BUY,0,2026.08.25 05:00:05,2026.08.25 05:00:14,0,3395.729,3394.704,-1025.0,-698.35,0.056,0.0,SL_HIT,3399.64348,3420.56675,3389.73245,1,0.042,0.239,3399.64348,0.7,0,0.514,0.6888,0,0,0,0,0.0,0,0.609,0.429,1,0.609,0.207,0.053,0.168,0.15,0.0,3389.73245,0.6,1.063,1,2,0.0,0,15657,0.261,5.72,0,0.15,0.207,0.053,0.168,0.609,0.514,1,0.6888,430.0,15653.9
99478,XAUGBPm_20260825050005_2,XAUGBPm,PULLBACK,BUY,0,2026.08.25 05:00:05,2026.08.25 05:00:14,0,3395.493,3394.704,-789.0,-537.56,0.041,0.0,SL_HIT,3399.64348,3420.56675,3389.73245,1,0.042,0.239,3399.64348,0.7,0,0.514,0.6888,0,0,0,0,0.0,0,0.609,0.429,1,0.609,0.207,0.053,0.168,0.15,0.0,3389.73245,0.6,1.063,1,2,0.0,0,15657,0.473,7.02,0,0.15,0.207,0.053,0.168,0.609,0.514,1,0.6888,430.0,15653.9
99476,XAUGBPm_20260825050004_0,XAUGBPm,BREAKOUT,BUY,1,2026.08.25 05:00:05,2026.08.25 05:01:12,1,3395.729,3393.861,-1868.0,-1188.84,0.112,0.0,SL_HIT,3399.64348,3420.56675,3389.73245,1,0.042,0.239,3399.64348,0.7,0,0.514,0.6888,0,0,0,0,0.0,0,0.609,0.429,1,0.609,0.207,0.053,0.168,0.15,0.0,3389.73245,0.6,1.063,1,2,0.0,0,15657,0.261,5.72,0,0.15,0.207,0.053,0.245,0.609,0.514,1,0.6888,430.0,15653.9
99479,XAUGBPm_20260825050005_2,XAUGBPm,PULLBACK,BUY,1,2026.08.25 05:00:05,2026.08.25 05:01:12,1,3395.493,3393.861,-1632.0,-1111.86,0.097,0.0,SL_HIT,3399.64348,3420.56675,3389.73245,1,0.042,0.239,3399.64348,0.7,0,0.514,0.6888,0,0,0,0,0.0,0,0.609,0.429,1,0.609,0.207,0.053,0.168,0.15,0.0,3389.73245,0.6,1.063,1,2,0.0,0,15657,0.473,7.02,0,0.15,0.207,0.053,0.245,0.609,0.514,1,0.6888,430.0,15653.9
99485,XAUGBPm_20260825072943_4,XAUGBPm,SWEEP_REVERSAL,BUY,0,2026.08.25 07:29:43,2026.08.25 07:32:02,2,3398.196,3400.791,2595.0,1684.74,0.013,0.218,TRAIL_STOP,3399.86038,3412.6205,3398.0375,0,0.151,0.479,3399.86038,0.6,0,0.5,-0.545,0,0,0,0,0.0,0,0.621,0.444,1,0.621,0.164,0.216,0.279,0.25,0.0,3412.6205,0.6,1.169,1,2,0.0,0,15659,0.24,0.99,0,0.25,0.164,0.216,0.124,0.621,0.5,1,-0.545,430.0,14817.2
99486,XAUGBPm_20260825072943_4,XAUGBPm,SWEEP_REVERSAL,BUY,1,2026.08.25 07:29:43,2026.08.25 07:32:28,2,3398.32,3400.057,1737.0,1106.63,0.029,0.21,TRAIL_STOP,3399.86038,3412.6205,3398.0375,0,0.151,0.479,3399.86038,0.6,0,0.5,-0.545,0,0,0,0,0.0,0,0.621,0.444,1,0.621,0.164,0.216,0.279,0.25,0.0,3412.6205,0.6,1.169,1,2,0.0,0,15659,0.24,0.99,0,0.25,0.164,0.216,0.1,0.621,0.5,1,-0.545,430.0,14817.2
99490,XAUGBPm_20260825080205_5,XAUGBPm,MEAN_REVERSION,BUY,0,2026.08.25 08:02:06,2026.08.25 08:02:16,0,3393.484,3392.494,-990.0,-675.14,0.06,0.0,SL_HIT,3402.38893,3411.74785,3397.4342,0,0.368,0.088,3402.38893,0.65,0,0.825,-0.755,0,0,0,0,0.0,0,0.69,0.491,1,0.69,0.226,0.194,0.294,0.15,0.0,3402.38893,0.749,1.252,1,2,0.0,0,15660,0.655,0.81,0,0.15,0.226,0.194,0.294,0.69,0.825,0,-0.755,429.0,14464.8
99491,XAUGBPm_20260825080205_5,XAUGBPm,MEAN_REVERSION,BUY,1,2026.08.25 08:02:06,2026.08.25 08:04:13,2,3393.484,3392.663,-821.0,-559.79,0.094,0.036,SL_HIT,3402.38893,3411.74785,3397.4342,0,0.368,0.088,3402.38893,0.65,0,0.825,-0.755,0,0,0,0,0.0,0,0.69,0.491,1,0.69,0.226,0.194,0.294,0.15,0.0,3402.38893,0.749,1.252,1,2,0.0,0,15660,0.655,0.81,0,0.15,0.226,0.194,0.294,0.69,0.825,0,-0.755,430.0,14464.8
99464,XAUGBPm_20260825040000_1,XAUGBPm,BREAKOUT_RETEST,BUY,-1,2026.08.25 04:00:00,2026.08.25 08:09:03,249,3400.251,3389.095,-11156.0,-7604.6,0.684,0.918,SL_HIT,3400.08478,3429.37925,3390.31995,1,0.016,0.676,3400.08478,0.7,0,0.9,0.615,0,0,0,0,0.0,2,1.0,0.518,2,0.25,0.885,0.193,0.22,0.55,0.3462,3390.31995,0.6,1.35,1,2,0.0,0,15656,0.781,4.42,0,0.15,0.226,0.194,0.294,0.69,0.825,0,-0.755,429.0,14464.8
99489,XAUGBPm_20260825080205_5,XAUGBPm,MEAN_REVERSION,BUY,-1,2026.08.25 08:02:05,2026.08.25 08:24:31,22,3393.484,3402.863,9379.0,6395.21,0.322,0.641,TP_HIT,3402.38893,3411.74785,3397.4342,0,0.368,0.088,3402.38893,0.65,0,0.825,-0.755,0,0,0,0,0.0,0,0.69,0.491,1,0.69,0.226,0.194,0.294,0.15,0.0,3402.38893,0.749,1.252,1,2,0.0,0,15660,0.655,0.81,0,0.15,0.226,0.194,0.06,0.69,0.825,1,-0.755,430.0,14464.8
99497,XAUGBPm_20260825092945_4,XAUGBPm,SWEEP_REVERSAL,BUY,0,2026.08.25 09:29:45,2026.08.25 09:30:14,0,3391.483,3390.99,-493.0,-416.78,0.037,0.004,SL_HIT,3401.27972,3412.4279,3396.6893,0,0.32,0.224,3402.59128,0.6,0,0.9,-0.79,0,0,0,0,0.0,0,0.647,0.5,1,0.647,0.237,0.198,0.331,0.15,0.0,3402.59128,0.755,1.307,1,2,0.0,0,15661,0.219,0.81,0,0.15,0.237,0.198,0.331,0.647,0.9,0,-0.79,429.0,14456.9
99498,XAUGBPm_20260825092945_4,XAUGBPm,SWEEP_REVERSAL,BUY,1,2026.08.25 09:29:45,2026.08.25 09:30:32,0,3391.601,3390.483,-1118.0,-762.62,0.076,0.013,SL_HIT,3401.27972,3412.4279,3396.6893,0,0.32,0.224,3402.59128,0.6,0,0.9,-0.79,0,0,0,0,0.0,0,0.647,0.5,1,0.647,0.237,0.198,0.331,0.15,0.0,3402.59128,0.755,1.307,1,2,0.0,0,15661,0.219,0.81,0,0.15,0.237,0.198,0.331,0.647,0.9,0,-0.79,488.0,14456.9
99496,XAUGBPm_20260825092945_4,XAUGBPm,SWEEP_REVERSAL,BUY,-1,2026.08.25 09:29:45,2026.08.25 10:52:50,83,3391.369,3403.041,11672.0,7877.82,0.13,0.8,TP_HIT,3401.27972,3412.4279,3396.6893,0,0.32,0.224,3402.59128,0.6,0,0.9,-0.79,0,0,0,0,0.0,0,0.647,0.5,1,0.647,0.237,0.198,0.331,0.15,0.0,3402.59128,0.755,1.307,1,2,0.0,0,15661,0.219,0.81,0,0.0,0.247,0.0,0.124,0.601,0.65,1,-0.825,430.0,14573.1
99503,XAUGBPm_20260825120000_0,XAUGBPm,BREAKOUT,BUY,0,2026.08.25 12:00:00,2026.08.25 12:00:02,0,3405.919,3404.853,-1066.0,-726.62,0.067,0.0,SL_HIT,3393.1454,3402.2768,3391.7036,0,0.464,0.147,3393.1454,0.55,0,1.0,-0.72,0,0,0,0,0.0,2,0.737,0.471,1,0.35,0.916,0.254,0.25,0.4,0.0943,3398.432,0.55,1.484,1,2,0.0,0,15664,0.618,4.43,0,0.4,0.216,0.254,0.302,0.612,1.0,0,-0.72,431.0,14156.6
99504,XAUGBPm_20260825120000_0,XAUGBPm,BREAKOUT,BUY,1,2026.08.25 12:00:00,2026.08.25 12:00:41,0,3405.919,3403.991,-1928.0,-1229.81,0.126,0.0,SL_HIT,3393.1454,3402.2768,3391.7036,0,0.464,0.147,3393.1454,0.55,0,1.0,-0.72,0,0,0,0,0.0,2,0.737,0.471,1,0.35,0.916,0.254,0.25,0.4,0.0943,3398.432,0.55,1.484,1,2,0.0,0,15664,0.618,4.43,0,0.4,0.216,0.254,0.336,0.612,1.0,0,-0.72,430.0,14156.6
99502,XAUGBPm_20260825120000_0,XAUGBPm,BREAKOUT,BUY,-1,2026.08.25 12:00:00,2026.08.25 12:19:09,19,3405.919,3397.918,-8001.0,-5455.2,0.564,0.0,SL_HIT,3393.1454,3402.2768,3391.7036,0,0.464,0.147,3393.1454,0.55,0,1.0,-0.72,0,0,0,0,0.0,2,0.737,0.471,1,0.35,0.916,0.254,0.25,0.4,0.0943,3398.432,0.55,1.484,1,2,0.0,0,15664,0.618,4.43,0,0.4,0.216,0.254,0.225,0.612,1.0,1,-0.72,430.0,14156.6
99477,XAUGBPm_20260825050005_2,XAUGBPm,PULLBACK,BUY,-1,2026.08.25 05:00:05,2026.08.25 13:14:49,494,3395.493,3388.617,-6876.0,-4691.53,0.43,1.249,SL_HIT,3399.64348,3420.56675,3389.73245,1,0.042,0.239,3399.64348,0.7,0,0.514,0.6888,0,0,0,0,0.0,0,0.609,0.429,1,0.609,0.207,0.053,0.168,0.15,0.0,3389.73245,0.6,1.063,1,2,0.0,0,15657,0.473,7.02,0,0.0,0.173,0.095,0.28,0.702,0.514,0,0.5778,429.0,13977.6
99474,XAUGBPm_20260825050004_0,XAUGBPm,BREAKOUT,BUY,-1,2026.08.25 05:00:05,2026.08.25 13:14:49,494,3395.435,3388.5,-6935.0,-4932.38,0.436,1.253,SL_HIT,3399.64348,3420.56675,3389.73245,1,0.042,0.239,3399.64348,0.7,0,0.514,0.6888,0,0,0,0,0.0,0,0.609,0.429,1,0.609,0.207,0.053,0.168,0.15,0.0,3389.73245,0.6,1.063,1,2,0.0,0,15657,0.261,5.72,0,0.0,0.173,0.095,0.28,0.702,0.514,0,0.5778,429.0,13977.6
99269,XAUGBPm_20260824100005_2,XAUGBPm,PULLBACK,BUY,-1,2026.08.24 10:00:05,2026.08.25 13:15:00,1634,3408.33,3387.392,-20938.0,-14559.21,1.499,2.523,SL_HIT,3406.2546,3408.7276,3400.814,1,0.075,0.353,3406.2546,0.4,0,0.75,0.72,0,0,0,1,0.0,0,0.715,0.482,1,0.715,0.216,0.237,0.235,0.25,0.0,3400.814,0.6,1.103,1,1,0.363,0,15639,0.56,2.0,0,0.0,0.173,0.095,0.28,0.702,0.514,0,0.5778,429.0,13977.6
99459,XAUGBPm_20260825034505_5,XAUGBPm,MEAN_REVERSION,BUY,-1,2026.08.25 03:45:05,2026.08.25 13:15:00,569,3400.259,3387.272,-12987.0,-8861.74,0.798,0.918,SL_HIT,3430.77423,3443.329,3409.8496,0,1.81,0.252,3430.77423,0.6,0,0.825,0.755,0,0,0,0,0.0,0,0.613,0.399,1,0.613,0.226,0.053,0.322,0.15,0.0,3430.77423,0.727,1.293,1,2,0.0,0,15655,0.597,2.4,0,0.0,0.173,0.095,0.28,0.702,0.514,0,0.5778,429.0,13977.6
99509,XAUGBPm_20260825130000_3,XAUGBPm,TREND_CONTINUATION,BUY,0,2026.08.25 13:00:00,2026.08.25 13:15:00,15,3403.949,3387.143,-16806.0,-11381.76,1.193,0.0,SL_HIT,3399.9231,3407.0886,3397.5346,1,0.101,0.309,3399.9231,0.5,0,0.514,0.5778,0,0,0,0,0.0,5,0.672,0.378,1,0.412,0.173,0.5,0.567,0.3,-0.0729,3397.5346,0.6,0.821,1,2,0.0,0,15665,0.354,2.08,0,0.0,0.173,0.095,0.28,0.702,0.514,0,0.5778,429.0,13977.6
99510,XAUGBPm_20260825130000_3,XAUGBPm,TREND_CONTINUATION,BUY,1,2026.08.25 13:00:00,2026.08.25 13:15:01,15,3403.823,3387.039,-16784.0,-11451.79,1.193,0.0,SL_HIT,3399.9231,3407.0886,3397.5346,1,0.101,0.309,3399.9231,0.5,0,0.514,0.5778,0,0,0,0,0.0,5,0.672,0.378,1,0.412,0.173,0.5,0.567,0.3,-0.0729,3397.5346,0.6,0.821,1,2,0.0,0,15665,0.354,2.08,0,0.0,0.173,0.095,0.28,0.702,0.514,0,0.5778,429.0,13977.6
99440,XAUGBPm_20260825020916_3,XAUGBPm,TREND_CONTINUATION,BUY,-1,2026.08.25 02:09:16,2026.08.25 13:15:03,665,3405.355,3386.925,-18430.0,-12577.0,1.2,0.64,SL_HIT,3428.88045,3437.2454,3422.0364,0,0.502,0.096,3428.88045,0.5,0,0.75,0.545,0,0,0,0,0.0,0,0.783,0.508,2,0.783,0.164,0.308,0.451,0.4,0.0,3428.88045,0.738,1.336,1,2,0.0,0,15654,0.472,1.31,0,0.0,0.173,0.095,0.28,0.702,0.514,0,0.5778,429.0,13977.6
99508,XAUGBPm_20260825130000_3,XAUGBPm,TREND_CONTINUATION,BUY,-1,2026.08.25 13:00:00,2026.08.25 13:15:05,15,3403.682,3386.818,-16864.0,-11690.37,1.199,0.0,SL_HIT,3399.9231,3407.0886,3397.5346,1,0.101,0.309,3399.9231,0.5,0,0.514,0.5778,0,0,0,0,0.0,5,0.672,0.378,1,0.412,0.173,0.5,0.567,0.3,-0.0729,3397.5346,0.6,0.821,1,2,0.0,0,15665,0.354,2.08,0,0.0,0.173,0.095,0.28,0.702,0.514,0,0.5778,429.0,13977.6
99484,XAUGBPm_20260825072943_4,XAUGBPm,SWEEP_REVERSAL,BUY,-1,2026.08.25 07:29:43,2026.08.25 13:23:01,353,3398.338,3383.458,-14880.0,-10054.71,0.995,0.655,SL_HIT,3399.86038,3412.6205,3398.0375,0,0.151,0.479,3399.86038,0.6,0,0.5,-0.545,0,0,0,0,0.0,0,0.621,0.444,1,0.621,0.164,0.216,0.279,0.25,0.0,3412.6205,0.6,1.169,1,2,0.0,0,15659,0.24,0.99,0,0.0,0.173,0.095,0.28,0.702,0.514,0,0.5778,429.0,13977.6
99469,XAUGBPm_20260825040916_3,XAUGBPm,TREND_CONTINUATION,BUY,-1,2026.08.25 04:09:16,2026.08.25 13:23:02,553,3402.088,3382.586,-19502.0,-13304.85,1.2,0.804,SL_HIT,3400.08478,3429.37925,3390.31995,1,0.016,0.676,3400.08478,0.7,0,0.9,0.615,0,0,0,0,0.0,0,0.55,0.414,1,0.55,0.185,0.088,0.19,0.25,0.0,3390.31995,0.6,1.034,1,2,0.0,0,15656,0.504,2.08,0,0.0,0.173,0.095,0.28,0.702,0.514,0,0.5778,487.0,13977.6
99511,XAUGBPm_20260825130000_2,XAUGBPm,PULLBACK,BUY,-1,2026.08.25 13:00:00,2026.08.25 13:23:02,23,3403.713,3382.586,-21127.0,-14413.47,1.5,0.0,SL_HIT,3399.9231,3407.0886,3397.5346,1,0.101,0.309,3399.9231,0.5,0,0.514,0.5778,0,0,0,0,0.0,0,0.702,0.464,1,0.702,0.173,0.095,0.137,0.0,0.0,3397.5346,0.6,1.105,1,2,0.0,0,15665,0.472,1.49,0,0.0,0.173,0.095,0.28,0.702,0.514,0,0.5778,487.0,13977.6
99512,XAUGBPm_20260825130000_2,XAUGBPm,PULLBACK,BUY,0,2026.08.25 13:00:00,2026.08.25 13:23:02,23,3403.713,3382.586,-21127.0,-14325.47,1.5,0.0,SL_HIT,3399.9231,3407.0886,3397.5346,1,0.101,0.309,3399.9231,0.5,0,0.514,0.5778,0,0,0,0,0.0,0,0.702,0.464,1,0.702,0.173,0.095,0.137,0.0,0.0,3397.5346,0.6,1.105,1,2,0.0,0,15665,0.472,1.49,0,0.0,0.173,0.095,0.28,0.702,0.514,0,0.5778,487.0,13977.6
99513,XAUGBPm_20260825130000_2,XAUGBPm,PULLBACK,BUY,1,2026.08.25 13:00:00,2026.08.25 13:23:02,23,3403.584,3382.586,-20998.0,-14315.23,1.49,0.001,SL_HIT,3399.9231,3407.0886,3397.5346,1,0.101,0.309,3399.9231,0.5,0,0.514,0.5778,0,0,0,0,0.0,0,0.702,0.464,1,0.702,0.173,0.095,0.137,0.0,0.0,3397.5346,0.6,1.105,1,2,0.0,0,15665,0.472,1.49,0,0.0,0.173,0.095,0.28,0.702,0.514,0,0.5778,487.0,13977.6
99528,XAUGBPm_20260825142008_5,XAUGBPm,MEAN_REVERSION,BUY,0,2026.08.25 14:20:08,2026.08.25 14:20:17,0,3387.906,3386.872,-1034.0,-705.18,0.061,0.0,SL_HIT,3400.85412,3408.044,3384.07775,1,0.231,0.403,3380.08338,0.75,2,0.675,-0.685,0,0,0,0,0.0,0,0.631,0.492,1,0.631,0.206,0.0,0.231,0.0,0.0,3380.08338,0.733,1.246,1,2,0.0,0,15666,0.638,2.72,0,0.0,0.206,0.0,0.227,0.631,0.675,1,-0.685,429.0,15132.2
99529,XAUGBPm_20260825142008_5,XAUGBPm,MEAN_REVERSION,BUY,1,2026.08.25 14:20:08,2026.08.25 14:21:39,1,3387.906,3388.798,892.0,608.32,0.069,0.154,TRAIL_STOP,3400.85412,3408.044,3384.07775,1,0.231,0.403,3380.08338,0.75,2,0.675,-0.685,0,0,0,0,0.0,0,0.631,0.492,1,0.631,0.206,0.0,0.231,0.0,0.0,3380.08338,0.733,1.246,1,2,0.0,0,15666,0.638,2.72,0,0.0,0.206,0.0,0.231,0.631,0.675,1,-0.685,429.0,15132.2
99527,XAUGBPm_20260825142008_5,XAUGBPm,MEAN_REVERSION,BUY,-1,2026.08.25 14:20:08,2026.08.25 14:40:20,20,3387.906,3401.339,13433.0,9157.95,0.197,0.881,TP_HIT,3400.85412,3408.044,3384.07775,1,0.231,0.403,3380.08338,0.75,2,0.675,-0.685,0,0,0,0,0.0,0,0.631,0.492,1,0.631,0.206,0.0,0.231,0.0,0.0,3380.08338,0.733,1.246,1,2,0.0,0,15666,0.638,2.72,0,0.0,0.206,0.0,0.0,0.631,0.675,1,-0.685,430.0,15132.2
99534,XAUGBPm_20260825170000_0,XAUGBPm,BREAKOUT,BUY,0,2026.08.25 17:00:00,2026.08.25 17:00:06,0,3405.987,3405.186,-801.0,-546.06,0.049,0.0,SL_HIT,3387.38407,3402.78645,3376.089,0,0.416,0.168,3383.27677,0.65,0,0.717,-0.4933,0,0,0,0,0.0,2,1.0,0.526,2,0.405,0.848,0.24,0.199,0.4,0.2921,3399.70597,0.55,1.408,1,1,0.0,0,15669,0.547,4.84,0,0.4,0.148,0.24,0.199,0.705,0.717,0,-0.4933,430.0,14061.7
99535,XAUGBPm_20260825170000_0,XAUGBPm,BREAKOUT,BUY,1,2026.08.25 17:00:00,2026.08.25 17:00:13,0,3405.987,3404.404,-1583.0,-1079.17,0.104,0.0,SL_HIT,3387.38407,3402.78645,3376.089,0,0.416,0.168,3383.27677,0.65,0,0.717,-0.4933,0,0,0,0,0.0,2,1.0,0.526,2,0.405,0.848,0.24,0.199,0.4,0.2921,3399.70597,0.55,1.408,1,1,0.0,0,15669,0.547,4.84,0,0.4,0.148,0.24,0.196,0.705,0.717,0,-0.4933,430.0,14061.7
99533,XAUGBPm_20260825170000_0,XAUGBPm,BREAKOUT,BUY,-1,2026.08.25 17:00:00,2026.08.25 17:11:26,11,3405.987,3398.6,-7387.0,-5036.42,0.515,0.0,SL_HIT,3387.38407,3402.78645,3376.089,0,0.416,0.168,3383.27677,0.65,0,0.717,-0.4933,0,0,0,0,0.0,2,1.0,0.526,2,0.405,0.848,0.24,0.199,0.4,0.2921,3399.70597,0.55,1.408,1,1,0.0,0,15669,0.547,4.84,0,0.4,0.148,0.24,0.222,0.705,0.717,1,-0.4933,430.0,14061.7
99540,XAUGBPm_20260825190000_0,XAUGBPm,BREAKOUT,BUY,0,2026.08.25 19:00:01,2026.08.25 19:00:58,0,3411.412,3412.688,1276.0,870.56,0.051,0.139,TRAIL_STOP,3404.96337,3410.7975,3400.19,0,0.36,0.194,3414.51012,0.5,0,0.435,0.6695,0,0,0,0,0.0,1,1.0,0.498,1,0.745,0.201,0.162,0.572,0.15,-0.6166,3404.96337,0.7,0.768,1,1,0.0,0,15671,0.355,5.44,0,0.15,0.201,0.162,0.307,0.775,0.435,0,0.6695,431.0,13414.4
99543,XAUGBPm_20260825190002_3,XAUGBPm,TREND_CONTINUATION,BUY,0,2026.08.25 19:00:02,2026.08.25 19:00:58,0,3411.301,3412.688,1387.0,946.29,0.042,0.147,TRAIL_STOP,3404.96337,3410.7975,3400.19,0,0.36,0.194,3414.51012,0.5,0,0.435,0.6695,0,0,0,0,0.0,0,0.775,0.495,1,0.775,0.201,0.162,0.272,0.15,0.0,3404.96337,0.7,1.218,1,1,0.0,0,15671,0.371,2.08,0,0.15,0.201,0.162,0.307,0.775,0.435,0,0.6695,431.0,13414.4
99541,XAUGBPm_20260825190000_0,XAUGBPm,BREAKOUT,BUY,1,2026.08.25 19:00:01,2026.08.25 19:02:41,2,3411.412,3412.001,589.0,401.83,0.051,0.139,TRAIL_STOP,3404.96337,3410.7975,3400.19,0,0.36,0.194,3414.51012,0.5,0,0.435,0.6695,0,0,0,0,0.0,1,1.0,0.498,1,0.745,0.201,0.162,0.572,0.15,-0.6166,3404.96337,0.7,0.768,1,1,0.0,0,15671,0.355,5.44,0,0.15,0.201,0.162,0.307,0.775,0.435,0,0.6695,431.0,13414.4
99544,XAUGBPm_20260825190002_3,XAUGBPm,TREND_CONTINUATION,BUY,1,2026.08.25 19:00:02,2026.08.25 19:02:41,2,3411.301,3412.001,700.0,477.55,0.042,0.145,TRAIL_STOP,3404.96337,3410.7975,3400.19,0,0.36,0.194,3414.51012,0.5,0,0.435,0.6695,0,0,0,0,0.0,0,0.775,0.495,1,0.775,0.201,0.162,0.272,0.15,0.0,3404.96337,0.7,1.218,1,1,0.0,0,15671,0.371,2.08,0,0.15,0.201,0.162,0.307,0.775,0.435,0,0.6695,431.0,13414.4
99550,XAUGBPm_20260825191237_2,XAUGBPm,PULLBACK,BUY,0,2026.08.25 19:12:37,2026.08.25 19:12:55,0,3414.908,3414.555,-353.0,-240.89,0.035,0.01,SL_HIT,3404.96337,3410.7975,3400.19,0,0.36,0.194,3414.51012,0.5,0,0.435,0.6695,0,0,0,0,0.0,0,0.775,0.496,1,0.775,0.201,0.162,0.278,0.15,0.0,3404.96337,0.7,1.228,1,1,0.0,0,15671,0.315,1.54,0,0.15,0.201,0.162,0.278,0.775,0.435,0,0.6695,431.0,13414.4
99551,XAUGBPm_20260825191237_2,XAUGBPm,PULLBACK,BUY,1,2026.08.25 19:12:37,2026.08.25 19:19:05,6,3414.908,3417.268,2360.0,1502.85,0.046,0.297,TRAIL_STOP,3404.96337,3410.7975,3400.19,0,0.36,0.194,3414.51012,0.5,0,0.435,0.6695,0,0,0,0,0.0,0,0.775,0.496,1,0.775,0.201,0.162,0.278,0.15,0.0,3404.96337,0.7,1.228,1,1,0.0,0,15671,0.315,1.54,0,0.15,0.201,0.162,0.336,0.775,0.435,0,0.6695,431.0,13414.4
99555,XAUGBPm_20260825220102_1,XAUGBPm,BREAKOUT_RETEST,BUY,0,2026.08.25 22:01:02,2026.08.25 22:01:09,0,3415.178,3414.094,-1084.0,-739.73,0.076,0.0,SL_HIT,3414.66048,3419.356,3403.70425,1,0.023,0.144,3417.79083,0.75,0,0.825,0.755,0,0,0,0,0.0,0,0.645,0.45,1,0.645,0.226,0.053,0.06,0.15,0.0,3419.356,0.6,0.9,1,2,0.0,0,15673,0.533,1.25,0,0.15,0.226,0.053,0.239,0.645,0.825,1,0.755,489.0,12482.0
99556,XAUGBPm_20260825220102_1,XAUGBPm,BREAKOUT_RETEST,BUY,1,2026.08.25 22:01:02,2026.08.25 22:01:24,0,3415.178,3413.289,-1889.0,-1289.15,0.137,0.0,SL_HIT,3414.66048,3419.356,3403.70425,1,0.023,0.144,3417.79083,0.75,0,0.825,0.755,0,0,0,0,0.0,0,0.645,0.45,1,0.645,0.226,0.053,0.06,0.15,0.0,3419.356,0.6,0.9,1,2,0.0,0,15673,0.533,1.25,0,0.15,0.226,0.053,0.239,0.645,0.825,1,0.755,489.0,12482.0
99554,XAUGBPm_20260825220102_1,XAUGBPm,BREAKOUT_RETEST,BUY,-1,2026.08.25 22:01:02,2026.08.25 22:30:33,29,3415.178,3419.932,4754.0,3244.15,0.181,0.368,TP_HIT,3414.66048,3419.356,3403.70425,1,0.023,0.144,3417.79083,0.75,0,0.825,0.755,0,0,0,0,0.0,0,0.645,0.45,1,0.645,0.226,0.053,0.06,0.15,0.0,3419.356,0.6,0.9,1,2,0.0,0,15673,0.533,1.25,0,0.15,0.226,0.053,0.261,0.645,0.825,0,0.755,431.0,12482.0
99561,XAUGBPm_20260825223643_2,XAUGBPm,PULLBACK,BUY,0,2026.08.25 22:36:43,2026.08.25 22:38:40,1,3421.983,3421.117,-866.0,-591.02,0.064,0.0,SL_HIT,3414.66048,3419.356,3403.70425,0,0.023,0.144,3417.79083,0.75,0,0.825,0.755,0,0,0,0,0.0,0,0.645,0.495,1,0.645,0.226,0.053,0.261,0.15,0.0,3417.79083,0.736,1.201,1,2,0.0,0,15673,0.439,1.61,0,0.15,0.226,0.053,0.261,0.645,0.825,0,0.755,431.0,12482.0
99562,XAUGBPm_20260825223643_2,XAUGBPm,PULLBACK,BUY,1,2026.08.25 22:36:43,2026.08.25 22:43:00,6,3421.983,3420.804,-1179.0,-804.65,0.083,0.002,SL_HIT,3414.66048,3419.356,3403.70425,0,0.023,0.144,3417.79083,0.75,0,0.825,0.755,0,0,0,0,0.0,0,0.645,0.495,1,0.645,0.226,0.053,0.261,0.15,0.0,3417.79083,0.736,1.201,1,2,0.0,0,15673,0.439,1.61,0,0.15,0.226,0.053,0.261,0.645,0.825,0,0.755,431.0,12482.0
99566,XAUGBPm_20260825230529_0,XAUGBPm,BREAKOUT,BUY,0,2026.08.25 23:05:29,2026.08.25 23:06:42,1,3423.093,3422.07,-1023.0,-698.2,0.069,0.0,SL_HIT,3415.17627,3421.7663,3410.61395,0,0.396,0.073,3415.17627,0.55,0,0.9,0.615,0,0,0,0,0.0,0,0.758,0.41,1,0.758,0.185,0.206,0.41,0.4,0.0,3415.17627,0.723,1.275,1,2,0.0,0,15674,0.472,5.35,0,0.4,0.185,0.206,0.429,0.758,0.9,0,0.615,431.0,12576.8
99569,XAUGBPm_20260825230559_3,XAUGBPm,TREND_CONTINUATION,BUY,0,2026.08.25 23:06:00,2026.08.25 23:06:42,0,3422.914,3422.07,-844.0,-576.03,0.055,0.0,SL_HIT,3415.17627,3421.7663,3410.61395,0,0.396,0.073,3415.17627,0.55,0,0.9,0.615,0,0,0,0,0.0,0,0.758,0.413,1,0.758,0.185,0.206,0.429,0.4,0.0,3415.17627,0.723,1.303,1,2,0.0,0,15674,0.504,2.08,0,0.4,0.185,0.206,0.429,0.758,0.9,0,0.615,431.0,12576.8
99567,XAUGBPm_20260825230529_0,XAUGBPm,BREAKOUT,BUY,1,2026.08.25 23:05:29,2026.08.25 23:07:25,1,3423.093,3421.513,-1580.0,-1078.36,0.115,0.0,SL_HIT,3415.17627,3421.7663,3410.61395,0,0.396,0.073,3415.17627,0.55,0,0.9,0.615,0,0,0,0,0.0,0,0.758,0.41,1,0.758,0.185,0.206,0.41,0.4,0.0,3415.17627,0.723,1.275,1,2,0.0,0,15674,0.472,5.35,0,0.4,0.185,0.206,0.41,0.758,0.9,1,0.615,431.0,12576.8
99570,XAUGBPm_20260825230559_3,XAUGBPm,TREND_CONTINUATION,BUY,1,2026.08.25 23:06:00,2026.08.25 23:07:31,1,3422.914,3421.413,-1501.0,-1024.44,0.111,0.0,SL_HIT,3415.17627,3421.7663,3410.61395,0,0.396,0.073,3415.17627,0.55,0,0.9,0.615,0,0,0,0,0.0,0,0.758,0.413,1,0.758,0.185,0.206,0.429,0.4,0.0,3415.17627,0.723,1.303,1,2,0.0,0,15674,0.504,2.08,0,0.4,0.185,0.206,0.41,0.758,0.9,1,0.615,431.0,12576.8
99565,XAUGBPm_20260825230529_0,XAUGBPm,BREAKOUT,BUY,-1,2026.08.25 23:05:29,2026.08.25 23:22:11,16,3423.266,3417.303,-5963.0,-3951.5,0.461,0.0,SL_HIT,3415.17627,3421.7663,3410.61395,0,0.396,0.073,3415.17627,0.55,0,0.9,0.615,0,0,0,0,0.0,0,0.758,0.41,1,0.758,0.185,0.206,0.41,0.4,0.0,3415.17627,0.723,1.275,1,2,0.0,0,15674,0.472,5.35,0,0.4,0.185,0.206,0.268,0.758,0.9,1,0.615,431.0,12576.8
99560,XAUGBPm_20260825223643_2,XAUGBPm,PULLBACK,BUY,-1,2026.08.25 22:36:43,2026.08.25 23:22:22,45,3421.983,3416.894,-5089.0,-3473.09,0.397,0.145,SL_HIT,3414.66048,3419.356,3403.70425,0,0.023,0.144,3417.79083,0.75,0,0.825,0.755,0,0,0,0,0.0,0,0.645,0.495,1,0.645,0.226,0.053,0.261,0.15,0.0,3417.79083,0.736,1.201,1,2,0.0,0,15673,0.439,1.61,0,0.4,0.185,0.206,0.268,0.758,0.9,1,0.615,431.0,12576.8
99568,XAUGBPm_20260825230559_3,XAUGBPm,TREND_CONTINUATION,BUY,-1,2026.08.25 23:05:59,2026.08.26 00:14:58,68,3422.914,3407.787,-15127.0,-10595.13,1.193,0.0,SL_HIT,3415.17627,3421.7663,3410.61395,0,0.396,0.073,3415.17627,0.55,0,0.9,0.615,0,0,0,0,0.0,0,0.758,0.413,1,0.758,0.185,0.206,0.429,0.4,0.0,3415.17627,0.723,1.303,1,2,0.0,0,15674,0.504,2.08,0,0.15,0.247,0.183,0.349,0.68,0.65,0,0.825,430.0,12370.7
99549,XAUGBPm_20260825191237_2,XAUGBPm,PULLBACK,BUY,-1,2026.08.25 19:12:37,2026.08.26 00:22:04,309,3414.908,3405.124,-9784.0,-6948.89,0.725,0.662,SL_HIT,3404.96337,3410.7975,3400.19,0,0.36,0.194,3414.51012,0.5,0,0.435,0.6695,0,0,0,0,0.0,0,0.775,0.496,1,0.775,0.201,0.162,0.278,0.15,0.0,3404.96337,0.7,1.228,1,1,0.0,0,15671,0.315,1.54,0,0.15,0.247,0.183,0.349,0.68,0.65,0,0.825,430.0,12370.7
99539,XAUGBPm_20260825190000_0,XAUGBPm,BREAKOUT,BUY,-1,2026.08.25 19:00:00,2026.08.26 00:22:12,322,3411.284,3405.049,-6235.0,-4614.26,0.459,0.933,SL_HIT,3404.96337,3410.7975,3400.19,0,0.36,0.194,3414.51012,0.5,0,0.435,0.6695,0,0,0,0,0.0,1,1.0,0.498,1,0.745,0.201,0.162,0.572,0.15,-0.6166,3404.96337,0.7,0.768,1,1,0.0,0,15671,0.355,5.44,0,0.15,0.247,0.183,0.349,0.68,0.65,0,0.825,430.0,12370.7
99580,XAUGBPm_20260826002106_5,XAUGBPm,MEAN_REVERSION,BUY,1,2026.08.26 00:21:06,2026.08.26 00:36:02,14,3407.248,3401.553,-5695.0,-3885.73,0.446,0.0,SL_HIT,3414.8165,3419.4848,3413.021,0,0.315,0.091,3414.8165,0.45,0,0.65,0.825,0,0,0,0,0.0,0,0.68,0.489,1,0.68,0.247,0.183,0.349,0.15,0.0,3414.8165,0.757,1.333,1,1,0.0,0,15675,0.645,0.81,0,0.15,0.247,0.183,0.349,0.68,0.65,0,0.825,430.0,12370.7
99578,XAUGBPm_20260826002106_5,XAUGBPm,MEAN_REVERSION,BUY,-1,2026.08.26 00:21:06,2026.08.26 00:44:13,23,3407.248,3397.297,-9951.0,-6790.71,0.794,0.0,SL_HIT,3414.8165,3419.4848,3413.021,0,0.315,0.091,3414.8165,0.45,0,0.65,0.825,0,0,0,0,0.0,0,0.68,0.489,1,0.68,0.247,0.183,0.349,0.15,0.0,3414.8165,0.757,1.333,1,1,0.0,0,15675,0.645,0.81,0,0.15,0.247,0.183,0.349,0.68,0.65,0,0.825,429.0,12370.7
99579,XAUGBPm_20260826002106_5,XAUGBPm,MEAN_REVERSION,BUY,0,2026.08.26 00:21:06,2026.08.26 00:44:13,23,3407.248,3397.297,-9951.0,-6790.71,0.794,0.0,SL_HIT,3414.8165,3419.4848,3413.021,0,0.315,0.091,3414.8165,0.45,0,0.65,0.825,0,0,0,0,0.0,0,0.68,0.489,1,0.68,0.247,0.183,0.349,0.15,0.0,3414.8165,0.757,1.333,1,1,0.0,0,15675,0.645,0.81,0,0.15,0.247,0.183,0.349,0.68,0.65,0,0.825,429.0,12370.7
99542,XAUGBPm_20260825190002_3,XAUGBPm,TREND_CONTINUATION,BUY,-1,2026.08.25 19:00:02,2026.08.26 01:00:02,360,3411.301,3395.02,-16281.0,-11380.36,1.2,0.931,SL_HIT,3404.96337,3410.7975,3400.19,0,0.36,0.194,3414.51012,0.5,0,0.435,0.6695,0,0,0,0,0.0,0,0.775,0.495,1,0.775,0.201,0.162,0.272,0.15,0.0,3404.96337,0.7,1.218,1,1,0.0,0,15671,0.371,2.08,0,0.4,0.206,0.14,0.381,0.716,1.0,0,0.685,488.0,12660.3
99583,XAUGBPm_20260826002221_4,XAUGBPm,SWEEP_REVERSAL,BUY,-1,2026.08.26 00:22:21,2026.08.26 01:00:03,37,3405.318,3392.883,-12435.0,-8483.97,0.995,0.13,SL_HIT,3414.8165,3419.4848,3413.021,0,0.315,0.091,3414.8165,0.45,0,0.65,0.825,0,0,0,0,0.0,0,0.68,0.489,1,0.68,0.247,0.183,0.349,0.15,0.0,3414.8165,0.757,1.333,1,1,0.0,0,15675,0.213,0.8,0,0.4,0.206,0.14,0.381,0.716,1.0,0,0.685,488.0,12660.3
99584,XAUGBPm_20260826002221_4,XAUGBPm,SWEEP_REVERSAL,BUY,0,2026.08.26 00:22:21,2026.08.26 01:00:03,37,3405.318,3392.883,-12435.0,-8483.97,0.995,0.13,SL_HIT,3414.8165,3419.4848,3413.021,0,0.315,0.091,3414.8165,0.45,0,0.65,0.825,0,0,0,0,0.0,0,0.68,0.489,1,0.68,0.247,0.183,0.349,0.15,0.0,3414.8165,0.757,1.333,1,1,0.0,0,15675,0.213,0.8,0,0.4,0.206,0.14,0.381,0.716,1.0,0,0.685,488.0,12660.3
99585,XAUGBPm_20260826002221_4,XAUGBPm,SWEEP_REVERSAL,BUY,1,2026.08.26 00:22:21,2026.08.26 01:00:03,37,3405.318,3392.883,-12435.0,-8483.97,0.995,0.13,SL_HIT,3414.8165,3419.4848,3413.021,0,0.315,0.091,3414.8165,0.45,0,0.65,0.825,0,0,0,0,0.0,0,0.68,0.489,1,0.68,0.247,0.183,0.349,0.15,0.0,3414.8165,0.757,1.333,1,1,0.0,0,15675,0.213,0.8,0,0.4,0.206,0.14,0.381,0.716,1.0,0,0.685,488.0,12660.3
99590,XAUGBPm_20260826005353_2,XAUGBPm,PULLBACK,BUY,0,2026.08.26 00:53:53,2026.08.26 01:00:52,6,3396.651,3399.593,2942.0,2098.8,0.317,0.284,TRAIL_STOP,3414.8165,3419.4848,3413.021,0,0.315,0.091,3414.8165,0.45,0,0.65,0.825,0,0,0,0,0.0,0,0.68,0.489,1,0.68,0.247,0.183,0.349,0.15,0.0,3414.8165,0.757,1.333,1,1,0.0,0,15675,0.392,1.0,0,0.4,0.206,0.14,0.375,0.716,1.0,0,0.685,430.0,12660.3
99591,XAUGBPm_20260826005353_2,XAUGBPm,PULLBACK,BUY,1,2026.08.26 00:53:53,2026.08.26 01:01:31,7,3396.517,3399.459,2942.0,2007.33,0.306,0.337,TRAIL_STOP,3414.8165,3419.4848,3413.021,0,0.315,0.091,3414.8165,0.45,0,0.65,0.825,0,0,0,0,0.0,0,0.68,0.489,1,0.68,0.247,0.183,0.349,0.15,0.0,3414.8165,0.757,1.333,1,1,0.0,0,15675,0.392,1.0,0,0.4,0.206,0.14,0.375,0.716,1.0,0,0.685,430.0,12660.3
99600,XAUGBPm_20260826010559_3,XAUGBPm,TREND_CONTINUATION,BUY,1,2026.08.26 01:05:59,2026.08.26 01:33:51,27,3404.631,3400.375,-4256.0,-2903.63,0.327,0.235,SL_HIT,3414.6485,3423.794,3408.317,0,0.928,0.15,3397.7645,0.55,0,1.0,0.685,0,0,0,0,0.0,0,0.716,0.396,1,0.716,0.206,0.14,0.395,0.4,0.0,3397.7645,0.733,1.253,1,1,0.0,0,15676,0.541,2.08,0,0.4,0.206,0.14,0.424,0.716,1.0,0,0.685,430.0,12660.3
99602,XAUGBPm_20260826015009_1,XAUGBPm,BREAKOUT_RETEST,BUY,-1,2026.08.26 01:50:09,2026.08.26 01:58:02,7,3409.55,3415.083,5533.0,3774.83,0.135,0.398,TP_HIT,3414.6485,3423.794,3408.317,1,0.928,0.15,3397.7645,0.55,0,1.0,0.685,0,0,0,0,0.0,0,0.716,0.385,1,0.716,0.206,0.14,0.334,0.4,0.0,3414.6485,0.7,1.161,1,1,0.0,0,15676,0.577,1.46,0,0.4,0.206,0.14,0.16,0.716,1.0,1,0.685,431.0,12660.3
99603,XAUGBPm_20260826015009_1,XAUGBPm,BREAKOUT_RETEST,BUY,0,2026.08.26 01:50:09,2026.08.26 01:58:02,7,3409.55,3415.083,5533.0,3886.72,0.135,0.398,TP_HIT,3414.6485,3423.794,3408.317,1,0.928,0.15,3397.7645,0.55,0,1.0,0.685,0,0,0,0,0.0,0,0.716,0.385,1,0.716,0.206,0.14,0.334,0.4,0.0,3414.6485,0.7,1.161,1,1,0.0,0,15676,0.577,1.46,0,0.4,0.206,0.14,0.16,0.716,1.0,1,0.685,431.0,12660.3
99604,XAUGBPm_20260826015009_1,XAUGBPm,BREAKOUT_RETEST,BUY,1,2026.08.26 01:50:09,2026.08.26 01:58:02,7,3409.386,3415.083,5697.0,3886.72,0.122,0.419,TP_HIT,3414.6485,3423.794,3408.317,1,0.928,0.15,3397.7645,0.55,0,1.0,0.685,0,0,0,0,0.0,0,0.716,0.385,1,0.716,0.206,0.14,0.334,0.4,0.0,3414.6485,0.7,1.161,1,1,0.0,0,15676,0.577,1.46,0,0.4,0.206,0.14,0.16,0.716,1.0,1,0.685,431.0,12660.3
99589,XAUGBPm_20260826005353_2,XAUGBPm,PULLBACK,BUY,-1,2026.08.26 00:53:53,2026.08.26 01:58:06,64,3396.651,3415.339,18688.0,12749.61,0.317,1.501,TP_HIT,3414.8165,3419.4848,3413.021,0,0.315,0.091,3414.8165,0.45,0,0.65,0.825,0,0,0,0,0.0,0,0.68,0.489,1,0.68,0.247,0.183,0.349,0.15,0.0,3414.8165,0.757,1.333,1,1,0.0,0,15675,0.392,1.0,0,0.4,0.206,0.14,0.16,0.716,1.0,1,0.685,431.0,12660.3
99599,XAUGBPm_20260826010559_3,XAUGBPm,TREND_CONTINUATION,BUY,0,2026.08.26 01:05:59,2026.08.26 01:59:29,53,3404.495,3413.076,8581.0,5761.31,0.371,0.882,TRAIL_STOP,3414.6485,3423.794,3408.317,0,0.928,0.15,3397.7645,0.55,0,1.0,0.685,0,0,0,0,0.0,0,0.716,0.396,1,0.716,0.206,0.14,0.395,0.4,0.0,3397.7645,0.733,1.253,1,1,0.0,0,15676,0.541,2.08,0,0.4,0.206,0.14,0.337,0.716,1.0,1,0.685,431.0,12660.3
99611,XAUGBPm_20260826020000_7,XAUGBPm,ANCHORED_PULLBACK,BUY,0,2026.08.26 02:00:00,2026.08.26 02:10:17,10,3413.666,3415.086,1420.0,968.79,0.194,0.182,TRAIL_STOP,3404.38213,3412.92335,3397.39385,0,0.296,0.271,3404.38213,0.5,0,0.75,0.72,0,0,0,0,0.0,0,0.436,0.258,0,0.436,0.216,0.14,0.347,0.4,0.0038,3404.38213,0.719,1.18,1,1,0.0,0,15677,0.178,2.0,0,0.4,0.216,0.14,0.32,0.736,0.75,0,0.72,431.0,13679.5
99612,XAUGBPm_20260826020000_7,XAUGBPm,ANCHORED_PULLBACK,BUY,1,2026.08.26 02:00:00,2026.08.26 02:10:55,10,3413.666,3414.494,828.0,564.92,0.194,0.182,TRAIL_STOP,3404.38213,3412.92335,3397.39385,0,0.296,0.271,3404.38213,0.5,0,0.75,0.72,0,0,0,0,0.0,0,0.436,0.258,0,0.436,0.216,0.14,0.347,0.4,0.0038,3404.38213,0.719,1.18,1,1,0.0,0,15677,0.178,2.0,0,0.4,0.216,0.14,0.32,0.736,0.75,0,0.72,431.0,13679.5
99616,XAUGBPm_20260826025353_2,XAUGBPm,PULLBACK,BUY,0,2026.08.26 02:53:53,2026.08.26 02:54:12,0,3417.421,3416.64,-781.0,-532.73,0.049,0.0,SL_HIT,3404.38213,3412.92335,3397.39385,0,0.296,0.271,3404.38213,0.5,0,0.75,0.72,0,0,0,0,0.0,0,0.736,0.346,0,0.736,0.216,0.14,0.423,0.4,0.0,3409.04097,0.55,1.295,1,1,0.0,0,15677,0.376,1.32,0,0.4,0.216,0.14,0.423,0.736,0.75,0,0.72,431.0,13679.5
99617,XAUGBPm_20260826025353_2,XAUGBPm,PULLBACK,BUY,1,2026.08.26 02:53:53,2026.08.26 02:56:39,2,3417.421,3415.921,-1500.0,-1023.08,0.1,0.0,SL_HIT,3404.38213,3412.92335,3397.39385,0,0.296,0.271,3404.38213,0.5,0,0.75,0.72,0,0,0,0,0.0,0,0.736,0.346,0,0.736,0.216,0.14,0.423,0.4,0.0,3409.04097,0.55,1.295,1,1,0.0,0,15677,0.376,1.32,0,0.4,0.216,0.14,0.32,0.736,0.75,0,0.72,431.0,13679.5
99621,XAUGBPm_20260826030531_0,XAUGBPm,BREAKOUT,BUY,0,2026.08.26 03:05:31,2026.08.26 03:05:40,0,3414.155,3412.987,-1168.0,-796.65,0.076,0.0,SL_HIT,3404.27375,3414.274,3395.812,1,0.001,0.219,3404.27375,0.6,0,0.782,0.6514,0,0,0,0,0.0,0,0.74,0.474,1,0.74,0.195,0.177,0.199,0.15,0.0,3404.27375,0.719,1.108,1,1,0.0,0,15678,0.353,3.2,0,0.15,0.195,0.177,0.199,0.74,0.782,1,0.6514,431.0,14095.1
99625,XAUGBPm_20260826030559_3,XAUGBPm,TREND_CONTINUATION,BUY,0,2026.08.26 03:05:59,2026.08.26 03:06:20,0,3413.347,3412.549,-798.0,-544.26,0.047,0.0,SL_HIT,3404.27375,3414.274,3395.812,1,0.001,0.219,3404.27375,0.6,0,0.782,0.6514,0,0,0,0,0.0,0,0.74,0.474,1,0.74,0.195,0.177,0.199,0.15,0.0,3404.27375,0.719,1.108,1,1,0.0,0,15678,0.484,2.08,0,0.15,0.195,0.177,0.22,0.74,0.782,1,0.6514,431.0,14095.1
99622,XAUGBPm_20260826030531_0,XAUGBPm,BREAKOUT,BUY,1,2026.08.26 03:05:31,2026.08.26 03:06:20,0,3414.155,3412.238,-1917.0,-1307.45,0.126,0.0,SL_HIT,3404.27375,3414.274,3395.812,1,0.001,0.219,3404.27375,0.6,0,0.782,0.6514,0,0,0,0,0.0,0,0.74,0.474,1,0.74,0.195,0.177,0.199,0.15,0.0,3404.27375,0.719,1.108,1,1,0.0,0,15678,0.353,3.2,0,0.15,0.195,0.177,0.22,0.74,0.782,1,0.6514,431.0,14095.1
99626,XAUGBPm_20260826030559_3,XAUGBPm,TREND_CONTINUATION,BUY,1,2026.08.26 03:05:59,2026.08.26 03:06:20,0,3413.347,3411.833,-1514.0,-1032.58,0.097,0.0,SL_HIT,3404.27375,3414.274,3395.812,1,0.001,0.219,3404.27375,0.6,0,0.782,0.6514,0,0,0,0,0.0,0,0.74,0.474,1,0.74,0.195,0.177,0.199,0.15,0.0,3404.27375,0.719,1.108,1,1,0.0,0,15678,0.484,2.08,0,0.15,0.195,0.177,0.22,0.74,0.782,1,0.6514,431.0,14095.1
99615,XAUGBPm_20260826025353_2,XAUGBPm,PULLBACK,BUY,-1,2026.08.26 02:53:53,2026.08.26 03:11:00,17,3417.55,3408.077,-9473.0,-6372.42,0.682,0.0,SL_HIT,3404.38213,3412.92335,3397.39385,0,0.296,0.271,3404.38213,0.5,0,0.75,0.72,0,0,0,0,0.0,0,0.736,0.346,0,0.736,0.216,0.14,0.423,0.4,0.0,3409.04097,0.55,1.295,1,1,0.0,0,15677,0.376,1.32,0,0.15,0.195,0.177,0.27,0.74,0.782,1,0.6514,431.0,14095.1
99632,XAUGBPm_20260826035009_1,XAUGBPm,BREAKOUT_RETEST,BUY,0,2026.08.26 03:50:09,2026.08.26 03:50:23,0,3406.287,3405.481,-806.0,-549.59,0.047,0.0,SL_HIT,3404.27375,3414.274,3395.812,1,0.001,0.219,3404.27375,0.6,0,0.782,0.6514,0,0,0,0,0.0,0,0.74,0.466,1,0.74,0.195,0.177,0.193,0.15,0.0,3414.274,0.6,1.1,1,1,0.0,0,15678,0.511,1.99,0,0.15,0.195,0.177,0.193,0.74,0.782,1,0.6514,430.0,14095.1
99633,XAUGBPm_20260826035009_1,XAUGBPm,BREAKOUT_RETEST,BUY,1,2026.08.26 03:50:09,2026.08.26 03:56:54,6,3406.287,3404.985,-1302.0,-887.81,0.107,0.001,SL_HIT,3404.27375,3414.274,3395.812,1,0.001,0.219,3404.27375,0.6,0,0.782,0.6514,0,0,0,0,0.0,0,0.74,0.466,1,0.74,0.195,0.177,0.193,0.15,0.0,3414.274,0.6,1.1,1,1,0.0,0,15678,0.511,1.99,0,0.15,0.195,0.177,0.08,0.74,0.782,1,0.6514,430.0,14095.1
99620,XAUGBPm_20260826030531_0,XAUGBPm,BREAKOUT,BUY,-1,2026.08.26 03:05:31,2026.08.26 04:33:25,87,3414.291,3403.274,-11017.0,-7419.37,0.772,0.0,SL_HIT,3404.27375,3414.274,3395.812,1,0.001,0.219,3404.27375,0.6,0,0.782,0.6514,0,0,0,0,0.0,0,0.74,0.474,1,0.74,0.195,0.177,0.199,0.15,0.0,3404.27375,0.719,1.108,1,1,0.0,0,15678,0.353,3.2,0,0.0,0.205,0.124,0.099,0.75,0.517,1,0.6821,430.0,14292.2
99638,XAUGBPm_20260826045734_2,XAUGBPm,PULLBACK,BUY,0,2026.08.26 04:57:34,2026.08.26 04:59:21,1,3403.758,3402.965,-793.0,-540.58,0.051,0.0,SL_HIT,3404.19013,3411.0632,3395.7897,1,0.027,0.668,3404.19013,0.5,0,0.517,0.6821,0,0,0,0,0.0,0,0.75,0.497,1,0.75,0.205,0.124,0.099,0.0,0.0,3395.7897,0.6,1.048,1,1,0.0,0,15679,0.491,2.93,0,0.0,0.205,0.124,0.099,0.75,0.517,1,0.6821,430.0,14292.2
99639,XAUGBPm_20260826045734_2,XAUGBPm,PULLBACK,BUY,1,2026.08.26 04:57:34,2026.08.26 05:04:49,7,3403.758,3404.914,1156.0,787.95,0.055,0.164,TRAIL_STOP,3404.19013,3411.0632,3395.7897,1,0.027,0.668,3404.19013,0.5,0,0.517,0.6821,0,0,0,0,0.0,0,0.75,0.497,1,0.75,0.205,0.124,0.099,0.0,0.0,3395.7897,0.6,1.048,1,1,0.0,0,15679,0.491,2.93,0,0.0,0.205,0.0,0.0,0.677,0.449,1,-0.6844,430.0,12550.1
99631,XAUGBPm_20260826035009_1,XAUGBPm,BREAKOUT_RETEST,BUY,-1,2026.08.26 03:50:09,2026.08.26 05:38:27,108,3406.287,3401.957,-4330.0,-2952.04,0.299,0.269,SL_HIT,3404.27375,3414.274,3395.812,1,0.001,0.219,3404.27375,0.6,0,0.782,0.6514,0,0,0,0,0.0,0,0.74,0.466,1,0.74,0.195,0.177,0.193,0.15,0.0,3414.274,0.6,1.1,1,1,0.0,0,15678,0.511,1.99,0,0.0,0.205,0.0,0.217,0.677,0.449,1,-0.6844,430.0,12550.1
99610,XAUGBPm_20260826020000_7,XAUGBPm,ANCHORED_PULLBACK,BUY,-1,2026.08.26 02:00:00,2026.08.26 05:45:42,225,3413.527,3400.019,-13508.0,-9304.8,0.984,0.713,SL_HIT,3404.38213,3412.92335,3397.39385,0,0.296,0.271,3404.38213,0.5,0,0.75,0.72,0,0,0,0,0.0,0,0.436,0.258,0,0.436,0.216,0.14,0.347,0.4,0.0038,3404.38213,0.719,1.18,1,1,0.0,0,15677,0.178,2.0,0,0.0,0.205,0.0,0.259,0.677,0.449,1,-0.6844,430.0,12550.1
99642,XAUGBPm_20260826053721_5,XAUGBPm,MEAN_REVERSION,BUY,-1,2026.08.26 05:37:21,2026.08.26 06:16:52,39,3403.775,3399.023,-4752.0,-3238.58,0.369,0.159,SL_HIT,3404.4117,3414.1722,3399.8568,1,0.034,0.381,3404.4117,0.55,2,0.449,-0.6844,0,0,0,0,0.0,0,0.677,0.439,1,0.677,0.205,0.0,0.113,0.0,0.0,3414.1722,0.6,1.069,1,1,0.0,0,15680,0.641,2.28,0,0.15,0.216,0.053,0.344,0.652,0.5,0,-0.72,430.0,11932.1
99643,XAUGBPm_20260826053721_5,XAUGBPm,MEAN_REVERSION,BUY,0,2026.08.26 05:37:21,2026.08.26 06:16:52,39,3403.775,3399.023,-4752.0,-3238.58,0.369,0.159,SL_HIT,3404.4117,3414.1722,3399.8568,1,0.034,0.381,3404.4117,0.55,2,0.449,-0.6844,0,0,0,0,0.0,0,0.677,0.439,1,0.677,0.205,0.0,0.113,0.0,0.0,3414.1722,0.6,1.069,1,1,0.0,0,15680,0.641,2.28,0,0.15,0.216,0.053,0.344,0.652,0.5,0,-0.72,430.0,11932.1
99644,XAUGBPm_20260826053721_5,XAUGBPm,MEAN_REVERSION,BUY,1,2026.08.26 05:37:21,2026.08.26 06:16:52,39,3403.775,3399.023,-4752.0,-3238.58,0.369,0.159,SL_HIT,3404.4117,3414.1722,3399.8568,1,0.034,0.381,3404.4117,0.55,2,0.449,-0.6844,0,0,0,0,0.0,0,0.677,0.439,1,0.677,0.205,0.0,0.113,0.0,0.0,3414.1722,0.6,1.069,1,1,0.0,0,15680,0.641,2.28,0,0.15,0.216,0.053,0.344,0.652,0.5,0,-0.72,430.0,11932.1
99624,XAUGBPm_20260826030559_3,XAUGBPm,TREND_CONTINUATION,BUY,-1,2026.08.26 03:05:59,2026.08.26 06:22:23,196,3413.347,3396.401,-16946.0,-11549.04,1.195,0.0,SL_HIT,3404.27375,3414.274,3395.812,1,0.001,0.219,3404.27375,0.6,0,0.782,0.6514,0,0,0,0,0.0,0,0.74,0.474,1,0.74,0.195,0.177,0.199,0.15,0.0,3404.27375,0.719,1.108,1,1,0.0,0,15678,0.484,2.08,0,0.15,0.216,0.053,0.344,0.652,0.5,0,-0.72,430.0,11932.1
99637,XAUGBPm_20260826045734_2,XAUGBPm,PULLBACK,BUY,-1,2026.08.26 04:57:34,2026.08.26 06:23:21,85,3403.758,3394.659,-9099.0,-6201.65,0.627,0.443,SL_HIT,3404.19013,3411.0632,3395.7897,1,0.027,0.668,3404.19013,0.5,0,0.517,0.6821,0,0,0,0,0.0,0,0.75,0.497,1,0.75,0.205,0.124,0.099,0.0,0.0,3395.7897,0.6,1.048,1,1,0.0,0,15679,0.491,2.93,0,0.15,0.216,0.053,0.344,0.652,0.5,0,-0.72,430.0,11932.1
99652,XAUGBPm_20260826062319_4,XAUGBPm,SWEEP_REVERSAL,BUY,0,2026.08.26 06:23:20,2026.08.26 06:50:19,26,3395.548,3401.296,5748.0,3916.05,0.238,0.612,TRAIL_STOP,3404.73857,3414.90755,3400.55135,0,0.08,0.221,3404.73857,0.6,0,0.5,-0.72,0,0,0,0,0.0,0,0.652,0.455,1,0.652,0.216,0.053,0.344,0.15,0.0,3404.73857,0.723,1.325,1,1,0.0,0,15681,0.172,0.81,0,0.15,0.216,0.053,0.297,0.652,0.5,1,-0.72,430.0,11932.1
99653,XAUGBPm_20260826062319_4,XAUGBPm,SWEEP_REVERSAL,BUY,1,2026.08.26 06:23:20,2026.08.26 06:50:34,27,3395.548,3400.708,5160.0,3515.4,0.238,0.612,TRAIL_STOP,3404.73857,3414.90755,3400.55135,0,0.08,0.221,3404.73857,0.6,0,0.5,-0.72,0,0,0,0,0.0,0,0.652,0.455,1,0.652,0.216,0.053,0.344,0.15,0.0,3404.73857,0.723,1.325,1,1,0.0,0,15681,0.172,0.81,0,0.15,0.216,0.053,0.297,0.652,0.5,1,-0.72,430.0,11932.1
99658,XAUGBPm_20260826073755_5,XAUGBPm,MEAN_REVERSION,BUY,0,2026.08.26 07:37:55,2026.08.26 07:38:12,0,3397.359,3396.947,-412.0,-280.93,0.032,0.004,SL_HIT,3404.23197,3409.16825,3400.39265,0,0.248,0.53,3405.32892,0.4,0,0.825,-0.755,0,0,0,0,0.0,0,0.753,0.533,2,0.753,0.226,0.149,0.245,0.0,0.0,3404.23197,0.7,1.268,1,1,0.0,0,15682,0.693,0.81,0,0.0,0.226,0.149,0.245,0.753,0.825,0,-0.755,430.0,11285.6
99659,XAUGBPm_20260826073755_5,XAUGBPm,MEAN_REVERSION,BUY,1,2026.08.26 07:37:55,2026.08.26 07:39:14,1,3397.359,3396.311,-1048.0,-714.59,0.082,0.004,SL_HIT,3404.23197,3409.16825,3400.39265,0,0.248,0.53,3405.32892,0.4,0,0.825,-0.755,0,0,0,0,0.0,0,0.753,0.533,2,0.753,0.226,0.149,0.245,0.0,0.0,3404.23197,0.7,1.268,1,1,0.0,0,15682,0.693,0.81,0,0.0,0.226,0.149,0.245,0.753,0.825,0,-0.755,430.0,11285.6
99663,XAUGBPm_20260826082900_4,XAUGBPm,SWEEP_REVERSAL,BUY,0,2026.08.26 08:29:00,2026.08.26 08:29:08,0,3395.543,3394.594,-949.0,-646.99,0.072,0.0,SL_HIT,3404.43808,3405.74075,3397.05625,0,0.255,0.215,3398.35892,0.5,0,0.9,-0.79,0,0,0,0,0.0,0,0.602,0.463,1,0.602,0.237,0.189,0.232,0.15,0.0,3404.43808,0.7,1.159,1,2,0.0,0,15683,0.208,0.84,0,0.15,0.237,0.189,0.232,0.602,0.9,0,-0.79,430.0,11088.2
99664,XAUGBPm_20260826082900_4,XAUGBPm,SWEEP_REVERSAL,BUY,1,2026.08.26 08:29:00,2026.08.26 08:30:23,1,3395.543,3394.469,-1074.0,-732.18,0.095,0.0,SL_HIT,3404.43808,3405.74075,3397.05625,0,0.255,0.215,3398.35892,0.5,0,0.9,-0.79,0,0,0,0,0.0,0,0.602,0.463,1,0.602,0.237,0.189,0.232,0.15,0.0,3404.43808,0.7,1.159,1,2,0.0,0,15683,0.208,0.84,0,0.15,0.237,0.189,0.232,0.602,0.9,0,-0.79,430.0,11088.2
99668,XAUGBPm_20260826090000_7,XAUGBPm,ANCHORED_PULLBACK,BUY,0,2026.08.26 09:00:00,2026.08.26 09:00:11,0,3396.459,3395.566,-893.0,-608.54,0.071,0.0,SL_HIT,3395.40538,3402.99725,3393.887,1,0.046,0.507,3395.40538,0.45,0,0.975,-0.825,0,0,0,0,0.0,3,0.9,0.52,2,0.299,0.648,0.204,0.12,0.3,0.0388,3402.99725,0.6,1.5,1,2,0.0,0,15684,0.704,1.88,0,0.0,0.247,0.099,0.0,0.599,0.975,1,-0.825,430.0,10979.7
99669,XAUGBPm_20260826090000_7,XAUGBPm,ANCHORED_PULLBACK,BUY,1,2026.08.26 09:00:00,2026.08.26 09:01:03,1,3396.459,3395.508,-951.0,-648.08,0.103,0.008,SL_HIT,3395.40538,3402.99725,3393.887,1,0.046,0.507,3395.40538,0.45,0,0.975,-0.825,0,0,0,0,0.0,3,0.9,0.52,2,0.299,0.648,0.204,0.12,0.3,0.0388,3402.99725,0.6,1.5,1,2,0.0,0,15684,0.704,1.88,0,0.0,0.247,0.099,0.0,0.599,0.975,1,-0.825,430.0,10979.7
99667,XAUGBPm_20260826090000_7,XAUGBPm,ANCHORED_PULLBACK,BUY,-1,2026.08.26 09:00:00,2026.08.26 09:16:26,16,3396.339,3392.688,-3651.0,-2569.07,0.319,0.152,SL_HIT,3395.40538,3402.99725,3393.887,1,0.046,0.507,3395.40538,0.45,0,0.975,-0.825,0,0,0,0,0.0,3,0.9,0.52,2,0.299,0.648,0.204,0.12,0.3,0.0388,3402.99725,0.6,1.5,1,2,0.0,0,15684,0.704,1.88,0,0.0,0.247,0.099,0.24,0.599,0.975,0,-0.825,430.0,10979.7
99598,XAUGBPm_20260826010559_3,XAUGBPm,TREND_CONTINUATION,BUY,-1,2026.08.26 01:05:59,2026.08.26 09:25:15,499,3404.495,3389.236,-15259.0,-10394.96,1.197,1.484,SL_HIT,3414.6485,3423.794,3408.317,0,0.928,0.15,3397.7645,0.55,0,1.0,0.685,0,0,0,0,0.0,0,0.716,0.396,1,0.716,0.206,0.14,0.395,0.4,0.0,3397.7645,0.733,1.253,1,1,0.0,0,15676,0.541,2.08,0,0.0,0.247,0.099,0.291,0.599,0.975,0,-0.825,430.0,10979.7
99657,XAUGBPm_20260826073755_5,XAUGBPm,MEAN_REVERSION,BUY,-1,2026.08.26 07:37:55,2026.08.26 09:25:44,107,3397.359,3388.269,-9090.0,-6192.24,0.797,0.151,SL_HIT,3404.23197,3409.16825,3400.39265,0,0.248,0.53,3405.32892,0.4,0,0.825,-0.755,0,0,0,0,0.0,0,0.753,0.533,2,0.753,0.226,0.149,0.245,0.0,0.0,3404.23197,0.7,1.268,1,1,0.0,0,15682,0.693,0.81,0,0.0,0.247,0.099,0.291,0.599,0.975,0,-0.825,430.0,10979.7
99676,XAUGBPm_20260826094551_5,XAUGBPm,MEAN_REVERSION,BUY,0,2026.08.26 09:45:51,2026.08.26 09:46:48,0,3392.337,3392.154,-183.0,-124.71,0.076,0.021,SL_HIT,3395.40538,3402.99725,3393.887,0,0.046,0.507,3395.40538,0.45,0,0.975,-0.825,0,0,0,0,0.0,0,0.599,0.462,1,0.599,0.247,0.099,0.24,0.0,0.0,3402.99725,0.6,1.259,1,2,0.0,0,15684,0.604,1.23,0,0.0,0.247,0.099,0.24,0.599,0.975,0,-0.825,430.0,10979.7
99677,XAUGBPm_20260826094551_5,XAUGBPm,MEAN_REVERSION,BUY,1,2026.08.26 09:45:51,2026.08.26 09:50:02,4,3392.337,3392.874,537.0,365.88,0.076,0.151,TRAIL_STOP,3395.40538,3402.99725,3393.887,0,0.046,0.507,3395.40538,0.45,0,0.975,-0.825,0,0,0,0,0.0,0,0.599,0.462,1,0.599,0.247,0.099,0.24,0.0,0.0,3402.99725,0.6,1.259,1,2,0.0,0,15684,0.604,1.23,0,0.0,0.247,0.099,0.24,0.599,0.975,0,-0.825,430.0,10979.7
99680,XAUGBPm_20260826114810_5,XAUGBPm,MEAN_REVERSION,BUY,-1,2026.08.26 11:48:10,2026.08.26 12:02:30,14,3388.493,3395.709,7216.0,4917.23,0.049,0.641,TP_HIT,3395.16478,3397.07115,3390.2082,0,0.066,0.418,3395.16478,0.45,0,1.0,-0.895,0,0,0,0,0.0,0,0.658,0.485,1,0.658,0.269,0.145,0.238,0.0,0.0,3395.16478,0.744,1.257,1,2,0.0,0,15686,0.628,0.8,0,0.0,0.279,0.12,0.079,0.768,0.8,0,-0.93,430.0,10917.3
99681,XAUGBPm_20260826114810_5,XAUGBPm,MEAN_REVERSION,BUY,0,2026.08.26 11:48:10,2026.08.26 12:02:30,14,3388.493,3395.709,7216.0,4917.23,0.049,0.641,TP_HIT,3395.16478,3397.07115,3390.2082,0,0.066,0.418,3395.16478,0.45,0,1.0,-0.895,0,0,0,0,0.0,0,0.658,0.485,1,0.658,0.269,0.145,0.238,0.0,0.0,3395.16478,0.744,1.257,1,2,0.0,0,15686,0.628,0.8,0,0.0,0.279,0.12,0.079,0.768,0.8,0,-0.93,430.0,10917.3
99682,XAUGBPm_20260826114810_5,XAUGBPm,MEAN_REVERSION,BUY,1,2026.08.26 11:48:10,2026.08.26 12:02:30,14,3388.493,3395.709,7216.0,4917.23,0.049,0.641,TP_HIT,3395.16478,3397.07115,3390.2082,0,0.066,0.418,3395.16478,0.45,0,1.0,-0.895,0,0,0,0,0.0,0,0.658,0.485,1,0.658,0.269,0.145,0.238,0.0,0.0,3395.16478,0.744,1.257,1,2,0.0,0,15686,0.628,0.8,0,0.0,0.279,0.12,0.079,0.768,0.8,0,-0.93,430.0,10917.3
99686,XAUGBPm_20260826130000_4,XAUGBPm,SWEEP_REVERSAL,BUY,-1,2026.08.26 13:00:00,2026.08.26 13:00:02,0,3391.789,3388.315,-3474.0,-2277.18,0.302,0.0,SL_HIT,3391.76455,3395.0772,3389.0542,1,0.073,0.31,3391.76455,0.5,0,0.8,-0.79,0,1,1,0,0.0,6,0.75,0.363,1,0.771,0.237,0.627,0.474,0.55,0.0,3395.0772,0.6,0.531,1,2,0.0,0,15688,0.612,1.09,6,0.55,0.237,0.627,0.631,0.771,0.8,0,-0.79,489.0,11000.9
99688,XAUGBPm_20260826130000_4,XAUGBPm,SWEEP_REVERSAL,BUY,1,2026.08.26 13:00:00,2026.08.26 13:00:02,0,3391.782,3388.315,-3467.0,-2266.3,0.302,0.0,SL_HIT,3391.76455,3395.0772,3389.0542,1,0.073,0.31,3391.76455,0.5,0,0.8,-0.79,0,1,1,0,0.0,6,0.75,0.363,1,0.771,0.237,0.627,0.474,0.55,0.0,3395.0772,0.6,0.531,1,2,0.0,0,15688,0.612,1.09,6,0.55,0.237,0.627,0.631,0.771,0.8,0,-0.79,489.0,11000.9
99687,XAUGBPm_20260826130000_4,XAUGBPm,SWEEP_REVERSAL,BUY,0,2026.08.26 13:00:00,2026.08.26 13:00:02,0,3391.662,3388.167,-3495.0,-2459.52,0.304,0.0,SL_HIT,3391.76455,3395.0772,3389.0542,1,0.073,0.31,3391.76455,0.5,0,0.8,-0.79,0,1,1,0,0.0,6,0.75,0.363,1,0.771,0.237,0.627,0.474,0.55,0.0,3395.0772,0.6,0.531,1,2,0.0,0,15688,0.612,1.09,6,0.55,0.237,0.627,0.631,0.771,0.8,0,-0.79,489.0,11000.9
99662,XAUGBPm_20260826082900_4,XAUGBPm,SWEEP_REVERSAL,BUY,-1,2026.08.26 08:29:00,2026.08.26 13:16:01,287,3395.543,3384.143,-11400.0,-7755.42,0.984,0.284,SL_HIT,3404.43808,3405.74075,3397.05625,0,0.255,0.215,3398.35892,0.5,0,0.9,-0.79,0,0,0,0,0.0,0,0.602,0.463,1,0.602,0.237,0.189,0.232,0.15,0.0,3404.43808,0.7,1.159,1,2,0.0,0,15683,0.208,0.84,6,0.55,0.237,0.627,0.709,0.771,0.8,0,-0.79,489.0,11000.9
99675,XAUGBPm_20260826094551_5,XAUGBPm,MEAN_REVERSION,BUY,-1,2026.08.26 09:45:51,2026.08.26 13:16:01,210,3392.609,3383.736,-8873.0,-5851.17,0.792,0.554,SL_HIT,3395.40538,3402.99725,3393.887,0,0.046,0.507,3395.40538,0.45,0,0.975,-0.825,0,0,0,0,0.0,0,0.599,0.462,1,0.599,0.247,0.099,0.24,0.0,0.0,3402.99725,0.6,1.259,1,2,0.0,0,15684,0.604,1.23,6,0.55,0.237,0.627,0.709,0.771,0.8,0,-0.79,489.0,11000.9
99651,XAUGBPm_20260826062319_4,XAUGBPm,SWEEP_REVERSAL,BUY,-1,2026.08.26 06:23:20,2026.08.26 13:16:01,412,3395.548,3383.586,-11962.0,-8137.63,0.99,0.612,SL_HIT,3404.73857,3414.90755,3400.55135,0,0.08,0.221,3404.73857,0.6,0,0.5,-0.72,0,0,0,0,0.0,0,0.652,0.455,1,0.652,0.216,0.053,0.344,0.15,0.0,3404.73857,0.723,1.325,1,1,0.0,0,15681,0.172,0.81,6,0.55,0.237,0.627,0.709,0.771,0.8,0,-0.79,489.0,11000.9
99696,XAUGBPm_20260826160000_5,XAUGBPm,MEAN_REVERSION,BUY,0,2026.08.26 16:00:01,2026.08.26 16:00:13,0,3381.503,3380.905,-598.0,-406.48,0.046,0.003,SL_HIT,3393.55613,3401.15505,3385.9572,0,0.82,0.499,3390.17882,0.45,0,0.906,-0.6293,0,0,0,-1,0.0,0,0.764,0.503,2,0.764,0.189,0.098,0.184,0.0,0.0,3390.17882,0.741,1.176,1,1,0.0,0,15691,0.7,1.0,0,0.0,0.189,0.098,0.184,0.764,0.906,0,-0.6293,430.0,11527.2
99697,XAUGBPm_20260826160000_5,XAUGBPm,MEAN_REVERSION,BUY,1,2026.08.26 16:00:01,2026.08.26 16:00:21,0,3381.503,3380.319,-1184.0,-804.77,0.099,0.0,SL_HIT,3393.55613,3401.15505,3385.9572,0,0.82,0.499,3390.17882,0.45,0,0.906,-0.6293,0,0,0,-1,0.0,0,0.764,0.503,2,0.764,0.189,0.098,0.184,0.0,0.0,3390.17882,0.741,1.176,1,1,0.0,0,15691,0.7,1.0,0,0.0,0.189,0.098,0.189,0.764,0.906,0,-0.6293,430.0,11527.2
99701,XAUGBPm_20260826200930_5,XAUGBPm,MEAN_REVERSION,BUY,0,2026.08.26 20:09:30,2026.08.26 20:09:56,0,3380.335,3379.586,-749.0,-509.12,0.054,0.0,SL_HIT,3379.75695,3383.2698,3378.7989,1,0.014,0.327,3379.75695,0.35,0,0.8,-1.0,0,0,0,-1,0.0,0,0.624,0.495,1,0.624,0.3,0.188,0.0,0.0,0.0,0.0,0.0,0.9,1,2,0.0,0,15695,0.608,1.87,0,0.0,0.3,0.188,0.0,0.624,0.8,1,-1.0,430.0,11249.0
99702,XAUGBPm_20260826200930_5,XAUGBPm,MEAN_REVERSION,BUY,1,2026.08.26 20:09:30,2026.08.26 20:11:17,1,3380.335,3378.947,-1388.0,-943.45,0.114,0.0,SL_HIT,3379.75695,3383.2698,3378.7989,1,0.014,0.327,3379.75695,0.35,0,0.8,-1.0,0,0,0,-1,0.0,0,0.624,0.495,1,0.624,0.3,0.188,0.0,0.0,0.0,0.0,0.0,0.9,1,2,0.0,0,15695,0.608,1.87,0,0.0,0.3,0.188,0.085,0.624,0.8,1,-1.0,430.0,11249.0
99452,XAUGBPm_20260825030001_2,XAUGBPm,PULLBACK,BUY,-1,2026.08.25 03:00:01,2026.08.26 20:20:52,2480,3396.558,3372.28,-24278.0,-16774.58,1.499,1.69,SL_HIT,3430.77423,3443.329,3409.8496,0,1.81,0.252,3430.77423,0.6,0,0.825,0.755,0,0,0,0,0.0,0,0.613,0.396,1,0.613,0.226,0.053,0.299,0.15,0.0,3430.77423,0.727,1.259,1,2,0.0,0,15655,0.414,1.43,0,0.0,0.3,0.188,0.296,0.624,0.8,0,-1.0,429.0,11249.0
99449,XAUGBPm_20260825030000_0,XAUGBPm,BREAKOUT,BUY,-1,2026.08.25 03:00:00,2026.08.26 20:20:53,2480,3396.445,3372.135,-24310.0,-16796.33,1.499,1.697,SL_HIT,3430.77423,3443.329,3409.8496,0,1.81,0.252,3430.77423,0.6,0,0.825,0.755,0,0,0,0,0.0,2,1.0,0.545,2,0.543,0.926,0.053,0.299,0.15,1.1335,3430.77423,0.727,1.709,1,2,0.0,0,15655,0.584,1.44,0,0.0,0.3,0.188,0.296,0.624,0.8,0,-1.0,429.0,11249.0
99695,XAUGBPm_20260826160000_5,XAUGBPm,MEAN_REVERSION,BUY,-1,2026.08.26 16:00:01,2026.08.26 20:20:53,260,3381.361,3372.135,-9226.0,-6367.66,0.788,0.498,SL_HIT,3393.55613,3401.15505,3385.9572,0,0.82,0.499,3390.17882,0.45,0,0.906,-0.6293,0,0,0,-1,0.0,0,0.764,0.503,2,0.764,0.189,0.098,0.184,0.0,0.0,3390.17882,0.741,1.176,1,1,0.0,0,15691,0.7,1.0,0,0.0,0.3,0.188,0.296,0.624,0.8,0,-1.0,429.0,11249.0
99709,XAUGBPm_20260826220123_7,XAUGBPm,ANCHORED_PULLBACK,BUY,0,2026.08.26 22:01:23,2026.08.26 22:01:28,0,3385.752,3385.292,-460.0,-312.74,0.039,0.011,SL_HIT,3379.97095,3382.6306,3378.0712,0,0.517,0.034,3379.97095,0.3,0,1.0,-1.0,4,0,0,0,0.0,0,0.724,0.472,1,0.724,0.3,0.283,0.312,0.15,0.0,3379.97095,0.737,1.278,1,2,0.0,0,15696,0.262,1.24,0,0.15,0.3,0.283,0.312,0.724,1.0,0,-1.0,489.0,11029.4
99710,XAUGBPm_20260826220123_7,XAUGBPm,ANCHORED_PULLBACK,BUY,1,2026.08.26 22:01:23,2026.08.26 22:02:22,0,3385.752,3386.197,445.0,302.51,0.042,0.132,TRAIL_STOP,3379.97095,3382.6306,3378.0712,0,0.517,0.034,3379.97095,0.3,0,1.0,-1.0,4,0,0,0,0.0,0,0.724,0.472,1,0.724,0.3,0.283,0.312,0.15,0.0,3379.97095,0.737,1.278,1,2,0.0,0,15696,0.262,1.24,0,0.15,0.3,0.283,0.327,0.724,1.0,0,-1.0,489.0,11029.4
99708,XAUGBPm_20260826220123_7,XAUGBPm,ANCHORED_PULLBACK,BUY,-1,2026.08.26 22:01:23,2026.08.26 22:17:40,16,3385.752,3391.19,5438.0,3696.7,0.08,0.479,TP_HIT,3379.97095,3382.6306,3378.0712,0,0.517,0.034,3379.97095,0.3,0,1.0,-1.0,4,0,0,0,0.0,0,0.724,0.472,1,0.724,0.3,0.283,0.312,0.15,0.0,3379.97095,0.737,1.278,1,2,0.0,0,15696,0.262,1.24,0,0.15,0.3,0.283,0.349,0.724,1.0,0,-1.0,431.0,11029.4
99700,XAUGBPm_20260826200930_5,XAUGBPm,MEAN_REVERSION,BUY,-1,2026.08.26 20:09:30,2026.08.26 23:18:43,189,3380.335,3397.224,16889.0,11481.23,0.742,1.5,TP_HIT,3379.75695,3383.2698,3378.7989,1,0.014,0.327,3379.75695,0.35,0,0.8,-1.0,0,0,0,-1,0.0,0,0.624,0.495,1,0.624,0.3,0.188,0.0,0.0,0.0,0.0,0.0,0.9,1,2,0.0,0,15695,0.608,1.87,0,0.15,0.3,0.053,0.338,0.673,1.0,0,-1.0,431.0,11007.6
99716,XAUGBPm_20260827020000_0,XAUGBPm,BREAKOUT,BUY,0,2026.08.27 02:00:00,2026.08.27 02:00:10,0,3414.12,3413.419,-701.0,-384.71,0.053,0.0,SL_HIT,3398.69018,3402.3268,3389.23495,0,0.994,0.023,3398.69018,0.45,0,0.675,0.685,0,0,0,0,0.0,0,0.671,0.466,1,0.671,0.206,0.17,0.34,0.15,0.0,3398.69018,0.741,1.172,1,1,0.0,0,15700,0.419,2.26,0,0.15,0.206,0.17,0.34,0.671,0.675,0,0.685,432.0,13489.8
99717,XAUGBPm_20260827020000_0,XAUGBPm,BREAKOUT,BUY,1,2026.08.27 02:00:00,2026.08.27 02:03:48,3,3413.985,3414.404,419.0,284.76,0.061,0.125,TRAIL_STOP,3398.69018,3402.3268,3389.23495,0,0.994,0.023,3398.69018,0.45,0,0.675,0.685,0,0,0,0,0.0,0,0.671,0.466,1,0.671,0.206,0.17,0.34,0.15,0.0,3398.69018,0.741,1.172,1,1,0.0,0,15700,0.419,2.26,0,0.15,0.206,0.17,0.34,0.671,0.675,0,0.685,432.0,13489.8
99721,XAUGBPm_20260827022841_2,XAUGBPm,PULLBACK,BUY,0,2026.08.27 02:28:41,2026.08.27 02:28:47,0,3410.762,3409.796,-966.0,-656.44,0.063,0.0,SL_HIT,3398.69018,3402.3268,3389.23495,0,0.994,0.023,3398.69018,0.45,0,0.675,0.685,0,0,0,0,0.0,0,0.671,0.454,1,0.671,0.206,0.17,0.347,0.15,0.0,3398.69018,0.741,1.071,1,1,0.0,0,15700,0.378,1.03,0,0.15,0.206,0.17,0.347,0.671,0.675,0,0.685,432.0,13489.8
99722,XAUGBPm_20260827022841_2,XAUGBPm,PULLBACK,BUY,1,2026.08.27 02:28:41,2026.08.27 02:29:26,0,3410.762,3409.027,-1735.0,-1085.19,0.123,0.0,SL_HIT,3398.69018,3402.3268,3389.23495,0,0.994,0.023,3398.69018,0.45,0,0.675,0.685,0,0,0,0,0.0,0,0.671,0.454,1,0.671,0.206,0.17,0.347,0.15,0.0,3398.69018,0.741,1.071,1,1,0.0,0,15700,0.378,1.03,0,0.15,0.206,0.17,0.346,0.671,0.675,0,0.685,432.0,13489.8
99720,XAUGBPm_20260827022841_2,XAUGBPm,PULLBACK,BUY,-1,2026.08.27 02:28:41,2026.08.27 02:35:50,7,3410.762,3405.204,-5558.0,-3776.77,0.407,0.0,SL_HIT,3398.69018,3402.3268,3389.23495,0,0.994,0.023,3398.69018,0.45,0,0.675,0.685,0,0,0,0,0.0,0,0.671,0.454,1,0.671,0.206,0.17,0.347,0.15,0.0,3398.69018,0.741,1.071,1,1,0.0,0,15700,0.378,1.03,0,0.15,0.206,0.17,0.323,0.671,0.675,0,0.685,432.0,13489.8
99727,XAUGBPm_20260827030000_1,XAUGBPm,BREAKOUT_RETEST,BUY,0,2026.08.27 03:00:00,2026.08.27 03:00:32,0,3406.545,3405.988,-557.0,-378.54,0.041,0.0,SL_HIT,3399.57282,3408.00625,3391.1394,1,0.029,0.189,3399.57282,0.55,0,0.75,0.72,0,0,0,0,0.0,2,1.0,0.459,1,0.719,0.916,0.296,0.328,0.45,0.2682,3399.57282,0.731,1.056,1,1,0.0,0,15701,0.713,2.45,0,0.15,0.216,0.191,0.208,0.756,0.75,1,0.72,432.0,14076.0
99728,XAUGBPm_20260827030000_1,XAUGBPm,BREAKOUT_RETEST,BUY,1,2026.08.27 03:00:00,2026.08.27 03:02:03,2,3406.545,3405.542,-1003.0,-681.67,0.076,0.02,SL_HIT,3399.57282,3408.00625,3391.1394,1,0.029,0.189,3399.57282,0.55,0,0.75,0.72,0,0,0,0,0.0,2,1.0,0.459,1,0.719,0.916,0.296,0.328,0.45,0.2682,3399.57282,0.731,1.056,1,1,0.0,0,15701,0.713,2.45,0,0.15,0.216,0.191,0.208,0.756,0.75,1,0.72,432.0,14076.0
99732,XAUGBPm_20260827035620_3,XAUGBPm,TREND_CONTINUATION,BUY,0,2026.08.27 03:56:20,2026.08.27 03:57:43,1,3405.038,3404.328,-710.0,-482.38,0.041,0.0,SL_HIT,3399.57282,3408.00625,3391.1394,1,0.029,0.189,3399.57282,0.55,0,0.75,0.72,0,0,0,0,0.0,0,0.756,0.409,1,0.756,0.216,0.191,0.255,0.15,0.0,3399.57282,0.731,0.759,1,1,0.0,0,15701,0.461,2.08,0,0.15,0.216,0.191,0.255,0.756,0.75,1,0.72,432.0,14076.0
99733,XAUGBPm_20260827035620_3,XAUGBPm,TREND_CONTINUATION,BUY,1,2026.08.27 03:56:20,2026.08.27 03:58:04,1,3405.038,3403.622,-1416.0,-962.07,0.092,0.0,SL_HIT,3399.57282,3408.00625,3391.1394,1,0.029,0.189,3399.57282,0.55,0,0.75,0.72,0,0,0,0,0.0,0,0.756,0.409,1,0.756,0.216,0.191,0.255,0.15,0.0,3399.57282,0.731,0.759,1,1,0.0,0,15701,0.461,2.08,0,0.15,0.216,0.191,0.255,0.756,0.75,1,0.72,432.0,14076.0
99737,XAUGBPm_20260827040000_0,XAUGBPm,BREAKOUT,BUY,0,2026.08.27 04:00:00,2026.08.27 04:00:31,0,3404.494,3403.647,-847.0,-575.49,0.054,0.0,SL_HIT,3405.70622,3411.07295,3392.67275,1,0.118,0.781,3399.57282,0.6,0,0.55,0.58,0,0,0,0,0.0,2,0.832,0.413,1,0.404,0.874,0.303,0.308,0.55,0.1104,3399.57282,0.735,0.937,1,1,0.0,0,15702,0.368,1.84,0,0.25,0.174,0.198,0.188,0.669,0.55,1,0.58,432.0,13886.6
99738,XAUGBPm_20260827040000_0,XAUGBPm,BREAKOUT,BUY,1,2026.08.27 04:00:00,2026.08.27 04:05:36,5,3404.494,3403.368,-1126.0,-765.13,0.092,0.01,SL_HIT,3405.70622,3411.07295,3392.67275,1,0.118,0.781,3399.57282,0.6,0,0.55,0.58,0,0,0,0,0.0,2,0.832,0.413,1,0.404,0.874,0.303,0.308,0.55,0.1104,3399.57282,0.735,0.937,1,1,0.0,0,15702,0.368,1.84,0,0.25,0.174,0.198,0.242,0.669,0.55,1,0.58,432.0,13886.6
99726,XAUGBPm_20260827030000_1,XAUGBPm,BREAKOUT_RETEST,BUY,-1,2026.08.27 03:00:00,2026.08.27 04:20:54,80,3406.545,3402.295,-4250.0,-2887.88,0.294,0.433,SL_HIT,3399.57282,3408.00625,3391.1394,1,0.029,0.189,3399.57282,0.55,0,0.75,0.72,0,0,0,0,0.0,2,1.0,0.459,1,0.719,0.916,0.296,0.328,0.45,0.2682,3399.57282,0.731,1.056,1,1,0.0,0,15701,0.713,2.45,0,0.25,0.174,0.198,0.242,0.669,0.55,1,0.58,432.0,13886.6
99715,XAUGBPm_20260827020000_0,XAUGBPm,BREAKOUT,BUY,-1,2026.08.27 02:00:00,2026.08.27 04:30:22,150,3414.12,3399.172,-14948.0,-10157.39,1.099,0.115,SL_HIT,3398.69018,3402.3268,3389.23495,0,0.994,0.023,3398.69018,0.45,0,0.675,0.685,0,0,0,0,0.0,0,0.671,0.466,1,0.671,0.206,0.17,0.34,0.15,0.0,3398.69018,0.741,1.172,1,1,0.0,0,15700,0.419,2.26,0,0.25,0.174,0.198,0.163,0.669,0.55,1,0.58,431.0,13886.6
99736,XAUGBPm_20260827040000_0,XAUGBPm,BREAKOUT,BUY,-1,2026.08.27 04:00:00,2026.08.27 04:35:07,35,3404.494,3398.571,-5923.0,-4024.38,0.417,0.01,SL_HIT,3405.70622,3411.07295,3392.67275,1,0.118,0.781,3399.57282,0.6,0,0.55,0.58,0,0,0,0,0.0,2,0.832,0.413,1,0.404,0.874,0.303,0.308,0.55,0.1104,3399.57282,0.735,0.937,1,1,0.0,0,15702,0.368,1.84,0,0.25,0.174,0.198,0.181,0.669,0.55,1,0.58,431.0,13886.6
99745,XAUGBPm_20260827043845_2,XAUGBPm,PULLBACK,BUY,0,2026.08.27 04:38:45,2026.08.27 04:40:03,1,3398.897,3398.364,-533.0,-362.13,0.051,0.001,SL_HIT,3405.70622,3411.07295,3392.67275,1,0.118,0.781,3399.57282,0.6,0,0.55,0.58,0,0,0,0,0.0,0,0.669,0.363,1,0.669,0.174,0.198,0.181,0.25,0.0,3405.70622,0.7,0.508,1,1,0.0,0,15702,0.458,1.01,0,0.25,0.174,0.198,0.181,0.669,0.55,1,0.58,431.0,13886.6
99746,XAUGBPm_20260827043845_2,XAUGBPm,PULLBACK,BUY,1,2026.08.27 04:38:45,2026.08.27 04:45:46,7,3398.897,3398.754,-143.0,-97.15,0.075,0.085,SL_HIT,3405.70622,3411.07295,3392.67275,1,0.118,0.781,3399.57282,0.6,0,0.55,0.58,0,0,0,0,0.0,0,0.669,0.363,1,0.669,0.174,0.198,0.181,0.25,0.0,3405.70622,0.7,0.508,1,1,0.0,0,15702,0.458,1.01,0,0.25,0.174,0.198,0.181,0.669,0.55,1,0.58,432.0,13886.6
99750,XAUGBPm_20260827050001_1,XAUGBPm,BREAKOUT_RETEST,BUY,0,2026.08.27 05:00:01,2026.08.27 05:00:24,0,3399.303,3398.765,-538.0,-365.52,0.045,0.0,SL_HIT,3399.72077,3410.1244,3397.64005,1,0.04,0.513,3399.72077,0.45,0,0.6,0.615,0,0,0,0,0.0,0,0.627,0.391,1,0.627,0.185,0.207,0.233,0.25,0.0,3410.1244,0.6,0.621,1,1,0.0,0,15703,0.413,2.95,0,0.25,0.185,0.207,0.233,0.627,0.6,1,0.615,431.0,12550.3
99753,XAUGBPm_20260827050001_5,XAUGBPm,MEAN_REVERSION,BUY,0,2026.08.27 05:00:02,2026.08.27 05:00:24,0,3399.173,3398.765,-408.0,-277.2,0.032,0.02,SL_HIT,3399.72077,3410.1244,3397.64005,1,0.04,0.513,3399.72077,0.45,0,0.6,0.615,0,0,0,0,0.0,0,0.627,0.39,1,0.627,0.185,0.207,0.233,0.25,0.0,3410.1244,0.6,0.613,1,1,0.0,0,15703,0.613,1.13,0,0.25,0.185,0.207,0.233,0.627,0.6,1,0.615,431.0,12550.3
99751,XAUGBPm_20260827050001_1,XAUGBPm,BREAKOUT_RETEST,BUY,1,2026.08.27 05:00:01,2026.08.27 05:00:37,0,3399.303,3398.094,-1209.0,-821.44,0.085,0.0,SL_HIT,3399.72077,3410.1244,3397.64005,1,0.04,0.513,3399.72077,0.45,0,0.6,0.615,0,0,0,0,0.0,0,0.627,0.391,1,0.627,0.185,0.207,0.233,0.25,0.0,3410.1244,0.6,0.621,1,1,0.0,0,15703,0.413,2.95,0,0.25,0.185,0.207,0.233,0.627,0.6,1,0.615,431.0,12550.3
99754,XAUGBPm_20260827050001_5,XAUGBPm,MEAN_REVERSION,BUY,1,2026.08.27 05:00:02,2026.08.27 05:00:37,0,3399.173,3398.094,-1079.0,-733.11,0.075,0.008,SL_HIT,3399.72077,3410.1244,3397.64005,1,0.04,0.513,3399.72077,0.45,0,0.6,0.615,0,0,0,0,0.0,0,0.627,0.39,1,0.627,0.185,0.207,0.233,0.25,0.0,3410.1244,0.6,0.613,1,1,0.0,0,15703,0.613,1.13,0,0.25,0.185,0.207,0.233,0.627,0.6,1,0.615,431.0,12550.3
99760,XAUGBPm_20260827050117_4,XAUGBPm,SWEEP_REVERSAL,BUY,0,2026.08.27 05:01:17,2026.08.27 05:01:42,0,3398.069,3397.151,-918.0,-623.71,0.061,0.0,SL_HIT,3399.72077,3410.1244,3397.64005,0,0.04,0.513,3399.72077,0.45,0,0.6,0.615,0,0,0,0,0.0,0,0.627,0.398,1,0.627,0.185,0.207,0.356,0.25,0.0,3410.1244,0.6,0.679,1,1,0.0,0,15703,0.226,0.99,0,0.25,0.185,0.207,0.356,0.627,0.6,0,0.615,431.0,12550.3
99761,XAUGBPm_20260827050117_4,XAUGBPm,SWEEP_REVERSAL,BUY,1,2026.08.27 05:01:17,2026.08.27 05:07:54,6,3398.069,3399.244,1175.0,798.27,0.073,0.187,TRAIL_STOP,3399.72077,3410.1244,3397.64005,0,0.04,0.513,3399.72077,0.45,0,0.6,0.615,0,0,0,0,0.0,0,0.627,0.398,1,0.627,0.185,0.207,0.356,0.25,0.0,3410.1244,0.6,0.679,1,1,0.0,0,15703,0.226,0.99,0,0.25,0.185,0.207,0.1,0.627,0.6,1,0.615,432.0,12550.3
99749,XAUGBPm_20260827050001_1,XAUGBPm,BREAKOUT_RETEST,BUY,-1,2026.08.27 05:00:01,2026.08.27 05:30:35,30,3399.456,3395.659,-3797.0,-2476.33,0.293,0.126,SL_HIT,3399.72077,3410.1244,3397.64005,1,0.04,0.513,3399.72077,0.45,0,0.6,0.615,0,0,0,0,0.0,0,0.627,0.391,1,0.627,0.185,0.207,0.233,0.25,0.0,3410.1244,0.6,0.621,1,1,0.0,0,15703,0.413,2.95,0,0.25,0.185,0.207,0.364,0.627,0.6,0,0.615,431.0,12550.3
99744,XAUGBPm_20260827043845_2,XAUGBPm,PULLBACK,BUY,-1,2026.08.27 04:38:45,2026.08.27 05:32:19,53,3398.897,3391.684,-7213.0,-4901.31,0.508,0.154,SL_HIT,3405.70622,3411.07295,3392.67275,1,0.118,0.781,3399.57282,0.6,0,0.55,0.58,0,0,0,0,0.0,0,0.669,0.363,1,0.669,0.174,0.198,0.181,0.25,0.0,3405.70622,0.7,0.508,1,1,0.0,0,15702,0.458,1.01,0,0.25,0.185,0.207,0.372,0.627,0.6,0,0.615,431.0,12550.3
99752,XAUGBPm_20260827050001_5,XAUGBPm,MEAN_REVERSION,BUY,-1,2026.08.27 05:00:02,2026.08.27 05:44:22,44,3399.173,3389.036,-10137.0,-6888.29,0.793,0.148,SL_HIT,3399.72077,3410.1244,3397.64005,1,0.04,0.513,3399.72077,0.45,0,0.6,0.615,0,0,0,0,0.0,0,0.627,0.39,1,0.627,0.185,0.207,0.233,0.25,0.0,3410.1244,0.6,0.613,1,1,0.0,0,15703,0.613,1.13,0,0.25,0.185,0.207,0.379,0.627,0.6,0,0.615,431.0,12550.3
99731,XAUGBPm_20260827035620_3,XAUGBPm,TREND_CONTINUATION,BUY,-1,2026.08.27 03:56:20,2026.08.27 05:52:04,115,3405.038,3388.087,-16951.0,-11517.7,1.198,0.0,SL_HIT,3399.57282,3408.00625,3391.1394,1,0.029,0.189,3399.57282,0.55,0,0.75,0.72,0,0,0,0,0.0,0,0.756,0.409,1,0.756,0.216,0.191,0.255,0.15,0.0,3399.57282,0.731,0.759,1,1,0.0,0,15701,0.461,2.08,0,0.25,0.185,0.207,0.379,0.627,0.6,0,0.615,431.0,12550.3
99759,XAUGBPm_20260827050117_4,XAUGBPm,SWEEP_REVERSAL,BUY,-1,2026.08.27 05:01:17,2026.08.27 06:02:00,60,3398.069,3385.374,-12695.0,-8625.36,0.999,0.236,SL_HIT,3399.72077,3410.1244,3397.64005,0,0.04,0.513,3399.72077,0.45,0,0.6,0.615,0,0,0,0,0.0,0,0.627,0.398,1,0.627,0.185,0.207,0.356,0.25,0.0,3410.1244,0.6,0.679,1,1,0.0,0,15703,0.226,0.99,0,0.4,0.195,0.23,0.422,0.578,0.975,0,0.65,431.0,12275.3
99769,XAUGBPm_20260827055624_3,XAUGBPm,TREND_CONTINUATION,BUY,0,2026.08.27 05:56:24,2026.08.27 06:30:38,34,3388.384,3392.535,4151.0,2820.67,0.277,0.375,TRAIL_STOP,3399.72077,3410.1244,3397.64005,0,0.04,0.513,3399.72077,0.45,0,0.6,0.615,0,0,0,0,0.0,0,0.627,0.367,1,0.627,0.185,0.207,0.379,0.25,0.0,3377.73702,0.65,0.412,1,1,0.0,0,15703,0.385,2.08,0,0.4,0.195,0.23,0.366,0.578,0.975,0,0.65,431.0,12275.3
99770,XAUGBPm_20260827055624_3,XAUGBPm,TREND_CONTINUATION,BUY,1,2026.08.27 05:56:24,2026.08.27 06:31:59,35,3388.384,3391.868,3484.0,2367.41,0.277,0.378,TRAIL_STOP,3399.72077,3410.1244,3397.64005,0,0.04,0.513,3399.72077,0.45,0,0.6,0.615,0,0,0,0,0.0,0,0.627,0.367,1,0.627,0.185,0.207,0.379,0.25,0.0,3377.73702,0.65,0.412,1,1,0.0,0,15703,0.385,2.08,0,0.4,0.195,0.23,0.361,0.578,0.975,0,0.65,431.0,12275.3
99775,XAUGBPm_20260827064927_2,XAUGBPm,PULLBACK,BUY,0,2026.08.27 06:49:27,2026.08.27 06:50:10,0,3388.531,3388.861,330.0,224.17,0.037,0.066,TRAIL_STOP,3400.15242,3414.19485,3397.9352,0,0.823,0.261,3400.15242,0.55,0,0.975,0.65,0,0,0,0,0.0,0,0.578,0.312,0,0.578,0.195,0.23,0.38,0.4,0.0,3377.73702,0.65,0.403,1,1,0.0,0,15704,0.429,1.64,0,0.4,0.195,0.23,0.38,0.578,0.975,0,0.65,431.0,12275.3
99776,XAUGBPm_20260827064927_2,XAUGBPm,PULLBACK,BUY,1,2026.08.27 06:49:27,2026.08.27 06:50:58,1,3388.531,3388.925,394.0,267.65,0.037,0.123,TRAIL_STOP,3400.15242,3414.19485,3397.9352,0,0.823,0.261,3400.15242,0.55,0,0.975,0.65,0,0,0,0,0.0,0,0.578,0.312,0,0.578,0.195,0.23,0.38,0.4,0.0,3377.73702,0.65,0.403,1,1,0.0,0,15704,0.429,1.64,0,0.4,0.195,0.23,0.38,0.578,0.975,0,0.65,431.0,12275.3
99780,XAUGBPm_20260827070044_1,XAUGBPm,BREAKOUT_RETEST,BUY,0,2026.08.27 07:00:44,2026.08.27 07:01:13,0,3386.171,3385.66,-511.0,-347.3,0.044,0.0,SL_HIT,3388.57658,3400.9734,3384.93045,1,0.303,0.07,3388.57658,0.55,0,1.0,0.685,2,0,0,-1,0.0,0,0.613,0.305,0,0.613,0.206,0.14,0.366,0.4,0.0,3390.03502,0.55,0.275,1,1,0.0,0,15705,0.553,1.22,0,0.4,0.206,0.14,0.366,0.613,1.0,1,0.685,430.0,11729.9
99781,XAUGBPm_20260827070044_1,XAUGBPm,BREAKOUT_RETEST,BUY,1,2026.08.27 07:00:44,2026.08.27 07:01:36,0,3386.171,3385.051,-1120.0,-761.23,0.089,0.0,SL_HIT,3388.57658,3400.9734,3384.93045,1,0.303,0.07,3388.57658,0.55,0,1.0,0.685,2,0,0,-1,0.0,0,0.613,0.305,0,0.613,0.206,0.14,0.366,0.4,0.0,3390.03502,0.55,0.275,1,1,0.0,0,15705,0.553,1.22,0,0.4,0.206,0.14,0.366,0.613,1.0,1,0.685,430.0,11729.9
99779,XAUGBPm_20260827070044_1,XAUGBPm,BREAKOUT_RETEST,BUY,-1,2026.08.27 07:00:44,2026.08.27 07:18:35,17,3386.171,3382.647,-3524.0,-2395.03,0.29,0.182,SL_HIT,3388.57658,3400.9734,3384.93045,1,0.303,0.07,3388.57658,0.55,0,1.0,0.685,2,0,0,-1,0.0,0,0.613,0.305,0,0.613,0.206,0.14,0.366,0.4,0.0,3390.03502,0.55,0.275,1,1,0.0,0,15705,0.553,1.22,0,0.4,0.206,0.14,0.434,0.613,1.0,0,0.685,430.0,11729.9
99786,XAUGBPm_20260827071928_5,XAUGBPm,MEAN_REVERSION,BUY,0,2026.08.27 07:19:28,2026.08.27 07:19:49,0,3381.409,3381.792,383.0,260.3,0.016,0.079,TRAIL_STOP,3388.57658,3400.9734,3384.93045,0,0.303,0.07,3388.57658,0.55,0,1.0,0.685,2,0,0,-1,0.0,0,0.613,0.313,0,0.613,0.206,0.14,0.434,0.4,0.0,3388.57658,0.725,0.337,1,1,0.0,0,15705,0.577,0.81,0,0.4,0.206,0.14,0.434,0.613,1.0,0,0.685,430.0,11729.9
99787,XAUGBPm_20260827071928_5,XAUGBPm,MEAN_REVERSION,BUY,1,2026.08.27 07:19:29,2026.08.27 07:21:30,2,3381.409,3382.416,1007.0,684.29,0.016,0.181,TRAIL_STOP,3388.57658,3400.9734,3384.93045,0,0.303,0.07,3388.57658,0.55,0,1.0,0.685,2,0,0,-1,0.0,0,0.613,0.313,0,0.613,0.206,0.14,0.434,0.4,0.0,3388.57658,0.725,0.337,1,1,0.0,0,15705,0.577,0.81,0,0.4,0.206,0.14,0.434,0.613,1.0,0,0.685,430.0,11729.9
99791,XAUGBPm_20260827075624_3,XAUGBPm,TREND_CONTINUATION,BUY,0,2026.08.27 07:56:24,2026.08.27 07:56:49,0,3387.314,3386.601,-713.0,-484.43,0.08,0.0,SL_HIT,3388.57658,3400.9734,3384.93045,1,0.303,0.07,3388.57658,0.55,0,1.0,0.685,2,0,0,-1,0.0,0,0.613,0.307,0,0.613,0.206,0.14,0.302,0.4,0.0,3377.73702,0.65,0.289,1,1,0.0,0,15705,0.514,2.08,0,0.4,0.206,0.14,0.302,0.613,1.0,1,0.685,431.0,11729.9
99792,XAUGBPm_20260827075624_3,XAUGBPm,TREND_CONTINUATION,BUY,1,2026.08.27 07:56:24,2026.08.27 07:58:54,2,3387.314,3385.904,-1410.0,-957.99,0.108,0.0,SL_HIT,3388.57658,3400.9734,3384.93045,1,0.303,0.07,3388.57658,0.55,0,1.0,0.685,2,0,0,-1,0.0,0,0.613,0.307,0,0.613,0.206,0.14,0.302,0.4,0.0,3377.73702,0.65,0.289,1,1,0.0,0,15705,0.514,2.08,0,0.4,0.206,0.14,0.366,0.613,1.0,1,0.685,431.0,11729.9
99796,XAUGBPm_20260827080000_0,XAUGBPm,BREAKOUT,BUY,0,2026.08.27 08:00:00,2026.08.27 08:00:07,0,3385.759,3385.601,-158.0,-107.35,0.07,0.034,SL_HIT,3388.16813,3394.874,3381.46225,1,0.245,0.387,3388.16813,0.55,0,0.75,0.72,0,0,0,-1,0.0,1,1.0,0.343,0,0.738,0.216,0.193,0.629,0.55,-0.2273,3381.46225,0.6,0.134,1,2,0.0,0,15706,0.361,5.76,0,0.25,0.216,0.088,0.209,0.759,0.75,1,0.72,431.0,11573.4
99797,XAUGBPm_20260827080000_0,XAUGBPm,BREAKOUT,BUY,1,2026.08.27 08:00:00,2026.08.27 08:09:03,9,3385.759,3387.787,2028.0,1378.33,0.07,0.268,TRAIL_STOP,3388.16813,3394.874,3381.46225,1,0.245,0.387,3388.16813,0.55,0,0.75,0.72,0,0,0,-1,0.0,1,1.0,0.343,0,0.738,0.216,0.193,0.629,0.55,-0.2273,3381.46225,0.6,0.134,1,2,0.0,0,15706,0.361,5.76,0,0.25,0.216,0.088,0.132,0.759,0.75,1,0.72,431.0,11573.4
99801,XAUGBPm_20260827084932_2,XAUGBPm,PULLBACK,BUY,0,2026.08.27 08:49:32,2026.08.27 08:49:58,0,3385.391,3385.099,-292.0,-198.32,0.052,0.011,SL_HIT,3388.16813,3394.874,3381.46225,1,0.245,0.387,3388.16813,0.55,0,0.75,0.72,0,0,0,-1,0.0,0,0.759,0.339,0,0.759,0.216,0.088,0.235,0.25,0.0,3381.46225,0.6,0.229,1,2,0.0,0,15706,0.525,6.41,0,0.25,0.216,0.088,0.235,0.759,0.75,1,0.72,431.0,11573.4
99802,XAUGBPm_20260827084932_2,XAUGBPm,PULLBACK,BUY,1,2026.08.27 08:49:32,2026.08.27 08:58:54,9,3385.391,3387.26,1869.0,1269.26,0.052,0.252,TRAIL_STOP,3388.16813,3394.874,3381.46225,1,0.245,0.387,3388.16813,0.55,0,0.75,0.72,0,0,0,-1,0.0,0,0.759,0.339,0,0.759,0.216,0.088,0.235,0.25,0.0,3381.46225,0.6,0.229,1,2,0.0,0,15706,0.525,6.41,0,0.25,0.216,0.088,0.21,0.759,0.75,1,0.72,431.0,11573.4
99806,XAUGBPm_20260827091943_5,XAUGBPm,MEAN_REVERSION,BUY,0,2026.08.27 09:19:43,2026.08.27 09:20:07,0,3385.07,3384.475,-595.0,-403.92,0.039,0.0,SL_HIT,3388.04038,3391.67915,3382.3223,1,0.035,0.486,3388.04038,0.45,0,0.45,-0.685,0,0,0,0,0.0,0,0.74,0.351,1,0.74,0.206,0.0,0.09,0.0,0.0,3377.73702,0.65,0.207,1,2,0.0,0,15707,0.64,0.98,0,0.0,0.206,0.0,0.09,0.74,0.45,1,-0.685,431.0,11520.4
99807,XAUGBPm_20260827091943_5,XAUGBPm,MEAN_REVERSION,BUY,1,2026.08.27 09:19:43,2026.08.27 09:24:21,4,3385.07,3384.331,-739.0,-590.7,0.052,0.026,SL_HIT,3388.04038,3391.67915,3382.3223,1,0.035,0.486,3388.04038,0.45,0,0.45,-0.685,0,0,0,0,0.0,0,0.74,0.351,1,0.74,0.206,0.0,0.09,0.0,0.0,3377.73702,0.65,0.207,1,2,0.0,0,15707,0.64,0.98,0,0.0,0.206,0.0,0.138,0.74,0.45,1,-0.685,431.0,11520.4
99805,XAUGBPm_20260827091943_5,XAUGBPm,MEAN_REVERSION,BUY,-1,2026.08.27 09:19:43,2026.08.27 09:36:07,16,3385.07,3381.597,-3473.0,-2357.89,0.289,0.149,SL_HIT,3388.04038,3391.67915,3382.3223,1,0.035,0.486,3388.04038,0.45,0,0.45,-0.685,0,0,0,0,0.0,0,0.74,0.351,1,0.74,0.206,0.0,0.09,0.0,0.0,3377.73702,0.65,0.207,1,2,0.0,0,15707,0.64,0.98,0,0.0,0.206,0.0,0.177,0.74,0.45,0,-0.685,431.0,11520.4
99795,XAUGBPm_20260827080000_0,XAUGBPm,BREAKOUT,BUY,-1,2026.08.27 08:00:00,2026.08.27 09:36:47,96,3385.759,3380.599,-5160.0,-3502.97,0.426,0.268,SL_HIT,3388.16813,3394.874,3381.46225,1,0.245,0.387,3388.16813,0.55,0,0.75,0.72,0,0,0,-1,0.0,1,1.0,0.343,0,0.738,0.216,0.193,0.629,0.55,-0.2273,3381.46225,0.6,0.134,1,2,0.0,0,15706,0.361,5.76,0,0.0,0.206,0.0,0.27,0.74,0.45,0,-0.685,489.0,11520.4
99800,XAUGBPm_20260827084932_2,XAUGBPm,PULLBACK,BUY,-1,2026.08.27 08:49:32,2026.08.27 09:36:47,47,3385.391,3380.599,-4792.0,-3253.15,0.394,0.252,SL_HIT,3388.16813,3394.874,3381.46225,1,0.245,0.387,3388.16813,0.55,0,0.75,0.72,0,0,0,-1,0.0,0,0.759,0.339,0,0.759,0.216,0.088,0.235,0.25,0.0,3381.46225,0.6,0.229,1,2,0.0,0,15706,0.525,6.41,0,0.0,0.206,0.0,0.27,0.74,0.45,0,-0.685,489.0,11520.4
99768,XAUGBPm_20260827055624_3,XAUGBPm,TREND_CONTINUATION,BUY,-1,2026.08.27 05:56:24,2026.08.27 09:37:07,220,3388.384,3373.284,-15100.0,-10250.56,1.191,0.378,SL_HIT,3399.72077,3410.1244,3397.64005,0,0.04,0.513,3399.72077,0.45,0,0.6,0.615,0,0,0,0,0.0,0,0.627,0.367,1,0.627,0.185,0.207,0.379,0.25,0.0,3377.73702,0.65,0.412,1,1,0.0,0,15703,0.385,2.08,0,0.0,0.206,0.0,0.27,0.74,0.45,0,-0.685,489.0,11520.4
99790,XAUGBPm_20260827075624_3,XAUGBPm,TREND_CONTINUATION,BUY,-1,2026.08.27 07:56:24,2026.08.27 09:37:07,100,3387.314,3373.127,-14187.0,-9630.77,1.196,0.132,SL_HIT,3388.57658,3400.9734,3384.93045,1,0.303,0.07,3388.57658,0.55,0,1.0,0.685,2,0,0,-1,0.0,0,0.613,0.307,0,0.613,0.206,0.14,0.302,0.4,0.0,3377.73702,0.65,0.289,1,1,0.0,0,15705,0.514,2.08,0,0.0,0.206,0.0,0.27,0.74,0.45,0,-0.685,489.0,11520.4
99785,XAUGBPm_20260827071928_5,XAUGBPm,MEAN_REVERSION,BUY,-1,2026.08.27 07:19:28,2026.08.27 09:37:09,137,3381.409,3371.902,-9507.0,-6453.45,0.799,0.636,SL_HIT,3388.57658,3400.9734,3384.93045,0,0.303,0.07,3388.57658,0.55,0,1.0,0.685,2,0,0,-1,0.0,0,0.613,0.313,0,0.613,0.206,0.14,0.434,0.4,0.0,3388.57658,0.725,0.337,1,1,0.0,0,15705,0.577,0.81,0,0.0,0.206,0.0,0.27,0.74,0.45,0,-0.685,489.0,11520.4
99814,XAUGBPm_20260827093705_4,XAUGBPm,SWEEP_REVERSAL,BUY,0,2026.08.27 09:37:05,2026.08.27 10:00:15,23,3377.981,3373.545,-4436.0,-2880.85,0.528,0.055,SL_HIT,3388.04038,3391.67915,3382.3223,0,0.035,0.486,3388.04038,0.45,0,0.45,-0.685,0,0,0,0,0.0,0,0.74,0.372,1,0.74,0.206,0.0,0.27,0.0,0.0,3388.04038,0.723,0.387,1,2,0.0,0,15707,0.093,0.89,0,0.15,0.216,0.053,0.322,0.805,0.75,0,-0.72,430.0,12051.8
99815,XAUGBPm_20260827093705_4,XAUGBPm,SWEEP_REVERSAL,BUY,1,2026.08.27 09:37:05,2026.08.27 10:00:38,23,3377.789,3372.953,-4836.0,-3282.51,0.511,0.072,SL_HIT,3388.04038,3391.67915,3382.3223,0,0.035,0.486,3388.04038,0.45,0,0.45,-0.685,0,0,0,0,0.0,0,0.74,0.372,1,0.74,0.206,0.0,0.27,0.0,0.0,3388.04038,0.723,0.387,1,2,0.0,0,15707,0.093,0.89,0,0.15,0.216,0.053,0.343,0.805,0.75,0,-0.72,430.0,12051.8
99774,XAUGBPm_20260827064927_2,XAUGBPm,PULLBACK,BUY,-1,2026.08.27 06:49:27,2026.08.27 10:02:24,192,3388.531,3370.034,-18497.0,-12553.73,1.493,0.123,SL_HIT,3400.15242,3414.19485,3397.9352,0,0.823,0.261,3400.15242,0.55,0,0.975,0.65,0,0,0,0,0.0,0,0.578,0.312,0,0.578,0.195,0.23,0.38,0.4,0.0,3377.73702,0.65,0.403,1,1,0.0,0,15704,0.429,1.64,0,0.15,0.216,0.053,0.343,0.805,0.75,0,-0.72,592.0,12051.8
99813,XAUGBPm_20260827093705_4,XAUGBPm,SWEEP_REVERSAL,BUY,-1,2026.08.27 09:37:05,2026.08.27 10:03:00,25,3378.375,3366.854,-11521.0,-7552.01,0.988,0.021,SL_HIT,3388.04038,3391.67915,3382.3223,0,0.035,0.486,3388.04038,0.45,0,0.45,-0.685,0,0,0,0,0.0,0,0.74,0.372,1,0.74,0.206,0.0,0.27,0.0,0.0,3388.04038,0.723,0.387,1,2,0.0,0,15707,0.093,0.89,0,0.15,0.216,0.053,0.343,0.805,0.75,0,-0.72,430.0,12051.8
99824,XAUGBPm_20260827125139_4,XAUGBPm,SWEEP_REVERSAL,BUY,0,2026.08.27 12:51:39,2026.08.27 13:00:41,9,3374.699,3374.649,-50.0,-33.94,0.066,0.417,SL_HIT,3386.06963,3388.866,3375.4434,0,0.035,1.282,3384.95107,0.6,0,0.6,-0.79,2,0,0,0,0.0,0,0.607,0.438,1,0.607,0.237,0.0,0.205,0.0,0.0,3384.95107,0.739,1.207,1,1,0.0,0,15710,0.109,0.81,0,0.25,0.195,0.163,0.243,0.612,0.65,0,-0.65,430.0,13001.0
99825,XAUGBPm_20260827125139_4,XAUGBPm,SWEEP_REVERSAL,BUY,1,2026.08.27 12:51:39,2026.08.27 13:00:50,9,3374.699,3374.147,-552.0,-374.68,0.066,0.417,SL_HIT,3386.06963,3388.866,3375.4434,0,0.035,1.282,3384.95107,0.6,0,0.6,-0.79,2,0,0,0,0.0,0,0.607,0.438,1,0.607,0.237,0.0,0.205,0.0,0.0,3384.95107,0.739,1.207,1,1,0.0,0,15710,0.109,0.81,0,0.25,0.195,0.163,0.243,0.612,0.65,0,-0.65,430.0,13001.0
99823,XAUGBPm_20260827125139_4,XAUGBPm,SWEEP_REVERSAL,BUY,-1,2026.08.27 12:51:39,2026.08.27 13:40:56,49,3375.257,3362.679,-12578.0,-8171.8,0.992,0.373,SL_HIT,3386.06963,3388.866,3375.4434,0,0.035,1.282,3384.95107,0.6,0,0.6,-0.79,2,0,0,0,0.0,0,0.607,0.438,1,0.607,0.237,0.0,0.205,0.0,0.0,3384.95107,0.739,1.207,1,1,0.0,0,15710,0.109,0.81,0,0.25,0.195,0.163,0.369,0.612,0.65,0,-0.65,429.0,13001.0
99828,XAUGBPm_20260827133239_5,XAUGBPm,MEAN_REVERSION,BUY,-1,2026.08.27 13:32:39,2026.08.27 13:48:49,16,3370.592,3360.06,-10532.0,-7156.34,0.796,0.081,SL_HIT,3385.4965,3387.1252,3375.1814,0,0.407,0.595,3385.4965,0.55,0,0.65,-0.65,2,0,0,-1,0.0,0,0.612,0.415,1,0.612,0.195,0.163,0.362,0.25,0.0,3385.4965,0.739,1.293,1,1,0.0,0,15711,0.611,1.47,0,0.25,0.195,0.163,0.369,0.612,0.65,0,-0.65,429.0,13001.0
99829,XAUGBPm_20260827133239_5,XAUGBPm,MEAN_REVERSION,BUY,0,2026.08.27 13:32:40,2026.08.27 13:48:49,16,3370.592,3360.06,-10532.0,-7156.34,0.796,0.081,SL_HIT,3385.4965,3387.1252,3375.1814,0,0.407,0.595,3385.4965,0.55,0,0.65,-0.65,2,0,0,-1,0.0,0,0.612,0.415,1,0.612,0.195,0.163,0.362,0.25,0.0,3385.4965,0.739,1.293,1,1,0.0,0,15711,0.611,1.47,0,0.25,0.195,0.163,0.369,0.612,0.65,0,-0.65,429.0,13001.0
99830,XAUGBPm_20260827133239_5,XAUGBPm,MEAN_REVERSION,BUY,1,2026.08.27 13:32:40,2026.08.27 13:48:49,16,3370.592,3360.06,-10532.0,-6965.4,0.796,0.081,SL_HIT,3385.4965,3387.1252,3375.1814,0,0.407,0.595,3385.4965,0.55,0,0.65,-0.65,2,0,0,-1,0.0,0,0.612,0.415,1,0.612,0.195,0.163,0.362,0.25,0.0,3385.4965,0.739,1.293,1,1,0.0,0,15711,0.611,1.47,0,0.25,0.195,0.163,0.369,0.612,0.65,0,-0.65,429.0,13001.0
99836,XAUGBPm_20260827160000_7,XAUGBPm,ANCHORED_PULLBACK,BUY,0,2026.08.27 16:00:00,2026.08.27 16:00:23,0,3390.594,3390.275,-319.0,-339.32,0.044,0.012,SL_HIT,3382.19798,3384.5778,3365.5392,0,0.62,0.003,3364.74593,0.6,0,1.0,-0.755,0,0,0,0,0.0,3,0.878,0.584,2,0.238,0.627,0.269,0.412,0.4,0.0138,3382.19798,0.7,1.878,1,1,0.0,0,15714,0.625,9.94,0,0.4,0.226,0.269,0.412,0.538,1.0,0,-0.755,431.0,12847.3
99837,XAUGBPm_20260827160000_7,XAUGBPm,ANCHORED_PULLBACK,BUY,1,2026.08.27 16:00:00,2026.08.27 16:01:51,1,3390.774,3390.578,-196.0,-133.27,0.077,0.083,SL_HIT,3382.19798,3384.5778,3365.5392,0,0.62,0.003,3364.74593,0.6,0,1.0,-0.755,0,0,0,0,0.0,3,0.878,0.584,2,0.238,0.627,0.269,0.412,0.4,0.0138,3382.19798,0.7,1.878,1,1,0.0,0,15714,0.625,9.94,0,0.4,0.226,0.269,0.412,0.538,1.0,0,-0.755,431.0,12847.3
99835,XAUGBPm_20260827160000_7,XAUGBPm,ANCHORED_PULLBACK,BUY,-1,2026.08.27 16:00:00,2026.08.27 16:07:30,7,3390.594,3388.047,-2547.0,-1731.46,0.188,0.109,SL_HIT,3382.19798,3384.5778,3365.5392,0,0.62,0.003,3364.74593,0.6,0,1.0,-0.755,0,0,0,0,0.0,3,0.878,0.584,2,0.238,0.627,0.269,0.412,0.4,0.0138,3382.19798,0.7,1.878,1,1,0.0,0,15714,0.625,9.94,0,0.4,0.226,0.269,0.418,0.538,1.0,0,-0.755,430.0,12847.3
99842,XAUGBPm_20260827170000_0,XAUGBPm,BREAKOUT,BUY,0,2026.08.27 17:00:00,2026.08.27 17:00:22,0,3395.517,3394.616,-901.0,-744.38,0.063,0.0,SL_HIT,3363.75225,3382.9011,3362.8404,0,1.165,0.007,3363.75225,0.55,0,1.0,-0.79,2,0,0,0,0.0,2,0.719,0.509,2,0.182,0.937,0.256,0.408,0.4,0.0811,3380.16555,0.55,1.722,1,1,0.0,0,15715,0.627,1.98,0,0.4,0.237,0.256,0.408,0.482,1.0,0,-0.79,431.0,12601.3
99843,XAUGBPm_20260827170000_0,XAUGBPm,BREAKOUT,BUY,1,2026.08.27 17:00:00,2026.08.27 17:01:22,1,3395.711,3394.356,-1355.0,-921.19,0.121,0.0,SL_HIT,3363.75225,3382.9011,3362.8404,0,1.165,0.007,3363.75225,0.55,0,1.0,-0.79,2,0,0,0,0.0,2,0.719,0.509,2,0.182,0.937,0.256,0.408,0.4,0.0811,3380.16555,0.55,1.722,1,1,0.0,0,15715,0.627,1.98,0,0.4,0.237,0.256,0.408,0.482,1.0,0,-0.79,431.0,12601.3
99847,XAUGBPm_20260827190000_0,XAUGBPm,BREAKOUT,BUY,0,2026.08.27 19:00:00,2026.08.27 19:00:03,0,3393.548,3392.796,-752.0,-510.98,0.051,0.0,SL_HIT,3390.59655,3393.8232,3385.5261,1,0.102,0.196,3387.83085,0.45,0,0.45,0.685,0,0,0,0,0.0,0,0.752,0.474,1,0.752,0.206,0.053,0.275,0.15,0.0,3387.83085,0.737,1.222,1,1,0.0,0,15717,0.254,1.67,0,0.15,0.206,0.053,0.147,0.752,0.45,1,0.685,431.0,12380.6
99850,XAUGBPm_20260827190001_1,XAUGBPm,BREAKOUT_RETEST,BUY,0,2026.08.27 19:00:01,2026.08.27 19:03:08,3,3393.691,3396.357,2666.0,1811.4,0.082,0.261,TRAIL_STOP,3390.59655,3393.8232,3385.5261,1,0.102,0.196,3387.83085,0.45,0,0.45,0.685,0,0,0,0,0.0,0,0.752,0.474,1,0.752,0.206,0.053,0.275,0.15,0.0,3387.83085,0.737,1.222,1,1,0.0,0,15717,0.384,1.27,0,0.15,0.206,0.053,0.326,0.752,0.45,0,0.685,431.0,12380.6
99854,XAUGBPm_20260827190029_3,XAUGBPm,TREND_CONTINUATION,BUY,0,2026.08.27 19:00:29,2026.08.27 19:03:08,2,3394.119,3396.357,2238.0,1520.6,0.054,0.226,TRAIL_STOP,3390.59655,3393.8232,3385.5261,1,0.102,0.196,3387.83085,0.45,0,0.45,0.685,0,0,0,0,0.0,0,0.752,0.474,1,0.752,0.206,0.053,0.275,0.15,0.0,3387.83085,0.737,1.222,1,1,0.0,0,15717,0.372,2.08,0,0.15,0.206,0.053,0.326,0.752,0.45,0,0.685,431.0,12380.6
99848,XAUGBPm_20260827190000_0,XAUGBPm,BREAKOUT,BUY,1,2026.08.27 19:00:00,2026.08.27 19:03:11,3,3393.548,3395.68,2132.0,1448.6,0.071,0.272,TRAIL_STOP,3390.59655,3393.8232,3385.5261,1,0.102,0.196,3387.83085,0.45,0,0.45,0.685,0,0,0,0,0.0,0,0.752,0.474,1,0.752,0.206,0.053,0.275,0.15,0.0,3387.83085,0.737,1.222,1,1,0.0,0,15717,0.254,1.67,0,0.15,0.206,0.053,0.326,0.752,0.45,0,0.685,431.0,12380.6
99851,XAUGBPm_20260827190001_1,XAUGBPm,BREAKOUT_RETEST,BUY,1,2026.08.27 19:00:02,2026.08.27 19:03:11,3,3393.691,3395.68,1989.0,1351.44,0.082,0.261,TRAIL_STOP,3390.59655,3393.8232,3385.5261,1,0.102,0.196,3387.83085,0.45,0,0.45,0.685,0,0,0,0,0.0,0,0.752,0.474,1,0.752,0.206,0.053,0.275,0.15,0.0,3387.83085,0.737,1.222,1,1,0.0,0,15717,0.384,1.27,0,0.15,0.206,0.053,0.326,0.752,0.45,0,0.685,431.0,12380.6
99855,XAUGBPm_20260827190029_3,XAUGBPm,TREND_CONTINUATION,BUY,1,2026.08.27 19:00:29,2026.08.27 19:03:11,2,3394.119,3395.68,1561.0,1060.63,0.054,0.226,TRAIL_STOP,3390.59655,3393.8232,3385.5261,1,0.102,0.196,3387.83085,0.45,0,0.45,0.685,0,0,0,0,0.0,0,0.752,0.474,1,0.752,0.206,0.053,0.275,0.15,0.0,3387.83085,0.737,1.222,1,1,0.0,0,15717,0.372,2.08,0,0.15,0.206,0.053,0.326,0.752,0.45,0,0.685,431.0,12380.6
99849,XAUGBPm_20260827190001_1,XAUGBPm,BREAKOUT_RETEST,BUY,-1,2026.08.27 19:00:01,2026.08.27 19:22:09,22,3393.691,3389.926,-3765.0,-2558.2,0.293,0.355,SL_HIT,3390.59655,3393.8232,3385.5261,1,0.102,0.196,3387.83085,0.45,0,0.45,0.685,0,0,0,0,0.0,0,0.752,0.474,1,0.752,0.206,0.053,0.275,0.15,0.0,3387.83085,0.737,1.222,1,1,0.0,0,15717,0.384,1.27,0,0.15,0.206,0.053,0.105,0.752,0.45,1,0.685,431.0,12380.6
99863,XAUGBPm_20260827220104_1,XAUGBPm,BREAKOUT_RETEST,BUY,0,2026.08.27 22:01:04,2026.08.27 22:01:18,0,3389.697,3388.36,-1337.0,-908.84,0.106,0.0,SL_HIT,3391.30363,3393.08925,3387.37525,1,0.071,0.289,3391.30363,0.4,0,0.825,0.755,0,0,0,0,0.0,0,0.711,0.478,1,0.711,0.527,0.202,0.178,0.15,0.0509,3393.08925,0.6,1.078,1,2,0.0,0,15719,0.631,1.14,0,0.15,0.226,0.202,0.185,0.715,0.825,1,0.755,610.0,11910.1
99864,XAUGBPm_20260827220104_1,XAUGBPm,BREAKOUT_RETEST,BUY,1,2026.08.27 22:01:04,2026.08.27 22:02:18,1,3389.697,3387.559,-2138.0,-1453.28,0.161,0.0,SL_HIT,3391.30363,3393.08925,3387.37525,1,0.071,0.289,3391.30363,0.4,0,0.825,0.755,0,0,0,0,0.0,0,0.711,0.478,1,0.711,0.527,0.202,0.178,0.15,0.0509,3393.08925,0.6,1.078,1,2,0.0,0,15719,0.631,1.14,0,0.15,0.226,0.202,0.195,0.715,0.825,1,0.755,430.0,11910.1
99862,XAUGBPm_20260827220104_1,XAUGBPm,BREAKOUT_RETEST,BUY,-1,2026.08.27 22:01:04,2026.08.27 22:03:02,1,3389.697,3385.946,-3751.0,-2549.57,0.296,0.0,SL_HIT,3391.30363,3393.08925,3387.37525,1,0.071,0.289,3391.30363,0.4,0,0.825,0.755,0,0,0,0,0.0,0,0.711,0.478,1,0.711,0.527,0.202,0.178,0.15,0.0509,3393.08925,0.6,1.078,1,2,0.0,0,15719,0.631,1.14,0,0.15,0.226,0.202,0.329,0.715,0.825,0,0.755,610.0,11910.1
99869,XAUGBPm_20260827222232_2,XAUGBPm,PULLBACK,BUY,0,2026.08.27 22:22:32,2026.08.27 22:25:56,3,3389.957,3389.122,-835.0,-567.6,0.079,0.0,SL_HIT,3391.30363,3393.08925,3387.37525,1,0.071,0.289,3391.30363,0.4,0,0.825,0.755,0,0,0,0,0.0,0,0.715,0.476,1,0.715,0.226,0.202,0.161,0.15,0.0,0.0,0.0,1.052,1,2,0.0,0,15719,0.585,1.36,0,0.15,0.226,0.202,0.178,0.715,0.825,1,0.755,431.0,11910.1
99872,XAUGBPm_20260827222323_3,XAUGBPm,TREND_CONTINUATION,BUY,0,2026.08.27 22:23:23,2026.08.27 22:25:56,2,3389.953,3389.122,-831.0,-564.88,0.067,0.0,SL_HIT,3391.30363,3393.08925,3387.37525,1,0.071,0.289,3391.30363,0.4,0,0.825,0.755,0,0,0,0,0.0,0,0.715,0.476,1,0.715,0.226,0.202,0.161,0.15,0.0,0.0,0.0,1.052,1,2,0.0,0,15719,0.511,2.08,0,0.15,0.226,0.202,0.178,0.715,0.825,1,0.755,431.0,11910.1
99870,XAUGBPm_20260827222232_2,XAUGBPm,PULLBACK,BUY,1,2026.08.27 22:22:32,2026.08.27 22:26:53,4,3389.957,3388.458,-1499.0,-1018.94,0.116,0.0,SL_HIT,3391.30363,3393.08925,3387.37525,1,0.071,0.289,3391.30363,0.4,0,0.825,0.755,0,0,0,0,0.0,0,0.715,0.476,1,0.715,0.226,0.202,0.161,0.15,0.0,0.0,0.0,1.052,1,2,0.0,0,15719,0.585,1.36,0,0.15,0.226,0.202,0.185,0.715,0.825,1,0.755,431.0,11910.1
99873,XAUGBPm_20260827222323_3,XAUGBPm,TREND_CONTINUATION,BUY,1,2026.08.27 22:23:23,2026.08.27 22:26:53,3,3389.953,3388.458,-1495.0,-1016.22,0.115,0.0,SL_HIT,3391.30363,3393.08925,3387.37525,1,0.071,0.289,3391.30363,0.4,0,0.825,0.755,0,0,0,0,0.0,0,0.715,0.476,1,0.715,0.226,0.202,0.161,0.15,0.0,0.0,0.0,1.052,1,2,0.0,0,15719,0.511,2.08,0,0.15,0.226,0.202,0.185,0.715,0.825,1,0.755,431.0,11910.1
99879,XAUGBPm_20260827230528_0,XAUGBPm,BREAKOUT,BUY,0,2026.08.27 23:05:28,2026.08.27 23:06:04,0,3390.201,3389.488,-713.0,-484.72,0.047,0.0,SL_HIT,3389.16088,3391.66075,3386.661,1,0.024,0.401,3389.16088,0.35,0,0.6,0.615,0,0,0,0,0.0,0,0.842,0.417,1,0.842,0.185,0.088,0.116,0.25,0.0,0.0,0.0,0.924,1,2,0.0,0,15720,0.284,1.67,0,0.25,0.185,0.088,0.1,0.842,0.6,1,0.615,431.0,11779.6
99880,XAUGBPm_20260827230528_0,XAUGBPm,BREAKOUT,BUY,1,2026.08.27 23:05:28,2026.08.27 23:09:40,4,3390.201,3388.289,-1912.0,-1299.88,0.102,0.0,SL_HIT,3389.16088,3391.66075,3386.661,1,0.024,0.401,3389.16088,0.35,0,0.6,0.615,0,0,0,0,0.0,0,0.842,0.417,1,0.842,0.185,0.088,0.116,0.25,0.0,0.0,0.0,0.924,1,2,0.0,0,15720,0.284,1.67,0,0.25,0.185,0.088,0.148,0.842,0.6,1,0.615,489.0,11779.6
99841,XAUGBPm_20260827170000_0,XAUGBPm,BREAKOUT,BUY,-1,2026.08.27 17:00:00,2026.08.27 23:51:18,411,3395.276,3379.286,-15990.0,-11035.54,1.258,0.223,SL_HIT,3363.75225,3382.9011,3362.8404,0,1.165,0.007,3363.75225,0.55,0,1.0,-0.79,2,0,0,0,0.0,2,0.719,0.509,2,0.182,0.937,0.256,0.408,0.4,0.0811,3380.16555,0.55,1.722,1,1,0.0,0,15715,0.627,1.98,0,0.25,0.185,0.088,0.386,0.842,0.6,0,0.615,430.0,11779.6
99853,XAUGBPm_20260827190029_3,XAUGBPm,TREND_CONTINUATION,BUY,-1,2026.08.27 19:00:29,2026.08.27 23:52:52,292,3394.119,3379.221,-14898.0,-10129.3,1.2,0.321,SL_HIT,3390.59655,3393.8232,3385.5261,1,0.102,0.196,3387.83085,0.45,0,0.45,0.685,0,0,0,0,0.0,0,0.752,0.474,1,0.752,0.206,0.053,0.275,0.15,0.0,3387.83085,0.737,1.222,1,1,0.0,0,15717,0.372,2.08,0,0.25,0.185,0.088,0.386,0.842,0.6,0,0.615,430.0,11779.6
99884,XAUGBPm_20260827234655_5,XAUGBPm,MEAN_REVERSION,BUY,0,2026.08.27 23:46:55,2026.08.28 00:00:02,13,3382.023,3378.566,-3457.0,-2621.53,0.27,0.0,SL_HIT,3389.16088,3391.66075,3386.661,0,0.024,0.401,3389.16088,0.35,0,0.6,0.615,0,0,0,0,0.0,0,0.842,0.464,1,0.842,0.185,0.088,0.386,0.25,0.0,3389.16088,0.747,1.329,1,2,0.0,0,15720,0.72,0.8,0,0.15,0.247,0.214,0.287,0.72,0.975,0,0.825,430.0,12208.6
99887,XAUGBPm_20260827235054_4,XAUGBPm,SWEEP_REVERSAL,BUY,0,2026.08.27 23:50:54,2026.08.28 00:00:02,9,3380.113,3378.566,-1547.0,-1323.01,0.108,0.0,SL_HIT,3389.16088,3391.66075,3386.661,0,0.024,0.401,3389.16088,0.35,0,0.6,0.615,0,0,0,0,0.0,0,0.842,0.464,1,0.842,0.185,0.088,0.386,0.25,0.0,3389.16088,0.747,1.329,1,2,0.0,0,15720,0.213,0.8,0,0.15,0.247,0.214,0.287,0.72,0.975,0,0.825,430.0,12208.6
99885,XAUGBPm_20260827234655_5,XAUGBPm,MEAN_REVERSION,BUY,1,2026.08.27 23:46:55,2026.08.28 00:00:28,13,3382.023,3379.35,-2673.0,-2088.56,0.335,0.0,SL_HIT,3389.16088,3391.66075,3386.661,0,0.024,0.401,3389.16088,0.35,0,0.6,0.615,0,0,0,0,0.0,0,0.842,0.464,1,0.842,0.185,0.088,0.386,0.25,0.0,3389.16088,0.747,1.329,1,2,0.0,0,15720,0.72,0.8,0,0.15,0.247,0.214,0.287,0.72,0.975,0,0.825,430.0,12208.6
99888,XAUGBPm_20260827235054_4,XAUGBPm,SWEEP_REVERSAL,BUY,1,2026.08.27 23:50:54,2026.08.28 00:00:28,9,3380.113,3379.35,-763.0,-790.01,0.173,0.029,SL_HIT,3389.16088,3391.66075,3386.661,0,0.024,0.401,3389.16088,0.35,0,0.6,0.615,0,0,0,0,0.0,0,0.842,0.464,1,0.842,0.185,0.088,0.386,0.25,0.0,3389.16088,0.747,1.329,1,2,0.0,0,15720,0.213,0.8,0,0.15,0.247,0.214,0.287,0.72,0.975,0,0.825,430.0,12208.6
99871,XAUGBPm_20260827222323_3,XAUGBPm,TREND_CONTINUATION,BUY,-1,2026.08.27 22:23:23,2026.08.28 00:33:49,130,3389.953,3375.479,-14474.0,-10110.62,1.2,0.131,SL_HIT,3391.30363,3393.08925,3387.37525,1,0.071,0.289,3391.30363,0.4,0,0.825,0.755,0,0,0,0,0.0,0,0.715,0.476,1,0.715,0.226,0.202,0.161,0.15,0.0,0.0,0.0,1.052,1,2,0.0,0,15719,0.511,2.08,0,0.15,0.247,0.214,0.287,0.72,0.975,0,0.825,430.0,12208.6
99846,XAUGBPm_20260827190000_0,XAUGBPm,BREAKOUT,BUY,-1,2026.08.27 19:00:00,2026.08.28 00:33:50,333,3393.439,3374.663,-18776.0,-13108.82,1.498,0.376,SL_HIT,3390.59655,3393.8232,3385.5261,1,0.102,0.196,3387.83085,0.45,0,0.45,0.685,0,0,0,0,0.0,0,0.752,0.474,1,0.752,0.206,0.053,0.275,0.15,0.0,3387.83085,0.737,1.222,1,1,0.0,0,15717,0.254,1.67,0,0.15,0.247,0.214,0.287,0.72,0.975,0,0.825,488.0,12208.6
99896,XAUGBPm_20260828003133_3,XAUGBPm,TREND_CONTINUATION,BUY,0,2026.08.28 00:31:33,2026.08.28 00:55:16,23,3376.645,3373.753,-2892.0,-1966.02,0.3,0.04,SL_HIT,3389.90733,3393.27625,3384.6133,0,0.655,0.104,3390.86987,0.45,0,0.975,0.825,0,0,0,0,0.0,0,0.72,0.505,2,0.72,0.247,0.214,0.287,0.15,0.0,3390.86987,0.739,1.241,1,2,0.0,0,15721,0.579,1.0,0,0.15,0.247,0.214,0.287,0.72,0.975,0,0.825,429.0,12208.6
99897,XAUGBPm_20260828003133_3,XAUGBPm,TREND_CONTINUATION,BUY,1,2026.08.28 00:31:33,2026.08.28 00:56:56,25,3376.645,3373.199,-3446.0,-2342.63,0.3,0.04,SL_HIT,3389.90733,3393.27625,3384.6133,0,0.655,0.104,3390.86987,0.45,0,0.975,0.825,0,0,0,0,0.0,0,0.72,0.505,2,0.72,0.247,0.214,0.287,0.15,0.0,3390.86987,0.739,1.241,1,2,0.0,0,15721,0.579,1.0,0,0.15,0.247,0.214,0.287,0.72,0.975,0,0.825,429.0,12208.6
99903,XAUGBPm_20260828010341_1,XAUGBPm,BREAKOUT_RETEST,BUY,0,2026.08.28 01:03:41,2026.08.28 01:03:54,0,3379.629,3379.087,-542.0,-368.49,0.077,0.0,SL_HIT,3386.85245,3390.2618,3378.5726,1,0.988,0.154,3379.05965,0.6,0,1.0,0.685,0,0,0,-1,0.0,0,0.677,0.403,1,0.677,0.206,0.238,0.293,0.4,0.0,3386.85245,0.7,1.1,1,2,0.0,0,15722,0.582,2.14,0,0.4,0.206,0.238,0.293,0.677,1.0,1,0.685,430.0,11942.8
99904,XAUGBPm_20260828010341_1,XAUGBPm,BREAKOUT_RETEST,BUY,1,2026.08.28 01:03:41,2026.08.28 01:03:58,0,3379.629,3378.424,-1205.0,-819.24,0.091,0.0,SL_HIT,3386.85245,3390.2618,3378.5726,1,0.988,0.154,3379.05965,0.6,0,1.0,0.685,0,0,0,-1,0.0,0,0.677,0.403,1,0.677,0.206,0.238,0.293,0.4,0.0,3386.85245,0.7,1.1,1,2,0.0,0,15722,0.582,2.14,0,0.4,0.206,0.238,0.371,0.677,1.0,0,0.685,430.0,11942.8
99907,XAUGBPm_20260828010952_2,XAUGBPm,PULLBACK,BUY,-1,2026.08.28 01:09:52,2026.08.28 01:13:51,3,3383.098,3378.28,-4818.0,-3275.25,0.401,0.107,SL_HIT,3386.85245,3390.2618,3378.5726,1,0.988,0.154,3379.05965,0.6,0,1.0,0.685,0,0,0,-1,0.0,0,0.677,0.402,1,0.677,0.206,0.238,0.292,0.4,0.0,3379.05965,0.726,1.098,1,2,0.0,0,15722,0.612,5.62,0,0.4,0.206,0.238,0.371,0.677,1.0,0,0.685,430.0,11942.8
99908,XAUGBPm_20260828010952_2,XAUGBPm,PULLBACK,BUY,0,2026.08.28 01:09:52,2026.08.28 01:13:51,3,3383.098,3378.28,-4818.0,-3173.28,0.401,0.107,SL_HIT,3386.85245,3390.2618,3378.5726,1,0.988,0.154,3379.05965,0.6,0,1.0,0.685,0,0,0,-1,0.0,0,0.677,0.402,1,0.677,0.206,0.238,0.292,0.4,0.0,3379.05965,0.726,1.098,1,2,0.0,0,15722,0.612,5.62,0,0.4,0.206,0.238,0.371,0.677,1.0,0,0.685,430.0,11942.8
99909,XAUGBPm_20260828010952_2,XAUGBPm,PULLBACK,BUY,1,2026.08.28 01:09:52,2026.08.28 01:14:14,4,3382.948,3377.992,-4956.0,-3369.04,0.397,0.119,SL_HIT,3386.85245,3390.2618,3378.5726,1,0.988,0.154,3379.05965,0.6,0,1.0,0.685,0,0,0,-1,0.0,0,0.677,0.402,1,0.677,0.206,0.238,0.292,0.4,0.0,3379.05965,0.726,1.098,1,2,0.0,0,15722,0.612,5.62,0,0.4,0.206,0.238,0.371,0.677,1.0,0,0.685,430.0,11942.8
99902,XAUGBPm_20260828010341_1,XAUGBPm,BREAKOUT_RETEST,BUY,-1,2026.08.28 01:03:41,2026.08.28 01:25:45,22,3379.629,3375.947,-3682.0,-2502.84,0.296,0.397,SL_HIT,3386.85245,3390.2618,3378.5726,1,0.988,0.154,3379.05965,0.6,0,1.0,0.685,0,0,0,-1,0.0,0,0.677,0.403,1,0.677,0.206,0.238,0.293,0.4,0.0,3386.85245,0.7,1.1,1,2,0.0,0,15722,0.582,2.14,0,0.4,0.206,0.238,0.339,0.677,1.0,0,0.685,430.0,11942.8
99883,XAUGBPm_20260827234655_5,XAUGBPm,MEAN_REVERSION,BUY,-1,2026.08.27 23:46:55,2026.08.28 01:27:24,100,3382.023,3372.587,-9436.0,-6685.44,0.791,0.248,SL_HIT,3389.16088,3391.66075,3386.661,0,0.024,0.401,3389.16088,0.35,0,0.6,0.615,0,0,0,0,0.0,0,0.842,0.464,1,0.842,0.185,0.088,0.386,0.25,0.0,3389.16088,0.747,1.329,1,2,0.0,0,15720,0.72,0.8,0,0.4,0.206,0.238,0.38,0.677,1.0,0,0.685,429.0,11942.8
99878,XAUGBPm_20260827230528_0,XAUGBPm,BREAKOUT,BUY,-1,2026.08.27 23:05:28,2026.08.28 01:27:25,141,3390.201,3372.475,-17726.0,-12320.7,1.495,0.0,SL_HIT,3389.16088,3391.66075,3386.661,1,0.024,0.401,3389.16088,0.35,0,0.6,0.615,0,0,0,0,0.0,0,0.842,0.417,1,0.842,0.185,0.088,0.116,0.25,0.0,0.0,0.0,0.924,1,2,0.0,0,15720,0.284,1.67,0,0.4,0.206,0.238,0.38,0.677,1.0,0,0.685,429.0,11942.8
99868,XAUGBPm_20260827222232_2,XAUGBPm,PULLBACK,BUY,-1,2026.08.27 22:22:32,2026.08.28 01:27:59,185,3389.957,3372.043,-17914.0,-12448.31,1.494,0.131,SL_HIT,3391.30363,3393.08925,3387.37525,1,0.071,0.289,3391.30363,0.4,0,0.825,0.755,0,0,0,0,0.0,0,0.715,0.476,1,0.715,0.226,0.202,0.161,0.15,0.0,0.0,0.0,1.052,1,2,0.0,0,15719,0.585,1.36,0,0.4,0.206,0.238,0.38,0.677,1.0,0,0.685,429.0,11942.8
99886,XAUGBPm_20260827235054_4,XAUGBPm,SWEEP_REVERSAL,BUY,-1,2026.08.27 23:50:54,2026.08.28 01:40:21,109,3380.113,3368.243,-11870.0,-8341.09,0.998,0.411,SL_HIT,3389.16088,3391.66075,3386.661,0,0.024,0.401,3389.16088,0.35,0,0.6,0.615,0,0,0,0,0.0,0,0.842,0.464,1,0.842,0.185,0.088,0.386,0.25,0.0,3389.16088,0.747,1.329,1,2,0.0,0,15720,0.213,0.8,0,0.4,0.206,0.238,0.38,0.677,1.0,0,0.685,429.0,11942.8
99919,XAUGBPm_20260828014656_5,XAUGBPm,MEAN_REVERSION,BUY,0,2026.08.28 01:46:56,2026.08.28 02:05:16,18,3371.11,3368.134,-2976.0,-2022.37,0.414,0.05,SL_HIT,3386.85245,3390.2618,3378.5726,0,0.988,0.154,3379.05965,0.6,0,1.0,0.685,0,0,0,-1,0.0,0,0.677,0.418,1,0.677,0.206,0.238,0.38,0.4,0.0,3379.05965,0.726,1.23,1,2,0.0,0,15722,0.635,0.88,0,0.0,0.206,0.132,0.202,0.723,0.675,0,-0.685,429.0,12188.3
99922,XAUGBPm_20260828015237_4,XAUGBPm,SWEEP_REVERSAL,BUY,0,2026.08.28 01:52:38,2026.08.28 02:05:16,12,3369.704,3368.134,-1570.0,-971.77,0.296,0.0,SL_HIT,3386.85245,3390.2618,3378.5726,0,0.988,0.154,3379.05965,0.6,0,1.0,0.685,0,0,0,-1,0.0,0,0.677,0.418,1,0.677,0.206,0.238,0.38,0.4,0.0,3379.05965,0.726,1.23,1,2,0.0,0,15722,0.284,0.81,0,0.0,0.206,0.132,0.202,0.723,0.675,0,-0.685,429.0,12188.3
99920,XAUGBPm_20260828014656_5,XAUGBPm,MEAN_REVERSION,BUY,1,2026.08.28 01:46:57,2026.08.28 02:11:55,24,3371.11,3370.081,-1029.0,-699.21,0.414,0.05,SL_HIT,3386.85245,3390.2618,3378.5726,0,0.988,0.154,3379.05965,0.6,0,1.0,0.685,0,0,0,-1,0.0,0,0.677,0.418,1,0.677,0.206,0.238,0.38,0.4,0.0,3379.05965,0.726,1.23,1,2,0.0,0,15722,0.635,0.88,0,0.0,0.206,0.132,0.211,0.723,0.675,0,-0.685,429.0,12188.3
99923,XAUGBPm_20260828015237_4,XAUGBPm,SWEEP_REVERSAL,BUY,1,2026.08.28 01:52:38,2026.08.28 02:11:55,19,3369.564,3370.081,517.0,351.28,0.285,0.14,TRAIL_STOP,3386.85245,3390.2618,3378.5726,0,0.988,0.154,3379.05965,0.6,0,1.0,0.685,0,0,0,-1,0.0,0,0.677,0.418,1,0.677,0.206,0.238,0.38,0.4,0.0,3379.05965,0.726,1.23,1,2,0.0,0,15722,0.284,0.81,0,0.0,0.206,0.132,0.211,0.723,0.675,0,-0.685,429.0,12188.3
99929,XAUGBPm_20260828041534_5,XAUGBPm,MEAN_REVERSION,BUY,0,2026.08.28 04:15:34,2026.08.28 04:15:51,0,3371.026,3370.273,-753.0,-511.64,0.054,0.0,SL_HIT,3374.14763,3379.3135,3368.98175,1,0.195,0.281,3374.14763,0.55,0,0.55,-0.755,0,0,0,-1,0.0,0,0.776,0.478,1,0.776,0.226,0.175,0.211,0.15,0.0,3379.3135,0.6,1.126,1,1,0.0,0,15725,0.686,0.92,0,0.15,0.226,0.175,0.211,0.776,0.55,1,-0.755,429.0,11851.9
99930,XAUGBPm_20260828041534_5,XAUGBPm,MEAN_REVERSION,BUY,1,2026.08.28 04:15:34,2026.08.28 04:24:05,8,3371.026,3372.219,1193.0,810.57,0.065,0.192,TRAIL_STOP,3374.14763,3379.3135,3368.98175,1,0.195,0.281,3374.14763,0.55,0,0.55,-0.755,0,0,0,-1,0.0,0,0.776,0.478,1,0.776,0.226,0.175,0.211,0.15,0.0,3379.3135,0.6,1.126,1,1,0.0,0,15725,0.686,0.92,0,0.15,0.226,0.175,0.19,0.776,0.55,1,-0.755,430.0,11851.9
99934,XAUGBPm_20260828054335_4,XAUGBPm,SWEEP_REVERSAL,BUY,0,2026.08.28 05:43:36,2026.08.28 06:04:29,20,3364.865,3367.757,2892.0,1965.01,0.042,0.308,TRAIL_STOP,3373.90283,3376.17895,3367.9849,0,0.022,0.36,3373.90283,0.45,0,0.6,-0.79,0,0,0,-1,0.0,0,0.668,0.412,1,0.668,0.237,0.0,0.249,0.0,0.0,3373.90283,0.732,1.273,1,1,0.0,0,15726,0.103,0.86,0,0.4,0.195,0.224,0.384,0.656,0.975,0,-0.65,429.0,9929.3
99935,XAUGBPm_20260828054335_4,XAUGBPm,SWEEP_REVERSAL,BUY,1,2026.08.28 05:43:36,2026.08.28 06:05:28,21,3364.865,3367.21,2345.0,1593.4,0.042,0.308,TRAIL_STOP,3373.90283,3376.17895,3367.9849,0,0.022,0.36,3373.90283,0.45,0,0.6,-0.79,0,0,0,-1,0.0,0,0.668,0.412,1,0.668,0.237,0.0,0.249,0.0,0.0,3373.90283,0.732,1.273,1,1,0.0,0,15726,0.103,0.86,0,0.4,0.195,0.224,0.345,0.656,0.975,0,-0.65,429.0,9929.3
99933,XAUGBPm_20260828054335_4,XAUGBPm,SWEEP_REVERSAL,BUY,-1,2026.08.28 05:43:35,2026.08.28 06:34:08,50,3365.095,3374.462,9367.0,6521.5,0.063,0.849,TP_HIT,3373.90283,3376.17895,3367.9849,0,0.022,0.36,3373.90283,0.45,0,0.6,-0.79,0,0,0,-1,0.0,0,0.668,0.412,1,0.668,0.237,0.0,0.249,0.0,0.0,3373.90283,0.732,1.273,1,1,0.0,0,15726,0.103,0.86,0,0.4,0.195,0.224,0.294,0.656,0.975,1,-0.65,489.0,9929.3
99918,XAUGBPm_20260828014656_5,XAUGBPm,MEAN_REVERSION,BUY,-1,2026.08.28 01:46:56,2026.08.28 06:47:53,300,3371.11,3379.503,8393.0,5704.09,0.561,0.69,TP_HIT,3386.85245,3390.2618,3378.5726,0,0.988,0.154,3379.05965,0.6,0,1.0,0.685,0,0,0,-1,0.0,0,0.677,0.418,1,0.677,0.206,0.238,0.38,0.4,0.0,3379.05965,0.726,1.23,1,2,0.0,0,15722,0.635,0.88,0,0.4,0.195,0.224,0.442,0.656,0.975,0,-0.65,430.0,9929.3
99921,XAUGBPm_20260828015237_4,XAUGBPm,SWEEP_REVERSAL,BUY,-1,2026.08.28 01:52:38,2026.08.28 06:47:53,295,3369.855,3379.503,9648.0,6659.65,0.456,0.795,TP_HIT,3386.85245,3390.2618,3378.5726,0,0.988,0.154,3379.05965,0.6,0,1.0,0.685,0,0,0,-1,0.0,0,0.677,0.418,1,0.677,0.206,0.238,0.38,0.4,0.0,3379.05965,0.726,1.23,1,2,0.0,0,15722,0.284,0.81,0,0.4,0.195,0.224,0.442,0.656,0.975,0,-0.65,430.0,9929.3
99928,XAUGBPm_20260828041534_5,XAUGBPm,MEAN_REVERSION,BUY,-1,2026.08.28 04:15:34,2026.08.28 06:48:33,152,3371.026,3379.828,8802.0,5981.58,0.558,0.732,TP_HIT,3374.14763,3379.3135,3368.98175,1,0.195,0.281,3374.14763,0.55,0,0.55,-0.755,0,0,0,-1,0.0,0,0.776,0.478,1,0.776,0.226,0.175,0.211,0.15,0.0,3379.3135,0.6,1.126,1,1,0.0,0,15725,0.686,0.92,0,0.4,0.195,0.224,0.442,0.656,0.975,0,-0.65,430.0,9929.3
99895,XAUGBPm_20260828003133_3,XAUGBPm,TREND_CONTINUATION,BUY,-1,2026.08.28 00:31:33,2026.08.28 06:57:06,385,3376.645,3391.362,14717.0,10002.56,1.002,1.195,TP_HIT,3389.90733,3393.27625,3384.6133,0,0.655,0.104,3390.86987,0.45,0,0.975,0.825,0,0,0,0,0.0,0,0.72,0.505,2,0.72,0.247,0.214,0.287,0.15,0.0,3390.86987,0.739,1.241,1,2,0.0,0,15721,0.579,1.0,0,0.4,0.195,0.224,0.442,0.656,0.975,0,-0.65,431.0,9929.3
99944,XAUGBPm_20260828090000_7,XAUGBPm,ANCHORED_PULLBACK,BUY,0,2026.08.28 09:00:00,2026.08.28 09:00:25,0,3387.581,3388.166,585.0,397.4,0.021,0.091,TRAIL_STOP,3393.54317,3395.908,3372.25975,1,0.41,0.558,3393.54317,0.75,0,0.45,0.685,2,0,0,0,0.0,3,0.668,0.562,2,0.19,0.606,0.105,0.3,0.3,0.0,3393.54317,0.73,1.77,1,1,0.0,0,15730,0.702,1.79,0,0.0,0.206,0.0,0.156,0.49,0.45,1,0.685,431.0,11400.6
99945,XAUGBPm_20260828090000_7,XAUGBPm,ANCHORED_PULLBACK,BUY,1,2026.08.28 09:00:00,2026.08.28 09:02:19,2,3387.581,3387.522,-59.0,-131.79,0.021,0.091,SL_HIT,3393.54317,3395.908,3372.25975,1,0.41,0.558,3393.54317,0.75,0,0.45,0.685,2,0,0,0,0.0,3,0.668,0.562,2,0.19,0.606,0.105,0.3,0.3,0.0,3393.54317,0.73,1.77,1,1,0.0,0,15730,0.702,1.79,0,0.0,0.206,0.0,0.18,0.49,0.45,1,0.685,431.0,11400.6
99949,XAUGBPm_20260828100006_0,XAUGBPm,BREAKOUT,BUY,0,2026.08.28 10:00:06,2026.08.28 10:00:32,0,3390.859,3390.457,-402.0,-272.98,0.074,0.003,SL_HIT,3388.96315,3395.908,3385.1049,1,0.11,0.976,3388.96315,0.35,0,0.5,0.545,0,0,0,0,0.0,0,0.74,0.513,2,0.74,0.164,0.088,0.24,0.25,0.0,3385.1049,0.6,1.11,1,1,0.0,0,15731,0.278,1.67,0,0.25,0.164,0.088,0.24,0.74,0.5,1,0.545,431.0,11368.9
99952,XAUGBPm_20260828100008_2,XAUGBPm,PULLBACK,BUY,0,2026.08.28 10:00:08,2026.08.28 10:00:32,0,3390.721,3390.457,-264.0,-179.27,0.061,0.015,SL_HIT,3388.96315,3395.908,3385.1049,1,0.11,0.976,3388.96315,0.35,0,0.5,0.545,0,0,0,0,0.0,0,0.74,0.513,2,0.74,0.164,0.088,0.24,0.25,0.0,3385.1049,0.6,1.11,1,1,0.0,0,15731,0.477,1.02,0,0.25,0.164,0.088,0.24,0.74,0.5,1,0.545,431.0,11368.9
99950,XAUGBPm_20260828100006_0,XAUGBPm,BREAKOUT,BUY,1,2026.08.28 10:00:06,2026.08.28 10:01:16,1,3390.859,3389.829,-1030.0,-699.43,0.077,0.003,SL_HIT,3388.96315,3395.908,3385.1049,1,0.11,0.976,3388.96315,0.35,0,0.5,0.545,0,0,0,0,0.0,0,0.74,0.513,2,0.74,0.164,0.088,0.24,0.25,0.0,3385.1049,0.6,1.11,1,1,0.0,0,15731,0.278,1.67,0,0.25,0.164,0.088,0.24,0.74,0.5,1,0.545,431.0,11368.9
99953,XAUGBPm_20260828100008_2,XAUGBPm,PULLBACK,BUY,1,2026.08.28 10:00:08,2026.08.28 10:01:16,1,3390.721,3389.829,-892.0,-605.72,0.065,0.015,SL_HIT,3388.96315,3395.908,3385.1049,1,0.11,0.976,3388.96315,0.35,0,0.5,0.545,0,0,0,0,0.0,0,0.74,0.513,2,0.74,0.164,0.088,0.24,0.25,0.0,3385.1049,0.6,1.11,1,1,0.0,0,15731,0.477,1.02,0,0.25,0.164,0.088,0.24,0.74,0.5,1,0.545,431.0,11368.9
99943,XAUGBPm_20260828090000_7,XAUGBPm,ANCHORED_PULLBACK,BUY,-1,2026.08.28 09:00:00,2026.08.28 10:15:30,75,3387.718,3393.551,5833.0,4054.29,0.151,0.51,TP_HIT,3393.54317,3395.908,3372.25975,1,0.41,0.558,3393.54317,0.75,0,0.45,0.685,2,0,0,0,0.0,3,0.668,0.562,2,0.19,0.606,0.105,0.3,0.3,0.0,3393.54317,0.73,1.77,1,1,0.0,0,15730,0.702,1.79,0,0.25,0.164,0.088,0.112,0.74,0.5,1,0.545,431.0,11368.9
99960,XAUGBPm_20260828104556_5,XAUGBPm,MEAN_REVERSION,BUY,0,2026.08.28 10:45:56,2026.08.28 10:46:42,0,3386.798,3386.151,-647.0,-439.68,0.048,0.0,SL_HIT,3388.96315,3395.908,3385.1049,1,0.11,0.976,3388.96315,0.35,0,0.5,0.545,0,0,0,0,0.0,0,0.74,0.522,2,0.74,0.164,0.088,0.288,0.25,0.0,3395.908,0.6,1.182,1,1,0.0,0,15731,0.704,1.05,0,0.25,0.164,0.088,0.288,0.74,0.5,1,0.545,431.0,11368.9
99963,XAUGBPm_20260828104626_1,XAUGBPm,BREAKOUT_RETEST,BUY,0,2026.08.28 10:46:26,2026.08.28 10:46:42,0,3386.814,3386.151,-663.0,-450.55,0.046,0.0,SL_HIT,3388.96315,3395.908,3385.1049,1,0.11,0.976,3388.96315,0.35,0,0.5,0.545,0,0,0,0,0.0,0,0.74,0.522,2,0.74,0.164,0.088,0.288,0.25,0.0,3395.908,0.6,1.182,1,1,0.0,0,15731,0.406,2.79,0,0.25,0.164,0.088,0.288,0.74,0.5,1,0.545,431.0,11368.9
99961,XAUGBPm_20260828104556_5,XAUGBPm,MEAN_REVERSION,BUY,1,2026.08.28 10:45:56,2026.08.28 10:46:47,0,3386.798,3385.615,-1183.0,-803.93,0.091,0.0,SL_HIT,3388.96315,3395.908,3385.1049,1,0.11,0.976,3388.96315,0.35,0,0.5,0.545,0,0,0,0,0.0,0,0.74,0.522,2,0.74,0.164,0.088,0.288,0.25,0.0,3395.908,0.6,1.182,1,1,0.0,0,15731,0.704,1.05,0,0.25,0.164,0.088,0.288,0.74,0.5,1,0.545,430.0,11368.9
99964,XAUGBPm_20260828104626_1,XAUGBPm,BREAKOUT_RETEST,BUY,1,2026.08.28 10:46:26,2026.08.28 10:46:47,0,3386.814,3385.615,-1199.0,-891.6,0.093,0.0,SL_HIT,3388.96315,3395.908,3385.1049,1,0.11,0.976,3388.96315,0.35,0,0.5,0.545,0,0,0,0,0.0,0,0.74,0.522,2,0.74,0.164,0.088,0.288,0.25,0.0,3395.908,0.6,1.182,1,1,0.0,0,15731,0.406,2.79,0,0.25,0.164,0.088,0.288,0.74,0.5,1,0.545,430.0,11368.9
99962,XAUGBPm_20260828104626_1,XAUGBPm,BREAKOUT_RETEST,BUY,-1,2026.08.28 10:46:26,2026.08.28 10:52:36,6,3386.814,3383.311,-3503.0,-2380.1,0.296,0.0,SL_HIT,3388.96315,3395.908,3385.1049,1,0.11,0.976,3388.96315,0.35,0,0.5,0.545,0,0,0,0,0.0,0,0.74,0.522,2,0.74,0.164,0.088,0.288,0.25,0.0,3395.908,0.6,1.182,1,1,0.0,0,15731,0.406,2.79,0,0.25,0.164,0.088,0.369,0.74,0.5,0,0.545,430.0,11368.9
99971,XAUGBPm_20260828110009_4,XAUGBPm,SWEEP_REVERSAL,BUY,0,2026.08.28 11:00:09,2026.08.28 11:00:24,0,3384.973,3384.784,-189.0,-128.44,0.049,0.029,SL_HIT,3387.79612,3393.96115,3386.8227,0,0.298,0.015,3387.79612,0.55,0,0.825,0.755,0,0,0,0,0.0,0,0.615,0.483,1,0.615,0.226,0.181,0.296,0.15,0.0,3393.96115,0.6,1.255,1,1,0.0,0,15732,0.211,0.81,0,0.15,0.226,0.181,0.296,0.615,0.825,0,0.755,430.0,11472.9
99972,XAUGBPm_20260828110009_4,XAUGBPm,SWEEP_REVERSAL,BUY,1,2026.08.28 11:00:09,2026.08.28 11:00:29,0,3384.973,3384.235,-738.0,-501.53,0.049,0.029,SL_HIT,3387.79612,3393.96115,3386.8227,0,0.298,0.015,3387.79612,0.55,0,0.825,0.755,0,0,0,0,0.0,0,0.615,0.483,1,0.615,0.226,0.181,0.296,0.15,0.0,3393.96115,0.6,1.255,1,1,0.0,0,15732,0.211,0.81,0,0.15,0.226,0.181,0.296,0.615,0.825,0,0.755,430.0,11472.9
99984,XAUGBPm_20260828125023_1,XAUGBPm,BREAKOUT_RETEST,BUY,-1,2026.08.28 12:50:23,2026.08.28 12:51:41,1,3384.516,3381.101,-3415.0,-2318.96,0.291,0.0,SL_HIT,3387.94853,3393.25285,3383.46025,1,0.259,0.028,3387.94853,0.6,0,0.9,0.615,0,0,0,0,0.0,0,0.784,0.425,1,0.784,0.185,0.295,0.315,0.4,0.0,3387.94853,0.745,1.133,1,2,0.0,0,15733,0.543,1.13,0,0.4,0.185,0.295,0.339,0.784,0.9,0,0.615,430.0,11364.8
99985,XAUGBPm_20260828125023_1,XAUGBPm,BREAKOUT_RETEST,BUY,0,2026.08.28 12:50:23,2026.08.28 12:51:41,1,3384.516,3381.101,-3415.0,-2318.96,0.291,0.0,SL_HIT,3387.94853,3393.25285,3383.46025,1,0.259,0.028,3387.94853,0.6,0,0.9,0.615,0,0,0,0,0.0,0,0.784,0.425,1,0.784,0.185,0.295,0.315,0.4,0.0,3387.94853,0.745,1.133,1,2,0.0,0,15733,0.543,1.13,0,0.4,0.185,0.295,0.339,0.784,0.9,0,0.615,430.0,11364.8
99986,XAUGBPm_20260828125023_1,XAUGBPm,BREAKOUT_RETEST,BUY,1,2026.08.28 12:50:23,2026.08.28 12:51:41,1,3384.516,3381.101,-3415.0,-2318.96,0.291,0.0,SL_HIT,3387.94853,3393.25285,3383.46025,1,0.259,0.028,3387.94853,0.6,0,0.9,0.615,0,0,0,0,0.0,0,0.784,0.425,1,0.784,0.185,0.295,0.315,0.4,0.0,3387.94853,0.745,1.133,1,2,0.0,0,15733,0.543,1.13,0,0.4,0.185,0.295,0.339,0.784,0.9,0,0.615,430.0,11364.8
99981,XAUGBPm_20260828124601_5,XAUGBPm,MEAN_REVERSION,BUY,-1,2026.08.28 12:46:01,2026.08.28 13:00:03,14,3380.993,3388.442,7449.0,5059.14,0.082,0.642,TP_HIT,3387.94853,3393.25285,3383.46025,0,0.259,0.028,3387.94853,0.6,0,0.9,0.615,0,0,0,0,0.0,0,0.784,0.439,1,0.784,0.185,0.295,0.398,0.4,0.0,3387.94853,0.745,1.257,1,2,0.0,0,15733,0.69,0.81,0,0.25,0.195,0.188,0.141,0.675,0.65,0,0.65,431.0,11640.6
99982,XAUGBPm_20260828124601_5,XAUGBPm,MEAN_REVERSION,BUY,0,2026.08.28 12:46:01,2026.08.28 13:00:03,14,3380.993,3388.442,7449.0,5059.14,0.082,0.642,TP_HIT,3387.94853,3393.25285,3383.46025,0,0.259,0.028,3387.94853,0.6,0,0.9,0.615,0,0,0,0,0.0,0,0.784,0.439,1,0.784,0.185,0.295,0.398,0.4,0.0,3387.94853,0.745,1.257,1,2,0.0,0,15733,0.69,0.81,0,0.25,0.195,0.188,0.141,0.675,0.65,0,0.65,431.0,11640.6
99983,XAUGBPm_20260828124601_5,XAUGBPm,MEAN_REVERSION,BUY,1,2026.08.28 12:46:01,2026.08.28 13:00:03,14,3380.993,3388.442,7449.0,5059.14,0.082,0.632,TP_HIT,3387.94853,3393.25285,3383.46025,0,0.259,0.028,3387.94853,0.6,0,0.9,0.615,0,0,0,0,0.0,0,0.784,0.439,1,0.784,0.185,0.295,0.398,0.4,0.0,3387.94853,0.745,1.257,1,2,0.0,0,15733,0.69,0.81,0,0.25,0.195,0.188,0.141,0.675,0.65,0,0.65,431.0,11640.6
99977,XAUGBPm_20260828122351_2,XAUGBPm,PULLBACK,BUY,1,2026.08.28 12:23:51,2026.08.28 13:10:34,46,3387.427,3385.702,-1725.0,-1171.52,0.648,0.31,SL_HIT,3387.94853,3393.25285,3383.46025,1,0.259,0.028,3387.94853,0.6,0,0.9,0.615,0,0,0,0,0.0,0,0.784,0.46,1,0.784,0.185,0.295,0.243,0.4,0.0,3383.46025,0.6,1.024,1,2,0.0,0,15733,0.59,1.21,0,0.25,0.195,0.188,0.251,0.675,0.65,1,0.65,431.0,11640.6
99980,XAUGBPm_20260828122352_3,XAUGBPm,TREND_CONTINUATION,BUY,1,2026.08.28 12:23:52,2026.08.28 13:10:34,46,3387.564,3385.702,-1862.0,-1264.56,0.66,0.298,SL_HIT,3387.94853,3393.25285,3383.46025,1,0.259,0.028,3387.94853,0.6,0,0.9,0.615,0,0,0,0,0.0,0,0.784,0.46,1,0.784,0.185,0.295,0.243,0.4,0.0,3383.46025,0.6,1.024,1,2,0.0,0,15733,0.518,2.08,0,0.25,0.195,0.188,0.251,0.675,0.65,1,0.65,431.0,11640.6
99992,XAUGBPm_20260828130001_7,XAUGBPm,ANCHORED_PULLBACK,BUY,1,2026.08.28 13:00:01,2026.08.28 13:10:34,10,3388.271,3385.702,-2569.0,-1744.71,0.418,0.23,SL_HIT,3381.7237,3388.0834,3379.8532,0,0.033,0.418,3381.7237,0.55,0,0.65,0.65,2,0,0,0,0.0,0,0.675,0.408,1,0.675,0.195,0.188,0.141,0.25,0.0,3381.7237,0.753,0.962,1,2,0.0,0,15734,0.368,2.79,0,0.25,0.195,0.188,0.251,0.675,0.65,1,0.65,431.0,11640.6
99970,XAUGBPm_20260828110009_4,XAUGBPm,SWEEP_REVERSAL,BUY,-1,2026.08.28 11:00:09,2026.08.28 13:47:36,167,3385.111,3394.486,9375.0,6458.33,0.523,0.809,TP_HIT,3387.79612,3393.96115,3386.8227,0,0.298,0.015,3387.79612,0.55,0,0.825,0.755,0,0,0,0,0.0,0,0.615,0.483,1,0.615,0.226,0.181,0.296,0.15,0.0,3393.96115,0.6,1.255,1,1,0.0,0,15732,0.211,0.81,0,0.25,0.195,0.188,0.391,0.675,0.65,0,0.65,431.0,11640.6
99959,XAUGBPm_20260828104556_5,XAUGBPm,MEAN_REVERSION,BUY,-1,2026.08.28 10:45:56,2026.08.28 13:48:23,182,3386.798,3396.428,9630.0,6536.89,0.677,0.839,TP_HIT,3388.96315,3395.908,3385.1049,1,0.11,0.976,3388.96315,0.35,0,0.5,0.545,0,0,0,0,0.0,0,0.74,0.522,2,0.74,0.164,0.088,0.288,0.25,0.0,3395.908,0.6,1.182,1,1,0.0,0,15731,0.704,1.05,0,0.25,0.195,0.188,0.391,0.675,0.65,0,0.65,432.0,11640.6
99976,XAUGBPm_20260828122351_2,XAUGBPm,PULLBACK,BUY,0,2026.08.28 12:23:51,2026.08.28 13:59:57,96,3387.427,3396.115,8688.0,5898.2,0.648,1.593,TRAIL_STOP,3387.94853,3393.25285,3383.46025,1,0.259,0.028,3387.94853,0.6,0,0.9,0.615,0,0,0,0,0.0,0,0.784,0.46,1,0.784,0.185,0.295,0.243,0.4,0.0,3383.46025,0.6,1.024,1,2,0.0,0,15733,0.59,1.21,0,0.25,0.195,0.188,0.391,0.675,0.65,0,0.65,491.0,11640.6
99979,XAUGBPm_20260828122352_3,XAUGBPm,TREND_CONTINUATION,BUY,0,2026.08.28 12:23:52,2026.08.28 14:00:06,96,3387.564,3387.674,110.0,74.66,0.66,1.581,TRAIL_STOP,3387.94853,3393.25285,3383.46025,1,0.259,0.028,3387.94853,0.6,0,0.9,0.615,0,0,0,0,0.0,0,0.784,0.46,1,0.784,0.185,0.295,0.243,0.4,0.0,3383.46025,0.6,1.024,1,2,0.0,0,15733,0.518,2.08,0,0.0,0.258,0.0,0.08,0.694,1.0,1,0.86,667.0,12414.2
99991,XAUGBPm_20260828130001_7,XAUGBPm,ANCHORED_PULLBACK,BUY,0,2026.08.28 13:00:01,2026.08.28 14:00:06,60,3388.396,3387.674,-722.0,-405.22,0.548,1.472,SL_HIT,3381.7237,3388.0834,3379.8532,0,0.033,0.418,3381.7237,0.55,0,0.65,0.65,2,0,0,0,0.0,0,0.675,0.408,1,0.675,0.195,0.188,0.141,0.25,0.0,3381.7237,0.753,0.962,1,2,0.0,0,15734,0.368,2.79,0,0.0,0.258,0.0,0.08,0.694,1.0,1,0.86,667.0,12414.2
100006,XAUGBPm_20260828140009_0,XAUGBPm,BREAKOUT,BUY,1,2026.08.28 14:00:09,2026.08.28 14:00:26,0,3394.199,3400.632,6433.0,4240.05,0.494,0.977,TRAIL_STOP,3386.3716,3389.6746,3380.4262,0,0.403,0.449,3386.3716,0.35,0,1.0,0.86,0,0,0,0,0.0,0,0.694,0.468,1,0.694,0.258,0.0,0.229,0.0,0.0,3386.3716,0.735,1.244,1,2,0.0,0,15735,0.517,4.38,0,0.0,0.258,0.0,0.289,0.694,1.0,0,0.86,593.0,12414.2
100005,XAUGBPm_20260828140009_0,XAUGBPm,BREAKOUT,BUY,0,2026.08.28 14:00:09,2026.08.28 14:00:36,0,3394.199,3393.904,-295.0,-200.37,0.494,0.989,SL_HIT,3386.3716,3389.6746,3380.4262,0,0.403,0.449,3386.3716,0.35,0,1.0,0.86,0,0,0,0,0.0,0,0.694,0.468,1,0.694,0.258,0.0,0.229,0.0,0.0,3386.3716,0.735,1.244,1,2,0.0,0,15735,0.517,4.38,0,0.0,0.258,0.0,0.242,0.694,1.0,0,0.86,490.0,12414.2
100004,XAUGBPm_20260828140009_0,XAUGBPm,BREAKOUT,BUY,-1,2026.08.28 14:00:09,2026.08.28 14:01:34,1,3394.199,3387.008,-7191.0,-4880.75,0.568,0.989,SL_HIT,3386.3716,3389.6746,3380.4262,0,0.403,0.449,3386.3716,0.35,0,1.0,0.86,0,0,0,0,0.0,0,0.694,0.468,1,0.694,0.258,0.0,0.229,0.0,0.0,3386.3716,0.735,1.244,1,2,0.0,0,15735,0.517,4.38,0,0.0,0.258,0.0,0.037,0.694,1.0,1,0.86,490.0,12414.2
99990,XAUGBPm_20260828130001_7,XAUGBPm,ANCHORED_PULLBACK,BUY,-1,2026.08.28 13:00:01,2026.08.28 14:02:27,62,3388.576,3380.29,-8286.0,-5497.53,0.7,1.538,SL_HIT,3381.7237,3388.0834,3379.8532,0,0.033,0.418,3381.7237,0.55,0,0.65,0.65,2,0,0,0,0.0,0,0.675,0.408,1,0.675,0.195,0.188,0.141,0.25,0.0,3381.7237,0.753,0.962,1,2,0.0,0,15734,0.368,2.79,0,0.0,0.258,0.0,0.214,0.694,1.0,0,0.86,490.0,12414.2
99978,XAUGBPm_20260828122352_3,XAUGBPm,TREND_CONTINUATION,BUY,-1,2026.08.28 12:23:52,2026.08.28 14:05:09,101,3387.564,3373.81,-13754.0,-9322.53,1.194,1.664,SL_HIT,3387.94853,3393.25285,3383.46025,1,0.259,0.028,3387.94853,0.6,0,0.9,0.615,0,0,0,0,0.0,0,0.784,0.46,1,0.784,0.185,0.295,0.243,0.4,0.0,3383.46025,0.6,1.024,1,2,0.0,0,15733,0.518,2.08,0,0.0,0.258,0.0,0.214,0.694,1.0,0,0.86,431.0,12414.2
99948,XAUGBPm_20260828100006_0,XAUGBPm,BREAKOUT,BUY,-1,2026.08.28 10:00:06,2026.08.28 14:05:11,245,3390.859,3373.74,-17119.0,-11603.17,1.5,1.374,SL_HIT,3388.96315,3395.908,3385.1049,1,0.11,0.976,3388.96315,0.35,0,0.5,0.545,0,0,0,0,0.0,0,0.74,0.513,2,0.74,0.164,0.088,0.24,0.25,0.0,3385.1049,0.6,1.11,1,1,0.0,0,15731,0.278,1.67,0,0.0,0.258,0.0,0.214,0.694,1.0,0,0.86,431.0,12414.2
99951,XAUGBPm_20260828100008_2,XAUGBPm,PULLBACK,BUY,-1,2026.08.28 10:00:08,2026.08.28 14:05:11,245,3390.721,3373.601,-17120.0,-11603.51,1.494,1.386,SL_HIT,3388.96315,3395.908,3385.1049,1,0.11,0.976,3388.96315,0.35,0,0.5,0.545,0,0,0,0,0.0,0,0.74,0.513,2,0.74,0.164,0.088,0.24,0.25,0.0,3385.1049,0.6,1.11,1,1,0.0,0,15731,0.477,1.02,0,0.0,0.258,0.0,0.214,0.694,1.0,0,0.86,431.0,12414.2
99975,XAUGBPm_20260828122351_2,XAUGBPm,PULLBACK,BUY,-1,2026.08.28 12:23:51,2026.08.28 14:05:14,101,3387.427,3370.256,-17171.0,-11638.59,1.5,1.676,SL_HIT,3387.94853,3393.25285,3383.46025,1,0.259,0.028,3387.94853,0.6,0,0.9,0.615,0,0,0,0,0.0,0,0.784,0.46,1,0.784,0.185,0.295,0.243,0.4,0.0,3383.46025,0.6,1.024,1,2,0.0,0,15733,0.59,1.21,0,0.0,0.258,0.0,0.214,0.694,1.0,0,0.86,490.0,12414.2
100017,XAUGBPm_20260828142351_2,XAUGBPm,PULLBACK,BUY,1,2026.08.28 14:23:51,2026.08.28 14:27:43,3,3360.335,3353.565,-6770.0,-4580.92,0.533,0.549,SL_HIT,3386.3716,3389.6746,3380.4262,0,0.403,0.449,3386.3716,0.35,0,1.0,0.86,0,0,0,0,0.0,0,0.694,0.478,1,0.694,0.258,0.0,0.214,0.0,0.0,3386.3716,0.735,1.261,1,2,0.0,0,15735,0.497,1.43,0,0.0,0.258,0.0,0.214,0.694,1.0,0,0.86,489.0,12414.2
100016,XAUGBPm_20260828142351_2,XAUGBPm,PULLBACK,BUY,0,2026.08.28 14:23:51,2026.08.28 14:28:14,4,3360.224,3348.997,-11227.0,-7670.38,0.892,0.558,SL_HIT,3386.3716,3389.6746,3380.4262,0,0.403,0.449,3386.3716,0.35,0,1.0,0.86,0,0,0,0,0.0,0,0.694,0.478,1,0.694,0.258,0.0,0.214,0.0,0.0,3386.3716,0.735,1.261,1,2,0.0,0,15735,0.497,1.43,0,0.0,0.258,0.0,0.214,0.694,1.0,0,0.86,430.0,12414.2
100020,XAUGBPm_20260828142352_3,XAUGBPm,TREND_CONTINUATION,BUY,1,2026.08.28 14:23:52,2026.08.28 14:41:09,17,3360.764,3368.87,8106.0,5489.95,1.034,1.439,TRAIL_STOP,3386.3716,3389.6746,3380.4262,0,0.403,0.449,3386.3716,0.35,0,1.0,0.86,0,0,0,0,0.0,0,0.694,0.476,1,0.694,0.258,0.0,0.214,0.0,0.0,3386.3716,0.735,1.244,1,2,0.0,0,15735,0.583,1.75,0,0.0,0.258,0.0,0.214,0.694,1.0,0,0.86,431.0,12414.2
100019,XAUGBPm_20260828142352_3,XAUGBPm,TREND_CONTINUATION,BUY,0,2026.08.28 14:23:52,2026.08.28 14:41:14,17,3360.91,3368.361,7451.0,5145.11,1.046,1.427,TRAIL_STOP,3386.3716,3389.6746,3380.4262,0,0.403,0.449,3386.3716,0.35,0,1.0,0.86,0,0,0,0,0.0,0,0.694,0.476,1,0.694,0.258,0.0,0.214,0.0,0.0,3386.3716,0.735,1.244,1,2,0.0,0,15735,0.583,1.75,0,0.0,0.258,0.0,0.214,0.694,1.0,0,0.86,431.0,12414.2
100026,XAUGBPm_20260828144601_5,XAUGBPm,MEAN_REVERSION,BUY,0,2026.08.28 14:46:01,2026.08.28 15:00:12,14,3361.732,3372.989,11257.0,7744.47,0.205,1.046,TRAIL_STOP,3386.3716,3389.6746,3380.4262,0,0.403,0.449,3386.3716,0.35,0,1.0,0.86,0,0,0,0,0.0,0,0.694,0.474,1,0.694,0.258,0.0,0.214,0.0,0.0,3386.3716,0.735,1.221,1,2,0.0,0,15735,0.643,2.51,6,0.3,0.0,0.525,0.489,0.769,0.108,1,0.0,430.0,15738.0
100027,XAUGBPm_20260828144601_5,XAUGBPm,MEAN_REVERSION,BUY,1,2026.08.28 14:46:01,2026.08.28 15:00:30,14,3361.577,3373.007,11430.0,7947.72,0.193,1.059,TRAIL_STOP,3386.3716,3389.6746,3380.4262,0,0.403,0.449,3386.3716,0.35,0,1.0,0.86,0,0,0,0,0.0,0,0.694,0.474,1,0.694,0.258,0.0,0.214,0.0,0.0,3386.3716,0.735,1.221,1,2,0.0,0,15735,0.643,2.51,6,0.3,0.0,0.525,0.489,0.769,0.108,1,0.0,489.0,15738.0
100031,XAUGBPm_20260828153451_4,XAUGBPm,SWEEP_REVERSAL,BUY,0,2026.08.28 15:34:51,2026.08.28 15:34:53,0,3361.584,3360.547,-1037.0,-703.12,0.055,0.0,SL_HIT,3367.02405,3386.1191,3356.7421,1,0.134,1.44,3367.02405,0.5,2,0.108,0.0,0,1,1,-1,0.0,6,0.5,0.349,0,0.769,0.0,0.525,0.451,0.3,0.0,3367.02405,0.742,0.646,1,2,0.0,0,15736,0.508,1.05,6,0.3,0.0,0.525,0.451,0.769,0.108,1,0.0,430.0,15738.0
100032,XAUGBPm_20260828153451_4,XAUGBPm,SWEEP_REVERSAL,BUY,1,2026.08.28 15:34:51,2026.08.28 15:35:37,0,3361.584,3360.416,-1168.0,-791.94,0.097,0.023,SL_HIT,3367.02405,3386.1191,3356.7421,1,0.134,1.44,3367.02405,0.5,2,0.108,0.0,0,1,1,-1,0.0,6,0.5,0.349,0,0.769,0.0,0.525,0.451,0.3,0.0,3367.02405,0.742,0.646,1,2,0.0,0,15736,0.508,1.05,6,0.3,0.0,0.525,0.451,0.769,0.108,1,0.0,430.0,15738.0
100030,XAUGBPm_20260828153451_4,XAUGBPm,SWEEP_REVERSAL,BUY,-1,2026.08.28 15:34:51,2026.08.28 15:38:51,4,3361.393,3355.559,-5834.0,-4084.92,0.364,0.159,SL_HIT,3367.02405,3386.1191,3356.7421,1,0.134,1.44,3367.02405,0.5,2,0.108,0.0,0,1,1,-1,0.0,6,0.5,0.349,0,0.769,0.0,0.525,0.451,0.3,0.0,3367.02405,0.742,0.646,1,2,0.0,0,15736,0.508,1.05,6,0.3,0.0,0.525,0.563,0.769,0.108,0,0.0,429.0,15738.0
100025,XAUGBPm_20260828144601_5,XAUGBPm,MEAN_REVERSION,BUY,-1,2026.08.28 14:46:01,2026.08.28 15:40:21,54,3361.884,3351.853,-10031.0,-6696.08,0.797,1.189,SL_HIT,3386.3716,3389.6746,3380.4262,0,0.403,0.449,3386.3716,0.35,0,1.0,0.86,0,0,0,0,0.0,0,0.694,0.474,1,0.694,0.258,0.0,0.214,0.0,0.0,3386.3716,0.735,1.221,1,2,0.0,0,15735,0.643,2.51,6,0.3,0.0,0.525,0.573,0.769,0.108,0,0.0,429.0,15738.0
100018,XAUGBPm_20260828142352_3,XAUGBPm,TREND_CONTINUATION,BUY,-1,2026.08.28 14:23:52,2026.08.28 15:44:06,80,3360.752,3345.71,-15042.0,-10303.47,1.2,1.44,SL_HIT,3386.3716,3389.6746,3380.4262,0,0.403,0.449,3386.3716,0.35,0,1.0,0.86,0,0,0,0,0.0,0,0.694,0.476,1,0.694,0.258,0.0,0.214,0.0,0.0,3386.3716,0.735,1.244,1,2,0.0,0,15735,0.583,1.75,6,0.3,0.0,0.525,0.604,0.769,0.108,0,0.0,429.0,15738.0
100015,XAUGBPm_20260828142351_2,XAUGBPm,PULLBACK,BUY,-1,2026.08.28 14:23:51,2026.08.28 15:56:02,92,3360.224,3341.517,-18707.0,-12678.86,1.497,1.482,SL_HIT,3386.3716,3389.6746,3380.4262,0,0.403,0.449,3386.3716,0.35,0,1.0,0.86,0,0,0,0,0.0,0,0.694,0.478,1,0.694,0.258,0.0,0.214,0.0,0.0,3386.3716,0.735,1.261,1,2,0.0,0,15735,0.497,1.43,6,0.3,0.0,0.525,0.604,0.769,0.108,0,0.0,428.0,15738.0
100040,XAUGBPm_20260828164601_5,XAUGBPm,MEAN_REVERSION,BUY,0,2026.08.28 16:46:01,2026.08.28 16:46:05,0,3308.216,3307.602,-614.0,-415.64,0.029,0.001,SL_HIT,3363.51112,3389.41425,3358.3305,0,1.273,0.071,3363.51112,0.45,0,0.675,-0.685,0,0,0,-1,0.0,0,0.546,0.483,1,0.546,0.206,0.194,0.33,0.15,0.0,3363.51112,0.743,1.45,1,1,0.407,0,15737,0.602,4.04,0,0.15,0.206,0.194,0.33,0.546,0.675,0,-0.685,427.0,17234.0
100041,XAUGBPm_20260828164601_5,XAUGBPm,MEAN_REVERSION,BUY,1,2026.08.28 16:46:01,2026.08.28 16:46:25,0,3308.216,3306.906,-1310.0,-975.52,0.071,0.018,SL_HIT,3363.51112,3389.41425,3358.3305,0,1.273,0.071,3363.51112,0.45,0,0.675,-0.685,0,0,0,-1,0.0,0,0.546,0.483,1,0.546,0.206,0.194,0.33,0.15,0.0,3363.51112,0.743,1.45,1,1,0.407,0,15737,0.602,4.04,0,0.15,0.206,0.194,0.33,0.546,0.675,0,-0.685,427.0,17234.0
100045,XAUGBPm_20260828173454_4,XAUGBPm,SWEEP_REVERSAL,BUY,0,2026.08.28 17:34:54,2026.08.28 17:35:51,0,3310.43,3310.312,-118.0,-79.85,0.059,0.04,SL_HIT,3365.76825,3390.3171,3324.8535,0,0.163,0.393,3365.76825,0.6,2,0.75,-0.72,0,0,0,-1,0.0,0,0.544,0.34,0,0.544,0.216,0.0,0.146,0.0,0.0,3365.76825,0.738,1.119,1,1,0.407,0,15738,0.085,9.14,0,0.0,0.216,0.0,0.146,0.544,0.75,0,-0.72,427.0,19654.8
100046,XAUGBPm_20260828173454_4,XAUGBPm,SWEEP_REVERSAL,BUY,1,2026.08.28 17:34:54,2026.08.28 17:36:26,1,3310.43,3309.208,-1222.0,-826.95,0.059,0.033,SL_HIT,3365.76825,3390.3171,3324.8535,0,0.163,0.393,3365.76825,0.6,2,0.75,-0.72,0,0,0,-1,0.0,0,0.544,0.34,0,0.544,0.216,0.0,0.146,0.0,0.0,3365.76825,0.738,1.119,1,1,0.407,0,15738,0.085,9.14,0,0.0,0.216,0.0,0.146,0.544,0.75,0,-0.72,427.0,19654.8
100044,XAUGBPm_20260828173454_4,XAUGBPm,SWEEP_REVERSAL,BUY,-1,2026.08.28 17:34:54,2026.08.28 17:41:14,6,3310.331,3304.197,-6134.0,-4216.59,0.31,0.053,SL_HIT,3365.76825,3390.3171,3324.8535,0,0.163,0.393,3365.76825,0.6,2,0.75,-0.72,0,0,0,-1,0.0,0,0.544,0.34,0,0.544,0.216,0.0,0.146,0.0,0.0,3365.76825,0.738,1.119,1,1,0.407,0,15738,0.085,9.14,0,0.0,0.216,0.0,0.13,0.544,0.75,0,-0.72,427.0,19654.8
100039,XAUGBPm_20260828164601_5,XAUGBPm,MEAN_REVERSION,BUY,-1,2026.08.28 16:46:01,2026.08.28 18:17:18,91,3308.216,3294.023,-14193.0,-9600.43,0.777,0.368,SL_HIT,3363.51112,3389.41425,3358.3305,0,1.273,0.071,3363.51112,0.45,0,0.675,-0.685,0,0,0,-1,0.0,0,0.546,0.483,1,0.546,0.206,0.194,0.33,0.15,0.0,3363.51112,0.743,1.45,1,1,0.407,0,15737,0.602,4.04,0,0.0,0.226,0.0,0.253,0.438,0.825,0,-0.755,485.0,20356.0
100052,XAUGBPm_20260828184601_5,XAUGBPm,MEAN_REVERSION,BUY,0,2026.08.28 18:46:01,2026.08.28 18:46:08,0,3292.284,3291.824,-460.0,-311.2,0.026,0.014,SL_HIT,3309.53888,3367.2269,3296.998,0,0.311,0.804,3364.71872,0.7,0,0.825,-0.755,2,0,0,-1,0.0,0,0.438,0.508,2,0.438,0.226,0.0,0.253,0.0,0.0,3309.53888,0.7,1.524,1,1,0.407,0,15739,0.56,1.08,0,0.0,0.226,0.0,0.253,0.438,0.825,0,-0.755,426.0,20356.0
100053,XAUGBPm_20260828184601_5,XAUGBPm,MEAN_REVERSION,BUY,1,2026.08.28 18:46:01,2026.08.28 18:46:24,0,3292.284,3290.577,-1707.0,-1154.81,0.076,0.014,SL_HIT,3309.53888,3367.2269,3296.998,0,0.311,0.804,3364.71872,0.7,0,0.825,-0.755,2,0,0,-1,0.0,0,0.438,0.508,2,0.438,0.226,0.0,0.253,0.0,0.0,3309.53888,0.7,1.524,1,1,0.407,0,15739,0.56,1.08,0,0.0,0.226,0.0,0.253,0.438,0.825,0,-0.755,426.0,20356.0
100057,XAUGBPm_20260828202323_4,XAUGBPm,SWEEP_REVERSAL,BUY,0,2026.08.28 20:23:24,2026.08.28 20:25:41,2,3290.239,3290.321,82.0,55.49,0.007,0.042,TRAIL_STOP,3306.96362,3313.9965,3291.4913,0,0.01,0.274,3306.96362,0.4,0,0.65,-0.825,0,0,0,-1,0.0,0,0.653,0.381,1,0.653,0.247,0.053,0.246,0.15,0.0,3306.96362,0.741,1.179,1,1,0.0,0,15741,0.153,0.81,0,0.15,0.247,0.053,0.246,0.653,0.65,0,-0.825,425.0,21279.2
100058,XAUGBPm_20260828202323_4,XAUGBPm,SWEEP_REVERSAL,BUY,1,2026.08.28 20:23:24,2026.08.28 20:40:44,17,3290.239,3291.645,1406.0,951.17,0.013,0.159,TRAIL_STOP,3306.96362,3313.9965,3291.4913,0,0.01,0.274,3306.96362,0.4,0,0.65,-0.825,0,0,0,-1,0.0,0,0.653,0.381,1,0.653,0.247,0.053,0.246,0.15,0.0,3306.96362,0.741,1.179,1,1,0.0,0,15741,0.153,0.81,0,0.15,0.247,0.053,0.124,0.653,0.65,1,-0.825,426.0,21279.2
100062,XAUGBPm_20260828204616_5,XAUGBPm,MEAN_REVERSION,BUY,0,2026.08.28 20:46:16,2026.08.28 20:47:32,1,3293.727,3293.337,-390.0,-263.88,0.022,0.018,SL_HIT,3306.96362,3313.9965,3291.4913,1,0.01,0.274,3306.96362,0.4,0,0.65,-0.825,0,0,0,-1,0.0,0,0.653,0.36,1,0.653,0.247,0.053,0.124,0.15,0.0,3306.96362,0.741,0.995,1,1,0.0,0,15741,0.595,0.8,0,0.15,0.247,0.053,0.124,0.653,0.65,1,-0.825,426.0,21279.2
100063,XAUGBPm_20260828204616_5,XAUGBPm,MEAN_REVERSION,BUY,1,2026.08.28 20:46:16,2026.08.28 20:50:31,4,3293.727,3293.717,-10.0,-6.77,0.041,0.097,SL_HIT,3306.96362,3313.9965,3291.4913,1,0.01,0.274,3306.96362,0.4,0,0.65,-0.825,0,0,0,-1,0.0,0,0.653,0.36,1,0.653,0.247,0.053,0.124,0.15,0.0,3306.96362,0.741,0.995,1,1,0.0,0,15741,0.595,0.8,0,0.15,0.247,0.053,0.124,0.653,0.65,1,-0.825,426.0,21279.2
100067,XAUGBPm_20260830220505_4,XAUGBPm,SWEEP_REVERSAL,BUY,0,2026.08.30 22:05:05,2026.08.30 22:05:24,0,3287.638,3288.807,1169.0,790.89,0.045,0.101,TRAIL_STOP,3292.3207,3307.384,3290.1688,0,0.327,0.035,3308.1013,0.6,0,0.7,-0.685,0,0,0,-1,0.0,0,0.603,0.443,1,0.603,0.206,0.14,0.445,0.4,0.0,3308.1013,0.743,1.327,1,2,0.0,0,15742,0.266,1.07,0,0.4,0.206,0.14,0.421,0.603,0.7,0,-0.685,425.0,19656.9
100068,XAUGBPm_20260830220505_4,XAUGBPm,SWEEP_REVERSAL,BUY,1,2026.08.30 22:05:05,2026.08.30 22:07:05,2,3287.638,3289.844,2206.0,1492.43,0.045,0.205,TRAIL_STOP,3292.3207,3307.384,3290.1688,0,0.327,0.035,3308.1013,0.6,0,0.7,-0.685,0,0,0,-1,0.0,0,0.603,0.443,1,0.603,0.206,0.14,0.445,0.4,0.0,3308.1013,0.743,1.327,1,2,0.0,0,15742,0.266,1.07,0,0.4,0.206,0.14,0.421,0.603,0.7,0,-0.685,426.0,19656.9
100072,XAUGBPm_20260830232626_5,XAUGBPm,MEAN_REVERSION,BUY,0,2026.08.30 23:26:26,2026.08.30 23:26:58,0,3293.253,3292.09,-1163.0,-787.23,0.052,0.0,SL_HIT,3292.5873,3298.2754,3291.036,1,0.055,0.312,3292.5873,0.35,0,0.75,-0.72,0,0,0,-1,0.0,0,0.683,0.357,1,0.683,0.216,0.088,0.1,0.25,0.0,0.0,0.0,0.9,1,2,0.0,0,15743,0.615,1.87,0,0.25,0.216,0.088,0.1,0.683,0.75,1,-0.72,426.0,19744.3
100073,XAUGBPm_20260830232626_5,XAUGBPm,MEAN_REVERSION,BUY,1,2026.08.30 23:26:26,2026.08.30 23:27:52,1,3293.253,3290.939,-2314.0,-1566.36,0.11,0.0,SL_HIT,3292.5873,3298.2754,3291.036,1,0.055,0.312,3292.5873,0.35,0,0.75,-0.72,0,0,0,-1,0.0,0,0.683,0.357,1,0.683,0.216,0.088,0.1,0.25,0.0,0.0,0.0,0.9,1,2,0.0,0,15743,0.615,1.87,0,0.25,0.216,0.088,0.264,0.683,0.75,0,-0.72,425.0,19744.3
100071,XAUGBPm_20260830232626_5,XAUGBPm,MEAN_REVERSION,BUY,-1,2026.08.30 23:26:26,2026.08.30 23:49:27,23,3293.253,3277.438,-15815.0,-10705.25,0.794,0.0,SL_HIT,3292.5873,3298.2754,3291.036,1,0.055,0.312,3292.5873,0.35,0,0.75,-0.72,0,0,0,-1,0.0,0,0.683,0.357,1,0.683,0.216,0.088,0.1,0.25,0.0,0.0,0.0,0.9,1,2,0.0,0,15743,0.615,1.87,0,0.25,0.216,0.088,0.392,0.683,0.75,0,-0.72,424.0,19744.3
100061,XAUGBPm_20260828204616_5,XAUGBPm,MEAN_REVERSION,BUY,-1,2026.08.28 20:46:16,2026.08.30 23:49:30,3063,3293.727,3276.62,-17107.0,-11849.82,0.797,0.298,SL_HIT,3306.96362,3313.9965,3291.4913,1,0.01,0.274,3306.96362,0.4,0,0.65,-0.825,0,0,0,-1,0.0,0,0.653,0.36,1,0.653,0.247,0.053,0.124,0.15,0.0,3306.96362,0.741,0.995,1,1,0.0,0,15741,0.595,0.8,0,0.25,0.216,0.088,0.392,0.683,0.75,0,-0.72,424.0,19744.3
100078,XAUGBPm_20260831000509_7,XAUGBPm,ANCHORED_PULLBACK,BUY,-1,2026.08.31 00:05:09,2026.08.31 00:05:09,0,3290.964,3289.633,-1331.0,-901.21,0.055,0.0,SL_HIT,3292.41265,3297.7132,3290.6458,0,0.017,0.244,3292.41265,0.3,0,0.8,-0.755,0,0,0,-1,0.0,0,0.696,0.445,1,0.696,0.226,0.14,0.385,0.4,0.0,3297.7132,0.6,1.238,1,2,0.0,0,15744,0.394,33.7,0,0.4,0.226,0.14,0.385,0.696,0.8,0,-0.755,425.0,20742.1
100079,XAUGBPm_20260831000509_7,XAUGBPm,ANCHORED_PULLBACK,BUY,0,2026.08.31 00:05:09,2026.08.31 00:05:09,0,3290.964,3289.633,-1331.0,-901.21,0.055,0.0,SL_HIT,3292.41265,3297.7132,3290.6458,0,0.017,0.244,3292.41265,0.3,0,0.8,-0.755,0,0,0,-1,0.0,0,0.696,0.445,1,0.696,0.226,0.14,0.385,0.4,0.0,3297.7132,0.6,1.238,1,2,0.0,0,15744,0.394,33.7,0,0.4,0.226,0.14,0.385,0.696,0.8,0,-0.755,425.0,20742.1
100080,XAUGBPm_20260831000509_7,XAUGBPm,ANCHORED_PULLBACK,BUY,1,2026.08.31 00:05:09,2026.08.31 00:05:09,0,3290.964,3289.633,-1331.0,-901.21,0.055,0.0,SL_HIT,3292.41265,3297.7132,3290.6458,0,0.017,0.244,3292.41265,0.3,0,0.8,-0.755,0,0,0,-1,0.0,0,0.696,0.445,1,0.696,0.226,0.14,0.385,0.4,0.0,3297.7132,0.6,1.238,1,2,0.0,0,15744,0.394,33.7,0,0.4,0.226,0.14,0.385,0.696,0.8,0,-0.755,425.0,20742.1
100051,XAUGBPm_20260828184601_5,XAUGBPm,MEAN_REVERSION,BUY,-1,2026.08.28 18:46:01,2026.08.31 01:49:59,3303,3292.426,3276.108,-16318.0,-11224.88,0.8,0.477,SL_HIT,3309.53888,3367.2269,3296.998,0,0.311,0.804,3364.71872,0.7,0,0.825,-0.755,2,0,0,-1,0.0,0,0.438,0.508,2,0.438,0.226,0.0,0.253,0.0,0.0,3309.53888,0.7,1.524,1,1,0.407,0,15739,0.56,1.08,0,0.0,0.29,0.0,0.296,0.735,1.0,0,-0.965,424.0,21286.5
100085,XAUGBPm_20260831013340_5,XAUGBPm,MEAN_REVERSION,BUY,0,2026.08.31 01:33:40,2026.08.31 02:00:15,26,3279.207,3278.476,-731.0,-591.19,0.192,0.395,SL_HIT,3292.52163,3297.0046,3289.3195,0,0.064,0.478,3292.52163,0.3,0,1.0,-0.965,0,0,0,-1,0.0,0,0.735,0.488,1,0.735,0.29,0.0,0.292,0.0,0.0,3292.52163,0.736,1.337,1,2,0.0,0,15745,0.654,0.81,0,0.15,0.3,0.182,0.204,0.593,1.0,1,-1.0,424.0,21933.2
100089,XAUGBPm_20260831015007_4,XAUGBPm,SWEEP_REVERSAL,BUY,0,2026.08.31 01:50:07,2026.08.31 02:00:15,10,3275.733,3278.476,2743.0,1715.89,0.028,0.339,TRAIL_STOP,3292.52163,3297.0046,3289.3195,0,0.064,0.478,3292.52163,0.3,0,1.0,-0.965,0,0,0,-1,0.0,0,0.735,0.489,1,0.735,0.29,0.0,0.296,0.0,0.0,3292.52163,0.736,1.344,1,2,0.0,0,15745,0.122,0.81,0,0.15,0.3,0.182,0.204,0.593,1.0,1,-1.0,424.0,21933.2
100086,XAUGBPm_20260831013340_5,XAUGBPm,MEAN_REVERSION,BUY,1,2026.08.31 01:33:40,2026.08.31 02:00:24,26,3279.349,3277.243,-2106.0,-1248.72,0.198,0.388,SL_HIT,3292.52163,3297.0046,3289.3195,0,0.064,0.478,3292.52163,0.3,0,1.0,-0.965,0,0,0,-1,0.0,0,0.735,0.488,1,0.735,0.29,0.0,0.292,0.0,0.0,3292.52163,0.736,1.337,1,2,0.0,0,15745,0.654,0.81,0,0.15,0.3,0.182,0.282,0.593,1.0,0,-1.0,424.0,21933.2
100090,XAUGBPm_20260831015007_4,XAUGBPm,SWEEP_REVERSAL,BUY,1,2026.08.31 01:50:07,2026.08.31 02:00:24,10,3275.942,3277.243,1301.0,880.95,0.038,0.329,TRAIL_STOP,3292.52163,3297.0046,3289.3195,0,0.064,0.478,3292.52163,0.3,0,1.0,-0.965,0,0,0,-1,0.0,0,0.735,0.489,1,0.735,0.29,0.0,0.296,0.0,0.0,3292.52163,0.736,1.344,1,2,0.0,0,15745,0.122,0.81,0,0.15,0.3,0.182,0.282,0.593,1.0,0,-1.0,424.0,21933.2
100056,XAUGBPm_20260828202323_4,XAUGBPm,SWEEP_REVERSAL,BUY,-1,2026.08.28 20:23:24,2026.08.31 02:03:10,3219,3290.239,3268.798,-21441.0,-14789.3,1.0,0.559,SL_HIT,3306.96362,3313.9965,3291.4913,0,0.01,0.274,3306.96362,0.4,0,0.65,-0.825,0,0,0,-1,0.0,0,0.653,0.381,1,0.653,0.247,0.053,0.246,0.15,0.0,3306.96362,0.741,1.179,1,1,0.0,0,15741,0.153,0.81,0,0.15,0.3,0.182,0.343,0.593,1.0,0,-1.0,424.0,21933.2
100066,XAUGBPm_20260830220505_4,XAUGBPm,SWEEP_REVERSAL,BUY,-1,2026.08.30 22:05:05,2026.08.31 02:03:11,238,3287.638,3267.924,-19714.0,-13349.43,0.995,0.737,SL_HIT,3292.3207,3307.384,3290.1688,0,0.327,0.035,3308.1013,0.6,0,0.7,-0.685,0,0,0,-1,0.0,0,0.603,0.443,1,0.603,0.206,0.14,0.445,0.4,0.0,3308.1013,0.743,1.327,1,2,0.0,0,15742,0.266,1.07,0,0.15,0.3,0.182,0.343,0.593,1.0,0,-1.0,424.0,21933.2
100084,XAUGBPm_20260831013340_5,XAUGBPm,MEAN_REVERSION,BUY,-1,2026.08.31 01:33:40,2026.08.31 02:32:28,58,3279.207,3262.145,-17062.0,-11556.18,0.799,0.395,SL_HIT,3292.52163,3297.0046,3289.3195,0,0.064,0.478,3292.52163,0.3,0,1.0,-0.965,0,0,0,-1,0.0,0,0.735,0.488,1,0.735,0.29,0.0,0.292,0.0,0.0,3292.52163,0.736,1.337,1,2,0.0,0,15745,0.654,0.81,0,0.15,0.3,0.182,0.343,0.593,1.0,0,-1.0,423.0,21933.2
100088,XAUGBPm_20260831015007_4,XAUGBPm,SWEEP_REVERSAL,BUY,-1,2026.08.31 01:50:07,2026.08.31 02:35:56,45,3275.733,3254.383,-21350.0,-14457.79,0.998,0.339,SL_HIT,3292.52163,3297.0046,3289.3195,0,0.064,0.478,3292.52163,0.3,0,1.0,-0.965,0,0,0,-1,0.0,0,0.735,0.489,1,0.735,0.29,0.0,0.296,0.0,0.0,3292.52163,0.736,1.344,1,2,0.0,0,15745,0.122,0.81,0,0.15,0.3,0.182,0.343,0.593,1.0,0,-1.0,423.0,21933.2
100100,XAUGBPm_20260831033444_5,XAUGBPm,MEAN_REVERSION,BUY,0,2026.08.31 03:34:44,2026.08.31 03:35:49,1,3266.262,3265.893,-369.0,-249.89,0.018,0.024,SL_HIT,3281.27088,3299.34705,3271.53755,0,0.666,0.269,3281.27088,0.5,0,1.0,-0.825,0,0,0,-1,0.0,0,0.663,0.389,1,0.663,0.247,0.14,0.323,0.4,0.0,3281.27088,0.75,1.145,1,2,0.0,0,15747,0.607,0.81,0,0.4,0.247,0.14,0.323,0.663,1.0,0,-0.825,423.0,23789.2
100101,XAUGBPm_20260831033444_5,XAUGBPm,MEAN_REVERSION,BUY,1,2026.08.31 03:34:44,2026.08.31 03:38:24,3,3266.262,3264.979,-1283.0,-868.8,0.058,0.042,SL_HIT,3281.27088,3299.34705,3271.53755,0,0.666,0.269,3281.27088,0.5,0,1.0,-0.825,0,0,0,-1,0.0,0,0.663,0.389,1,0.663,0.247,0.14,0.323,0.4,0.0,3281.27088,0.75,1.145,1,2,0.0,0,15747,0.607,0.81,0,0.4,0.247,0.14,0.323,0.663,1.0,0,-0.825,423.0,23789.2
100105,XAUGBPm_20260831040429_4,XAUGBPm,SWEEP_REVERSAL,BUY,0,2026.08.31 04:04:29,2026.08.31 04:05:00,0,3262.685,3261.555,-1130.0,-765.36,0.042,0.0,SL_HIT,3267.36613,3291.0042,3263.1947,0,0.024,0.259,3281.27088,0.5,0,1.0,-1.0,0,0,0,-1,0.0,0,0.527,0.433,1,0.527,0.3,0.162,0.315,0.15,0.0,3281.27088,0.75,1.282,1,1,0.0,0,15748,0.194,0.8,0,0.15,0.3,0.162,0.315,0.527,1.0,0,-1.0,423.0,23724.4
100106,XAUGBPm_20260831040429_4,XAUGBPm,SWEEP_REVERSAL,BUY,1,2026.08.31 04:04:29,2026.08.31 04:16:44,12,3262.685,3262.487,-198.0,-134.11,0.087,0.086,SL_HIT,3267.36613,3291.0042,3263.1947,0,0.024,0.259,3281.27088,0.5,0,1.0,-1.0,0,0,0,-1,0.0,0,0.527,0.433,1,0.527,0.3,0.162,0.315,0.15,0.0,3281.27088,0.75,1.282,1,1,0.0,0,15748,0.194,0.8,0,0.15,0.3,0.162,0.315,0.527,1.0,0,-1.0,423.0,23724.4
100099,XAUGBPm_20260831033444_5,XAUGBPm,MEAN_REVERSION,BUY,-1,2026.08.31 03:34:44,2026.08.31 07:26:57,232,3266.369,3281.813,15444.0,10533.0,0.329,0.641,TP_HIT,3281.27088,3299.34705,3271.53755,0,0.666,0.269,3281.27088,0.5,0,1.0,-0.825,0,0,0,-1,0.0,0,0.663,0.389,1,0.663,0.247,0.14,0.323,0.4,0.0,3281.27088,0.75,1.145,1,2,0.0,0,15747,0.607,0.81,0,0.4,0.247,0.14,0.412,0.691,1.0,0,-0.825,425.0,17569.9
100104,XAUGBPm_20260831040429_4,XAUGBPm,SWEEP_REVERSAL,BUY,-1,2026.08.31 04:04:29,2026.08.31 07:26:57,202,3262.685,3281.813,19128.0,12955.78,0.174,0.798,TP_HIT,3267.36613,3291.0042,3263.1947,0,0.024,0.259,3281.27088,0.5,0,1.0,-1.0,0,0,0,-1,0.0,0,0.527,0.433,1,0.527,0.3,0.162,0.315,0.15,0.0,3281.27088,0.75,1.282,1,1,0.0,0,15748,0.194,0.8,0,0.4,0.247,0.14,0.412,0.691,1.0,0,-0.825,425.0,17569.9
100112,XAUGBPm_20260831110002_0,XAUGBPm,BREAKOUT,BUY,0,2026.08.31 11:00:02,2026.08.31 11:02:10,2,3289.837,3290.643,806.0,545.65,0.054,0.097,TRAIL_STOP,3280.82377,3282.0645,3274.62015,0,0.642,0.024,3280.82377,0.45,0,0.675,0.685,0,0,0,-1,0.0,0,0.483,0.37,1,0.483,0.206,0.053,0.314,0.15,0.0491,3280.82377,0.755,1.281,1,1,0.0,0,15755,0.445,3.37,0,0.15,0.206,0.053,0.315,0.65,0.675,0,0.685,425.0,13380.0
100115,XAUGBPm_20260831110003_2,XAUGBPm,PULLBACK,BUY,0,2026.08.31 11:00:03,2026.08.31 11:02:10,2,3289.535,3290.643,1108.0,750.1,0.029,0.121,TRAIL_STOP,3280.82377,3282.0645,3274.62015,0,0.642,0.024,3280.82377,0.45,0,0.675,0.685,0,0,0,-1,0.0,0,0.65,0.412,1,0.65,0.206,0.053,0.314,0.15,0.0,3280.82377,0.755,1.281,1,1,0.0,0,15755,0.367,4.12,0,0.15,0.206,0.053,0.315,0.65,0.675,0,0.685,425.0,13380.0
100118,XAUGBPm_20260831110004_3,XAUGBPm,TREND_CONTINUATION,BUY,0,2026.08.31 11:00:04,2026.08.31 11:02:10,2,3289.694,3290.643,949.0,642.46,0.041,0.109,TRAIL_STOP,3280.82377,3282.0645,3274.62015,0,0.642,0.024,3280.82377,0.45,0,0.675,0.685,0,0,0,-1,0.0,0,0.65,0.412,1,0.65,0.206,0.053,0.314,0.15,0.0,3280.82377,0.755,1.281,1,1,0.0,0,15755,0.432,2.08,0,0.15,0.206,0.053,0.315,0.65,0.675,0,0.685,425.0,13380.0
100113,XAUGBPm_20260831110002_0,XAUGBPm,BREAKOUT,BUY,1,2026.08.31 11:00:02,2026.08.31 11:05:19,5,3289.837,3290.836,999.0,676.2,0.052,0.167,TRAIL_STOP,3280.82377,3282.0645,3274.62015,0,0.642,0.024,3280.82377,0.45,0,0.675,0.685,0,0,0,-1,0.0,0,0.483,0.37,1,0.483,0.206,0.053,0.314,0.15,0.0491,3280.82377,0.755,1.281,1,1,0.0,0,15755,0.445,3.37,0,0.15,0.206,0.053,0.315,0.65,0.675,0,0.685,425.0,13380.0
100116,XAUGBPm_20260831110003_2,XAUGBPm,PULLBACK,BUY,1,2026.08.31 11:00:03,2026.08.31 11:05:19,5,3289.535,3290.836,1301.0,880.62,0.029,0.19,TRAIL_STOP,3280.82377,3282.0645,3274.62015,0,0.642,0.024,3280.82377,0.45,0,0.675,0.685,0,0,0,-1,0.0,0,0.65,0.412,1,0.65,0.206,0.053,0.314,0.15,0.0,3280.82377,0.755,1.281,1,1,0.0,0,15755,0.367,4.12,0,0.15,0.206,0.053,0.315,0.65,0.675,0,0.685,425.0,13380.0
100119,XAUGBPm_20260831110004_3,XAUGBPm,TREND_CONTINUATION,BUY,1,2026.08.31 11:00:04,2026.08.31 11:05:19,5,3289.694,3290.836,1142.0,687.71,0.041,0.178,TRAIL_STOP,3280.82377,3282.0645,3274.62015,0,0.642,0.024,3280.82377,0.45,0,0.675,0.685,0,0,0,-1,0.0,0,0.65,0.412,1,0.65,0.206,0.053,0.314,0.15,0.0,3280.82377,0.755,1.281,1,1,0.0,0,15755,0.432,2.08,0,0.15,0.206,0.053,0.315,0.65,0.675,0,0.685,425.0,13380.0
100111,XAUGBPm_20260831110002_0,XAUGBPm,BREAKOUT,BUY,-1,2026.08.31 11:00:02,2026.08.31 12:40:30,100,3289.837,3279.85,-9987.0,-6761.2,0.739,0.435,SL_HIT,3280.82377,3282.0645,3274.62015,0,0.642,0.024,3280.82377,0.45,0,0.675,0.685,0,0,0,-1,0.0,0,0.483,0.37,1,0.483,0.206,0.053,0.314,0.15,0.0491,3280.82377,0.755,1.281,1,1,0.0,0,15755,0.445,3.37,0,0.15,0.216,0.053,0.149,0.653,0.75,1,0.72,425.0,13450.9
100114,XAUGBPm_20260831110003_2,XAUGBPm,PULLBACK,BUY,-1,2026.08.31 11:00:03,2026.08.31 12:40:36,100,3289.535,3279.704,-9831.0,-6655.29,0.726,0.457,SL_HIT,3280.82377,3282.0645,3274.62015,0,0.642,0.024,3280.82377,0.45,0,0.675,0.685,0,0,0,-1,0.0,0,0.65,0.412,1,0.65,0.206,0.053,0.314,0.15,0.0,3280.82377,0.755,1.281,1,1,0.0,0,15755,0.367,4.12,0,0.15,0.216,0.053,0.149,0.653,0.75,1,0.72,425.0,13450.9
100128,XAUGBPm_20260831122536_1,XAUGBPm,BREAKOUT_RETEST,BUY,1,2026.08.31 12:25:36,2026.08.31 12:55:56,30,3286.222,3276.829,-9393.0,-6468.93,0.695,0.069,SL_HIT,3277.61885,3288.0033,3273.793,1,0.075,0.168,3277.61885,0.65,0,0.75,0.72,2,0,0,-1,0.0,0,0.653,0.441,1,0.653,0.216,0.053,0.208,0.15,0.0,3277.61885,0.745,1.122,1,2,0.0,0,15756,0.497,1.01,0,0.15,0.216,0.053,0.124,0.653,0.75,1,0.72,424.0,13450.9
100126,XAUGBPm_20260831122536_1,XAUGBPm,BREAKOUT_RETEST,BUY,-1,2026.08.31 12:25:36,2026.08.31 12:55:57,30,3286.065,3276.584,-9481.0,-6418.16,0.695,0.081,SL_HIT,3277.61885,3288.0033,3273.793,1,0.075,0.168,3277.61885,0.65,0,0.75,0.72,2,0,0,-1,0.0,0,0.653,0.441,1,0.653,0.216,0.053,0.208,0.15,0.0,3277.61885,0.745,1.122,1,2,0.0,0,15756,0.497,1.01,0,0.15,0.216,0.053,0.124,0.653,0.75,1,0.72,424.0,13450.9
100127,XAUGBPm_20260831122536_1,XAUGBPm,BREAKOUT_RETEST,BUY,0,2026.08.31 12:25:36,2026.08.31 12:55:57,30,3286.065,3276.584,-9481.0,-6524.44,0.695,0.081,SL_HIT,3277.61885,3288.0033,3273.793,1,0.075,0.168,3277.61885,0.65,0,0.75,0.72,2,0,0,-1,0.0,0,0.653,0.441,1,0.653,0.216,0.053,0.208,0.15,0.0,3277.61885,0.745,1.122,1,2,0.0,0,15756,0.497,1.01,0,0.15,0.216,0.053,0.124,0.653,0.75,1,0.72,424.0,13450.9
100117,XAUGBPm_20260831110004_3,XAUGBPm,TREND_CONTINUATION,BUY,-1,2026.08.31 11:00:04,2026.08.31 13:42:29,162,3289.694,3273.612,-16082.0,-10893.22,1.194,0.446,SL_HIT,3280.82377,3282.0645,3274.62015,0,0.642,0.024,3280.82377,0.45,0,0.675,0.685,0,0,0,-1,0.0,0,0.65,0.412,1,0.65,0.206,0.053,0.314,0.15,0.0,3280.82377,0.755,1.281,1,1,0.0,0,15755,0.432,2.08,0,0.15,0.226,0.175,0.332,0.654,0.55,0,0.755,424.0,13764.4
100136,XAUGBPm_20260831134948_3,XAUGBPm,TREND_CONTINUATION,BUY,0,2026.08.31 13:49:48,2026.08.31 14:30:30,40,3267.827,3264.345,-3482.0,-2357.87,0.54,0.305,SL_HIT,3290.10797,3293.6379,3280.52675,0,0.576,0.01,3284.05667,0.65,0,0.55,0.755,0,0,0,-1,0.0,0,0.654,0.484,1,0.654,0.226,0.175,0.332,0.15,0.0,3284.05667,0.75,1.307,1,2,0.0,0,15757,0.417,1.01,0,0.4,0.185,0.227,0.388,0.646,0.9,0,0.615,423.0,13832.3
100139,XAUGBPm_20260831135259_2,XAUGBPm,PULLBACK,BUY,0,2026.08.31 13:52:59,2026.08.31 14:30:30,37,3263.701,3264.345,644.0,522.73,0.24,0.605,TRAIL_STOP,3290.10797,3293.6379,3280.52675,0,0.576,0.01,3284.05667,0.65,0,0.55,0.755,0,0,0,-1,0.0,0,0.654,0.484,1,0.654,0.226,0.175,0.332,0.15,0.0,3284.05667,0.75,1.307,1,2,0.0,0,15757,0.354,1.0,0,0.4,0.185,0.227,0.388,0.646,0.9,0,0.615,423.0,13832.3
100142,XAUGBPm_20260831140711_5,XAUGBPm,MEAN_REVERSION,BUY,0,2026.08.31 14:07:11,2026.08.31 14:30:30,23,3268.055,3264.345,-3710.0,-2512.26,0.498,0.288,SL_HIT,3278.90698,3292.1291,3274.4996,0,1.069,0.049,3277.14403,0.5,0,0.9,0.615,0,0,0,-1,0.0,0,0.646,0.431,1,0.646,0.185,0.227,0.429,0.4,0.0,3277.14403,0.738,1.304,1,2,0.0,0,15758,0.632,0.86,0,0.4,0.185,0.227,0.388,0.646,0.9,0,0.615,423.0,13832.3
100145,XAUGBPm_20260831141129_4,XAUGBPm,SWEEP_REVERSAL,BUY,0,2026.08.31 14:11:30,2026.08.31 14:30:30,19,3266.498,3264.345,-2153.0,-1457.93,0.385,0.4,SL_HIT,3278.90698,3292.1291,3274.4996,0,1.069,0.049,3277.14403,0.5,0,0.9,0.615,0,0,0,-1,0.0,0,0.646,0.424,1,0.646,0.185,0.227,0.39,0.4,0.0,3277.14403,0.738,1.245,1,2,0.0,0,15758,0.283,0.8,0,0.4,0.185,0.227,0.388,0.646,0.9,0,0.615,423.0,13832.3
100137,XAUGBPm_20260831134948_3,XAUGBPm,TREND_CONTINUATION,BUY,1,2026.08.31 13:49:48,2026.08.31 14:31:50,42,3267.827,3265.34,-2487.0,-1684.48,0.54,0.305,SL_HIT,3290.10797,3293.6379,3280.52675,0,0.576,0.01,3284.05667,0.65,0,0.55,0.755,0,0,0,-1,0.0,0,0.654,0.484,1,0.654,0.226,0.175,0.332,0.15,0.0,3284.05667,0.75,1.307,1,2,0.0,0,15757,0.417,1.01,0,0.4,0.185,0.227,0.388,0.646,0.9,0,0.615,423.0,13832.3
100140,XAUGBPm_20260831135259_2,XAUGBPm,PULLBACK,BUY,1,2026.08.31 13:52:59,2026.08.31 14:31:50,38,3263.573,3265.34,1767.0,1196.73,0.231,0.615,TRAIL_STOP,3290.10797,3293.6379,3280.52675,0,0.576,0.01,3284.05667,0.65,0,0.55,0.755,0,0,0,-1,0.0,0,0.654,0.484,1,0.654,0.226,0.175,0.332,0.15,0.0,3284.05667,0.75,1.307,1,2,0.0,0,15757,0.354,1.0,0,0.4,0.185,0.227,0.388,0.646,0.9,0,0.615,423.0,13832.3
100143,XAUGBPm_20260831140711_5,XAUGBPm,MEAN_REVERSION,BUY,1,2026.08.31 14:07:11,2026.08.31 14:31:50,24,3268.055,3265.34,-2715.0,-1838.91,0.498,0.288,SL_HIT,3278.90698,3292.1291,3274.4996,0,1.069,0.049,3277.14403,0.5,0,0.9,0.615,0,0,0,-1,0.0,0,0.646,0.431,1,0.646,0.185,0.227,0.429,0.4,0.0,3277.14403,0.738,1.304,1,2,0.0,0,15758,0.632,0.86,0,0.4,0.185,0.227,0.388,0.646,0.9,0,0.615,423.0,13832.3
100146,XAUGBPm_20260831141129_4,XAUGBPm,SWEEP_REVERSAL,BUY,1,2026.08.31 14:11:30,2026.08.31 14:31:50,20,3266.498,3265.34,-1158.0,-784.33,0.385,0.4,SL_HIT,3278.90698,3292.1291,3274.4996,0,1.069,0.049,3277.14403,0.5,0,0.9,0.615,0,0,0,-1,0.0,0,0.646,0.424,1,0.646,0.185,0.227,0.39,0.4,0.0,3277.14403,0.738,1.245,1,2,0.0,0,15758,0.283,0.8,0,0.4,0.185,0.227,0.388,0.646,0.9,0,0.615,423.0,13832.3
100156,XAUGBPm_20260831150000_1,XAUGBPm,BREAKOUT_RETEST,BUY,0,2026.08.31 15:00:00,2026.08.31 15:00:12,0,3269.654,3268.982,-672.0,-455.55,0.047,0.0,SL_HIT,3266.56633,3283.31435,3263.9219,1,0.065,0.575,3266.56633,0.55,0,0.975,0.65,2,0,0,-1,0.0,2,0.935,0.473,1,0.271,0.895,0.193,0.321,0.55,0.1274,3263.9219,0.6,1.501,1,2,0.0,0,15759,0.8,5.73,0,0.25,0.195,0.088,0.198,0.571,0.975,1,0.65,423.0,13838.3
100159,XAUGBPm_20260831150002_0,XAUGBPm,BREAKOUT,BUY,0,2026.08.31 15:00:02,2026.08.31 15:00:12,0,3269.628,3268.982,-646.0,-311.16,0.038,0.0,SL_HIT,3266.56633,3283.31435,3263.9219,1,0.065,0.575,3266.56633,0.55,0,0.975,0.65,2,0,0,-1,0.0,0,0.571,0.374,1,0.571,0.195,0.088,0.198,0.25,0.0,3263.9219,0.6,1.046,1,2,0.0,0,15759,0.436,1.67,0,0.25,0.195,0.088,0.198,0.571,0.975,1,0.65,423.0,13838.3
100157,XAUGBPm_20260831150000_1,XAUGBPm,BREAKOUT_RETEST,BUY,1,2026.08.31 15:00:00,2026.08.31 15:00:47,0,3269.654,3270.727,1073.0,727.33,0.069,0.175,TRAIL_STOP,3266.56633,3283.31435,3263.9219,1,0.065,0.575,3266.56633,0.55,0,0.975,0.65,2,0,0,-1,0.0,2,0.935,0.473,1,0.271,0.895,0.193,0.321,0.55,0.1274,3263.9219,0.6,1.501,1,2,0.0,0,15759,0.8,5.73,0,0.25,0.195,0.088,0.201,0.571,0.975,1,0.65,423.0,13838.3
100160,XAUGBPm_20260831150002_0,XAUGBPm,BREAKOUT,BUY,1,2026.08.31 15:00:02,2026.08.31 15:00:47,0,3269.441,3270.727,1286.0,871.71,0.053,0.19,TRAIL_STOP,3266.56633,3283.31435,3263.9219,1,0.065,0.575,3266.56633,0.55,0,0.975,0.65,2,0,0,-1,0.0,0,0.571,0.374,1,0.571,0.195,0.088,0.198,0.25,0.0,3263.9219,0.6,1.046,1,2,0.0,0,15759,0.436,1.67,0,0.25,0.195,0.088,0.201,0.571,0.975,1,0.65,423.0,13838.3
100166,XAUGBPm_20260831154948_3,XAUGBPm,TREND_CONTINUATION,BUY,0,2026.08.31 15:49:48,2026.08.31 15:49:51,0,3270.838,3270.213,-625.0,-423.52,0.041,0.0,SL_HIT,3266.56633,3283.31435,3263.9219,1,0.065,0.575,3266.56633,0.55,0,0.975,0.65,2,0,0,-1,0.0,0,0.571,0.375,1,0.571,0.195,0.088,0.201,0.25,0.0,3263.9219,0.6,1.051,1,2,0.0,0,15759,0.522,2.08,0,0.25,0.195,0.088,0.201,0.571,0.975,1,0.65,424.0,13838.3
100167,XAUGBPm_20260831154948_3,XAUGBPm,TREND_CONTINUATION,BUY,1,2026.08.31 15:49:48,2026.08.31 15:50:10,0,3270.838,3269.347,-1491.0,-1010.33,0.099,0.0,SL_HIT,3266.56633,3283.31435,3263.9219,1,0.065,0.575,3266.56633,0.55,0,0.975,0.65,2,0,0,-1,0.0,0,0.571,0.375,1,0.571,0.195,0.088,0.201,0.25,0.0,3263.9219,0.6,1.051,1,2,0.0,0,15759,0.522,2.08,0,0.25,0.195,0.088,0.201,0.571,0.975,1,0.65,423.0,13838.3
100171,XAUGBPm_20260831155302_2,XAUGBPm,PULLBACK,BUY,0,2026.08.31 15:53:02,2026.08.31 15:53:37,0,3268.683,3268.573,-110.0,-74.54,0.052,0.021,SL_HIT,3266.56633,3283.31435,3263.9219,1,0.065,0.575,3266.56633,0.55,0,0.975,0.65,2,0,0,-1,0.0,0,0.571,0.374,1,0.571,0.195,0.088,0.198,0.25,0.0,3263.9219,0.6,1.046,1,2,0.0,0,15759,0.595,2.0,0,0.25,0.195,0.088,0.198,0.571,0.975,1,0.65,423.0,13838.3
100172,XAUGBPm_20260831155302_2,XAUGBPm,PULLBACK,BUY,1,2026.08.31 15:53:02,2026.08.31 15:53:49,0,3268.683,3267.81,-873.0,-591.58,0.054,0.028,SL_HIT,3266.56633,3283.31435,3263.9219,1,0.065,0.575,3266.56633,0.55,0,0.975,0.65,2,0,0,-1,0.0,0,0.571,0.374,1,0.571,0.195,0.088,0.198,0.25,0.0,3263.9219,0.6,1.046,1,2,0.0,0,15759,0.595,2.0,0,0.25,0.195,0.088,0.198,0.571,0.975,1,0.65,423.0,13838.3
100155,XAUGBPm_20260831150000_1,XAUGBPm,BREAKOUT_RETEST,BUY,-1,2026.08.31 15:00:00,2026.08.31 16:00:11,60,3269.654,3265.459,-4195.0,-2841.94,0.298,0.356,SL_HIT,3266.56633,3283.31435,3263.9219,1,0.065,0.575,3266.56633,0.55,0,0.975,0.65,2,0,0,-1,0.0,2,0.935,0.473,1,0.271,0.895,0.193,0.321,0.55,0.1274,3263.9219,0.6,1.501,1,2,0.0,0,15759,0.8,5.73,0,0.25,0.129,0.088,0.275,0.761,0.37,1,-0.4297,423.0,13042.3
100141,XAUGBPm_20260831140711_5,XAUGBPm,MEAN_REVERSION,BUY,-1,2026.08.31 14:07:11,2026.08.31 19:25:07,317,3268.055,3277.584,9529.0,6455.66,0.498,0.678,TP_HIT,3278.90698,3292.1291,3274.4996,0,1.069,0.049,3277.14403,0.5,0,0.9,0.615,0,0,0,-1,0.0,0,0.646,0.431,1,0.646,0.185,0.227,0.429,0.4,0.0,3277.14403,0.738,1.304,1,2,0.0,0,15758,0.632,0.86,0,0.0,0.237,0.148,0.295,0.804,0.6,0,-0.79,424.0,11368.9
100144,XAUGBPm_20260831141129_4,XAUGBPm,SWEEP_REVERSAL,BUY,-1,2026.08.31 14:11:29,2026.08.31 19:25:07,313,3266.498,3277.584,11086.0,7510.49,0.385,0.791,TP_HIT,3278.90698,3292.1291,3274.4996,0,1.069,0.049,3277.14403,0.5,0,0.9,0.615,0,0,0,-1,0.0,0,0.646,0.424,1,0.646,0.185,0.227,0.39,0.4,0.0,3277.14403,0.738,1.245,1,2,0.0,0,15758,0.283,0.8,0,0.0,0.237,0.148,0.295,0.804,0.6,0,-0.79,424.0,11368.9
100135,XAUGBPm_20260831134948_3,XAUGBPm,TREND_CONTINUATION,BUY,-1,2026.08.31 13:49:48,2026.08.31 19:50:11,360,3267.827,3284.66,16833.0,11403.85,0.54,1.2,TP_HIT,3290.10797,3293.6379,3280.52675,0,0.576,0.01,3284.05667,0.65,0,0.55,0.755,0,0,0,-1,0.0,0,0.654,0.484,1,0.654,0.226,0.175,0.332,0.15,0.0,3284.05667,0.75,1.307,1,2,0.0,0,15757,0.417,1.01,0,0.0,0.237,0.148,0.295,0.804,0.6,0,-0.79,425.0,11368.9
100138,XAUGBPm_20260831135259_2,XAUGBPm,PULLBACK,BUY,-1,2026.08.31 13:52:59,2026.08.31 19:50:11,357,3263.827,3284.66,20833.0,14199.09,0.249,1.491,TP_HIT,3290.10797,3293.6379,3280.52675,0,0.576,0.01,3284.05667,0.65,0,0.55,0.755,0,0,0,-1,0.0,0,0.654,0.484,1,0.654,0.226,0.175,0.332,0.15,0.0,3284.05667,0.75,1.307,1,2,0.0,0,15757,0.354,1.0,0,0.0,0.237,0.148,0.295,0.804,0.6,0,-0.79,425.0,11368.9
100181,XAUGBPm_20260831200002_7,XAUGBPm,ANCHORED_PULLBACK,BUY,0,2026.08.31 20:00:02,2026.08.31 20:00:10,0,3286.956,3286.96,4.0,79.94,0.024,0.08,TRAIL_STOP,3272.29293,3274.7938,3268.7917,0,1.174,0.035,3272.29293,0.3,0,0.975,-0.825,4,0,0,-1,0.0,0,0.75,0.49,1,0.75,0.247,0.202,0.352,0.15,0.0,3272.29293,0.732,1.338,1,1,0.0,0,15764,0.455,1.34,0,0.15,0.247,0.202,0.352,0.75,0.975,0,-0.825,425.0,11413.6
100182,XAUGBPm_20260831200002_7,XAUGBPm,ANCHORED_PULLBACK,BUY,1,2026.08.31 20:00:02,2026.08.31 20:00:10,0,3286.842,3286.96,-118.0,-120.6,0.014,0.1,SL_HIT,3272.29293,3274.7938,3268.7917,0,1.174,0.035,3272.29293,0.3,0,0.975,-0.825,4,0,0,-1,0.0,0,0.75,0.49,1,0.75,0.247,0.202,0.352,0.15,0.0,3272.29293,0.732,1.338,1,1,0.0,0,15764,0.455,1.34,0,0.15,0.247,0.202,0.352,0.75,0.975,0,-0.825,425.0,11413.6
100186,XAUGBPm_20260831220101_0,XAUGBPm,BREAKOUT,BUY,0,2026.08.31 22:01:01,2026.08.31 22:01:17,0,3284.702,3283.529,-1173.0,-794.7,0.097,0.0,SL_HIT,3271.57945,3280.6243,3266.791,0,0.044,0.234,3271.57945,0.65,0,1.0,-0.685,0,0,0,-1,0.0,2,1.0,0.54,2,0.645,0.906,0.14,0.279,0.4,0.7007,3271.57945,0.726,1.528,1,1,0.0,0,15765,0.685,1.67,0,0.4,0.206,0.14,0.279,0.683,1.0,0,-0.685,425.0,11176.1
100187,XAUGBPm_20260831220101_0,XAUGBPm,BREAKOUT,BUY,1,2026.08.31 22:01:01,2026.08.31 22:01:22,0,3284.702,3282.905,-1797.0,-1217.47,0.149,0.0,SL_HIT,3271.57945,3280.6243,3266.791,0,0.044,0.234,3271.57945,0.65,0,1.0,-0.685,0,0,0,-1,0.0,2,1.0,0.54,2,0.645,0.906,0.14,0.279,0.4,0.7007,3271.57945,0.726,1.528,1,1,0.0,0,15765,0.685,1.67,0,0.4,0.206,0.14,0.279,0.683,1.0,0,-0.685,425.0,11176.1
100180,XAUGBPm_20260831200002_7,XAUGBPm,ANCHORED_PULLBACK,BUY,-1,2026.08.31 20:00:02,2026.09.01 01:32:30,332,3287.093,3276.254,-10839.0,-7518.45,0.94,0.343,SL_HIT,3272.29293,3274.7938,3268.7917,0,1.174,0.035,3272.29293,0.3,0,0.975,-0.825,4,0,0,-1,0.0,0,0.75,0.49,1,0.75,0.247,0.202,0.352,0.15,0.0,3272.29293,0.732,1.338,1,1,0.0,0,15764,0.455,1.34,0,0.0,0.216,0.162,0.276,0.594,0.5,0,0.72,424.0,11062.2
100185,XAUGBPm_20260831220101_0,XAUGBPm,BREAKOUT,BUY,-1,2026.08.31 22:01:01,2026.09.01 05:19:07,438,3284.702,3267.817,-16885.0,-11705.07,1.5,0.565,SL_HIT,3271.57945,3280.6243,3266.791,0,0.044,0.234,3271.57945,0.65,0,1.0,-0.685,0,0,0,-1,0.0,2,1.0,0.54,2,0.645,0.906,0.14,0.279,0.4,0.7007,3271.57945,0.726,1.528,1,1,0.0,0,15765,0.685,1.67,0,0.25,0.184,0.212,0.345,0.747,0.94,0,0.612,424.0,10140.4
100165,XAUGBPm_20260831154948_3,XAUGBPm,TREND_CONTINUATION,BUY,-1,2026.08.31 15:49:48,2026.09.01 08:06:56,977,3270.838,3254.183,-16655.0,-11542.14,1.193,1.458,SL_HIT,3266.56633,3283.31435,3263.9219,1,0.065,0.575,3266.56633,0.55,0,0.975,0.65,2,0,0,-1,0.0,0,0.571,0.375,1,0.571,0.195,0.088,0.201,0.25,0.0,3263.9219,0.6,1.051,1,2,0.0,0,15759,0.522,2.08,0,0.15,0.226,0.244,0.353,0.749,0.825,0,-0.755,423.0,10417.3
100158,XAUGBPm_20260831150002_0,XAUGBPm,BREAKOUT,BUY,-1,2026.08.31 15:00:02,2026.09.01 08:09:51,1029,3269.628,3248.869,-20759.0,-14316.35,1.499,1.545,SL_HIT,3266.56633,3283.31435,3263.9219,1,0.065,0.575,3266.56633,0.55,0,0.975,0.65,2,0,0,-1,0.0,0,0.571,0.374,1,0.571,0.195,0.088,0.198,0.25,0.0,3263.9219,0.6,1.046,1,2,0.0,0,15759,0.436,1.67,0,0.15,0.226,0.244,0.353,0.749,0.825,0,-0.755,482.0,10417.3
100170,XAUGBPm_20260831155302_2,XAUGBPm,PULLBACK,BUY,-1,2026.08.31 15:53:02,2026.09.01 08:09:51,976,3268.524,3247.712,-20812.0,-14459.48,1.492,1.625,SL_HIT,3266.56633,3283.31435,3263.9219,1,0.065,0.575,3266.56633,0.55,0,0.975,0.65,2,0,0,-1,0.0,0,0.571,0.374,1,0.571,0.195,0.088,0.198,0.25,0.0,3263.9219,0.6,1.046,1,2,0.0,0,15759,0.595,2.0,0,0.15,0.226,0.244,0.353,0.749,0.825,0,-0.755,482.0,10417.3
